num_prefill_tokens,num_decode_tokens,num_total_tokens,pd_ratio
3742,284,4026,0.07589524318546231
18,243,261,13.5
11,306,317,27.818181818181817
26,279,305,10.73076923076923
34,851,885,25.029411764705884
19,217,236,11.421052631578947
18,393,411,21.833333333333332
498,343,841,0.6887550200803213
314,253,567,0.8057324840764332
32,194,226,6.0625
5,580,585,116.0
117,572,689,4.888888888888889
26,259,285,9.961538461538462
1402,385,1787,0.2746077032810271
117,273,390,2.3333333333333335
9,80,89,8.88888888888889
100,673,773,6.73
16,191,207,11.9375
664,39,703,0.058734939759036146
8,232,240,29.0
1558,131,1689,0.0840821566110398
1949,16,1965,0.008209338122113904
1855,867,2722,0.4673854447439353
10,257,267,25.7
24,611,635,25.458333333333332
577,828,1405,1.4350086655112653
104,72,176,0.6923076923076923
58,390,448,6.724137931034483
1693,782,2475,0.4619019492025989
17,139,156,8.176470588235293
62,135,197,2.1774193548387095
40,257,297,6.425
14,39,53,2.7857142857142856
12,315,327,26.25
3,28,31,9.333333333333334
27,450,477,16.666666666666668
1131,34,1165,0.030061892130857647
4,185,189,46.25
158,269,427,1.7025316455696202
25,459,484,18.36
906,375,1281,0.4139072847682119
734,329,1063,0.4482288828337875
1230,472,1702,0.383739837398374
31,290,321,9.35483870967742
12,268,280,22.333333333333332
26,216,242,8.307692307692308
199,14,213,0.07035175879396985
16,323,339,20.1875
21,354,375,16.857142857142858
29,662,691,22.82758620689655
82,443,525,5.402439024390244
209,140,349,0.6698564593301436
293,204,497,0.6962457337883959
139,54,193,0.38848920863309355
71,33,104,0.4647887323943662
21,226,247,10.761904761904763
11,348,359,31.636363636363637
56,711,767,12.696428571428571
17,306,323,18.0
14,229,243,16.357142857142858
77,114,191,1.4805194805194806
829,997,1826,1.2026537997587454
495,142,637,0.2868686868686869
240,357,597,1.4875
31,194,225,6.258064516129032
41,32,73,0.7804878048780488
24,351,375,14.625
59,680,739,11.525423728813559
16,591,607,36.9375
18,446,464,24.77777777777778
21,187,208,8.904761904761905
24,441,465,18.375
1056,426,1482,0.4034090909090909
238,663,901,2.7857142857142856
36,414,450,11.5
21,35,56,1.6666666666666667
24,103,127,4.291666666666667
756,652,1408,0.8624338624338624
17,256,273,15.058823529411764
215,182,397,0.8465116279069768
1363,771,2134,0.5656639765223771
54,578,632,10.703703703703704
568,120,688,0.2112676056338028
446,304,750,0.6816143497757847
7,166,173,23.714285714285715
128,625,753,4.8828125
140,437,577,3.1214285714285714
28,290,318,10.357142857142858
12,732,744,61.0
13,404,417,31.076923076923077
18,87,105,4.833333333333333
984,201,1185,0.20426829268292682
24,184,208,7.666666666666667
129,43,172,0.3333333333333333
13,346,359,26.615384615384617
23,242,265,10.521739130434783
10,300,310,30.0
1237,29,1266,0.023443815683104285
156,334,490,2.141025641025641
14,97,111,6.928571428571429
13,299,312,23.0
11,164,175,14.909090909090908
24,180,204,7.5
1125,155,1280,0.13777777777777778
143,950,1093,6.643356643356643
87,151,238,1.735632183908046
96,11,107,0.11458333333333333
49,461,510,9.408163265306122
3473,84,3557,0.02418658220558595
16,168,184,10.5
145,727,872,5.0137931034482754
4,403,407,100.75
9,65,74,7.222222222222222
81,975,1056,12.037037037037036
7,380,387,54.285714285714285
25,260,285,10.4
21,95,116,4.523809523809524
8,192,200,24.0
29,488,517,16.82758620689655
14,264,278,18.857142857142858
3,360,363,120.0
9,360,369,40.0
68,802,870,11.794117647058824
4,247,251,61.75
11,537,548,48.81818181818182
28,375,403,13.392857142857142
10,384,394,38.4
17,791,808,46.529411764705884
63,122,185,1.9365079365079365
122,447,569,3.6639344262295084
9,66,75,7.333333333333333
46,721,767,15.673913043478262
105,219,324,2.085714285714286
26,46,72,1.7692307692307692
12,407,419,33.916666666666664
16,464,480,29.0
7,72,79,10.285714285714286
1131,426,1557,0.376657824933687
1399,943,2342,0.6740528949249464
113,251,364,2.2212389380530975
3133,62,3195,0.01978933929141398
101,661,762,6.544554455445544
9,88,97,9.777777777777779
337,400,737,1.1869436201780414
18,317,335,17.61111111111111
21,31,52,1.4761904761904763
26,137,163,5.269230769230769
33,962,995,29.151515151515152
13,161,174,12.384615384615385
25,237,262,9.48
39,270,309,6.923076923076923
11,226,237,20.545454545454547
31,282,313,9.096774193548388
25,751,776,30.04
9,196,205,21.77777777777778
8,214,222,26.75
625,473,1098,0.7568
182,1015,1197,5.576923076923077
36,551,587,15.305555555555555
2,14,16,7.0
22,308,330,14.0
12,177,189,14.75
20,259,279,12.95
109,214,323,1.963302752293578
2,37,39,18.5
13,328,341,25.23076923076923
42,717,759,17.071428571428573
2213,252,2465,0.11387257117035698
46,171,217,3.717391304347826
233,303,536,1.3004291845493563
112,490,602,4.375
12,232,244,19.333333333333332
91,287,378,3.1538461538461537
140,151,291,1.0785714285714285
17,184,201,10.823529411764707
381,116,497,0.30446194225721784
9,57,66,6.333333333333333
26,696,722,26.76923076923077
15,212,227,14.133333333333333
44,281,325,6.386363636363637
34,147,181,4.323529411764706
48,389,437,8.104166666666666
13,335,348,25.76923076923077
43,189,232,4.395348837209302
23,479,502,20.82608695652174
10,252,262,25.2
8,281,289,35.125
28,27,55,0.9642857142857143
56,231,287,4.125
11,125,136,11.363636363636363
26,225,251,8.653846153846153
14,389,403,27.785714285714285
106,979,1085,9.235849056603774
55,112,167,2.036363636363636
78,394,472,5.051282051282051
10,187,197,18.7
81,36,117,0.4444444444444444
7,45,52,6.428571428571429
59,249,308,4.220338983050848
3,12,15,4.0
24,371,395,15.458333333333334
748,427,1175,0.570855614973262
5,138,143,27.6
9,313,322,34.77777777777778
5,584,589,116.8
12,385,397,32.083333333333336
2,12,14,6.0
19,31,50,1.631578947368421
6,1125,1131,187.5
30,379,409,12.633333333333333
335,452,787,1.3492537313432835
12,191,203,15.916666666666666
2,12,14,6.0
16,120,136,7.5
1362,962,2324,0.7063142437591777
14,715,729,51.07142857142857
430,367,797,0.8534883720930233
221,105,326,0.4751131221719457
48,888,936,18.5
118,322,440,2.7288135593220337
27,165,192,6.111111111111111
26,272,298,10.461538461538462
54,437,491,8.092592592592593
22,299,321,13.590909090909092
1361,793,2154,0.582659808963997
17,298,315,17.529411764705884
7,259,266,37.0
1073,325,1398,0.30288909599254427
226,83,309,0.3672566371681416
495,453,948,0.9151515151515152
10,66,76,6.6
30,286,316,9.533333333333333
18,568,586,31.555555555555557
13,488,501,37.53846153846154
35,219,254,6.257142857142857
1001,36,1037,0.03596403596403597
8,91,99,11.375
984,166,1150,0.16869918699186992
45,297,342,6.6
52,277,329,5.326923076923077
12,385,397,32.083333333333336
49,490,539,10.0
61,494,555,8.098360655737705
194,237,431,1.2216494845360826
25,403,428,16.12
15,28,43,1.8666666666666667
1795,364,2159,0.20278551532033426
35,360,395,10.285714285714286
216,366,582,1.6944444444444444
451,291,742,0.6452328159645233
632,162,794,0.2563291139240506
69,430,499,6.231884057971015
105,339,444,3.2285714285714286
33,300,333,9.090909090909092
458,198,656,0.43231441048034935
739,651,1390,0.8809201623815968
55,150,205,2.727272727272727
32,593,625,18.53125
338,174,512,0.514792899408284
376,344,720,0.9148936170212766
2,26,28,13.0
123,307,430,2.4959349593495936
3,13,16,4.333333333333333
2781,104,2885,0.037396619920891765
50,467,517,9.34
25,365,390,14.6
20,403,423,20.15
2801,59,2860,0.021063905747947163
44,16,60,0.36363636363636365
14,150,164,10.714285714285714
14,344,358,24.571428571428573
10,53,63,5.3
552,958,1510,1.7355072463768115
2,12,14,6.0
457,580,1037,1.2691466083150984
82,504,586,6.146341463414634
3458,523,3981,0.1512434933487565
11,357,368,32.45454545454545
12,717,729,59.75
535,944,1479,1.7644859813084113
2857,234,3091,0.08190409520476023
24,885,909,36.875
878,257,1135,0.29271070615034167
32,238,270,7.4375
1033,35,1068,0.03388189738625363
595,151,746,0.253781512605042
24,271,295,11.291666666666666
64,245,309,3.828125
161,51,212,0.3167701863354037
16,438,454,27.375
31,248,279,8.0
1593,398,1991,0.24984306340238543
449,85,534,0.18930957683741648
9,419,428,46.55555555555556
96,146,242,1.5208333333333333
795,1003,1798,1.261635220125786
10,83,93,8.3
12,458,470,38.166666666666664
15,135,150,9.0
1602,165,1767,0.10299625468164794
1698,243,1941,0.1431095406360424
28,1003,1031,35.82142857142857
67,485,552,7.2388059701492535
3473,269,3742,0.07745465015836453
44,278,322,6.318181818181818
11,69,80,6.2727272727272725
20,385,405,19.25
29,75,104,2.586206896551724
314,253,567,0.8057324840764332
18,503,521,27.944444444444443
43,44,87,1.0232558139534884
59,680,739,11.525423728813559
19,278,297,14.631578947368421
72,83,155,1.1527777777777777
1705,5,1710,0.002932551319648094
10,358,368,35.8
48,345,393,7.1875
1260,305,1565,0.24206349206349206
34,282,316,8.294117647058824
276,631,907,2.286231884057971
17,14,31,0.8235294117647058
24,227,251,9.458333333333334
107,323,430,3.0186915887850465
73,358,431,4.904109589041096
128,100,228,0.78125
19,255,274,13.421052631578947
32,409,441,12.78125
13,394,407,30.307692307692307
25,687,712,27.48
3,257,260,85.66666666666667
23,337,360,14.652173913043478
31,250,281,8.064516129032258
1276,32,1308,0.025078369905956112
3100,126,3226,0.04064516129032258
883,508,1391,0.5753114382785957
35,676,711,19.314285714285713
7,344,351,49.142857142857146
41,491,532,11.975609756097562
24,371,395,15.458333333333334
11,127,138,11.545454545454545
43,409,452,9.511627906976743
761,148,909,0.19448094612352168
120,218,338,1.8166666666666667
30,394,424,13.133333333333333
2661,17,2678,0.006388575723412251
38,211,249,5.552631578947368
3332,288,3620,0.08643457382953182
56,323,379,5.767857142857143
95,489,584,5.147368421052631
763,327,1090,0.42857142857142855
22,395,417,17.954545454545453
314,253,567,0.8057324840764332
17,32,49,1.8823529411764706
21,277,298,13.19047619047619
7,98,105,14.0
2312,404,2716,0.17474048442906576
86,280,366,3.255813953488372
22,107,129,4.863636363636363
19,99,118,5.2105263157894735
91,16,107,0.17582417582417584
64,18,82,0.28125
51,159,210,3.1176470588235294
55,517,572,9.4
69,693,762,10.043478260869565
171,298,469,1.7426900584795322
2078,27,2105,0.012993262752646775
43,30,73,0.6976744186046512
121,28,149,0.23140495867768596
74,908,982,12.27027027027027
1866,445,2311,0.2384780278670954
11,140,151,12.727272727272727
1229,412,1641,0.3352318958502848
1016,323,1339,0.31791338582677164
25,94,119,3.76
154,15,169,0.09740259740259741
103,285,388,2.766990291262136
209,509,718,2.4354066985645932
88,880,968,10.0
17,235,252,13.823529411764707
38,616,654,16.210526315789473
18,382,400,21.22222222222222
1923,48,1971,0.0249609984399376
27,424,451,15.703703703703704
2392,308,2700,0.12876254180602006
54,255,309,4.722222222222222
16,323,339,20.1875
573,341,914,0.5951134380453752
33,311,344,9.424242424242424
300,846,1146,2.82
41,720,761,17.5609756097561
199,666,865,3.3467336683417086
11,812,823,73.81818181818181
8,285,293,35.625
329,51,380,0.15501519756838905
99,178,277,1.797979797979798
412,256,668,0.6213592233009708
15,546,561,36.4
18,282,300,15.666666666666666
2293,627,2920,0.27344090710859137
3142,145,3287,0.04614894971355824
19,113,132,5.947368421052632
1973,832,2805,0.4216928535225545
41,794,835,19.365853658536587
66,294,360,4.454545454545454
86,22,108,0.2558139534883721
733,336,1069,0.4583901773533424
16,449,465,28.0625
3,12,15,4.0
337,301,638,0.8931750741839762
25,93,118,3.72
17,198,215,11.647058823529411
56,462,518,8.25
142,904,1046,6.366197183098592
234,316,550,1.3504273504273505
54,265,319,4.907407407407407
184,138,322,0.75
385,205,590,0.5324675324675324
10,53,63,5.3
11,133,144,12.090909090909092
29,287,316,9.89655172413793
50,43,93,0.86
16,602,618,37.625
44,164,208,3.727272727272727
26,400,426,15.384615384615385
36,32,68,0.8888888888888888
100,563,663,5.63
27,547,574,20.25925925925926
265,990,1255,3.7358490566037736
355,389,744,1.095774647887324
62,326,388,5.258064516129032
1744,82,1826,0.047018348623853214
1390,538,1928,0.38705035971223023
1539,182,1721,0.11825860948667966
25,104,129,4.16
54,15,69,0.2777777777777778
11,970,981,88.18181818181819
45,500,545,11.11111111111111
8,91,99,11.375
34,413,447,12.147058823529411
54,99,153,1.8333333333333333
280,381,661,1.3607142857142858
16,629,645,39.3125
14,400,414,28.571428571428573
861,517,1378,0.6004645760743321
10,119,129,11.9
17,54,71,3.176470588235294
23,730,753,31.73913043478261
381,494,875,1.2965879265091864
18,341,359,18.944444444444443
42,515,557,12.261904761904763
1497,274,1771,0.18303273213092852
2595,169,2764,0.0651252408477842
11,330,341,30.0
383,224,607,0.5848563968668408
443,611,1054,1.3792325056433408
45,398,443,8.844444444444445
1485,1001,2486,0.674074074074074
7,99,106,14.142857142857142
8,261,269,32.625
33,165,198,5.0
19,425,444,22.36842105263158
31,414,445,13.35483870967742
1456,784,2240,0.5384615384615384
143,112,255,0.7832167832167832
1467,44,1511,0.029993183367416496
566,366,932,0.6466431095406361
1049,155,1204,0.14775977121067682
11,101,112,9.181818181818182
945,69,1014,0.07301587301587302
39,112,151,2.871794871794872
2276,189,2465,0.08304042179261863
20,128,148,6.4
420,7,427,0.016666666666666666
25,80,105,3.2
58,422,480,7.275862068965517
130,10,140,0.07692307692307693
621,404,1025,0.6505636070853462
25,695,720,27.8
72,52,124,0.7222222222222222
56,78,134,1.3928571428571428
23,214,237,9.304347826086957
101,456,557,4.514851485148514
8,254,262,31.75
81,337,418,4.160493827160494
2383,323,2706,0.1355434326479228
95,739,834,7.778947368421052
26,308,334,11.846153846153847
123,307,430,2.4959349593495936
1308,256,1564,0.19571865443425077
38,267,305,7.026315789473684
1243,120,1363,0.09654062751407884
10,127,137,12.7
117,87,204,0.7435897435897436
12,209,221,17.416666666666668
2598,387,2985,0.1489607390300231
1648,296,1944,0.1796116504854369
358,357,715,0.9972067039106145
1219,581,1800,0.47662018047579985
4,12,16,3.0
14,72,86,5.142857142857143
72,234,306,3.25
630,419,1049,0.665079365079365
38,234,272,6.157894736842105
8,443,451,55.375
17,218,235,12.823529411764707
7,370,377,52.857142857142854
145,933,1078,6.43448275862069
38,202,240,5.315789473684211
49,256,305,5.224489795918367
15,277,292,18.466666666666665
26,46,72,1.7692307692307692
56,287,343,5.125
11,299,310,27.181818181818183
35,629,664,17.97142857142857
10,314,324,31.4
32,338,370,10.5625
86,672,758,7.813953488372093
22,274,296,12.454545454545455
30,72,102,2.4
14,79,93,5.642857142857143
74,30,104,0.40540540540540543
38,515,553,13.552631578947368
13,470,483,36.15384615384615
38,202,240,5.315789473684211
11,147,158,13.363636363636363
1097,261,1358,0.23792160437556972
907,636,1543,0.701212789415656
26,174,200,6.6923076923076925
15,167,182,11.133333333333333
5,364,369,72.8
10,340,350,34.0
74,548,622,7.405405405405405
9,139,148,15.444444444444445
2138,189,2327,0.08840037418147802
32,44,76,1.375
54,336,390,6.222222222222222
2442,1052,3494,0.4307944307944308
51,104,155,2.0392156862745097
13,239,252,18.384615384615383
1552,262,1814,0.16881443298969073
91,436,527,4.791208791208791
449,406,855,0.9042316258351893
13,106,119,8.153846153846153
249,173,422,0.6947791164658634
10,28,38,2.8
52,260,312,5.0
849,274,1123,0.32273262661955243
13,585,598,45.0
18,176,194,9.777777777777779
8,276,284,34.5
29,286,315,9.862068965517242
20,400,420,20.0
162,235,397,1.4506172839506173
18,83,101,4.611111111111111
17,455,472,26.764705882352942
47,460,507,9.787234042553191
2,12,14,6.0
11,241,252,21.90909090909091
47,367,414,7.808510638297872
158,418,576,2.6455696202531644
19,310,329,16.31578947368421
3242,375,3617,0.11566933991363355
654,148,802,0.22629969418960244
492,383,875,0.7784552845528455
34,74,108,2.176470588235294
10,27,37,2.7
25,550,575,22.0
1145,107,1252,0.09344978165938865
55,395,450,7.181818181818182
20,24,44,1.2
69,69,138,1.0
31,774,805,24.967741935483872
21,464,485,22.095238095238095
1256,950,2206,0.7563694267515924
34,408,442,12.0
298,329,627,1.104026845637584
15,126,141,8.4
11,129,140,11.727272727272727
38,519,557,13.657894736842104
1947,500,2447,0.25680534155110424
159,258,417,1.6226415094339623
72,1023,1095,14.208333333333334
72,84,156,1.1666666666666667
2,59,61,29.5
23,81,104,3.5217391304347827
5,171,176,34.2
1486,306,1792,0.20592193808882908
2718,922,3640,0.33922001471670343
79,540,619,6.8354430379746836
13,402,415,30.923076923076923
1888,994,2882,0.5264830508474576
67,259,326,3.8656716417910446
2715,58,2773,0.02136279926335175
217,210,427,0.967741935483871
36,618,654,17.166666666666668
51,326,377,6.392156862745098
9,144,153,16.0
14,666,680,47.57142857142857
52,344,396,6.615384615384615
2,42,44,21.0
10,305,315,30.5
8,301,309,37.625
32,517,549,16.15625
1178,10,1188,0.008488964346349746
40,377,417,9.425
680,268,948,0.3941176470588235
10,365,375,36.5
52,277,329,5.326923076923077
36,139,175,3.861111111111111
14,697,711,49.785714285714285
25,453,478,18.12
3,114,117,38.0
263,222,485,0.844106463878327
8,36,44,4.5
8,136,144,17.0
262,127,389,0.4847328244274809
73,971,1044,13.301369863013699
44,279,323,6.340909090909091
319,492,811,1.542319749216301
42,764,806,18.19047619047619
122,332,454,2.721311475409836
9,53,62,5.888888888888889
11,961,972,87.36363636363636
23,336,359,14.608695652173912
65,34,99,0.5230769230769231
12,318,330,26.5
14,275,289,19.642857142857142
111,311,422,2.8018018018018016
9,104,113,11.555555555555555
8,1059,1067,132.375
1933,381,2314,0.19710294878427315
23,388,411,16.869565217391305
23,84,107,3.652173913043478
846,21,867,0.024822695035460994
105,480,585,4.571428571428571
1074,739,1813,0.6880819366852886
18,250,268,13.88888888888889
6,91,97,15.166666666666666
17,58,75,3.411764705882353
12,459,471,38.25
1767,66,1833,0.03735144312393888
57,270,327,4.7368421052631575
507,181,688,0.35700197238658776
10,47,57,4.7
33,921,954,27.90909090909091
8,333,341,41.625
308,58,366,0.18831168831168832
12,212,224,17.666666666666668
17,351,368,20.647058823529413
8,93,101,11.625
8,203,211,25.375
35,312,347,8.914285714285715
57,905,962,15.87719298245614
90,140,230,1.5555555555555556
8,230,238,28.75
9,411,420,45.666666666666664
106,397,503,3.7452830188679247
25,22,47,0.88
6,249,255,41.5
17,479,496,28.176470588235293
5,364,369,72.8
58,120,178,2.0689655172413794
123,708,831,5.7560975609756095
11,194,205,17.636363636363637
26,580,606,22.307692307692307
21,403,424,19.19047619047619
145,727,872,5.0137931034482754
1190,260,1450,0.2184873949579832
13,289,302,22.23076923076923
34,437,471,12.852941176470589
945,7,952,0.007407407407407408
67,122,189,1.8208955223880596
41,211,252,5.146341463414634
2,39,41,19.5
175,643,818,3.6742857142857144
26,541,567,20.807692307692307
31,251,282,8.096774193548388
51,147,198,2.8823529411764706
75,388,463,5.173333333333333
6,323,329,53.833333333333336
10,203,213,20.3
288,9,297,0.03125
16,89,105,5.5625
2107,1087,3194,0.5158993830090176
27,291,318,10.777777777777779
66,259,325,3.9242424242424243
50,561,611,11.22
7,243,250,34.714285714285715
12,85,97,7.083333333333333
142,93,235,0.6549295774647887
15,528,543,35.2
136,353,489,2.5955882352941178
29,365,394,12.586206896551724
18,89,107,4.944444444444445
61,385,446,6.311475409836065
115,204,319,1.7739130434782608
36,438,474,12.166666666666666
341,192,533,0.5630498533724341
9,107,116,11.88888888888889
9,166,175,18.444444444444443
19,522,541,27.473684210526315
138,585,723,4.239130434782608
49,381,430,7.775510204081633
2,12,14,6.0
11,262,273,23.818181818181817
12,21,33,1.75
25,380,405,15.2
6,706,712,117.66666666666667
10,495,505,49.5
12,243,255,20.25
10,187,197,18.7
8,232,240,29.0
82,41,123,0.5
229,297,526,1.296943231441048
995,223,1218,0.2241206030150754
51,109,160,2.1372549019607843
124,101,225,0.8145161290322581
12,264,276,22.0
43,650,693,15.116279069767442
8,366,374,45.75
44,140,184,3.1818181818181817
14,98,112,7.0
43,585,628,13.604651162790697
11,371,382,33.72727272727273
18,392,410,21.77777777777778
129,207,336,1.6046511627906976
14,232,246,16.571428571428573
152,66,218,0.4342105263157895
94,117,211,1.2446808510638299
654,379,1033,0.5795107033639144
23,171,194,7.434782608695652
76,375,451,4.934210526315789
30,297,327,9.9
70,481,551,6.871428571428571
13,191,204,14.692307692307692
464,44,508,0.09482758620689655
33,685,718,20.757575757575758
283,96,379,0.3392226148409894
22,135,157,6.136363636363637
15,136,151,9.066666666666666
36,553,589,15.36111111111111
8,32,40,4.0
15,57,72,3.8
41,224,265,5.463414634146342
19,177,196,9.31578947368421
23,356,379,15.478260869565217
7,275,282,39.285714285714285
38,75,113,1.9736842105263157
32,628,660,19.625
11,227,238,20.636363636363637
105,327,432,3.1142857142857143
7,13,20,1.8571428571428572
7,137,144,19.571428571428573
28,394,422,14.071428571428571
1171,259,1430,0.22117847993168233
8,245,253,30.625
484,907,1391,1.8739669421487604
1026,1046,2072,1.0194931773879143
15,347,362,23.133333333333333
29,287,316,9.89655172413793
1267,7,1274,0.0055248618784530384
11,123,134,11.181818181818182
53,399,452,7.528301886792453
255,225,480,0.8823529411764706
68,286,354,4.205882352941177
36,32,68,0.8888888888888888
8,17,25,2.125
35,254,289,7.257142857142857
166,173,339,1.0421686746987953
19,376,395,19.789473684210527
86,63,149,0.7325581395348837
86,173,259,2.011627906976744
25,365,390,14.6
11,312,323,28.363636363636363
16,102,118,6.375
19,385,404,20.263157894736842
77,19,96,0.24675324675324675
105,339,444,3.2285714285714286
32,379,411,11.84375
2045,264,2309,0.12909535452322737
136,154,290,1.1323529411764706
56,258,314,4.607142857142857
11,395,406,35.90909090909091
16,98,114,6.125
341,227,568,0.6656891495601173
13,371,384,28.53846153846154
46,107,153,2.3260869565217392
59,247,306,4.186440677966102
2,12,14,6.0
6,84,90,14.0
11,334,345,30.363636363636363
45,336,381,7.466666666666667
124,357,481,2.879032258064516
14,210,224,15.0
128,514,642,4.015625
11,292,303,26.545454545454547
928,227,1155,0.24461206896551724
79,46,125,0.5822784810126582
24,263,287,10.958333333333334
4,407,411,101.75
6,38,44,6.333333333333333
11,104,115,9.454545454545455
1479,17,1496,0.011494252873563218
2,13,15,6.5
45,423,468,9.4
109,172,281,1.5779816513761469
96,508,604,5.291666666666667
58,62,120,1.0689655172413792
2692,172,2864,0.0638930163447251
1474,280,1754,0.18995929443690637
18,657,675,36.5
2649,11,2660,0.004152510381275953
8,90,98,11.25
12,487,499,40.583333333333336
40,269,309,6.725
38,504,542,13.263157894736842
12,858,870,71.5
57,511,568,8.964912280701755
1119,335,1454,0.2993744414655943
16,341,357,21.3125
160,930,1090,5.8125
6,219,225,36.5
461,271,732,0.5878524945770065
33,528,561,16.0
5,192,197,38.4
81,190,271,2.345679012345679
1187,892,2079,0.7514743049705139
163,213,376,1.3067484662576687
1290,964,2254,0.7472868217054264
4,639,643,159.75
92,186,278,2.0217391304347827
136,739,875,5.4338235294117645
19,21,40,1.105263157894737
2,12,14,6.0
36,269,305,7.472222222222222
23,411,434,17.869565217391305
32,351,383,10.96875
20,290,310,14.5
23,603,626,26.217391304347824
319,745,1064,2.335423197492163
51,548,599,10.745098039215685
947,195,1142,0.20591341077085534
16,323,339,20.1875
53,280,333,5.283018867924528
218,414,632,1.8990825688073394
105,499,604,4.752380952380952
161,580,741,3.6024844720496896
57,146,203,2.56140350877193
37,288,325,7.783783783783784
14,164,178,11.714285714285714
1183,251,1434,0.2121724429416737
817,307,1124,0.37576499388004897
22,100,122,4.545454545454546
104,147,251,1.4134615384615385
24,163,187,6.791666666666667
14,567,581,40.5
21,382,403,18.19047619047619
56,241,297,4.303571428571429
25,41,66,1.64
47,406,453,8.638297872340425
464,139,603,0.2995689655172414
20,292,312,14.6
28,400,428,14.285714285714286
27,244,271,9.037037037037036
14,708,722,50.57142857142857
162,151,313,0.9320987654320988
92,905,997,9.83695652173913
2709,1175,3884,0.43373938722775934
51,386,437,7.568627450980392
42,487,529,11.595238095238095
35,393,428,11.228571428571428
28,622,650,22.214285714285715
12,265,277,22.083333333333332
109,503,612,4.614678899082569
40,361,401,9.025
25,19,44,0.76
283,167,450,0.5901060070671378
2590,73,2663,0.028185328185328186
22,299,321,13.590909090909092
14,193,207,13.785714285714286
97,258,355,2.6597938144329896
44,342,386,7.7727272727272725
106,495,601,4.669811320754717
30,582,612,19.4
23,459,482,19.956521739130434
62,287,349,4.629032258064516
9,18,27,2.0
1533,10,1543,0.006523157208088715
7,325,332,46.42857142857143
8,30,38,3.75
27,397,424,14.703703703703704
385,657,1042,1.7064935064935065
938,10,948,0.010660980810234541
58,390,448,6.724137931034483
37,201,238,5.4324324324324325
4,426,430,106.5
285,122,407,0.4280701754385965
69,353,422,5.115942028985507
10,317,327,31.7
209,32,241,0.15311004784688995
1426,234,1660,0.1640953716690042
1464,791,2255,0.5403005464480874
16,463,479,28.9375
6,217,223,36.166666666666664
56,155,211,2.767857142857143
31,309,340,9.96774193548387
14,158,172,11.285714285714286
23,227,250,9.869565217391305
27,53,80,1.962962962962963
8,50,58,6.25
21,511,532,24.333333333333332
127,166,293,1.3070866141732282
13,352,365,27.076923076923077
39,381,420,9.76923076923077
2,365,367,182.5
982,10,992,0.010183299389002037
11,332,343,30.181818181818183
34,577,611,16.970588235294116
32,107,139,3.34375
51,59,110,1.1568627450980393
1230,599,1829,0.4869918699186992
13,27,40,2.076923076923077
31,42,73,1.3548387096774193
14,253,267,18.071428571428573
53,423,476,7.981132075471698
72,89,161,1.2361111111111112
12,583,595,48.583333333333336
2094,70,2164,0.033428844317096466
27,793,820,29.37037037037037
241,307,548,1.2738589211618256
16,231,247,14.4375
22,105,127,4.7727272727272725
19,348,367,18.31578947368421
6,301,307,50.166666666666664
40,34,74,0.85
42,392,434,9.333333333333334
41,152,193,3.707317073170732
14,386,400,27.571428571428573
1000,477,1477,0.477
24,51,75,2.125
117,341,458,2.9145299145299144
961,781,1742,0.8126951092611863
32,387,419,12.09375
223,992,1215,4.448430493273543
76,248,324,3.263157894736842
20,789,809,39.45
67,368,435,5.492537313432836
167,335,502,2.0059880239520957
118,751,869,6.364406779661017
14,270,284,19.285714285714285
95,232,327,2.442105263157895
20,297,317,14.85
16,446,462,27.875
12,63,75,5.25
161,187,348,1.1614906832298137
20,133,153,6.65
11,226,237,20.545454545454547
382,581,963,1.5209424083769634
12,296,308,24.666666666666668
74,97,171,1.3108108108108107
87,119,206,1.367816091954023
501,107,608,0.21357285429141717
99,188,287,1.898989898989899
34,294,328,8.647058823529411
2,26,28,13.0
294,416,710,1.4149659863945578
24,276,300,11.5
34,159,193,4.676470588235294
19,473,492,24.894736842105264
84,599,683,7.130952380952381
1383,267,1650,0.19305856832971802
7,25,32,3.5714285714285716
48,138,186,2.875
26,528,554,20.307692307692307
186,228,414,1.2258064516129032
28,361,389,12.892857142857142
15,292,307,19.466666666666665
52,153,205,2.9423076923076925
40,350,390,8.75
404,355,759,0.8787128712871287
56,335,391,5.982142857142857
416,844,1260,2.0288461538461537
382,320,702,0.837696335078534
2,12,14,6.0
26,112,138,4.3076923076923075
113,898,1011,7.946902654867257
25,366,391,14.64
1472,643,2115,0.436820652173913
2,419,421,209.5
7,368,375,52.57142857142857
45,338,383,7.511111111111111
170,444,614,2.611764705882353
17,295,312,17.352941176470587
110,275,385,2.5
279,417,696,1.4946236559139785
510,151,661,0.296078431372549
16,247,263,15.4375
8,5,13,0.625
4,91,95,22.75
8,219,227,27.375
15,520,535,34.666666666666664
34,617,651,18.147058823529413
16,237,253,14.8125
20,168,188,8.4
5,768,773,153.6
2,12,14,6.0
16,326,342,20.375
18,238,256,13.222222222222221
101,245,346,2.4257425742574257
234,338,572,1.4444444444444444
25,525,550,21.0
2751,59,2810,0.021446746637586334
186,198,384,1.064516129032258
41,484,525,11.804878048780488
191,295,486,1.544502617801047
21,416,437,19.80952380952381
8,398,406,49.75
660,143,803,0.21666666666666667
1088,264,1352,0.2426470588235294
265,1038,1303,3.9169811320754717
1152,212,1364,0.1840277777777778
17,102,119,6.0
22,379,401,17.227272727272727
23,312,335,13.565217391304348
261,217,478,0.8314176245210728
44,781,825,17.75
708,406,1114,0.5734463276836158
756,118,874,0.15608465608465608
17,338,355,19.88235294117647
80,465,545,5.8125
47,275,322,5.851063829787234
565,1030,1595,1.823008849557522
11,204,215,18.545454545454547
38,32,70,0.8421052631578947
26,357,383,13.73076923076923
115,58,173,0.5043478260869565
240,8,248,0.03333333333333333
30,438,468,14.6
26,341,367,13.115384615384615
5,205,210,41.0
228,118,346,0.5175438596491229
19,465,484,24.473684210526315
172,1044,1216,6.069767441860465
218,320,538,1.4678899082568808
27,457,484,16.925925925925927
17,308,325,18.11764705882353
16,156,172,9.75
1052,862,1914,0.8193916349809885
21,290,311,13.80952380952381
38,361,399,9.5
166,330,496,1.9879518072289157
43,413,456,9.604651162790697
311,270,581,0.8681672025723473
13,39,52,3.0
6,162,168,27.0
129,43,172,0.3333333333333333
172,209,381,1.2151162790697674
76,101,177,1.3289473684210527
19,493,512,25.94736842105263
24,318,342,13.25
203,131,334,0.645320197044335
673,229,902,0.34026745913818723
22,111,133,5.045454545454546
59,340,399,5.762711864406779
1751,128,1879,0.07310108509423187
2129,264,2393,0.1240018788163457
545,10,555,0.01834862385321101
80,106,186,1.325
33,634,667,19.21212121212121
35,734,769,20.97142857142857
8,7,15,0.875
652,776,1428,1.1901840490797546
17,34,51,2.0
25,791,816,31.64
8,91,99,11.375
103,78,181,0.7572815533980582
401,340,741,0.8478802992518704
517,177,694,0.34235976789168276
14,343,357,24.5
72,1007,1079,13.98611111111111
19,28,47,1.4736842105263157
37,201,238,5.4324324324324325
9,225,234,25.0
2,12,14,6.0
9,164,173,18.22222222222222
69,220,289,3.1884057971014492
93,125,218,1.3440860215053763
29,74,103,2.5517241379310347
13,288,301,22.153846153846153
8,98,106,12.25
654,474,1128,0.7247706422018348
38,522,560,13.736842105263158
547,245,792,0.44789762340036565
14,300,314,21.428571428571427
54,198,252,3.6666666666666665
20,985,1005,49.25
491,441,932,0.8981670061099797
3478,235,3713,0.06756756756756757
46,150,196,3.260869565217391
36,294,330,8.166666666666666
1566,825,2391,0.5268199233716475
102,90,192,0.8823529411764706
214,927,1141,4.331775700934579
2,12,14,6.0
46,167,213,3.630434782608696
21,740,761,35.23809523809524
15,150,165,10.0
241,506,747,2.099585062240664
2078,91,2169,0.04379210779595765
1260,305,1565,0.24206349206349206
994,178,1172,0.1790744466800805
1789,420,2209,0.23476802683063164
233,291,524,1.2489270386266094
25,306,331,12.24
443,744,1187,1.6794582392776525
26,228,254,8.76923076923077
24,203,227,8.458333333333334
39,47,86,1.205128205128205
23,41,64,1.7826086956521738
41,409,450,9.975609756097562
20,105,125,5.25
12,165,177,13.75
14,103,117,7.357142857142857
17,703,720,41.35294117647059
44,878,922,19.954545454545453
355,235,590,0.6619718309859155
74,225,299,3.0405405405405403
13,267,280,20.53846153846154
16,92,108,5.75
10,110,120,11.0
7,86,93,12.285714285714286
29,137,166,4.724137931034483
43,762,805,17.72093023255814
46,167,213,3.630434782608696
12,259,271,21.583333333333332
2328,134,2462,0.05756013745704467
45,211,256,4.688888888888889
46,411,457,8.934782608695652
47,27,74,0.574468085106383
44,297,341,6.75
141,200,341,1.4184397163120568
1285,366,1651,0.2848249027237354
95,112,207,1.1789473684210525
72,366,438,5.083333333333333
10,240,250,24.0
57,697,754,12.228070175438596
33,347,380,10.515151515151516
13,362,375,27.846153846153847
479,88,567,0.1837160751565762
100,478,578,4.78
896,946,1842,1.0558035714285714
956,765,1721,0.8002092050209205
87,88,175,1.0114942528735633
2032,11,2043,0.0054133858267716535
474,371,845,0.7827004219409283
43,311,354,7.232558139534884
8,111,119,13.875
162,274,436,1.691358024691358
40,201,241,5.025
96,704,800,7.333333333333333
12,34,46,2.8333333333333335
43,31,74,0.7209302325581395
52,235,287,4.519230769230769
39,621,660,15.923076923076923
1040,1062,2102,1.021153846153846
3,665,668,221.66666666666666
6,153,159,25.5
11,319,330,29.0
60,391,451,6.516666666666667
387,167,554,0.4315245478036176
173,341,514,1.9710982658959537
12,297,309,24.75
108,436,544,4.037037037037037
182,89,271,0.489010989010989
211,265,476,1.2559241706161137
10,195,205,19.5
293,199,492,0.6791808873720137
89,713,802,8.01123595505618
26,466,492,17.923076923076923
14,234,248,16.714285714285715
13,328,341,25.23076923076923
146,34,180,0.2328767123287671
2993,356,3349,0.11894420314066155
472,259,731,0.548728813559322
25,215,240,8.6
555,390,945,0.7027027027027027
12,39,51,3.25
140,392,532,2.8
56,61,117,1.0892857142857142
2088,25,2113,0.011973180076628353
181,412,593,2.276243093922652
68,409,477,6.014705882352941
17,842,859,49.529411764705884
30,297,327,9.9
15,136,151,9.066666666666666
121,109,230,0.9008264462809917
27,412,439,15.25925925925926
32,532,564,16.625
91,884,975,9.714285714285714
11,311,322,28.272727272727273
24,788,812,32.833333333333336
46,305,351,6.630434782608695
20,317,337,15.85
34,192,226,5.647058823529412
12,183,195,15.25
14,289,303,20.642857142857142
95,332,427,3.4947368421052634
17,88,105,5.176470588235294
9,300,309,33.333333333333336
18,272,290,15.11111111111111
17,136,153,8.0
18,232,250,12.88888888888889
18,23,41,1.2777777777777777
15,130,145,8.666666666666666
92,421,513,4.576086956521739
29,43,72,1.4827586206896552
18,295,313,16.38888888888889
2,12,14,6.0
25,588,613,23.52
25,31,56,1.24
53,400,453,7.547169811320755
56,314,370,5.607142857142857
68,60,128,0.8823529411764706
616,11,627,0.017857142857142856
13,762,775,58.61538461538461
1837,340,2177,0.18508437670114317
17,14,31,0.8235294117647058
1576,971,2547,0.6161167512690355
74,498,572,6.72972972972973
236,418,654,1.771186440677966
38,622,660,16.36842105263158
23,615,638,26.73913043478261
99,150,249,1.5151515151515151
8,47,55,5.875
27,774,801,28.666666666666668
15,634,649,42.266666666666666
56,519,575,9.267857142857142
866,171,1037,0.197459584295612
10,92,102,9.2
29,573,602,19.75862068965517
200,161,361,0.805
22,392,414,17.818181818181817
25,119,144,4.76
22,794,816,36.09090909090909
8,819,827,102.375
26,183,209,7.038461538461538
15,263,278,17.533333333333335
15,167,182,11.133333333333333
17,382,399,22.470588235294116
609,15,624,0.024630541871921183
943,195,1138,0.2067868504772004
18,409,427,22.72222222222222
382,930,1312,2.4345549738219896
49,381,430,7.775510204081633
15,136,151,9.066666666666666
23,162,185,7.043478260869565
23,539,562,23.434782608695652
232,237,469,1.021551724137931
27,380,407,14.074074074074074
41,155,196,3.7804878048780486
27,232,259,8.592592592592593
2,12,14,6.0
159,282,441,1.7735849056603774
709,396,1105,0.5585331452750353
86,672,758,7.813953488372093
55,277,332,5.036363636363636
28,109,137,3.892857142857143
65,670,735,10.307692307692308
17,409,426,24.058823529411764
44,693,737,15.75
42,49,91,1.1666666666666667
938,10,948,0.010660980810234541
14,314,328,22.428571428571427
113,333,446,2.9469026548672566
41,605,646,14.75609756097561
63,816,879,12.952380952380953
17,121,138,7.117647058823529
100,314,414,3.14
17,580,597,34.11764705882353
3142,145,3287,0.04614894971355824
334,377,711,1.1287425149700598
76,651,727,8.56578947368421
163,978,1141,6.0
55,415,470,7.545454545454546
19,310,329,16.31578947368421
852,859,1711,1.0082159624413145
2293,152,2445,0.06628870475359791
9,172,181,19.11111111111111
27,597,624,22.11111111111111
63,141,204,2.238095238095238
5,268,273,53.6
15,1041,1056,69.4
45,282,327,6.266666666666667
57,29,86,0.5087719298245614
2268,714,2982,0.3148148148148148
84,318,402,3.7857142857142856
46,209,255,4.543478260869565
24,346,370,14.416666666666666
475,183,658,0.38526315789473686
23,356,379,15.478260869565217
20,255,275,12.75
6,202,208,33.666666666666664
45,709,754,15.755555555555556
48,421,469,8.770833333333334
7,53,60,7.571428571428571
538,107,645,0.19888475836431227
10,298,308,29.8
12,725,737,60.416666666666664
33,355,388,10.757575757575758
48,7,55,0.14583333333333334
14,89,103,6.357142857142857
132,323,455,2.446969696969697
7,77,84,11.0
45,264,309,5.866666666666666
28,301,329,10.75
20,307,327,15.35
2711,78,2789,0.028771670970121725
28,461,489,16.464285714285715
1246,10,1256,0.008025682182985553
39,461,500,11.820512820512821
11,156,167,14.181818181818182
14,55,69,3.9285714285714284
116,401,517,3.456896551724138
48,1148,1196,23.916666666666668
18,329,347,18.27777777777778
68,789,857,11.602941176470589
11,223,234,20.272727272727273
14,455,469,32.5
41,827,868,20.170731707317074
22,316,338,14.363636363636363
154,554,708,3.5974025974025974
71,756,827,10.647887323943662
115,320,435,2.782608695652174
53,879,932,16.58490566037736
52,186,238,3.576923076923077
8,523,531,65.375
19,839,858,44.1578947368421
22,726,748,33.0
11,116,127,10.545454545454545
2442,1052,3494,0.4307944307944308
59,199,258,3.3728813559322033
7,120,127,17.142857142857142
17,256,273,15.058823529411764
7,451,458,64.42857142857143
11,318,329,28.90909090909091
532,955,1487,1.7951127819548873
7,73,80,10.428571428571429
6,510,516,85.0
12,406,418,33.833333333333336
92,266,358,2.891304347826087
355,457,812,1.287323943661972
5,39,44,7.8
9,410,419,45.55555555555556
1349,191,1540,0.14158636026686433
706,240,946,0.33994334277620397
23,222,245,9.652173913043478
249,54,303,0.21686746987951808
51,91,142,1.7843137254901962
79,46,125,0.5822784810126582
432,589,1021,1.3634259259259258
13,568,581,43.69230769230769
37,342,379,9.243243243243244
206,250,456,1.2135922330097086
67,29,96,0.43283582089552236
15,289,304,19.266666666666666
45,546,591,12.133333333333333
6,740,746,123.33333333333333
24,375,399,15.625
18,534,552,29.666666666666668
843,769,1612,0.9122182680901542
674,459,1133,0.6810089020771514
12,858,870,71.5
16,575,591,35.9375
23,277,300,12.043478260869565
24,282,306,11.75
1138,950,2088,0.8347978910369068
455,529,984,1.1626373626373627
232,1019,1251,4.392241379310345
470,150,620,0.3191489361702128
16,250,266,15.625
726,591,1317,0.8140495867768595
469,480,949,1.023454157782516
53,252,305,4.754716981132075
20,219,239,10.95
104,88,192,0.8461538461538461
162,752,914,4.6419753086419755
274,419,693,1.5291970802919708
2736,237,2973,0.08662280701754387
1595,184,1779,0.11536050156739812
77,609,686,7.909090909090909
46,755,801,16.41304347826087
12,120,132,10.0
20,68,88,3.4
91,38,129,0.4175824175824176
12,368,380,30.666666666666668
3833,27,3860,0.007044090790503522
305,300,605,0.9836065573770492
3028,168,3196,0.05548216644649934
2,12,14,6.0
12,118,130,9.833333333333334
6,336,342,56.0
6,1018,1024,169.66666666666666
3433,7,3440,0.00203903291581707
1107,494,1601,0.44625112917795845
16,283,299,17.6875
198,278,476,1.404040404040404
27,353,380,13.074074074074074
22,125,147,5.681818181818182
67,213,280,3.1791044776119404
17,309,326,18.176470588235293
13,307,320,23.615384615384617
26,534,560,20.53846153846154
16,370,386,23.125
34,312,346,9.176470588235293
1218,599,1817,0.4917898193760263
768,476,1244,0.6197916666666666
41,281,322,6.853658536585366
513,438,951,0.8538011695906432
10,155,165,15.5
1503,42,1545,0.027944111776447105
45,735,780,16.333333333333332
436,50,486,0.11467889908256881
46,27,73,0.5869565217391305
37,386,423,10.432432432432432
688,809,1497,1.1758720930232558
16,105,121,6.5625
197,835,1032,4.238578680203045
11,465,476,42.27272727272727
27,531,558,19.666666666666668
23,476,499,20.695652173913043
119,646,765,5.428571428571429
31,101,132,3.2580645161290325
123,550,673,4.471544715447155
59,216,275,3.6610169491525424
76,34,110,0.4473684210526316
134,200,334,1.492537313432836
31,287,318,9.258064516129032
30,158,188,5.266666666666667
422,10,432,0.023696682464454975
8,102,110,12.75
33,346,379,10.484848484848484
319,848,1167,2.658307210031348
10,452,462,45.2
1822,37,1859,0.02030735455543359
73,582,655,7.972602739726027
170,100,270,0.5882352941176471
867,163,1030,0.18800461361014995
28,622,650,22.214285714285715
13,248,261,19.076923076923077
44,160,204,3.6363636363636362
118,535,653,4.533898305084746
1856,250,2106,0.13469827586206898
18,386,404,21.444444444444443
153,203,356,1.326797385620915
363,107,470,0.29476584022038566
12,93,105,7.75
84,474,558,5.642857142857143
446,557,1003,1.248878923766816
97,415,512,4.278350515463917
8,441,449,55.125
7,229,236,32.714285714285715
17,141,158,8.294117647058824
8,312,320,39.0
8,230,238,28.75
30,169,199,5.633333333333334
50,323,373,6.46
21,890,911,42.38095238095238
49,362,411,7.387755102040816
1695,10,1705,0.0058997050147492625
10,500,510,50.0
656,679,1335,1.0350609756097562
4,224,228,56.0
9,508,517,56.44444444444444
24,88,112,3.6666666666666665
1131,426,1557,0.376657824933687
408,711,1119,1.7426470588235294
26,56,82,2.1538461538461537
361,875,1236,2.4238227146814406
72,17,89,0.2361111111111111
15,303,318,20.2
489,40,529,0.081799591002045
7,361,368,51.57142857142857
21,466,487,22.19047619047619
9,105,114,11.666666666666666
4,92,96,23.0
513,7,520,0.01364522417153996
8,164,172,20.5
16,25,41,1.5625
102,224,326,2.196078431372549
17,506,523,29.764705882352942
227,10,237,0.04405286343612335
12,233,245,19.416666666666668
242,291,533,1.2024793388429753
216,128,344,0.5925925925925926
26,387,413,14.884615384615385
804,293,1097,0.3644278606965174
16,78,94,4.875
25,386,411,15.44
312,630,942,2.019230769230769
23,553,576,24.043478260869566
3,12,15,4.0
984,201,1185,0.20426829268292682
28,126,154,4.5
17,136,153,8.0
7,91,98,13.0
196,138,334,0.7040816326530612
167,374,541,2.2395209580838324
1727,400,2127,0.23161551823972207
47,334,381,7.1063829787234045
24,527,551,21.958333333333332
3,12,15,4.0
11,263,274,23.90909090909091
26,683,709,26.26923076923077
9,872,881,96.88888888888889
8,372,380,46.5
29,782,811,26.96551724137931
15,525,540,35.0
67,296,363,4.417910447761194
9,20,29,2.2222222222222223
58,221,279,3.810344827586207
8,404,412,50.5
26,7,33,0.2692307692307692
5,294,299,58.8
13,336,349,25.846153846153847
2,427,429,213.5
1954,394,2348,0.2016376663254862
21,340,361,16.19047619047619
1281,708,1989,0.5526932084309133
3,291,294,97.0
8,166,174,20.75
940,199,1139,0.21170212765957447
77,320,397,4.1558441558441555
57,799,856,14.017543859649123
53,24,77,0.4528301886792453
22,256,278,11.636363636363637
21,70,91,3.3333333333333335
115,956,1071,8.31304347826087
12,201,213,16.75
14,164,178,11.714285714285714
1398,99,1497,0.07081545064377683
3,30,33,10.0
319,62,381,0.19435736677115986
21,476,497,22.666666666666668
261,217,478,0.8314176245210728
700,75,775,0.10714285714285714
883,709,1592,0.8029445073612684
17,340,357,20.0
134,152,286,1.1343283582089552
11,458,469,41.63636363636363
11,290,301,26.363636363636363
31,418,449,13.483870967741936
4,235,239,58.75
51,407,458,7.980392156862745
806,424,1230,0.5260545905707196
25,436,461,17.44
20,362,382,18.1
9,65,74,7.222222222222222
24,133,157,5.541666666666667
9,342,351,38.0
34,157,191,4.617647058823529
18,162,180,9.0
6,228,234,38.0
8,510,518,63.75
1251,208,1459,0.16626698641087131
52,342,394,6.576923076923077
1345,120,1465,0.08921933085501858
18,780,798,43.333333333333336
9,86,95,9.555555555555555
242,438,680,1.8099173553719008
22,152,174,6.909090909090909
8,315,323,39.375
10,297,307,29.7
7,225,232,32.142857142857146
19,429,448,22.57894736842105
315,818,1133,2.596825396825397
77,43,120,0.5584415584415584
2749,357,3106,0.1298654056020371
8,148,156,18.5
1228,484,1712,0.3941368078175896
8,145,153,18.125
18,431,449,23.944444444444443
9,146,155,16.22222222222222
2,12,14,6.0
43,162,205,3.7674418604651163
1721,834,2555,0.484601975595584
13,247,260,19.0
607,150,757,0.2471169686985173
395,202,597,0.5113924050632911
226,168,394,0.7433628318584071
22,141,163,6.409090909090909
2,13,15,6.5
128,304,432,2.375
15,235,250,15.666666666666666
14,170,184,12.142857142857142
14,192,206,13.714285714285714
90,507,597,5.633333333333334
98,13,111,0.1326530612244898
15,544,559,36.266666666666666
34,113,147,3.323529411764706
575,748,1323,1.3008695652173914
911,326,1237,0.3578485181119649
37,477,514,12.891891891891891
77,308,385,4.0
701,213,914,0.30385164051355207
33,158,191,4.787878787878788
19,190,209,10.0
1994,187,2181,0.09378134403209629
65,362,427,5.569230769230769
25,392,417,15.68
52,153,205,2.9423076923076925
23,615,638,26.73913043478261
47,443,490,9.425531914893616
947,335,1282,0.35374868004223864
53,617,670,11.641509433962264
1141,10,1151,0.008764241893076249
14,183,197,13.071428571428571
12,255,267,21.25
114,705,819,6.184210526315789
899,449,1348,0.4994438264738598
18,205,223,11.38888888888889
15,290,305,19.333333333333332
11,220,231,20.0
1040,532,1572,0.5115384615384615
384,514,898,1.3385416666666667
26,379,405,14.576923076923077
16,320,336,20.0
72,71,143,0.9861111111111112
28,249,277,8.892857142857142
11,247,258,22.454545454545453
235,157,392,0.6680851063829787
565,260,825,0.46017699115044247
28,507,535,18.107142857142858
1344,39,1383,0.029017857142857144
22,201,223,9.136363636363637
27,291,318,10.777777777777779
22,472,494,21.454545454545453
1399,943,2342,0.6740528949249464
1447,12,1459,0.0082930200414651
7,13,20,1.8571428571428572
41,399,440,9.731707317073171
12,600,612,50.0
6,127,133,21.166666666666668
51,365,416,7.1568627450980395
2,246,248,123.0
10,65,75,6.5
360,453,813,1.2583333333333333
736,283,1019,0.3845108695652174
276,175,451,0.6340579710144928
48,54,102,1.125
53,305,358,5.754716981132075
153,307,460,2.0065359477124183
371,21,392,0.05660377358490566
379,97,476,0.2559366754617414
21,307,328,14.619047619047619
1155,533,1688,0.4614718614718615
15,212,227,14.133333333333333
66,497,563,7.53030303030303
38,222,260,5.842105263157895
2,12,14,6.0
6,230,236,38.333333333333336
25,36,61,1.44
18,297,315,16.5
629,1038,1667,1.6502384737678855
31,125,156,4.032258064516129
712,103,815,0.1446629213483146
220,263,483,1.1954545454545455
17,121,138,7.117647058823529
119,328,447,2.7563025210084033
10,300,310,30.0
21,81,102,3.857142857142857
14,145,159,10.357142857142858
164,377,541,2.298780487804878
27,417,444,15.444444444444445
73,756,829,10.356164383561644
39,524,563,13.435897435897436
22,553,575,25.136363636363637
839,337,1176,0.40166865315852207
10,358,368,35.8
27,140,167,5.185185185185185
377,87,464,0.23076923076923078
173,312,485,1.8034682080924855
775,676,1451,0.8722580645161291
15,432,447,28.8
45,273,318,6.066666666666666
154,134,288,0.8701298701298701
44,405,449,9.204545454545455
6,410,416,68.33333333333333
22,250,272,11.363636363636363
307,458,765,1.49185667752443
18,440,458,24.444444444444443
6,173,179,28.833333333333332
17,31,48,1.8235294117647058
73,971,1044,13.301369863013699
4,314,318,78.5
67,950,1017,14.17910447761194
1525,30,1555,0.019672131147540985
18,289,307,16.055555555555557
33,1006,1039,30.484848484848484
73,908,981,12.438356164383562
2441,37,2478,0.015157722244981565
54,255,309,4.722222222222222
7,223,230,31.857142857142858
59,292,351,4.9491525423728815
76,66,142,0.868421052631579
93,824,917,8.86021505376344
2880,119,2999,0.04131944444444444
7,218,225,31.142857142857142
24,418,442,17.416666666666668
163,461,624,2.8282208588957056
28,341,369,12.178571428571429
15,367,382,24.466666666666665
11,329,340,29.90909090909091
21,532,553,25.333333333333332
146,416,562,2.8493150684931505
1412,469,1881,0.3321529745042493
11,104,115,9.454545454545455
172,544,716,3.1627906976744184
18,209,227,11.61111111111111
6,326,332,54.333333333333336
61,25,86,0.4098360655737705
109,64,173,0.5871559633027523
36,489,525,13.583333333333334
221,105,326,0.4751131221719457
60,165,225,2.75
21,73,94,3.4761904761904763
71,27,98,0.38028169014084506
239,550,789,2.301255230125523
426,571,997,1.34037558685446
82,377,459,4.597560975609756
1071,543,1614,0.5070028011204482
50,273,323,5.46
13,535,548,41.15384615384615
242,438,680,1.8099173553719008
144,102,246,0.7083333333333334
98,696,794,7.1020408163265305
2067,17,2084,0.00822447992259313
15,62,77,4.133333333333334
592,298,890,0.5033783783783784
51,64,115,1.2549019607843137
345,198,543,0.5739130434782609
738,255,993,0.34552845528455284
2536,312,2848,0.12302839116719243
191,344,535,1.801047120418848
1053,165,1218,0.15669515669515668
10,322,332,32.2
92,571,663,6.206521739130435
1308,576,1884,0.44036697247706424
18,325,343,18.055555555555557
34,38,72,1.1176470588235294
13,281,294,21.615384615384617
25,226,251,9.04
22,23,45,1.0454545454545454
70,669,739,9.557142857142857
214,14,228,0.06542056074766354
10,38,48,3.8
89,450,539,5.056179775280899
110,33,143,0.3
7,215,222,30.714285714285715
348,1044,1392,3.0
79,494,573,6.253164556962025
30,120,150,4.0
261,546,807,2.0919540229885056
83,1036,1119,12.481927710843374
177,205,382,1.1581920903954803
165,312,477,1.8909090909090909
7,146,153,20.857142857142858
19,395,414,20.789473684210527
13,376,389,28.923076923076923
28,348,376,12.428571428571429
25,1054,1079,42.16
32,447,479,13.96875
10,285,295,28.5
28,873,901,31.178571428571427
120,30,150,0.25
290,7,297,0.02413793103448276
42,511,553,12.166666666666666
503,87,590,0.17296222664015903
90,376,466,4.177777777777778
81,41,122,0.5061728395061729
168,273,441,1.625
69,42,111,0.6086956521739131
58,524,582,9.03448275862069
10,190,200,19.0
126,284,410,2.253968253968254
32,176,208,5.5
9,73,82,8.11111111111111
1295,126,1421,0.0972972972972973
31,119,150,3.838709677419355
15,405,420,27.0
32,529,561,16.53125
5,152,157,30.4
2206,389,2595,0.17633726201269265
77,899,976,11.675324675324676
25,131,156,5.24
435,358,793,0.8229885057471265
14,325,339,23.214285714285715
92,673,765,7.315217391304348
21,740,761,35.23809523809524
640,949,1589,1.4828125
15,86,101,5.733333333333333
14,320,334,22.857142857142858
158,219,377,1.3860759493670887
1268,922,2190,0.7271293375394322
31,332,363,10.709677419354838
17,327,344,19.235294117647058
25,452,477,18.08
87,805,892,9.25287356321839
15,114,129,7.6
243,308,551,1.2674897119341564
50,360,410,7.2
16,323,339,20.1875
135,769,904,5.696296296296296
132,467,599,3.537878787878788
65,331,396,5.092307692307692
1878,28,1906,0.014909478168264111
1231,169,1400,0.1372867587327376
19,153,172,8.052631578947368
2,12,14,6.0
48,666,714,13.875
18,604,622,33.55555555555556
16,159,175,9.9375
11,317,328,28.818181818181817
25,529,554,21.16
26,102,128,3.923076923076923
66,222,288,3.3636363636363638
2454,282,2736,0.11491442542787286
47,85,132,1.8085106382978724
26,995,1021,38.26923076923077
89,958,1047,10.764044943820224
12,361,373,30.083333333333332
373,368,741,0.9865951742627346
31,396,427,12.774193548387096
35,686,721,19.6
519,378,897,0.7283236994219653
14,135,149,9.642857142857142
12,387,399,32.25
15,98,113,6.533333333333333
3492,281,3773,0.0804696449026346
2174,140,2314,0.06439742410303588
54,499,553,9.24074074074074
184,289,473,1.5706521739130435
10,327,337,32.7
168,920,1088,5.476190476190476
115,324,439,2.8173913043478263
61,80,141,1.3114754098360655
30,368,398,12.266666666666667
1192,497,1689,0.41694630872483224
238,663,901,2.7857142857142856
8,478,486,59.75
18,185,203,10.277777777777779
315,315,630,1.0
29,106,135,3.6551724137931036
21,426,447,20.285714285714285
502,107,609,0.21314741035856574
302,131,433,0.4337748344370861
33,567,600,17.181818181818183
29,281,310,9.689655172413794
21,622,643,29.61904761904762
8,98,106,12.25
23,32,55,1.391304347826087
457,150,607,0.3282275711159737
20,523,543,26.15
20,109,129,5.45
28,273,301,9.75
1956,272,2228,0.1390593047034765
3,12,15,4.0
21,648,669,30.857142857142858
8,116,124,14.5
125,275,400,2.2
5,30,35,6.0
22,329,351,14.954545454545455
327,370,697,1.1314984709480123
24,106,130,4.416666666666667
7,35,42,5.0
1255,470,1725,0.3745019920318725
23,212,235,9.217391304347826
60,971,1031,16.183333333333334
45,117,162,2.6
1166,4,1170,0.003430531732418525
17,432,449,25.41176470588235
102,72,174,0.7058823529411765
19,24,43,1.263157894736842
87,446,533,5.126436781609195
353,98,451,0.2776203966005666
112,199,311,1.7767857142857142
8,31,39,3.875
10,1003,1013,100.3
3,546,549,182.0
442,92,534,0.2081447963800905
18,256,274,14.222222222222221
10,91,101,9.1
181,42,223,0.23204419889502761
33,362,395,10.969696969696969
10,401,411,40.1
51,227,278,4.450980392156863
19,17,36,0.8947368421052632
12,355,367,29.583333333333332
16,330,346,20.625
478,1000,1478,2.092050209205021
78,435,513,5.576923076923077
133,111,244,0.8345864661654135
46,579,625,12.58695652173913
51,373,424,7.313725490196078
11,595,606,54.09090909090909
53,674,727,12.716981132075471
7,377,384,53.857142857142854
14,149,163,10.642857142857142
13,86,99,6.615384615384615
27,284,311,10.518518518518519
17,96,113,5.647058823529412
101,465,566,4.603960396039604
336,906,1242,2.6964285714285716
39,420,459,10.76923076923077
17,501,518,29.470588235294116
17,484,501,28.470588235294116
8,823,831,102.875
32,439,471,13.71875
665,232,897,0.34887218045112783
6,356,362,59.333333333333336
30,107,137,3.566666666666667
315,280,595,0.8888888888888888
194,268,462,1.3814432989690721
14,461,475,32.92857142857143
22,173,195,7.863636363636363
14,177,191,12.642857142857142
113,859,972,7.601769911504425
194,109,303,0.5618556701030928
18,31,49,1.7222222222222223
173,139,312,0.8034682080924855
28,548,576,19.571428571428573
16,330,346,20.625
35,188,223,5.371428571428571
15,108,123,7.2
2,12,14,6.0
34,617,651,18.147058823529413
4,443,447,110.75
3,561,564,187.0
7,234,241,33.42857142857143
18,329,347,18.27777777777778
16,249,265,15.5625
11,479,490,43.54545454545455
1163,263,1426,0.22613929492691315
12,192,204,16.0
26,337,363,12.961538461538462
8,18,26,2.25
2,12,14,6.0
70,327,397,4.671428571428572
123,550,673,4.471544715447155
41,818,859,19.951219512195124
2480,488,2968,0.1967741935483871
99,246,345,2.484848484848485
15,362,377,24.133333333333333
16,690,706,43.125
752,167,919,0.2220744680851064
561,69,630,0.12299465240641712
11,267,278,24.272727272727273
17,307,324,18.058823529411764
18,80,98,4.444444444444445
434,139,573,0.32027649769585254
1497,57,1554,0.03807615230460922
11,239,250,21.727272727272727
1320,63,1383,0.04772727272727273
8,18,26,2.25
10,300,310,30.0
18,340,358,18.88888888888889
10,210,220,21.0
10,38,48,3.8
17,139,156,8.176470588235293
118,15,133,0.1271186440677966
18,253,271,14.055555555555555
22,831,853,37.77272727272727
1453,362,1815,0.24913971094287682
72,152,224,2.111111111111111
77,605,682,7.857142857142857
10,346,356,34.6
64,461,525,7.203125
14,352,366,25.142857142857142
1529,113,1642,0.07390451275343361
409,762,1171,1.863080684596577
517,54,571,0.10444874274661509
13,31,44,2.3846153846153846
226,986,1212,4.3628318584070795
763,154,917,0.2018348623853211
29,254,283,8.758620689655173
19,273,292,14.368421052631579
19,405,424,21.31578947368421
69,838,907,12.144927536231885
1083,23,1106,0.02123730378578024
11,76,87,6.909090909090909
15,389,404,25.933333333333334
7,518,525,74.0
17,318,335,18.705882352941178
48,187,235,3.8958333333333335
2265,223,2488,0.09845474613686535
45,479,524,10.644444444444444
75,1013,1088,13.506666666666666
41,493,534,12.024390243902438
46,493,539,10.717391304347826
11,137,148,12.454545454545455
27,331,358,12.25925925925926
53,457,510,8.622641509433961
27,333,360,12.333333333333334
47,860,907,18.29787234042553
1407,101,1508,0.07178393745557925
159,833,992,5.238993710691824
30,138,168,4.6
34,257,291,7.5588235294117645
24,736,760,30.666666666666668
73,732,805,10.027397260273972
12,691,703,57.583333333333336
9,412,421,45.77777777777778
2,12,14,6.0
184,145,329,0.7880434782608695
228,118,346,0.5175438596491229
36,553,589,15.36111111111111
38,402,440,10.578947368421053
649,445,1094,0.6856702619414484
542,494,1036,0.9114391143911439
11,109,120,9.909090909090908
344,544,888,1.5813953488372092
50,45,95,0.9
16,250,266,15.625
1104,343,1447,0.31068840579710144
151,609,760,4.033112582781457
65,484,549,7.446153846153846
1973,832,2805,0.4216928535225545
142,364,506,2.563380281690141
744,423,1167,0.5685483870967742
25,520,545,20.8
10,295,305,29.5
20,628,648,31.4
464,535,999,1.1530172413793103
17,324,341,19.058823529411764
47,297,344,6.319148936170213
29,319,348,11.0
15,209,224,13.933333333333334
2,12,14,6.0
834,55,889,0.06594724220623502
17,248,265,14.588235294117647
12,190,202,15.833333333333334
20,31,51,1.55
1168,579,1747,0.4957191780821918
20,131,151,6.55
17,47,64,2.764705882352941
13,47,60,3.6153846153846154
27,99,126,3.6666666666666665
227,518,745,2.2819383259911894
13,727,740,55.92307692307692
1349,1089,2438,0.8072646404744255
17,290,307,17.058823529411764
15,350,365,23.333333333333332
21,77,98,3.6666666666666665
26,450,476,17.307692307692307
21,418,439,19.904761904761905
509,622,1131,1.2220039292730844
39,478,517,12.256410256410257
17,178,195,10.470588235294118
17,169,186,9.941176470588236
31,59,90,1.903225806451613
193,261,454,1.3523316062176165
17,119,136,7.0
501,107,608,0.21357285429141717
15,144,159,9.6
27,175,202,6.481481481481482
24,566,590,23.583333333333332
18,418,436,23.22222222222222
1466,7,1473,0.0047748976807639835
22,23,45,1.0454545454545454
537,432,969,0.8044692737430168
11,50,61,4.545454545454546
562,686,1248,1.2206405693950177
26,341,367,13.115384615384615
10,399,409,39.9
17,343,360,20.176470588235293
37,315,352,8.513513513513514
106,778,884,7.339622641509434
10,27,37,2.7
55,281,336,5.109090909090909
20,68,88,3.4
80,226,306,2.825
262,114,376,0.4351145038167939
9,446,455,49.55555555555556
797,107,904,0.1342534504391468
5,286,291,57.2
32,358,390,11.1875
13,186,199,14.307692307692308
44,165,209,3.75
376,431,807,1.1462765957446808
31,183,214,5.903225806451613
20,377,397,18.85
901,379,1280,0.42064372918978915
696,260,956,0.3735632183908046
20,140,160,7.0
37,420,457,11.35135135135135
29,207,236,7.137931034482759
18,90,108,5.0
17,847,864,49.8235294117647
5,667,672,133.4
14,112,126,8.0
202,86,288,0.42574257425742573
35,334,369,9.542857142857143
12,122,134,10.166666666666666
11,341,352,31.0
61,500,561,8.19672131147541
6,54,60,9.0
11,425,436,38.63636363636363
75,359,434,4.786666666666667
13,280,293,21.53846153846154
10,35,45,3.5
35,520,555,14.857142857142858
220,9,229,0.04090909090909091
167,281,448,1.6826347305389222
42,114,156,2.7142857142857144
44,281,325,6.386363636363637
1503,425,1928,0.2827677977378576
62,492,554,7.935483870967742
40,63,103,1.575
14,541,555,38.642857142857146
23,512,535,22.26086956521739
12,193,205,16.083333333333332
417,913,1330,2.1894484412470026
325,391,716,1.2030769230769232
6,48,54,8.0
38,34,72,0.8947368421052632
16,320,336,20.0
108,111,219,1.0277777777777777
74,150,224,2.027027027027027
23,73,96,3.1739130434782608
58,26,84,0.4482758620689655
89,288,377,3.235955056179775
113,337,450,2.982300884955752
2348,1020,3368,0.434412265758092
1276,619,1895,0.48510971786833856
1595,860,2455,0.5391849529780565
123,386,509,3.138211382113821
8,46,54,5.75
2,12,14,6.0
29,282,311,9.724137931034482
644,240,884,0.37267080745341613
12,264,276,22.0
670,787,1457,1.1746268656716419
229,340,569,1.48471615720524
38,428,466,11.263157894736842
817,142,959,0.17380660954712362
38,536,574,14.105263157894736
18,305,323,16.944444444444443
422,168,590,0.3981042654028436
429,767,1196,1.7878787878787878
254,197,451,0.7755905511811023
146,39,185,0.2671232876712329
3404,212,3616,0.06227967097532315
32,178,210,5.5625
812,183,995,0.22536945812807882
11,661,672,60.09090909090909
98,23,121,0.23469387755102042
17,604,621,35.529411764705884
1240,570,1810,0.4596774193548387
30,318,348,10.6
9,173,182,19.22222222222222
2,28,30,14.0
4,314,318,78.5
54,729,783,13.5
9,358,367,39.77777777777778
73,392,465,5.36986301369863
20,175,195,8.75
10,45,55,4.5
529,163,692,0.30812854442344045
19,189,208,9.947368421052632
47,534,581,11.361702127659575
2906,251,3157,0.08637302133516862
20,71,91,3.55
103,611,714,5.932038834951456
94,321,415,3.4148936170212765
2360,287,2647,0.12161016949152542
4,756,760,189.0
16,104,120,6.5
15,273,288,18.2
16,185,201,11.5625
352,966,1318,2.7443181818181817
43,296,339,6.883720930232558
6,119,125,19.833333333333332
12,216,228,18.0
270,553,823,2.0481481481481483
12,960,972,80.0
2919,144,3063,0.04933196300102775
145,512,657,3.5310344827586206
126,48,174,0.38095238095238093
43,419,462,9.744186046511627
1029,353,1382,0.3430515063168124
216,170,386,0.7870370370370371
967,437,1404,0.45191313340227507
714,446,1160,0.6246498599439776
224,322,546,1.4375
15,52,67,3.466666666666667
28,623,651,22.25
43,91,134,2.116279069767442
10,151,161,15.1
810,263,1073,0.32469135802469135
12,521,533,43.416666666666664
388,315,703,0.8118556701030928
2659,343,3002,0.128995863106431
1043,465,1508,0.4458293384467881
9,128,137,14.222222222222221
28,315,343,11.25
9,194,203,21.555555555555557
23,294,317,12.782608695652174
9,40,49,4.444444444444445
128,310,438,2.421875
20,349,369,17.45
102,282,384,2.764705882352941
173,164,337,0.9479768786127167
23,277,300,12.043478260869565
16,62,78,3.875
330,950,1280,2.878787878787879
18,232,250,12.88888888888889
14,360,374,25.714285714285715
12,522,534,43.5
225,28,253,0.12444444444444444
49,179,228,3.6530612244897958
11,361,372,32.81818181818182
634,281,915,0.443217665615142
4,30,34,7.5
5,31,36,6.2
13,311,324,23.923076923076923
14,465,479,33.214285714285715
42,371,413,8.833333333333334
12,848,860,70.66666666666667
203,240,443,1.1822660098522169
12,344,356,28.666666666666668
107,282,389,2.635514018691589
6,308,314,51.333333333333336
35,472,507,13.485714285714286
209,32,241,0.15311004784688995
10,288,298,28.8
12,122,134,10.166666666666666
9,397,406,44.111111111111114
16,422,438,26.375
1532,883,2415,0.5763707571801566
97,421,518,4.34020618556701
60,92,152,1.5333333333333334
28,101,129,3.607142857142857
1402,806,2208,0.5748930099857347
1067,670,1737,0.6279287722586692
37,288,325,7.783783783783784
27,58,85,2.1481481481481484
11,462,473,42.0
6,297,303,49.5
195,1346,1541,6.902564102564103
80,1041,1121,13.0125
10,380,390,38.0
53,400,453,7.547169811320755
14,461,475,32.92857142857143
938,526,1464,0.5607675906183369
18,132,150,7.333333333333333
31,548,579,17.677419354838708
201,147,348,0.7313432835820896
15,260,275,17.333333333333332
154,63,217,0.4090909090909091
24,475,499,19.791666666666668
125,645,770,5.16
30,288,318,9.6
32,939,971,29.34375
99,689,788,6.959595959595959
15,276,291,18.4
313,362,675,1.156549520766773
8,141,149,17.625
37,264,301,7.135135135135135
1266,660,1926,0.5213270142180095
29,497,526,17.137931034482758
50,77,127,1.54
788,30,818,0.03807106598984772
11,374,385,34.0
12,233,245,19.416666666666668
12,316,328,26.333333333333332
18,307,325,17.055555555555557
194,109,303,0.5618556701030928
167,395,562,2.3652694610778444
34,422,456,12.411764705882353
11,116,127,10.545454545454545
2207,3,2210,0.001359311282283643
2,12,14,6.0
565,198,763,0.3504424778761062
16,92,108,5.75
13,383,396,29.46153846153846
53,254,307,4.7924528301886795
30,762,792,25.4
29,338,367,11.655172413793103
52,37,89,0.7115384615384616
30,348,378,11.6
2,27,29,13.5
8,105,113,13.125
5,163,168,32.6
282,576,858,2.0425531914893615
10,27,37,2.7
9,332,341,36.888888888888886
7,380,387,54.285714285714285
50,16,66,0.32
110,33,143,0.3
7,286,293,40.857142857142854
713,163,876,0.22861150070126227
156,252,408,1.6153846153846154
23,864,887,37.56521739130435
5,487,492,97.4
7,212,219,30.285714285714285
18,418,436,23.22222222222222
357,561,918,1.5714285714285714
10,211,221,21.1
17,363,380,21.352941176470587
11,315,326,28.636363636363637
80,826,906,10.325
186,343,529,1.8440860215053763
2797,31,2828,0.011083303539506614
12,585,597,48.75
39,712,751,18.256410256410255
2,12,14,6.0
18,155,173,8.61111111111111
11,155,166,14.090909090909092
48,637,685,13.270833333333334
144,433,577,3.0069444444444446
13,376,389,28.923076923076923
67,361,428,5.388059701492537
426,132,558,0.30985915492957744
8,308,316,38.5
23,272,295,11.826086956521738
13,146,159,11.23076923076923
13,316,329,24.307692307692307
17,454,471,26.705882352941178
70,145,215,2.0714285714285716
50,283,333,5.66
103,767,870,7.446601941747573
1096,671,1767,0.6122262773722628
1423,401,1824,0.2817990161630358
18,472,490,26.22222222222222
1177,30,1207,0.025488530161427356
44,273,317,6.204545454545454
8,162,170,20.25
25,44,69,1.76
160,225,385,1.40625
46,321,367,6.978260869565218
17,297,314,17.470588235294116
74,587,661,7.9324324324324325
41,1069,1110,26.073170731707318
23,439,462,19.08695652173913
56,55,111,0.9821428571428571
131,737,868,5.625954198473282
34,75,109,2.2058823529411766
43,239,282,5.558139534883721
242,68,310,0.2809917355371901
29,156,185,5.379310344827586
9,103,112,11.444444444444445
37,180,217,4.864864864864865
62,317,379,5.112903225806452
3573,10,3583,0.00279876854184159
1085,9,1094,0.008294930875576038
216,97,313,0.44907407407407407
26,907,933,34.88461538461539
144,418,562,2.9027777777777777
8,154,162,19.25
21,420,441,20.0
567,10,577,0.01763668430335097
68,769,837,11.308823529411764
50,278,328,5.56
29,347,376,11.96551724137931
47,20,67,0.425531914893617
14,253,267,18.071428571428573
4,14,18,3.5
18,262,280,14.555555555555555
22,108,130,4.909090909090909
161,51,212,0.3167701863354037
320,290,610,0.90625
608,380,988,0.625
9,372,381,41.333333333333336
11,111,122,10.090909090909092
72,52,124,0.7222222222222222
12,214,226,17.833333333333332
72,67,139,0.9305555555555556
15,248,263,16.533333333333335
1321,301,1622,0.22785768357305072
1622,38,1660,0.02342786683107275
2021,352,2373,0.17417120237506184
52,473,525,9.096153846153847
1247,882,2129,0.7072975140336808
365,32,397,0.08767123287671233
14,135,149,9.642857142857142
1259,949,2208,0.7537728355837967
38,564,602,14.842105263157896
164,908,1072,5.536585365853658
1083,16,1099,0.014773776546629732
462,274,736,0.5930735930735931
102,38,140,0.37254901960784315
17,374,391,22.0
18,485,503,26.944444444444443
113,460,573,4.070796460176991
14,20,34,1.4285714285714286
38,474,512,12.473684210526315
221,335,556,1.5158371040723981
1526,1132,2658,0.7418086500655308
2822,66,2888,0.023387668320340185
227,94,321,0.41409691629955947
130,138,268,1.0615384615384615
12,543,555,45.25
33,831,864,25.181818181818183
16,129,145,8.0625
30,455,485,15.166666666666666
1612,259,1871,0.1606699751861042
16,168,184,10.5
36,184,220,5.111111111111111
292,374,666,1.2808219178082192
43,97,140,2.255813953488372
239,875,1114,3.6610878661087867
113,641,754,5.672566371681416
116,401,517,3.456896551724138
28,772,800,27.571428571428573
207,794,1001,3.8357487922705316
172,1044,1216,6.069767441860465
8,322,330,40.25
19,160,179,8.421052631578947
3,33,36,11.0
59,524,583,8.88135593220339
394,807,1201,2.048223350253807
81,89,170,1.0987654320987654
21,259,280,12.333333333333334
35,657,692,18.771428571428572
533,307,840,0.575984990619137
329,37,366,0.11246200607902736
12,534,546,44.5
4,403,407,100.75
13,603,616,46.38461538461539
8,146,154,18.25
18,607,625,33.72222222222222
29,924,953,31.862068965517242
27,98,125,3.6296296296296298
71,595,666,8.380281690140846
13,131,144,10.076923076923077
566,428,994,0.7561837455830389
8,404,412,50.5
139,214,353,1.539568345323741
16,283,299,17.6875
103,679,782,6.592233009708738
24,20,44,0.8333333333333334
7,17,24,2.4285714285714284
2190,319,2509,0.145662100456621
390,420,810,1.0769230769230769
21,132,153,6.285714285714286
23,277,300,12.043478260869565
1821,350,2171,0.19220208676551345
23,463,486,20.130434782608695
22,258,280,11.727272727272727
74,250,324,3.3783783783783785
23,154,177,6.695652173913044
27,499,526,18.48148148148148
10,443,453,44.3
14,359,373,25.642857142857142
41,249,290,6.073170731707317
15,383,398,25.533333333333335
8,105,113,13.125
1055,7,1062,0.006635071090047393
242,281,523,1.1611570247933884
35,802,837,22.914285714285715
2062,199,2261,0.0965082444228904
178,203,381,1.1404494382022472
3263,485,3748,0.14863622433343548
77,189,266,2.4545454545454546
11,381,392,34.63636363636363
43,309,352,7.186046511627907
85,673,758,7.91764705882353
229,340,569,1.48471615720524
150,784,934,5.226666666666667
21,272,293,12.952380952380953
102,306,408,3.0
10,37,47,3.7
101,194,295,1.9207920792079207
22,280,302,12.727272727272727
135,443,578,3.2814814814814817
41,481,522,11.731707317073171
13,529,542,40.69230769230769
18,420,438,23.333333333333332
19,139,158,7.315789473684211
108,141,249,1.3055555555555556
77,156,233,2.0259740259740258
64,393,457,6.140625
44,208,252,4.7272727272727275
12,240,252,20.0
16,192,208,12.0
57,331,388,5.807017543859649
18,272,290,15.11111111111111
150,784,934,5.226666666666667
45,65,110,1.4444444444444444
14,264,278,18.857142857142858
16,505,521,31.5625
357,107,464,0.29971988795518206
4,345,349,86.25
9,278,287,30.88888888888889
152,13,165,0.08552631578947369
6,276,282,46.0
13,80,93,6.153846153846154
14,204,218,14.571428571428571
21,396,417,18.857142857142858
62,433,495,6.983870967741935
2,12,14,6.0
16,290,306,18.125
2,12,14,6.0
26,255,281,9.807692307692308
20,650,670,32.5
28,964,992,34.42857142857143
7,233,240,33.285714285714285
9,390,399,43.333333333333336
19,87,106,4.578947368421052
294,187,481,0.6360544217687075
2181,228,2409,0.10453920220082531
1045,30,1075,0.028708133971291867
2,14,16,7.0
15,72,87,4.8
15,337,352,22.466666666666665
8,91,99,11.375
19,265,284,13.947368421052632
20,268,288,13.4
51,306,357,6.0
22,700,722,31.818181818181817
11,650,661,59.09090909090909
150,503,653,3.3533333333333335
11,154,165,14.0
3432,513,3945,0.14947552447552448
156,519,675,3.326923076923077
16,184,200,11.5
1304,997,2301,0.7645705521472392
2238,779,3017,0.3480786416443253
76,263,339,3.460526315789474
18,295,313,16.38888888888889
85,98,183,1.1529411764705881
558,314,872,0.5627240143369175
43,134,177,3.116279069767442
13,359,372,27.615384615384617
27,277,304,10.25925925925926
8,230,238,28.75
16,19,35,1.1875
78,7,85,0.08974358974358974
228,537,765,2.3552631578947367
25,364,389,14.56
113,280,393,2.47787610619469
66,158,224,2.393939393939394
232,239,471,1.0301724137931034
19,214,233,11.263157894736842
133,465,598,3.4962406015037595
43,575,618,13.372093023255815
39,31,70,0.7948717948717948
33,98,131,2.9696969696969697
14,100,114,7.142857142857143
34,259,293,7.617647058823529
870,845,1715,0.9712643678160919
25,162,187,6.48
8,320,328,40.0
40,641,681,16.025
126,414,540,3.2857142857142856
113,251,364,2.2212389380530975
8,79,87,9.875
251,327,578,1.302788844621514
74,600,674,8.108108108108109
20,335,355,16.75
80,324,404,4.05
27,442,469,16.37037037037037
593,36,629,0.06070826306913996
11,157,168,14.272727272727273
322,66,388,0.20496894409937888
146,919,1065,6.294520547945205
59,524,583,8.88135593220339
265,468,733,1.7660377358490567
12,144,156,12.0
40,545,585,13.625
23,273,296,11.869565217391305
2234,372,2606,0.1665174574753805
105,339,444,3.2285714285714286
358,326,684,0.9106145251396648
6,200,206,33.333333333333336
55,98,153,1.7818181818181817
23,120,143,5.217391304347826
248,63,311,0.2540322580645161
59,479,538,8.11864406779661
13,1103,1116,84.84615384615384
60,557,617,9.283333333333333
651,1003,1654,1.5407066052227343
12,183,195,15.25
834,55,889,0.06594724220623502
17,361,378,21.235294117647058
58,536,594,9.241379310344827
1207,208,1415,0.17232808616404308
2,44,46,22.0
7,524,531,74.85714285714286
150,188,338,1.2533333333333334
29,324,353,11.172413793103448
10,206,216,20.6
14,233,247,16.642857142857142
1762,49,1811,0.027809307604994324
569,189,758,0.3321616871704745
213,412,625,1.9342723004694835
46,10,56,0.21739130434782608
418,141,559,0.3373205741626794
40,174,214,4.35
16,263,279,16.4375
65,538,603,8.276923076923078
23,122,145,5.304347826086956
101,36,137,0.3564356435643564
16,165,181,10.3125
33,398,431,12.06060606060606
75,202,277,2.6933333333333334
669,119,788,0.17787742899850523
10,38,48,3.8
12,245,257,20.416666666666668
45,569,614,12.644444444444444
2700,333,3033,0.12333333333333334
15,229,244,15.266666666666667
16,215,231,13.4375
3113,725,3838,0.23289431416639897
4,314,318,78.5
7,39,46,5.571428571428571
813,705,1518,0.8671586715867159
21,366,387,17.428571428571427
761,368,1129,0.4835742444152431
52,432,484,8.307692307692308
11,290,301,26.363636363636363
1514,195,1709,0.1287978863936592
17,347,364,20.41176470588235
25,489,514,19.56
108,339,447,3.138888888888889
42,579,621,13.785714285714286
41,399,440,9.731707317073171
207,323,530,1.5603864734299517
12,368,380,30.666666666666668
103,65,168,0.6310679611650486
69,472,541,6.840579710144928
352,158,510,0.44886363636363635
95,448,543,4.71578947368421
676,9,685,0.013313609467455622
535,690,1225,1.2897196261682242
125,100,225,0.8
62,905,967,14.596774193548388
47,308,355,6.553191489361702
51,299,350,5.862745098039215
9,17,26,1.8888888888888888
9,200,209,22.22222222222222
16,250,266,15.625
29,190,219,6.551724137931035
100,479,579,4.79
28,103,131,3.6785714285714284
22,23,45,1.0454545454545454
194,865,1059,4.458762886597938
15,36,51,2.4
16,418,434,26.125
9,241,250,26.77777777777778
24,595,619,24.791666666666668
14,373,387,26.642857142857142
17,240,257,14.117647058823529
11,262,273,23.818181818181817
14,170,184,12.142857142857142
1344,39,1383,0.029017857142857144
20,248,268,12.4
39,534,573,13.692307692307692
38,6,44,0.15789473684210525
19,203,222,10.68421052631579
14,198,212,14.142857142857142
1811,819,2630,0.45223633351739373
44,83,127,1.8863636363636365
43,555,598,12.906976744186046
89,288,377,3.235955056179775
1615,52,1667,0.03219814241486068
1238,677,1915,0.5468497576736672
66,948,1014,14.363636363636363
588,79,667,0.13435374149659865
30,16,46,0.5333333333333333
3973,13,3986,0.0032720865844450037
11,374,385,34.0
26,395,421,15.192307692307692
4,443,447,110.75
6,214,220,35.666666666666664
24,358,382,14.916666666666666
22,636,658,28.90909090909091
11,457,468,41.54545454545455
21,284,305,13.523809523809524
12,319,331,26.583333333333332
35,34,69,0.9714285714285714
624,383,1007,0.6137820512820513
13,134,147,10.307692307692308
149,95,244,0.6375838926174496
3703,70,3773,0.01890359168241966
101,173,274,1.7128712871287128
120,165,285,1.375
80,58,138,0.725
2162,701,2863,0.3242368177613321
3832,10,3842,0.0026096033402922755
49,437,486,8.918367346938776
160,301,461,1.88125
35,430,465,12.285714285714286
26,55,81,2.1153846153846154
8,327,335,40.875
792,49,841,0.06186868686868687
397,399,796,1.0050377833753148
82,21,103,0.25609756097560976
35,49,84,1.4
249,288,537,1.1566265060240963
260,83,343,0.3192307692307692
29,89,118,3.0689655172413794
39,438,477,11.23076923076923
37,128,165,3.4594594594594597
175,558,733,3.1885714285714286
21,75,96,3.5714285714285716
143,64,207,0.44755244755244755
91,911,1002,10.010989010989011
8,175,183,21.875
23,64,87,2.782608695652174
585,288,873,0.49230769230769234
44,210,254,4.7727272727272725
62,118,180,1.903225806451613
472,422,894,0.8940677966101694
44,361,405,8.204545454545455
8,88,96,11.0
2377,210,2587,0.08834665544804375
125,262,387,2.096
62,28,90,0.45161290322580644
520,398,918,0.7653846153846153
34,312,346,9.176470588235293
86,86,172,1.0
50,391,441,7.82
2517,107,2624,0.04251092570520461
8,411,419,51.375
15,323,338,21.533333333333335
3,12,15,4.0
545,903,1448,1.656880733944954
85,122,207,1.4352941176470588
9,191,200,21.22222222222222
44,104,148,2.3636363636363638
155,227,382,1.4645161290322581
75,96,171,1.28
19,255,274,13.421052631578947
386,370,756,0.9585492227979274
871,854,1725,0.9804822043628014
3,12,15,4.0
199,480,679,2.4120603015075375
3703,79,3782,0.02133405347015933
17,126,143,7.411764705882353
39,332,371,8.512820512820513
1634,36,1670,0.022031823745410038
17,799,816,47.0
16,207,223,12.9375
74,43,117,0.581081081081081
39,385,424,9.871794871794872
137,516,653,3.7664233576642334
20,314,334,15.7
27,189,216,7.0
29,207,236,7.137931034482759
23,215,238,9.347826086956522
32,342,374,10.6875
93,479,572,5.150537634408602
6,265,271,44.166666666666664
2007,275,2282,0.13702042850024912
15,357,372,23.8
198,83,281,0.41919191919191917
28,461,489,16.464285714285715
9,223,232,24.77777777777778
259,58,317,0.22393822393822393
12,324,336,27.0
112,403,515,3.5982142857142856
13,73,86,5.615384615384615
130,408,538,3.1384615384615384
20,383,403,19.15
216,275,491,1.2731481481481481
1385,812,2197,0.5862815884476534
23,64,87,2.782608695652174
17,111,128,6.529411764705882
10,28,38,2.8
46,30,76,0.6521739130434783
25,47,72,1.88
41,435,476,10.609756097560975
27,993,1020,36.77777777777778
9,212,221,23.555555555555557
89,377,466,4.235955056179775
12,110,122,9.166666666666666
345,209,554,0.6057971014492753
479,728,1207,1.5198329853862214
20,365,385,18.25
30,341,371,11.366666666666667
19,276,295,14.526315789473685
39,255,294,6.538461538461538
84,474,558,5.642857142857143
14,118,132,8.428571428571429
51,215,266,4.215686274509804
10,150,160,15.0
32,541,573,16.90625
18,147,165,8.166666666666666
428,454,882,1.060747663551402
23,323,346,14.043478260869565
13,574,587,44.15384615384615
17,502,519,29.529411764705884
31,268,299,8.64516129032258
12,334,346,27.833333333333332
8,84,92,10.5
15,291,306,19.4
23,960,983,41.73913043478261
20,171,191,8.55
53,36,89,0.6792452830188679
17,248,265,14.588235294117647
13,171,184,13.153846153846153
1215,310,1525,0.2551440329218107
1166,401,1567,0.3439108061749571
1828,148,1976,0.08096280087527352
105,232,337,2.2095238095238097
17,480,497,28.235294117647058
40,324,364,8.1
518,611,1129,1.1795366795366795
621,238,859,0.3832528180354267
57,112,169,1.9649122807017543
1634,36,1670,0.022031823745410038
8,332,340,41.5
32,593,625,18.53125
838,563,1401,0.6718377088305489
9,89,98,9.88888888888889
29,457,486,15.758620689655173
69,587,656,8.507246376811594
27,435,462,16.11111111111111
248,220,468,0.8870967741935484
66,923,989,13.984848484848484
24,149,173,6.208333333333333
33,420,453,12.727272727272727
1011,478,1489,0.47279920870425324
78,406,484,5.205128205128205
120,286,406,2.3833333333333333
282,250,532,0.8865248226950354
122,576,698,4.721311475409836
15,68,83,4.533333333333333
7,244,251,34.857142857142854
18,289,307,16.055555555555557
166,459,625,2.7650602409638556
96,172,268,1.7916666666666667
12,768,780,64.0
3,12,15,4.0
5,483,488,96.6
42,264,306,6.285714285714286
381,321,702,0.84251968503937
2,12,14,6.0
40,581,621,14.525
23,313,336,13.608695652173912
65,445,510,6.846153846153846
16,36,52,2.25
10,386,396,38.6
440,393,833,0.8931818181818182
72,17,89,0.2361111111111111
589,990,1579,1.6808149405772497
343,119,462,0.3469387755102041
122,540,662,4.426229508196721
91,140,231,1.5384615384615385
345,693,1038,2.008695652173913
11,263,274,23.90909090909091
10,389,399,38.9
148,293,441,1.9797297297297298
42,345,387,8.214285714285714
9,299,308,33.22222222222222
71,136,207,1.9154929577464788
125,441,566,3.528
97,461,558,4.752577319587629
1352,351,1703,0.25961538461538464
58,582,640,10.03448275862069
14,471,485,33.642857142857146
58,527,585,9.086206896551724
23,332,355,14.434782608695652
697,832,1529,1.1936872309899569
45,569,614,12.644444444444444
484,152,636,0.3140495867768595
26,398,424,15.307692307692308
38,421,459,11.078947368421053
68,344,412,5.0588235294117645
13,282,295,21.692307692307693
17,498,515,29.294117647058822
7,220,227,31.428571428571427
1267,176,1443,0.13891081294396213
36,191,227,5.305555555555555
9,58,67,6.444444444444445
42,416,458,9.904761904761905
36,277,313,7.694444444444445
309,40,349,0.12944983818770225
65,219,284,3.3692307692307693
743,269,1012,0.3620457604306864
86,30,116,0.3488372093023256
119,349,468,2.9327731092436973
200,25,225,0.125
14,198,212,14.142857142857142
19,257,276,13.526315789473685
740,57,797,0.07702702702702703
551,690,1241,1.252268602540835
10,117,127,11.7
60,904,964,15.066666666666666
34,737,771,21.676470588235293
167,946,1113,5.664670658682635
12,139,151,11.583333333333334
364,333,697,0.9148351648351648
35,579,614,16.542857142857144
11,23,34,2.090909090909091
70,423,493,6.042857142857143
15,372,387,24.8
217,1011,1228,4.658986175115207
5,103,108,20.6
421,290,711,0.6888361045130641
17,203,220,11.941176470588236
3416,486,3902,0.14227166276346603
12,627,639,52.25
1294,956,2250,0.7387944358578052
8,27,35,3.375
75,388,463,5.173333333333333
29,450,479,15.517241379310345
16,478,494,29.875
28,22,50,0.7857142857142857
193,287,480,1.4870466321243523
40,239,279,5.975
28,142,170,5.071428571428571
12,417,429,34.75
354,369,723,1.0423728813559323
59,244,303,4.135593220338983
35,411,446,11.742857142857142
88,509,597,5.784090909090909
330,950,1280,2.878787878787879
1172,97,1269,0.08276450511945392
889,483,1372,0.5433070866141733
13,100,113,7.6923076923076925
12,660,672,55.0
77,549,626,7.12987012987013
25,771,796,30.84
314,607,921,1.9331210191082802
34,253,287,7.4411764705882355
9,35,44,3.888888888888889
4,12,16,3.0
27,112,139,4.148148148148148
23,872,895,37.91304347826087
544,776,1320,1.4264705882352942
35,333,368,9.514285714285714
346,44,390,0.12716763005780346
23,7,30,0.30434782608695654
9,199,208,22.11111111111111
14,192,206,13.714285714285714
18,935,953,51.94444444444444
175,370,545,2.1142857142857143
9,113,122,12.555555555555555
3,131,134,43.666666666666664
69,140,209,2.028985507246377
50,45,95,0.9
15,520,535,34.666666666666664
2142,37,2179,0.01727357609710551
50,334,384,6.68
32,180,212,5.625
6,19,25,3.1666666666666665
15,135,150,9.0
25,293,318,11.72
48,246,294,5.125
32,338,370,10.5625
294,558,852,1.8979591836734695
2460,48,2508,0.01951219512195122
12,1125,1137,93.75
14,46,60,3.2857142857142856
36,963,999,26.75
1006,357,1363,0.3548707753479125
31,194,225,6.258064516129032
158,171,329,1.0822784810126582
3,505,508,168.33333333333334
6,244,250,40.666666666666664
23,89,112,3.869565217391304
14,321,335,22.928571428571427
46,286,332,6.217391304347826
1548,18,1566,0.011627906976744186
10,510,520,51.0
303,145,448,0.47854785478547857
30,24,54,0.8
458,104,562,0.22707423580786026
18,38,56,2.111111111111111
11,351,362,31.90909090909091
18,422,440,23.444444444444443
1088,265,1353,0.24356617647058823
6,37,43,6.166666666666667
7,459,466,65.57142857142857
1595,860,2455,0.5391849529780565
59,922,981,15.627118644067796
5,458,463,91.6
1532,36,1568,0.02349869451697128
92,417,509,4.532608695652174
2192,1052,3244,0.47992700729927007
100,10,110,0.1
16,245,261,15.3125
81,318,399,3.925925925925926
135,665,800,4.925925925925926
23,584,607,25.391304347826086
1510,943,2453,0.6245033112582782
33,278,311,8.424242424242424
15,387,402,25.8
9,409,418,45.44444444444444
8,254,262,31.75
2951,181,3132,0.06133514063029481
19,54,73,2.8421052631578947
26,334,360,12.846153846153847
24,289,313,12.041666666666666
9,150,159,16.666666666666668
14,301,315,21.5
282,250,532,0.8865248226950354
205,280,485,1.3658536585365855
33,164,197,4.96969696969697
21,279,300,13.285714285714286
21,174,195,8.285714285714286
13,330,343,25.384615384615383
50,675,725,13.5
534,414,948,0.7752808988764045
24,101,125,4.208333333333333
172,837,1009,4.866279069767442
57,146,203,2.56140350877193
3,14,17,4.666666666666667
7,121,128,17.285714285714285
17,201,218,11.823529411764707
320,290,610,0.90625
16,74,90,4.625
9,324,333,36.0
18,483,501,26.833333333333332
18,228,246,12.666666666666666
71,32,103,0.4507042253521127
12,510,522,42.5
22,456,478,20.727272727272727
17,569,586,33.470588235294116
105,131,236,1.2476190476190476
15,246,261,16.4
15,409,424,27.266666666666666
18,342,360,19.0
1105,144,1249,0.13031674208144797
1878,28,1906,0.014909478168264111
37,292,329,7.891891891891892
114,286,400,2.508771929824561
2,570,572,285.0
120,129,249,1.075
30,369,399,12.3
11,257,268,23.363636363636363
3003,438,3441,0.14585414585414586
88,495,583,5.625
642,479,1121,0.7461059190031153
709,254,963,0.35825105782792666
19,565,584,29.736842105263158
11,283,294,25.727272727272727
47,275,322,5.851063829787234
24,169,193,7.041666666666667
58,186,244,3.206896551724138
26,222,248,8.538461538461538
22,169,191,7.681818181818182
8,176,184,22.0
20,93,113,4.65
13,366,379,28.153846153846153
12,463,475,38.583333333333336
15,522,537,34.8
518,149,667,0.2876447876447876
2,50,52,25.0
52,68,120,1.3076923076923077
9,787,796,87.44444444444444
81,390,471,4.814814814814815
11,118,129,10.727272727272727
26,53,79,2.0384615384615383
3046,486,3532,0.15955351280367697
18,819,837,45.5
27,22,49,0.8148148148148148
483,337,820,0.6977225672877847
95,145,240,1.5263157894736843
50,410,460,8.2
18,335,353,18.61111111111111
8,213,221,26.625
22,316,338,14.363636363636363
5,1156,1161,231.2
8,195,203,24.375
635,938,1573,1.4771653543307086
92,231,323,2.510869565217391
41,65,106,1.5853658536585367
19,435,454,22.894736842105264
17,59,76,3.4705882352941178
12,271,283,22.583333333333332
27,230,257,8.518518518518519
24,256,280,10.666666666666666
68,645,713,9.485294117647058
18,294,312,16.333333333333332
247,366,613,1.4817813765182186
210,314,524,1.4952380952380953
5,114,119,22.8
94,124,218,1.3191489361702127
215,461,676,2.144186046511628
344,206,550,0.5988372093023255
2306,191,2497,0.08282740676496098
383,366,749,0.9556135770234987
66,268,334,4.0606060606060606
40,452,492,11.3
1279,1037,2316,0.8107896794370602
195,202,397,1.035897435897436
503,69,572,0.13717693836978131
11,70,81,6.363636363636363
43,269,312,6.255813953488372
1251,370,1621,0.29576338928856916
14,785,799,56.07142857142857
134,79,213,0.5895522388059702
2,12,14,6.0
67,219,286,3.2686567164179103
20,790,810,39.5
28,338,366,12.071428571428571
839,337,1176,0.40166865315852207
434,379,813,0.8732718894009217
35,334,369,9.542857142857143
2638,576,3214,0.21834723275208492
56,604,660,10.785714285714286
59,113,172,1.9152542372881356
21,166,187,7.904761904761905
16,332,348,20.75
23,306,329,13.304347826086957
18,1132,1150,62.888888888888886
9,532,541,59.111111111111114
1110,202,1312,0.18198198198198198
21,233,254,11.095238095238095
8,781,789,97.625
52,416,468,8.0
395,332,727,0.8405063291139241
15,463,478,30.866666666666667
14,207,221,14.785714285714286
8,404,412,50.5
485,342,827,0.7051546391752578
27,260,287,9.62962962962963
88,409,497,4.6477272727272725
487,119,606,0.24435318275154005
26,542,568,20.846153846153847
74,91,165,1.2297297297297298
129,634,763,4.9147286821705425
916,286,1202,0.31222707423580787
70,467,537,6.671428571428572
468,49,517,0.1047008547008547
42,506,548,12.047619047619047
4,93,97,23.25
20,328,348,16.4
75,34,109,0.4533333333333333
1477,268,1745,0.1814488828706838
645,7,652,0.010852713178294573
41,869,910,21.195121951219512
1756,318,2074,0.18109339407744876
29,88,117,3.0344827586206895
9,255,264,28.333333333333332
926,800,1726,0.8639308855291576
91,67,158,0.7362637362637363
15,244,259,16.266666666666666
17,374,391,22.0
3,291,294,97.0
2107,40,2147,0.018984337921214997
18,284,302,15.777777777777779
110,39,149,0.35454545454545455
1354,962,2316,0.7104874446085672
14,251,265,17.928571428571427
12,88,100,7.333333333333333
12,76,88,6.333333333333333
14,422,436,30.142857142857142
16,396,412,24.75
12,203,215,16.916666666666668
17,842,859,49.529411764705884
33,744,777,22.545454545454547
52,122,174,2.3461538461538463
39,431,470,11.051282051282051
48,327,375,6.8125
47,147,194,3.127659574468085
55,182,237,3.309090909090909
25,453,478,18.12
25,150,175,6.0
31,203,234,6.548387096774194
107,215,322,2.0093457943925235
19,207,226,10.894736842105264
47,751,798,15.97872340425532
3390,100,3490,0.029498525073746312
32,414,446,12.9375
280,8,288,0.02857142857142857
849,122,971,0.143698468786808
16,392,408,24.5
50,107,157,2.14
19,635,654,33.421052631578945
67,472,539,7.044776119402985
18,228,246,12.666666666666666
52,505,557,9.711538461538462
1624,186,1810,0.1145320197044335
69,837,906,12.130434782608695
434,122,556,0.28110599078341014
17,313,330,18.41176470588235
670,19,689,0.028358208955223882
230,27,257,0.11739130434782609
2512,23,2535,0.009156050955414012
127,856,983,6.74015748031496
7,66,73,9.428571428571429
32,158,190,4.9375
21,739,760,35.19047619047619
26,414,440,15.923076923076923
8,174,182,21.75
25,364,389,14.56
10,431,441,43.1
38,735,773,19.342105263157894
2,167,169,83.5
29,388,417,13.379310344827585
197,835,1032,4.238578680203045
13,284,297,21.846153846153847
19,448,467,23.57894736842105
8,267,275,33.375
373,701,1074,1.8793565683646112
14,786,800,56.142857142857146
112,189,301,1.6875
115,407,522,3.5391304347826087
27,320,347,11.851851851851851
19,330,349,17.36842105263158
178,448,626,2.5168539325842696
340,723,1063,2.126470588235294
15,1041,1056,69.4
3957,4,3961,0.0010108668182966893
859,669,1528,0.7788125727590222
226,986,1212,4.3628318584070795
10,24,34,2.4
28,964,992,34.42857142857143
19,352,371,18.526315789473685
21,517,538,24.61904761904762
153,364,517,2.3790849673202614
120,677,797,5.641666666666667
18,122,140,6.777777777777778
95,542,637,5.705263157894737
32,297,329,9.28125
74,76,150,1.027027027027027
4,107,111,26.75
41,250,291,6.097560975609756
73,445,518,6.095890410958904
67,384,451,5.731343283582089
66,104,170,1.5757575757575757
41,25,66,0.6097560975609756
38,636,674,16.736842105263158
34,422,456,12.411764705882353
1053,946,1999,0.8983855650522318
6,81,87,13.5
66,222,288,3.3636363636363638
3,113,116,37.666666666666664
22,316,338,14.363636363636363
19,171,190,9.0
11,175,186,15.909090909090908
587,567,1154,0.9659284497444633
93,212,305,2.2795698924731185
38,31,69,0.8157894736842105
54,734,788,13.592592592592593
8,113,121,14.125
8,255,263,31.875
54,55,109,1.0185185185185186
24,569,593,23.708333333333332
30,203,233,6.766666666666667
458,700,1158,1.5283842794759825
142,504,646,3.5492957746478875
23,238,261,10.347826086956522
43,8,51,0.18604651162790697
54,99,153,1.8333333333333333
106,308,414,2.9056603773584904
11,398,409,36.18181818181818
129,287,416,2.2248062015503876
16,445,461,27.8125
74,333,407,4.5
45,400,445,8.88888888888889
1801,883,2684,0.49028317601332594
29,172,201,5.931034482758621
65,473,538,7.276923076923077
540,118,658,0.21851851851851853
12,241,253,20.083333333333332
168,107,275,0.6369047619047619
2590,73,2663,0.028185328185328186
162,294,456,1.8148148148148149
10,231,241,23.1
3,44,47,14.666666666666666
1552,262,1814,0.16881443298969073
124,434,558,3.5
20,364,384,18.2
1254,499,1753,0.39792663476874
12,300,312,25.0
16,404,420,25.25
5,252,257,50.4
191,673,864,3.5235602094240837
10,136,146,13.6
12,408,420,34.0
9,101,110,11.222222222222221
44,682,726,15.5
28,758,786,27.071428571428573
501,107,608,0.21357285429141717
22,246,268,11.181818181818182
81,780,861,9.62962962962963
10,374,384,37.4
8,195,203,24.375
225,478,703,2.1244444444444444
7,295,302,42.142857142857146
58,10,68,0.1724137931034483
15,297,312,19.8
27,363,390,13.444444444444445
157,194,351,1.2356687898089171
144,314,458,2.1805555555555554
48,131,179,2.7291666666666665
115,320,435,2.782608695652174
82,240,322,2.926829268292683
7,338,345,48.285714285714285
33,54,87,1.6363636363636365
10,18,28,1.8
46,65,111,1.4130434782608696
16,287,303,17.9375
15,52,67,3.466666666666667
1375,389,1764,0.2829090909090909
511,853,1364,1.6692759295499022
395,332,727,0.8405063291139241
11,21,32,1.9090909090909092
8,229,237,28.625
10,10,20,1.0
714,446,1160,0.6246498599439776
32,323,355,10.09375
36,307,343,8.527777777777779
37,667,704,18.027027027027028
338,372,710,1.1005917159763314
226,302,528,1.336283185840708
1735,918,2653,0.5291066282420749
35,913,948,26.085714285714285
36,127,163,3.5277777777777777
709,254,963,0.35825105782792666
9,97,106,10.777777777777779
52,67,119,1.2884615384615385
52,52,104,1.0
1707,193,1900,0.11306385471587581
27,717,744,26.555555555555557
82,754,836,9.195121951219512
2,12,14,6.0
24,397,421,16.541666666666668
83,951,1034,11.457831325301205
209,366,575,1.7511961722488039
38,125,163,3.289473684210526
24,153,177,6.375
210,156,366,0.7428571428571429
75,86,161,1.1466666666666667
15,295,310,19.666666666666668
5,43,48,8.6
5,21,26,4.2
8,174,182,21.75
20,551,571,27.55
44,446,490,10.136363636363637
9,35,44,3.888888888888889
3,30,33,10.0
16,197,213,12.3125
11,207,218,18.818181818181817
27,357,384,13.222222222222221
38,70,108,1.8421052631578947
167,643,810,3.8502994011976046
17,393,410,23.11764705882353
874,814,1688,0.931350114416476
116,582,698,5.017241379310345
333,264,597,0.7927927927927928
14,478,492,34.142857142857146
22,940,962,42.72727272727273
299,183,482,0.6120401337792643
6,518,524,86.33333333333333
1240,570,1810,0.4596774193548387
23,82,105,3.5652173913043477
17,353,370,20.764705882352942
7,148,155,21.142857142857142
68,28,96,0.4117647058823529
23,16,39,0.6956521739130435
62,180,242,2.903225806451613
16,119,135,7.4375
35,105,140,3.0
25,232,257,9.28
18,284,302,15.777777777777779
75,288,363,3.84
97,276,373,2.845360824742268
277,552,829,1.9927797833935017
1849,678,2527,0.3666846944294213
571,171,742,0.29947460595446584
374,306,680,0.8181818181818182
28,570,598,20.357142857142858
36,435,471,12.083333333333334
492,383,875,0.7784552845528455
2,12,14,6.0
90,426,516,4.733333333333333
39,630,669,16.153846153846153
23,131,154,5.695652173913044
7,374,381,53.42857142857143
92,518,610,5.630434782608695
169,24,193,0.14201183431952663
22,384,406,17.454545454545453
56,159,215,2.8392857142857144
19,405,424,21.31578947368421
29,769,798,26.517241379310345
10,442,452,44.2
1088,324,1412,0.2977941176470588
27,171,198,6.333333333333333
12,350,362,29.166666666666668
27,878,905,32.51851851851852
55,393,448,7.1454545454545455
125,1096,1221,8.768
1103,917,2020,0.8313689936536718
161,110,271,0.6832298136645962
2180,215,2395,0.09862385321100918
13,22,35,1.6923076923076923
24,210,234,8.75
448,413,861,0.921875
17,359,376,21.11764705882353
9,30,39,3.3333333333333335
66,276,342,4.181818181818182
55,213,268,3.8727272727272726
6,54,60,9.0
18,391,409,21.72222222222222
13,142,155,10.923076923076923
34,260,294,7.647058823529412
6,107,113,17.833333333333332
14,171,185,12.214285714285714
25,466,491,18.64
227,10,237,0.04405286343612335
59,199,258,3.3728813559322033
607,38,645,0.06260296540362438
9,296,305,32.888888888888886
257,175,432,0.6809338521400778
30,134,164,4.466666666666667
273,550,823,2.0146520146520146
109,747,856,6.853211009174312
340,259,599,0.7617647058823529
35,265,300,7.571428571428571
121,458,579,3.7851239669421486
5,628,633,125.6
54,524,578,9.703703703703704
67,511,578,7.626865671641791
16,441,457,27.5625
21,340,361,16.19047619047619
19,502,521,26.42105263157895
706,722,1428,1.0226628895184136
7,555,562,79.28571428571429
10,203,213,20.3
2469,11,2480,0.0044552450384771165
51,98,149,1.9215686274509804
8,240,248,30.0
493,362,855,0.7342799188640974
67,29,96,0.43283582089552236
19,421,440,22.157894736842106
58,657,715,11.327586206896552
17,35,52,2.0588235294117645
9,318,327,35.333333333333336
32,43,75,1.34375
35,429,464,12.257142857142858
37,149,186,4.027027027027027
20,283,303,14.15
11,296,307,26.90909090909091
2058,132,2190,0.0641399416909621
952,202,1154,0.21218487394957983
22,321,343,14.590909090909092
13,143,156,11.0
38,454,492,11.947368421052632
17,197,214,11.588235294117647
18,151,169,8.38888888888889
438,932,1370,2.127853881278539
329,423,752,1.2857142857142858
6,15,21,2.5
12,765,777,63.75
22,238,260,10.818181818181818
15,188,203,12.533333333333333
10,613,623,61.3
174,164,338,0.9425287356321839
20,330,350,16.5
9,766,775,85.11111111111111
11,376,387,34.18181818181818
26,91,117,3.5
25,49,74,1.96
24,94,118,3.9166666666666665
249,776,1025,3.1164658634538154
50,894,944,17.88
27,53,80,1.962962962962963
2722,6,2728,0.002204261572373255
21,259,280,12.333333333333334
72,323,395,4.486111111111111
28,637,665,22.75
13,717,730,55.15384615384615
15,264,279,17.6
27,698,725,25.85185185185185
532,955,1487,1.7951127819548873
10,696,706,69.6
196,373,569,1.903061224489796
41,343,384,8.365853658536585
11,67,78,6.090909090909091
55,279,334,5.072727272727272
186,343,529,1.8440860215053763
67,287,354,4.2835820895522385
12,233,245,19.416666666666668
107,520,627,4.859813084112149
12,183,195,15.25
16,336,352,21.0
2842,237,3079,0.08339197748064743
88,1059,1147,12.034090909090908
4,28,32,7.0
48,193,241,4.020833333333333
35,235,270,6.714285714285714
36,423,459,11.75
6,264,270,44.0
206,554,760,2.6893203883495147
459,388,847,0.8453159041394336
8,309,317,38.625
16,577,593,36.0625
186,420,606,2.2580645161290325
20,171,191,8.55
64,344,408,5.375
654,329,983,0.5030581039755352
29,280,309,9.655172413793103
24,304,328,12.666666666666666
10,103,113,10.3
6,186,192,31.0
202,10,212,0.04950495049504951
312,624,936,2.0
9,51,60,5.666666666666667
37,279,316,7.54054054054054
12,367,379,30.583333333333332
960,265,1225,0.2760416666666667
298,367,665,1.2315436241610738
18,106,124,5.888888888888889
18,239,257,13.277777777777779
332,114,446,0.3433734939759036
1744,82,1826,0.047018348623853214
11,597,608,54.27272727272727
12,392,404,32.666666666666664
374,306,680,0.8181818181818182
25,694,719,27.76
117,108,225,0.9230769230769231
57,304,361,5.333333333333333
10,121,131,12.1
3452,574,4026,0.16628041714947855
24,286,310,11.916666666666666
9,195,204,21.666666666666668
61,443,504,7.262295081967213
9,197,206,21.88888888888889
213,714,927,3.352112676056338
34,74,108,2.176470588235294
11,346,357,31.454545454545453
54,162,216,3.0
22,489,511,22.227272727272727
173,271,444,1.5664739884393064
30,26,56,0.8666666666666667
31,254,285,8.193548387096774
102,536,638,5.254901960784314
8,47,55,5.875
11,586,597,53.27272727272727
23,60,83,2.608695652173913
37,132,169,3.5675675675675675
55,774,829,14.072727272727272
223,293,516,1.3139013452914798
423,361,784,0.8534278959810875
7,234,241,33.42857142857143
43,801,844,18.627906976744185
14,466,480,33.285714285714285
14,171,185,12.214285714285714
1083,279,1362,0.25761772853185594
3,729,732,243.0
59,255,314,4.322033898305085
21,623,644,29.666666666666668
136,33,169,0.2426470588235294
20,330,350,16.5
50,541,591,10.82
4,30,34,7.5
707,623,1330,0.8811881188118812
20,102,122,5.1
227,318,545,1.4008810572687225
23,664,687,28.869565217391305
1544,114,1658,0.07383419689119171
13,337,350,25.923076923076923
103,618,721,6.0
10,68,78,6.8
24,37,61,1.5416666666666667
36,518,554,14.38888888888889
32,164,196,5.125
54,39,93,0.7222222222222222
991,48,1039,0.04843592330978809
16,269,285,16.8125
397,130,527,0.327455919395466
17,717,734,42.1764705882353
81,159,240,1.962962962962963
535,9,544,0.016822429906542057
29,351,380,12.10344827586207
280,8,288,0.02857142857142857
8,60,68,7.5
24,714,738,29.75
16,316,332,19.75
108,339,447,3.138888888888889
8,98,106,12.25
16,98,114,6.125
10,510,520,51.0
308,121,429,0.39285714285714285
81,613,694,7.567901234567901
29,218,247,7.517241379310345
17,246,263,14.470588235294118
9,673,682,74.77777777777777
31,593,624,19.129032258064516
92,608,700,6.608695652173913
19,534,553,28.105263157894736
56,706,762,12.607142857142858
18,273,291,15.166666666666666
441,505,946,1.145124716553288
14,228,242,16.285714285714285
11,273,284,24.818181818181817
45,198,243,4.4
25,348,373,13.92
6,111,117,18.5
16,363,379,22.6875
69,272,341,3.9420289855072466
16,223,239,13.9375
29,537,566,18.517241379310345
13,101,114,7.769230769230769
8,283,291,35.375
25,267,292,10.68
3336,441,3777,0.13219424460431656
7,451,458,64.42857142857143
27,322,349,11.925925925925926
24,245,269,10.208333333333334
1101,496,1597,0.45049954586739327
13,376,389,28.923076923076923
17,187,204,11.0
25,463,488,18.52
77,899,976,11.675324675324676
117,115,232,0.9829059829059829
16,39,55,2.4375
142,396,538,2.788732394366197
150,134,284,0.8933333333333333
296,297,593,1.0033783783783783
108,352,460,3.259259259259259
5,122,127,24.4
25,182,207,7.28
81,549,630,6.777777777777778
333,340,673,1.021021021021021
1319,78,1397,0.05913570887035633
83,532,615,6.409638554216867
15,25,40,1.6666666666666667
27,280,307,10.37037037037037
5,12,17,2.4
56,386,442,6.892857142857143
117,115,232,0.9829059829059829
85,358,443,4.211764705882353
20,244,264,12.2
79,46,125,0.5822784810126582
67,376,443,5.611940298507463
88,864,952,9.818181818181818
3,51,54,17.0
92,164,256,1.7826086956521738
87,131,218,1.5057471264367817
667,291,958,0.4362818590704648
11,112,123,10.181818181818182
23,90,113,3.9130434782608696
107,199,306,1.8598130841121496
10,247,257,24.7
238,272,510,1.1428571428571428
2,180,182,90.0
21,616,637,29.333333333333332
32,924,956,28.875
3,20,23,6.666666666666667
40,269,309,6.725
12,562,574,46.833333333333336
28,302,330,10.785714285714286
28,265,293,9.464285714285714
2130,18,2148,0.008450704225352112
20,107,127,5.35
7,61,68,8.714285714285714
6,118,124,19.666666666666668
49,263,312,5.36734693877551
45,500,545,11.11111111111111
62,330,392,5.32258064516129
21,1081,1102,51.476190476190474
62,326,388,5.258064516129032
11,353,364,32.09090909090909
314,377,691,1.2006369426751593
27,345,372,12.777777777777779
1646,431,2077,0.2618469015795869
21,278,299,13.238095238095237
3030,307,3337,0.10132013201320132
82,299,381,3.6463414634146343
6,228,234,38.0
14,141,155,10.071428571428571
18,311,329,17.27777777777778
11,205,216,18.636363636363637
706,647,1353,0.9164305949008499
95,253,348,2.663157894736842
2267,429,2696,0.18923687692986327
27,373,400,13.814814814814815
15,254,269,16.933333333333334
1923,48,1971,0.0249609984399376
35,187,222,5.3428571428571425
1838,177,2015,0.09630032644178455
28,263,291,9.392857142857142
9,392,401,43.55555555555556
26,269,295,10.346153846153847
250,13,263,0.052
94,255,349,2.7127659574468086
18,201,219,11.166666666666666
19,97,116,5.105263157894737
15,129,144,8.6
596,311,907,0.5218120805369127
32,831,863,25.96875
835,910,1745,1.089820359281437
881,136,1017,0.1543700340522134
10,333,343,33.3
114,295,409,2.587719298245614
16,290,306,18.125
925,343,1268,0.3708108108108108
483,170,653,0.35196687370600416
13,291,304,22.384615384615383
7,142,149,20.285714285714285
55,150,205,2.727272727272727
49,944,993,19.26530612244898
85,246,331,2.8941176470588235
292,19,311,0.06506849315068493
99,405,504,4.090909090909091
8,98,106,12.25
104,93,197,0.8942307692307693
1060,10,1070,0.009433962264150943
5,14,19,2.8
33,368,401,11.151515151515152
2,12,14,6.0
29,142,171,4.896551724137931
23,452,475,19.652173913043477
23,70,93,3.0434782608695654
38,171,209,4.5
96,229,325,2.3854166666666665
10,330,340,33.0
2026,133,2159,0.06564659427443238
28,531,559,18.964285714285715
21,648,669,30.857142857142858
57,49,106,0.8596491228070176
32,141,173,4.40625
61,259,320,4.245901639344262
13,440,453,33.84615384615385
22,250,272,11.363636363636363
15,34,49,2.2666666666666666
28,899,927,32.107142857142854
15,250,265,16.666666666666668
62,26,88,0.41935483870967744
11,252,263,22.90909090909091
38,226,264,5.947368421052632
9,61,70,6.777777777777778
34,689,723,20.264705882352942
77,548,625,7.116883116883117
15,880,895,58.666666666666664
34,628,662,18.470588235294116
132,315,447,2.3863636363636362
55,319,374,5.8
9,518,527,57.55555555555556
24,885,909,36.875
1590,524,2114,0.32955974842767294
17,290,307,17.058823529411764
21,437,458,20.80952380952381
20,952,972,47.6
8,555,563,69.375
971,249,1220,0.2564366632337796
57,252,309,4.421052631578948
21,249,270,11.857142857142858
49,144,193,2.938775510204082
165,134,299,0.8121212121212121
320,906,1226,2.83125
253,307,560,1.2134387351778657
11,503,514,45.72727272727273
2,12,14,6.0
21,189,210,9.0
64,447,511,6.984375
22,346,368,15.727272727272727
249,619,868,2.4859437751004014
30,426,456,14.2
111,929,1040,8.36936936936937
530,463,993,0.8735849056603774
42,920,962,21.904761904761905
360,696,1056,1.9333333333333333
286,357,643,1.2482517482517483
25,38,63,1.52
36,505,541,14.027777777777779
7,368,375,52.57142857142857
7,159,166,22.714285714285715
29,354,383,12.206896551724139
894,599,1493,0.6700223713646533
26,551,577,21.192307692307693
10,367,377,36.7
36,622,658,17.27777777777778
234,506,740,2.1623931623931623
72,264,336,3.6666666666666665
6,193,199,32.166666666666664
8,411,419,51.375
12,667,679,55.583333333333336
12,514,526,42.833333333333336
13,369,382,28.384615384615383
8,223,231,27.875
226,986,1212,4.3628318584070795
71,506,577,7.126760563380282
19,442,461,23.263157894736842
127,871,998,6.858267716535433
30,350,380,11.666666666666666
6,100,106,16.666666666666668
239,760,999,3.1799163179916317
470,278,748,0.5914893617021276
26,96,122,3.6923076923076925
50,546,596,10.92
250,1058,1308,4.232
126,30,156,0.23809523809523808
184,884,1068,4.804347826086956
167,450,617,2.694610778443114
117,468,585,4.0
2,41,43,20.5
13,571,584,43.92307692307692
39,461,500,11.820512820512821
76,35,111,0.4605263157894737
11,758,769,68.9090909090909
399,321,720,0.8045112781954887
2,12,14,6.0
22,329,351,14.954545454545455
135,286,421,2.1185185185185187
9,225,234,25.0
63,368,431,5.841269841269841
89,172,261,1.9325842696629214
31,360,391,11.612903225806452
42,55,97,1.3095238095238095
18,313,331,17.38888888888889
7,148,155,21.142857142857142
1156,229,1385,0.1980968858131488
904,963,1867,1.0652654867256637
47,952,999,20.25531914893617
52,238,290,4.576923076923077
10,47,57,4.7
32,521,553,16.28125
2,14,16,7.0
19,313,332,16.473684210526315
1353,191,1544,0.14116777531411678
27,528,555,19.555555555555557
42,171,213,4.071428571428571
295,227,522,0.7694915254237288
309,897,1206,2.9029126213592233
1806,16,1822,0.008859357696566999
134,200,334,1.492537313432836
12,326,338,27.166666666666668
7,371,378,53.0
92,33,125,0.358695652173913
7,71,78,10.142857142857142
334,640,974,1.9161676646706587
813,519,1332,0.6383763837638377
17,588,605,34.588235294117645
572,268,840,0.46853146853146854
26,544,570,20.923076923076923
69,69,138,1.0
120,375,495,3.125
98,113,211,1.153061224489796
14,25,39,1.7857142857142858
67,30,97,0.44776119402985076
14,534,548,38.142857142857146
20,233,253,11.65
7,135,142,19.285714285714285
190,39,229,0.20526315789473684
16,501,517,31.3125
29,260,289,8.96551724137931
1201,231,1432,0.19233971690258117
20,355,375,17.75
26,114,140,4.384615384615385
2,26,28,13.0
14,47,61,3.357142857142857
18,372,390,20.666666666666668
1067,635,1702,0.5951265229615745
48,553,601,11.520833333333334
248,603,851,2.431451612903226
4,392,396,98.0
74,692,766,9.35135135135135
20,267,287,13.35
31,357,388,11.516129032258064
14,593,607,42.357142857142854
167,133,300,0.7964071856287425
32,758,790,23.6875
31,462,493,14.903225806451612
65,206,271,3.169230769230769
14,223,237,15.928571428571429
84,601,685,7.154761904761905
14,858,872,61.285714285714285
78,394,472,5.051282051282051
22,656,678,29.818181818181817
12,23,35,1.9166666666666667
94,366,460,3.893617021276596
25,965,990,38.6
2,12,14,6.0
502,192,694,0.38247011952191234
14,195,209,13.928571428571429
2082,342,2424,0.1642651296829971
9,241,250,26.77777777777778
65,46,111,0.7076923076923077
314,876,1190,2.789808917197452
220,34,254,0.15454545454545454
6,253,259,42.166666666666664
22,441,463,20.045454545454547
229,847,1076,3.6986899563318776
43,102,145,2.372093023255814
24,37,61,1.5416666666666667
2254,48,2302,0.02129547471162378
147,247,394,1.6802721088435375
35,387,422,11.057142857142857
82,285,367,3.475609756097561
174,223,397,1.2816091954022988
3,12,15,4.0
115,863,978,7.504347826086956
9,23,32,2.5555555555555554
31,497,528,16.032258064516128
248,237,485,0.9556451612903226
3,36,39,12.0
6,25,31,4.166666666666667
14,232,246,16.571428571428573
54,152,206,2.814814814814815
8,29,37,3.625
7,278,285,39.714285714285715
10,211,221,21.1
340,134,474,0.3941176470588235
30,903,933,30.1
18,284,302,15.777777777777779
197,124,321,0.6294416243654822
47,952,999,20.25531914893617
2139,913,3052,0.4268349696119682
14,470,484,33.57142857142857
26,460,486,17.692307692307693
51,127,178,2.4901960784313726
21,215,236,10.238095238095237
122,45,167,0.36885245901639346
4,88,92,22.0
11,265,276,24.09090909090909
60,283,343,4.716666666666667
101,259,360,2.5643564356435644
711,369,1080,0.5189873417721519
17,45,62,2.6470588235294117
37,468,505,12.64864864864865
8,163,171,20.375
19,279,298,14.68421052631579
27,251,278,9.296296296296296
1140,84,1224,0.07368421052631578
11,224,235,20.363636363636363
244,77,321,0.3155737704918033
290,325,615,1.1206896551724137
15,198,213,13.2
15,191,206,12.733333333333333
63,855,918,13.571428571428571
14,317,331,22.642857142857142
290,325,615,1.1206896551724137
24,572,596,23.833333333333332
167,335,502,2.0059880239520957
11,267,278,24.272727272727273
130,804,934,6.184615384615385
125,418,543,3.344
1032,653,1685,0.6327519379844961
173,341,514,1.9710982658959537
8,392,400,49.0
146,45,191,0.3082191780821918
2111,320,2431,0.15158692562766463
3379,165,3544,0.048831015093222845
17,295,312,17.352941176470587
344,206,550,0.5988372093023255
35,242,277,6.914285714285715
47,348,395,7.404255319148936
50,531,581,10.62
26,340,366,13.076923076923077
21,419,440,19.952380952380953
47,349,396,7.425531914893617
1026,238,1264,0.23196881091617932
330,378,708,1.1454545454545455
2174,140,2314,0.06439742410303588
35,360,395,10.285714285714286
24,224,248,9.333333333333334
961,247,1208,0.2570239334027055
9,460,469,51.111111111111114
27,33,60,1.2222222222222223
85,70,155,0.8235294117647058
27,220,247,8.148148148148149
382,930,1312,2.4345549738219896
116,328,444,2.8275862068965516
13,21,34,1.6153846153846154
11,351,362,31.90909090909091
19,393,412,20.68421052631579
9,212,221,23.555555555555557
769,8,777,0.010403120936280884
26,254,280,9.76923076923077
8,784,792,98.0
47,36,83,0.7659574468085106
151,605,756,4.006622516556291
23,73,96,3.1739130434782608
17,126,143,7.411764705882353
3273,303,3576,0.0925756186984418
318,309,627,0.9716981132075472
11,135,146,12.272727272727273
679,16,695,0.023564064801178203
1067,226,1293,0.21180880974695407
2,12,14,6.0
55,102,157,1.8545454545454545
34,50,84,1.4705882352941178
31,502,533,16.193548387096776
12,602,614,50.166666666666664
17,434,451,25.529411764705884
30,157,187,5.233333333333333
884,180,1064,0.20361990950226244
178,165,343,0.9269662921348315
40,48,88,1.2
16,407,423,25.4375
10,23,33,2.3
17,56,73,3.2941176470588234
54,275,329,5.092592592592593
1398,65,1463,0.046494992846924176
10,346,356,34.6
9,196,205,21.77777777777778
20,330,350,16.5
74,91,165,1.2297297297297298
147,247,394,1.6802721088435375
115,204,319,1.7739130434782608
321,17,338,0.0529595015576324
16,111,127,6.9375
50,45,95,0.9
12,43,55,3.5833333333333335
45,138,183,3.066666666666667
256,21,277,0.08203125
365,93,458,0.2547945205479452
14,325,339,23.214285714285715
761,148,909,0.19448094612352168
68,290,358,4.264705882352941
20,419,439,20.95
318,309,627,0.9716981132075472
33,386,419,11.696969696969697
39,255,294,6.538461538461538
21,119,140,5.666666666666667
50,246,296,4.92
49,106,155,2.163265306122449
30,401,431,13.366666666666667
27,306,333,11.333333333333334
24,304,328,12.666666666666666
30,729,759,24.3
1201,189,1390,0.15736885928393005
910,114,1024,0.12527472527472527
13,452,465,34.76923076923077
147,247,394,1.6802721088435375
8,85,93,10.625
26,224,250,8.615384615384615
115,324,439,2.8173913043478263
41,208,249,5.073170731707317
1822,37,1859,0.02030735455543359
87,372,459,4.275862068965517
7,139,146,19.857142857142858
74,260,334,3.5135135135135136
925,273,1198,0.2951351351351351
12,225,237,18.75
9,271,280,30.11111111111111
31,774,805,24.967741935483872
71,319,390,4.492957746478873
18,300,318,16.666666666666668
19,153,172,8.052631578947368
26,387,413,14.884615384615385
187,92,279,0.4919786096256685
233,431,664,1.849785407725322
68,358,426,5.264705882352941
103,95,198,0.9223300970873787
28,250,278,8.928571428571429
32,132,164,4.125
505,520,1025,1.0297029702970297
20,26,46,1.3
37,242,279,6.54054054054054
11,122,133,11.090909090909092
8,109,117,13.625
543,254,797,0.4677716390423573
288,643,931,2.232638888888889
25,245,270,9.8
10,696,706,69.6
386,491,877,1.2720207253886011
147,571,718,3.8843537414965987
118,147,265,1.2457627118644068
660,62,722,0.09393939393939393
55,47,102,0.8545454545454545
27,112,139,4.148148148148148
328,236,564,0.7195121951219512
3,12,15,4.0
53,36,89,0.6792452830188679
6,20,26,3.3333333333333335
842,228,1070,0.27078384798099764
429,7,436,0.016317016317016316
29,220,249,7.586206896551724
40,361,401,9.025
30,474,504,15.8
8,37,45,4.625
17,292,309,17.176470588235293
3788,26,3814,0.006863780359028511
34,423,457,12.441176470588236
1249,16,1265,0.012810248198558846
101,312,413,3.089108910891089
48,42,90,0.875
656,679,1335,1.0350609756097562
1827,148,1975,0.0810071154898741
23,239,262,10.391304347826088
10,26,36,2.6
1079,1065,2144,0.9870250231696015
72,389,461,5.402777777777778
434,122,556,0.28110599078341014
14,105,119,7.5
10,589,599,58.9
32,399,431,12.46875
24,344,368,14.333333333333334
559,561,1120,1.003577817531306
2107,40,2147,0.018984337921214997
17,111,128,6.529411764705882
8,35,43,4.375
40,184,224,4.6
381,957,1338,2.5118110236220472
8,138,146,17.25
556,241,797,0.43345323741007197
18,243,261,13.5
39,64,103,1.641025641025641
350,533,883,1.522857142857143
10,346,356,34.6
610,412,1022,0.6754098360655738
8,203,211,25.375
86,287,373,3.3372093023255816
20,354,374,17.7
13,191,204,14.692307692307692
45,271,316,6.022222222222222
10,321,331,32.1
3113,725,3838,0.23289431416639897
44,950,994,21.59090909090909
561,69,630,0.12299465240641712
86,698,784,8.116279069767442
842,228,1070,0.27078384798099764
15,360,375,24.0
46,980,1026,21.304347826086957
67,13,80,0.19402985074626866
109,129,238,1.18348623853211
40,437,477,10.925
186,498,684,2.6774193548387095
16,95,111,5.9375
10,38,48,3.8
1237,260,1497,0.21018593371059013
12,232,244,19.333333333333332
385,53,438,0.13766233766233765
18,756,774,42.0
27,5,32,0.18518518518518517
21,576,597,27.428571428571427
64,294,358,4.59375
115,248,363,2.1565217391304348
61,45,106,0.7377049180327869
352,817,1169,2.321022727272727
1599,699,2298,0.4371482176360225
11,112,123,10.181818181818182
3,14,17,4.666666666666667
23,58,81,2.5217391304347827
65,365,430,5.615384615384615
70,74,144,1.0571428571428572
9,183,192,20.333333333333332
15,423,438,28.2
3293,358,3651,0.10871545703006377
316,494,810,1.5632911392405062
209,32,241,0.15311004784688995
17,501,518,29.470588235294116
14,430,444,30.714285714285715
14,979,993,69.92857142857143
138,118,256,0.855072463768116
2374,169,2543,0.07118786857624262
19,403,422,21.210526315789473
105,496,601,4.723809523809524
37,503,540,13.594594594594595
22,940,962,42.72727272727273
12,359,371,29.916666666666668
48,460,508,9.583333333333334
17,605,622,35.588235294117645
132,551,683,4.174242424242424
30,164,194,5.466666666666667
2919,144,3063,0.04933196300102775
105,561,666,5.3428571428571425
22,151,173,6.863636363636363
3,257,260,85.66666666666667
85,87,172,1.0235294117647058
26,253,279,9.73076923076923
7,427,434,61.0
105,131,236,1.2476190476190476
10,307,317,30.7
101,574,675,5.683168316831683
12,165,177,13.75
1046,591,1637,0.5650095602294455
825,697,1522,0.8448484848484848
183,590,773,3.2240437158469946
156,352,508,2.2564102564102564
191,673,864,3.5235602094240837
124,602,726,4.854838709677419
1280,730,2010,0.5703125
17,799,816,47.0
9,92,101,10.222222222222221
22,427,449,19.40909090909091
246,148,394,0.6016260162601627
71,105,176,1.4788732394366197
34,579,613,17.029411764705884
11,254,265,23.09090909090909
2,12,14,6.0
32,284,316,8.875
68,162,230,2.3823529411764706
297,374,671,1.2592592592592593
97,537,634,5.536082474226804
67,212,279,3.1641791044776117
4,314,318,78.5
324,71,395,0.2191358024691358
106,478,584,4.509433962264151
105,339,444,3.2285714285714286
131,921,1052,7.030534351145038
2,242,244,121.0
493,106,599,0.2150101419878296
2833,197,3030,0.06953759265795977
26,346,372,13.307692307692308
34,241,275,7.088235294117647
438,905,1343,2.0662100456621006
14,206,220,14.714285714285714
22,365,387,16.59090909090909
13,627,640,48.23076923076923
14,189,203,13.5
113,251,364,2.2212389380530975
114,36,150,0.3157894736842105
29,131,160,4.517241379310345
653,845,1498,1.2940275650842266
5,768,773,153.6
9,55,64,6.111111111111111
34,175,209,5.147058823529412
147,813,960,5.530612244897959
8,178,186,22.25
15,185,200,12.333333333333334
17,680,697,40.0
877,394,1271,0.4492588369441277
9,337,346,37.44444444444444
73,357,430,4.890410958904109
26,392,418,15.076923076923077
5,369,374,73.8
28,225,253,8.035714285714286
42,373,415,8.880952380952381
44,58,102,1.3181818181818181
18,374,392,20.77777777777778
49,269,318,5.489795918367347
6,94,100,15.666666666666666
13,420,433,32.30769230769231
208,586,794,2.8173076923076925
30,611,641,20.366666666666667
711,402,1113,0.5654008438818565
14,528,542,37.714285714285715
3404,212,3616,0.06227967097532315
106,94,200,0.8867924528301887
796,8,804,0.010050251256281407
9,391,400,43.44444444444444
31,344,375,11.096774193548388
60,302,362,5.033333333333333
28,902,930,32.214285714285715
86,195,281,2.2674418604651163
788,79,867,0.10025380710659898
71,463,534,6.52112676056338
3006,270,3276,0.08982035928143713
24,499,523,20.791666666666668
27,76,103,2.814814814814815
10,420,430,42.0
13,367,380,28.23076923076923
84,432,516,5.142857142857143
7,341,348,48.714285714285715
149,201,350,1.348993288590604
30,829,859,27.633333333333333
627,183,810,0.291866028708134
70,49,119,0.7
56,731,787,13.053571428571429
25,551,576,22.04
22,620,642,28.181818181818183
3458,523,3981,0.1512434933487565
305,260,565,0.8524590163934426
11,190,201,17.272727272727273
361,875,1236,2.4238227146814406
177,77,254,0.4350282485875706
293,885,1178,3.0204778156996586
28,274,302,9.785714285714286
46,68,114,1.4782608695652173
39,294,333,7.538461538461538
1217,84,1301,0.06902218570254724
115,592,707,5.147826086956521
65,128,193,1.9692307692307693
70,309,379,4.414285714285715
1039,213,1252,0.20500481231953802
66,53,119,0.803030303030303
14,311,325,22.214285714285715
18,160,178,8.88888888888889
9,396,405,44.0
2130,18,2148,0.008450704225352112
2241,220,2461,0.09817045961624275
120,238,358,1.9833333333333334
16,810,826,50.625
41,337,378,8.21951219512195
66,697,763,10.56060606060606
14,69,83,4.928571428571429
53,618,671,11.660377358490566
16,404,420,25.25
8,104,112,13.0
75,234,309,3.12
220,149,369,0.6772727272727272
34,75,109,2.2058823529411766
17,125,142,7.352941176470588
368,261,629,0.7092391304347826
53,360,413,6.7924528301886795
31,499,530,16.096774193548388
23,299,322,13.0
5,221,226,44.2
22,682,704,31.0
15,1041,1056,69.4
16,139,155,8.6875
17,127,144,7.470588235294118
384,352,736,0.9166666666666666
10,75,85,7.5
15,262,277,17.466666666666665
41,151,192,3.682926829268293
13,96,109,7.384615384615385
3,128,131,42.666666666666664
4,23,27,5.75
448,430,878,0.9598214285714286
22,37,59,1.6818181818181819
129,151,280,1.1705426356589148
1393,177,1570,0.12706389088298636
106,133,239,1.2547169811320755
50,385,435,7.7
93,86,179,0.9247311827956989
106,44,150,0.41509433962264153
58,71,129,1.2241379310344827
8,526,534,65.75
5,271,276,54.2
11,371,382,33.72727272727273
33,311,344,9.424242424242424
10,169,179,16.9
12,315,327,26.25
6,754,760,125.66666666666667
47,519,566,11.042553191489361
61,89,150,1.459016393442623
86,173,259,2.011627906976744
673,388,1061,0.5765230312035661
23,394,417,17.130434782608695
28,349,377,12.464285714285714
29,573,602,19.75862068965517
20,267,287,13.35
7,210,217,30.0
1269,148,1417,0.11662726556343578
25,26,51,1.04
71,33,104,0.4647887323943662
765,275,1040,0.35947712418300654
101,424,525,4.198019801980198
103,600,703,5.825242718446602
82,577,659,7.036585365853658
94,360,454,3.8297872340425534
125,883,1008,7.064
21,105,126,5.0
14,843,857,60.214285714285715
3,46,49,15.333333333333334
16,109,125,6.8125
1903,7,1910,0.0036784025223331584
684,134,818,0.195906432748538
656,511,1167,0.7789634146341463
29,458,487,15.793103448275861
16,80,96,5.0
506,342,848,0.6758893280632411
4,147,151,36.75
371,204,575,0.5498652291105122
106,209,315,1.971698113207547
18,266,284,14.777777777777779
57,697,754,12.228070175438596
3287,114,3401,0.03468208092485549
22,383,405,17.40909090909091
10,122,132,12.2
11,269,280,24.454545454545453
13,601,614,46.23076923076923
6,119,125,19.833333333333332
9,688,697,76.44444444444444
20,411,431,20.55
14,74,88,5.285714285714286
143,16,159,0.11188811188811189
68,41,109,0.6029411764705882
24,223,247,9.291666666666666
14,210,224,15.0
31,950,981,30.64516129032258
17,1041,1058,61.23529411764706
232,458,690,1.9741379310344827
15,357,372,23.8
102,939,1041,9.205882352941176
9,80,89,8.88888888888889
49,260,309,5.3061224489795915
24,242,266,10.083333333333334
9,160,169,17.77777777777778
70,195,265,2.7857142857142856
821,106,927,0.12911084043848964
12,725,737,60.416666666666664
11,309,320,28.09090909090909
14,334,348,23.857142857142858
19,274,293,14.421052631578947
148,572,720,3.864864864864865
5,255,260,51.0
805,25,830,0.031055900621118012
19,224,243,11.789473684210526
51,373,424,7.313725490196078
6,323,329,53.833333333333336
35,49,84,1.4
43,730,773,16.976744186046513
16,9,25,0.5625
3091,392,3483,0.1268197994176642
9,14,23,1.5555555555555556
47,102,149,2.1702127659574466
5,77,82,15.4
53,450,503,8.49056603773585
7,197,204,28.142857142857142
385,931,1316,2.418181818181818
27,347,374,12.851851851851851
316,920,1236,2.911392405063291
97,266,363,2.7422680412371134
20,146,166,7.3
44,781,825,17.75
664,200,864,0.30120481927710846
12,307,319,25.583333333333332
57,1013,1070,17.771929824561404
177,426,603,2.406779661016949
18,288,306,16.0
64,365,429,5.703125
206,375,581,1.8203883495145632
10,45,55,4.5
16,250,266,15.625
7,275,282,39.285714285714285
647,248,895,0.38330757341576505
10,331,341,33.1
1432,116,1548,0.08100558659217877
43,338,381,7.8604651162790695
21,535,556,25.476190476190474
16,72,88,4.5
12,198,210,16.5
1708,48,1756,0.02810304449648712
1161,606,1767,0.5219638242894057
20,400,420,20.0
203,251,454,1.2364532019704433
91,96,187,1.054945054945055
295,10,305,0.03389830508474576
9,537,546,59.666666666666664
21,358,379,17.047619047619047
42,780,822,18.571428571428573
13,403,416,31.0
11,542,553,49.27272727272727
83,195,278,2.3493975903614457
11,476,487,43.27272727272727
34,54,88,1.588235294117647
26,438,464,16.846153846153847
48,65,113,1.3541666666666667
21,1081,1102,51.476190476190474
204,591,795,2.8970588235294117
87,136,223,1.5632183908045978
67,35,102,0.5223880597014925
17,310,327,18.235294117647058
50,798,848,15.96
14,211,225,15.071428571428571
1478,296,1774,0.20027063599458728
8,169,177,21.125
12,437,449,36.416666666666664
9,233,242,25.88888888888889
571,95,666,0.16637478108581435
3,14,17,4.666666666666667
22,192,214,8.727272727272727
29,177,206,6.103448275862069
17,666,683,39.1764705882353
31,623,654,20.096774193548388
109,293,402,2.688073394495413
226,168,394,0.7433628318584071
2196,613,2809,0.279143897996357
11,479,490,43.54545454545455
498,622,1120,1.248995983935743
17,349,366,20.529411764705884
310,303,613,0.9774193548387097
13,454,467,34.92307692307692
23,444,467,19.304347826086957
46,474,520,10.304347826086957
29,342,371,11.793103448275861
11,259,270,23.545454545454547
144,35,179,0.24305555555555555
18,96,114,5.333333333333333
109,307,416,2.81651376146789
29,316,345,10.89655172413793
2643,781,3424,0.2954975406734771
35,201,236,5.742857142857143
32,426,458,13.3125
77,345,422,4.48051948051948
17,791,808,46.529411764705884
360,696,1056,1.9333333333333333
3,184,187,61.333333333333336
3284,153,3437,0.04658952496954933
3703,79,3782,0.02133405347015933
9,117,126,13.0
14,11,25,0.7857142857142857
12,350,362,29.166666666666668
15,274,289,18.266666666666666
636,261,897,0.41037735849056606
29,396,425,13.655172413793103
26,43,69,1.6538461538461537
80,1009,1089,12.6125
19,266,285,14.0
23,365,388,15.869565217391305
67,783,850,11.686567164179104
18,114,132,6.333333333333333
8,100,108,12.5
20,244,264,12.2
33,336,369,10.181818181818182
2616,93,2709,0.03555045871559633
26,7,33,0.2692307692307692
23,25,48,1.0869565217391304
42,248,290,5.904761904761905
1106,185,1291,0.16726943942133815
2677,203,2880,0.07583115427717595
51,461,512,9.03921568627451
12,298,310,24.833333333333332
9,127,136,14.11111111111111
25,749,774,29.96
39,183,222,4.6923076923076925
21,699,720,33.285714285714285
57,223,280,3.912280701754386
217,74,291,0.34101382488479265
82,219,301,2.6707317073170733
13,307,320,23.615384615384617
8,83,91,10.375
1335,167,1502,0.1250936329588015
12,165,177,13.75
19,131,150,6.894736842105263
11,166,177,15.090909090909092
48,491,539,10.229166666666666
2,12,14,6.0
53,333,386,6.283018867924528
66,65,131,0.9848484848484849
22,343,365,15.590909090909092
36,502,538,13.944444444444445
1972,184,2156,0.09330628803245436
2392,308,2700,0.12876254180602006
134,467,601,3.485074626865672
594,337,931,0.5673400673400674
44,28,72,0.6363636363636364
2718,922,3640,0.33922001471670343
22,528,550,24.0
24,782,806,32.583333333333336
40,614,654,15.35
27,366,393,13.555555555555555
88,638,726,7.25
11,366,377,33.27272727272727
42,192,234,4.571428571428571
249,124,373,0.4979919678714859
22,379,401,17.227272727272727
15,499,514,33.266666666666666
94,124,218,1.3191489361702127
46,378,424,8.217391304347826
36,256,292,7.111111111111111
17,360,377,21.176470588235293
987,459,1446,0.46504559270516715
17,87,104,5.117647058823529
6,31,37,5.166666666666667
19,118,137,6.2105263157894735
63,929,992,14.746031746031745
1355,169,1524,0.12472324723247233
77,300,377,3.896103896103896
2,12,14,6.0
71,611,682,8.605633802816902
18,538,556,29.88888888888889
19,374,393,19.68421052631579
46,530,576,11.521739130434783
66,937,1003,14.196969696969697
47,175,222,3.723404255319149
1957,28,1985,0.01430761369443025
30,424,454,14.133333333333333
66,337,403,5.106060606060606
8,313,321,39.125
146,39,185,0.2671232876712329
91,287,378,3.1538461538461537
1087,297,1384,0.2732290708371665
220,263,483,1.1954545454545455
113,266,379,2.353982300884956
77,632,709,8.207792207792208
15,192,207,12.8
12,170,182,14.166666666666666
11,495,506,45.0
102,571,673,5.598039215686274
10,131,141,13.1
49,132,181,2.693877551020408
18,505,523,28.055555555555557
280,31,311,0.11071428571428571
423,547,970,1.293144208037825
727,37,764,0.05089408528198074
9,187,196,20.77777777777778
2223,506,2729,0.2276203328834908
26,335,361,12.884615384615385
77,114,191,1.4805194805194806
34,127,161,3.735294117647059
379,181,560,0.47757255936675463
8,243,251,30.375
4,52,56,13.0
7,395,402,56.42857142857143
2,12,14,6.0
25,277,302,11.08
41,258,299,6.2926829268292686
127,121,248,0.952755905511811
2,12,14,6.0
114,421,535,3.692982456140351
12,335,347,27.916666666666668
153,29,182,0.1895424836601307
253,152,405,0.6007905138339921
37,660,697,17.83783783783784
17,220,237,12.941176470588236
231,137,368,0.5930735930735931
194,162,356,0.8350515463917526
20,400,420,20.0
409,283,692,0.6919315403422983
3,14,17,4.666666666666667
103,314,417,3.0485436893203883
335,315,650,0.9402985074626866
8,167,175,20.875
68,31,99,0.45588235294117646
20,68,88,3.4
41,98,139,2.3902439024390243
222,47,269,0.21171171171171171
1239,379,1618,0.3058918482647296
1246,10,1256,0.008025682182985553
25,162,187,6.48
4,193,197,48.25
11,215,226,19.545454545454547
9,353,362,39.22222222222222
38,758,796,19.94736842105263
93,579,672,6.225806451612903
40,682,722,17.05
13,292,305,22.46153846153846
385,657,1042,1.7064935064935065
1202,497,1699,0.413477537437604
8,86,94,10.75
2,12,14,6.0
995,953,1948,0.9577889447236181
28,220,248,7.857142857142857
17,671,688,39.470588235294116
352,158,510,0.44886363636363635
45,338,383,7.511111111111111
17,311,328,18.294117647058822
336,906,1242,2.6964285714285716
132,323,455,2.446969696969697
13,164,177,12.615384615384615
54,407,461,7.537037037037037
615,674,1289,1.0959349593495935
38,297,335,7.815789473684211
25,270,295,10.8
157,127,284,0.8089171974522293
35,334,369,9.542857142857143
563,294,857,0.522202486678508
11,205,216,18.636363636363637
43,198,241,4.604651162790698
52,929,981,17.865384615384617
21,633,654,30.142857142857142
25,351,376,14.04
9,263,272,29.22222222222222
290,244,534,0.8413793103448276
26,809,835,31.115384615384617
171,241,412,1.409356725146199
21,358,379,17.047619047619047
22,131,153,5.954545454545454
252,181,433,0.7182539682539683
10,276,286,27.6
134,440,574,3.283582089552239
1349,1089,2438,0.8072646404744255
11,162,173,14.727272727272727
21,355,376,16.904761904761905
468,236,704,0.5042735042735043
55,555,610,10.090909090909092
8,98,106,12.25
5,215,220,43.0
5,14,19,2.8
17,622,639,36.588235294117645
14,642,656,45.857142857142854
75,686,761,9.146666666666667
33,486,519,14.727272727272727
96,29,125,0.3020833333333333
22,147,169,6.681818181818182
14,370,384,26.428571428571427
41,585,626,14.268292682926829
103,263,366,2.5533980582524274
12,367,379,30.583333333333332
77,534,611,6.935064935064935
13,247,260,19.0
925,466,1391,0.5037837837837837
81,97,178,1.1975308641975309
62,311,373,5.016129032258065
10,69,79,6.9
12,49,61,4.083333333333333
11,453,464,41.18181818181818
9,132,141,14.666666666666666
25,413,438,16.52
13,221,234,17.0
15,380,395,25.333333333333332
14,490,504,35.0
254,853,1107,3.358267716535433
49,290,339,5.918367346938775
9,256,265,28.444444444444443
39,88,127,2.2564102564102564
32,107,139,3.34375
10,461,471,46.1
63,253,316,4.015873015873016
57,500,557,8.771929824561404
34,513,547,15.088235294117647
31,22,53,0.7096774193548387
93,459,552,4.935483870967742
251,939,1190,3.741035856573705
22,67,89,3.0454545454545454
13,524,537,40.30769230769231
10,282,292,28.2
21,188,209,8.952380952380953
199,97,296,0.48743718592964824
14,304,318,21.714285714285715
295,10,305,0.03389830508474576
10,94,104,9.4
441,505,946,1.145124716553288
114,10,124,0.08771929824561403
10,309,319,30.9
26,460,486,17.692307692307693
107,595,702,5.5607476635514015
44,238,282,5.409090909090909
11,280,291,25.454545454545453
515,193,708,0.37475728155339805
29,198,227,6.827586206896552
19,215,234,11.31578947368421
37,288,325,7.783783783783784
39,428,467,10.974358974358974
23,105,128,4.565217391304348
21,201,222,9.571428571428571
38,953,991,25.07894736842105
114,490,604,4.298245614035087
4,418,422,104.5
18,465,483,25.833333333333332
10,217,227,21.7
140,571,711,4.078571428571428
331,694,1025,2.096676737160121
873,543,1416,0.6219931271477663
119,114,233,0.957983193277311
136,14,150,0.10294117647058823
17,703,720,41.35294117647059
273,273,546,1.0
2048,966,3014,0.4716796875
883,478,1361,0.5413363533408834
1881,220,2101,0.11695906432748537
434,91,525,0.20967741935483872
424,317,741,0.7476415094339622
1392,250,1642,0.17959770114942528
7,465,472,66.42857142857143
20,421,441,21.05
33,353,386,10.696969696969697
18,923,941,51.27777777777778
23,322,345,14.0
9,109,118,12.11111111111111
519,208,727,0.4007707129094412
14,95,109,6.785714285714286
16,212,228,13.25
35,46,81,1.3142857142857143
499,220,719,0.4408817635270541
9,388,397,43.111111111111114
16,257,273,16.0625
21,478,499,22.761904761904763
839,943,1782,1.1239570917759236
35,827,862,23.62857142857143
4,66,70,16.5
252,208,460,0.8253968253968254
45,281,326,6.2444444444444445
101,31,132,0.3069306930693069
39,199,238,5.102564102564102
16,266,282,16.625
44,211,255,4.795454545454546
7,121,128,17.285714285714285
45,338,383,7.511111111111111
47,31,78,0.6595744680851063
166,167,333,1.0060240963855422
2,12,14,6.0
9,286,295,31.77777777777778
1141,10,1151,0.008764241893076249
2568,114,2682,0.04439252336448598
136,69,205,0.5073529411764706
29,317,346,10.931034482758621
40,745,785,18.625
3287,441,3728,0.1341648919987831
12,814,826,67.83333333333333
79,142,221,1.7974683544303798
20,267,287,13.35
14,567,581,40.5
140,172,312,1.2285714285714286
53,457,510,8.622641509433961
1159,534,1693,0.46074201898188094
17,338,355,19.88235294117647
17,551,568,32.411764705882355
14,169,183,12.071428571428571
80,324,404,4.05
173,83,256,0.4797687861271676
9,65,74,7.222222222222222
49,525,574,10.714285714285714
576,119,695,0.2065972222222222
59,381,440,6.4576271186440675
415,306,721,0.7373493975903614
156,932,1088,5.9743589743589745
648,330,978,0.5092592592592593
46,699,745,15.195652173913043
1452,844,2296,0.581267217630854
1075,889,1964,0.8269767441860465
16,397,413,24.8125
92,520,612,5.6521739130434785
12,208,220,17.333333333333332
2,7,9,3.5
198,857,1055,4.328282828282828
144,100,244,0.6944444444444444
15,212,227,14.133333333333333
167,454,621,2.718562874251497
140,865,1005,6.178571428571429
22,126,148,5.7272727272727275
33,662,695,20.060606060606062
24,112,136,4.666666666666667
44,878,922,19.954545454545453
19,405,424,21.31578947368421
10,482,492,48.2
26,370,396,14.23076923076923
92,87,179,0.9456521739130435
28,88,116,3.142857142857143
2,12,14,6.0
96,611,707,6.364583333333333
83,343,426,4.132530120481928
17,214,231,12.588235294117647
58,444,502,7.655172413793103
266,167,433,0.6278195488721805
16,269,285,16.8125
72,985,1057,13.680555555555555
50,755,805,15.1
37,149,186,4.027027027027027
7,207,214,29.571428571428573
111,684,795,6.162162162162162
34,159,193,4.676470588235294
46,628,674,13.652173913043478
32,322,354,10.0625
7,50,57,7.142857142857143
7,141,148,20.142857142857142
11,24,35,2.1818181818181817
135,139,274,1.0296296296296297
9,346,355,38.44444444444444
298,329,627,1.104026845637584
61,353,414,5.786885245901639
106,112,218,1.0566037735849056
10,14,24,1.4
270,113,383,0.4185185185185185
13,170,183,13.076923076923077
69,274,343,3.971014492753623
12,291,303,24.25
26,245,271,9.423076923076923
14,211,225,15.071428571428571
16,81,97,5.0625
14,550,564,39.285714285714285
60,451,511,7.516666666666667
10,33,43,3.3
49,195,244,3.979591836734694
20,985,1005,49.25
19,240,259,12.631578947368421
14,515,529,36.785714285714285
1358,857,2215,0.6310751104565537
38,295,333,7.7631578947368425
800,13,813,0.01625
40,48,88,1.2
3784,213,3997,0.05628964059196617
1141,10,1151,0.008764241893076249
6,91,97,15.166666666666666
2132,477,2609,0.22373358348968106
8,303,311,37.875
14,405,419,28.928571428571427
809,953,1762,1.1779975278121138
44,878,922,19.954545454545453
26,323,349,12.423076923076923
3,44,47,14.666666666666666
36,313,349,8.694444444444445
3,26,29,8.666666666666666
231,376,607,1.6277056277056277
29,366,395,12.620689655172415
62,688,750,11.096774193548388
881,136,1017,0.1543700340522134
9,195,204,21.666666666666668
259,104,363,0.4015444015444015
2,12,14,6.0
15,347,362,23.133333333333333
60,363,423,6.05
52,153,205,2.9423076923076925
62,304,366,4.903225806451613
31,360,391,11.612903225806452
11,116,127,10.545454545454545
17,104,121,6.117647058823529
348,487,835,1.3994252873563218
501,324,825,0.6467065868263473
7,70,77,10.0
1596,38,1634,0.023809523809523808
939,15,954,0.01597444089456869
171,162,333,0.9473684210526315
26,25,51,0.9615384615384616
15,423,438,28.2
12,728,740,60.666666666666664
4,84,88,21.0
243,468,711,1.9259259259259258
334,377,711,1.1287425149700598
102,282,384,2.764705882352941
7,326,333,46.57142857142857
63,310,373,4.920634920634921
16,121,137,7.5625
81,312,393,3.8518518518518516
42,291,333,6.928571428571429
17,255,272,15.0
10,420,430,42.0
6,173,179,28.833333333333332
131,421,552,3.213740458015267
31,347,378,11.193548387096774
250,117,367,0.468
2962,156,3118,0.05266711681296422
38,690,728,18.157894736842106
114,10,124,0.08771929824561403
18,341,359,18.944444444444443
30,261,291,8.7
690,100,790,0.14492753623188406
17,127,144,7.470588235294118
12,80,92,6.666666666666667
1762,504,2266,0.28603859250851305
1583,275,1858,0.1737207833228048
4,226,230,56.5
14,217,231,15.5
35,802,837,22.914285714285715
148,411,559,2.777027027027027
3028,303,3331,0.1000660501981506
15,232,247,15.466666666666667
297,356,653,1.1986531986531987
6,227,233,37.833333333333336
9,318,327,35.333333333333336
12,112,124,9.333333333333334
11,580,591,52.72727272727273
15,380,395,25.333333333333332
26,445,471,17.115384615384617
95,341,436,3.5894736842105264
23,654,677,28.434782608695652
20,184,204,9.2
812,183,995,0.22536945812807882
18,248,266,13.777777777777779
8,366,374,45.75
84,292,376,3.4761904761904763
23,93,116,4.043478260869565
76,987,1063,12.986842105263158
72,83,155,1.1527777777777777
50,260,310,5.2
33,543,576,16.454545454545453
61,521,582,8.540983606557377
13,177,190,13.615384615384615
14,272,286,19.428571428571427
13,538,551,41.38461538461539
10,53,63,5.3
28,405,433,14.464285714285714
8,306,314,38.25
298,329,627,1.104026845637584
520,136,656,0.26153846153846155
23,333,356,14.478260869565217
2211,34,2245,0.015377657168701944
46,533,579,11.58695652173913
93,322,415,3.4623655913978495
2,12,14,6.0
308,635,943,2.061688311688312
93,926,1019,9.956989247311828
31,385,416,12.419354838709678
26,47,73,1.8076923076923077
126,794,920,6.301587301587301
184,145,329,0.7880434782608695
214,927,1141,4.331775700934579
5,50,55,10.0
18,250,268,13.88888888888889
92,518,610,5.630434782608695
18,233,251,12.944444444444445
1184,254,1438,0.21452702702702703
47,332,379,7.0638297872340425
10,171,181,17.1
24,435,459,18.125
22,254,276,11.545454545454545
37,89,126,2.4054054054054053
11,77,88,7.0
710,44,754,0.061971830985915494
24,427,451,17.791666666666668
116,328,444,2.8275862068965516
16,577,593,36.0625
9,270,279,30.0
6,285,291,47.5
318,48,366,0.1509433962264151
20,209,229,10.45
8,147,155,18.375
25,365,390,14.6
19,274,293,14.421052631578947
157,534,691,3.4012738853503186
27,175,202,6.481481481481482
19,282,301,14.842105263157896
113,119,232,1.0530973451327434
2,12,14,6.0
15,489,504,32.6
1786,183,1969,0.10246360582306831
34,361,395,10.617647058823529
72,985,1057,13.680555555555555
78,478,556,6.128205128205129
37,48,85,1.2972972972972974
35,147,182,4.2
1039,719,1758,0.6920115495668913
12,453,465,37.75
14,488,502,34.857142857142854
1287,825,2112,0.6410256410256411
10,294,304,29.4
500,10,510,0.02
9,16,25,1.7777777777777777
91,268,359,2.9450549450549453
18,358,376,19.88888888888889
50,250,300,5.0
28,164,192,5.857142857142857
287,510,797,1.7770034843205575
125,418,543,3.344
93,212,305,2.2795698924731185
11,218,229,19.818181818181817
9,24,33,2.6666666666666665
23,350,373,15.217391304347826
10,521,531,52.1
12,239,251,19.916666666666668
23,122,145,5.304347826086956
45,282,327,6.266666666666667
20,42,62,2.1
48,342,390,7.125
7,21,28,3.0
114,125,239,1.0964912280701755
29,325,354,11.206896551724139
46,321,367,6.978260869565218
11,365,376,33.18181818181818
61,747,808,12.245901639344263
26,25,51,0.9615384615384616
110,35,145,0.3181818181818182
118,147,265,1.2457627118644068
1814,262,2076,0.1444321940463065
9,396,405,44.0
40,762,802,19.05
67,35,102,0.5223880597014925
67,58,125,0.8656716417910447
15,733,748,48.86666666666667
641,229,870,0.35725429017160687
362,10,372,0.027624309392265192
7,328,335,46.857142857142854
73,260,333,3.5616438356164384
6,331,337,55.166666666666664
12,226,238,18.833333333333332
94,117,211,1.2446808510638299
14,58,72,4.142857142857143
48,487,535,10.145833333333334
11,231,242,21.0
2,17,19,8.5
10,294,304,29.4
130,523,653,4.023076923076923
11,173,184,15.727272727272727
160,33,193,0.20625
100,172,272,1.72
81,281,362,3.4691358024691357
32,18,50,0.5625
35,138,173,3.942857142857143
91,659,750,7.241758241758242
59,343,402,5.813559322033898
10,71,81,7.1
23,73,96,3.1739130434782608
20,247,267,12.35
20,352,372,17.6
663,141,804,0.21266968325791855
22,256,278,11.636363636363637
23,29,52,1.2608695652173914
35,246,281,7.0285714285714285
54,582,636,10.777777777777779
45,413,458,9.177777777777777
3,12,15,4.0
3,294,297,98.0
184,145,329,0.7880434782608695
17,469,486,27.58823529411765
8,119,127,14.875
172,33,205,0.19186046511627908
46,10,56,0.21739130434782608
37,258,295,6.972972972972973
3458,523,3981,0.1512434933487565
57,696,753,12.210526315789474
17,120,137,7.0588235294117645
2664,26,2690,0.00975975975975976
338,62,400,0.1834319526627219
582,379,961,0.6512027491408935
132,462,594,3.5
1894,389,2283,0.20538542766631468
40,818,858,20.45
31,304,335,9.806451612903226
77,692,769,8.987012987012987
70,88,158,1.2571428571428571
191,367,558,1.9214659685863875
28,457,485,16.321428571428573
31,254,285,8.193548387096774
61,206,267,3.377049180327869
348,560,908,1.6091954022988506
95,401,496,4.221052631578948
6,215,221,35.833333333333336
502,192,694,0.38247011952191234
2,12,14,6.0
1391,41,1432,0.029475197699496764
14,814,828,58.142857142857146
5,84,89,16.8
162,22,184,0.13580246913580246
1744,33,1777,0.018922018348623854
308,366,674,1.1883116883116882
11,364,375,33.09090909090909
54,206,260,3.814814814814815
24,103,127,4.291666666666667
373,382,755,1.0241286863270778
205,284,489,1.3853658536585365
28,127,155,4.535714285714286
362,366,728,1.011049723756906
89,325,414,3.651685393258427
110,350,460,3.1818181818181817
250,599,849,2.396
511,7,518,0.0136986301369863
21,436,457,20.761904761904763
158,206,364,1.3037974683544304
308,704,1012,2.2857142857142856
855,118,973,0.13801169590643275
77,503,580,6.532467532467533
72,579,651,8.041666666666666
12,312,324,26.0
6,133,139,22.166666666666668
36,436,472,12.11111111111111
17,116,133,6.823529411764706
9,7,16,0.7777777777777778
37,88,125,2.3783783783783785
20,236,256,11.8
22,419,441,19.045454545454547
36,394,430,10.944444444444445
73,45,118,0.6164383561643836
339,19,358,0.05604719764011799
68,367,435,5.397058823529412
25,223,248,8.92
10,155,165,15.5
17,341,358,20.058823529411764
9,198,207,22.0
2,12,14,6.0
66,214,280,3.242424242424242
279,466,745,1.6702508960573477
13,39,52,3.0
57,228,285,4.0
13,87,100,6.6923076923076925
971,201,1172,0.2070030895983522
1313,501,1814,0.38156892612338156
191,272,463,1.4240837696335078
299,741,1040,2.4782608695652173
631,769,1400,1.2187004754358162
6,177,183,29.5
31,462,493,14.903225806451612
121,19,140,0.15702479338842976
7,264,271,37.714285714285715
100,33,133,0.33
15,357,372,23.8
13,334,347,25.692307692307693
27,653,680,24.185185185185187
8,251,259,31.375
108,274,382,2.537037037037037
18,516,534,28.666666666666668
67,251,318,3.746268656716418
22,337,359,15.318181818181818
13,386,399,29.692307692307693
26,347,373,13.346153846153847
14,171,185,12.214285714285714
108,239,347,2.212962962962963
22,224,246,10.181818181818182
728,287,1015,0.3942307692307692
52,260,312,5.0
35,220,255,6.285714285714286
31,377,408,12.161290322580646
32,322,354,10.0625
13,512,525,39.38461538461539
17,361,378,21.235294117647058
136,913,1049,6.713235294117647
28,367,395,13.107142857142858
225,28,253,0.12444444444444444
16,170,186,10.625
63,267,330,4.238095238095238
21,40,61,1.9047619047619047
3,128,131,42.666666666666664
10,399,409,39.9
13,328,341,25.23076923076923
1165,1046,2211,0.8978540772532189
16,364,380,22.75
17,53,70,3.1176470588235294
187,371,558,1.9839572192513368
11,15,26,1.3636363636363635
62,498,560,8.03225806451613
3,181,184,60.333333333333336
38,116,154,3.0526315789473686
1886,571,2457,0.30275715800636266
24,225,249,9.375
18,424,442,23.555555555555557
30,59,89,1.9666666666666666
25,34,59,1.36
16,373,389,23.3125
117,572,689,4.888888888888889
565,180,745,0.3185840707964602
88,322,410,3.659090909090909
163,534,697,3.276073619631902
89,127,216,1.4269662921348314
241,213,454,0.8838174273858921
15,539,554,35.93333333333333
167,335,502,2.0059880239520957
14,384,398,27.428571428571427
6,119,125,19.833333333333332
212,679,891,3.202830188679245
11,208,219,18.90909090909091
20,255,275,12.75
40,693,733,17.325
9,260,269,28.88888888888889
12,930,942,77.5
8,138,146,17.25
15,279,294,18.6
7,65,72,9.285714285714286
133,513,646,3.857142857142857
26,316,342,12.153846153846153
1185,78,1263,0.06582278481012659
86,224,310,2.604651162790698
1640,942,2582,0.574390243902439
9,118,127,13.11111111111111
2056,296,2352,0.14396887159533073
271,510,781,1.881918819188192
461,284,745,0.6160520607375272
4,756,760,189.0
12,285,297,23.75
334,276,610,0.8263473053892215
7,218,225,31.142857142857142
11,316,327,28.727272727272727
1744,431,2175,0.24713302752293578
18,280,298,15.555555555555555
612,148,760,0.24183006535947713
191,450,641,2.356020942408377
16,375,391,23.4375
57,270,327,4.7368421052631575
10,343,353,34.3
16,242,258,15.125
36,270,306,7.5
16,120,136,7.5
50,301,351,6.02
407,652,1059,1.601965601965602
1142,578,1720,0.5061295971978984
3,14,17,4.666666666666667
1548,198,1746,0.12790697674418605
230,831,1061,3.6130434782608694
21,280,301,13.333333333333334
1423,119,1542,0.08362614195361912
35,675,710,19.285714285714285
2356,884,3240,0.37521222410865873
67,241,308,3.5970149253731343
7,5,12,0.7142857142857143
3361,407,3768,0.12109491222850342
106,308,414,2.9056603773584904
20,495,515,24.75
18,299,317,16.61111111111111
34,39,73,1.1470588235294117
19,74,93,3.8947368421052633
9,54,63,6.0
1199,422,1621,0.3519599666388657
29,65,94,2.2413793103448274
16,23,39,1.4375
92,186,278,2.0217391304347827
160,615,775,3.84375
25,751,776,30.04
25,540,565,21.6
57,234,291,4.105263157894737
29,254,283,8.758620689655173
50,1019,1069,20.38
16,114,130,7.125
129,423,552,3.2790697674418605
1199,592,1791,0.493744787322769
9,132,141,14.666666666666666
15,140,155,9.333333333333334
212,369,581,1.740566037735849
9,529,538,58.77777777777778
44,219,263,4.9772727272727275
8,283,291,35.375
190,396,586,2.0842105263157893
12,103,115,8.583333333333334
9,644,653,71.55555555555556
48,760,808,15.833333333333334
390,163,553,0.41794871794871796
282,688,970,2.4397163120567376
8,22,30,2.75
125,1100,1225,8.8
5,333,338,66.6
31,87,118,2.806451612903226
9,392,401,43.55555555555556
7,569,576,81.28571428571429
317,377,694,1.1892744479495267
244,576,820,2.360655737704918
52,207,259,3.980769230769231
786,299,1085,0.38040712468193383
23,690,713,30.0
24,831,855,34.625
53,333,386,6.283018867924528
157,143,300,0.910828025477707
50,334,384,6.68
71,628,699,8.845070422535212
45,391,436,8.688888888888888
434,431,865,0.9930875576036866
20,35,55,1.75
352,688,1040,1.9545454545454546
388,364,752,0.9381443298969072
25,34,59,1.36
14,20,34,1.4285714285714286
10,210,220,21.0
280,183,463,0.6535714285714286
22,548,570,24.90909090909091
9,467,476,51.888888888888886
12,175,187,14.583333333333334
733,375,1108,0.5115961800818554
82,383,465,4.670731707317073
41,391,432,9.536585365853659
79,92,171,1.1645569620253164
1123,235,1358,0.20926090828138913
58,71,129,1.2241379310344827
1012,584,1596,0.5770750988142292
7,144,151,20.571428571428573
70,25,95,0.35714285714285715
24,660,684,27.5
1193,162,1355,0.1357921207041073
49,461,510,9.408163265306122
9,127,136,14.11111111111111
1219,581,1800,0.47662018047579985
40,403,443,10.075
13,210,223,16.153846153846153
14,538,552,38.42857142857143
15,546,561,36.4
7,66,73,9.428571428571429
114,425,539,3.7280701754385963
3,12,15,4.0
136,445,581,3.2720588235294117
18,295,313,16.38888888888889
15,57,72,3.8
12,68,80,5.666666666666667
892,312,1204,0.34977578475336324
25,311,336,12.44
18,479,497,26.61111111111111
13,347,360,26.692307692307693
28,839,867,29.964285714285715
24,222,246,9.25
7,132,139,18.857142857142858
1155,533,1688,0.4614718614718615
28,325,353,11.607142857142858
322,460,782,1.4285714285714286
11,866,877,78.72727272727273
47,685,732,14.574468085106384
13,239,252,18.384615384615383
17,847,864,49.8235294117647
12,162,174,13.5
20,342,362,17.1
18,49,67,2.7222222222222223
1655,67,1722,0.0404833836858006
20,756,776,37.8
3,13,16,4.333333333333333
41,63,104,1.5365853658536586
875,511,1386,0.584
414,357,771,0.8623188405797102
15,286,301,19.066666666666666
16,570,586,35.625
497,613,1110,1.233400402414487
14,146,160,10.428571428571429
1921,118,2039,0.0614263404476835
253,267,520,1.0553359683794465
13,423,436,32.53846153846154
4,66,70,16.5
7,223,230,31.857142857142858
164,363,527,2.2134146341463414
6,60,66,10.0
757,604,1361,0.797886393659181
6,706,712,117.66666666666667
8,278,286,34.75
25,969,994,38.76
70,309,379,4.414285714285715
258,420,678,1.627906976744186
62,409,471,6.596774193548387
13,400,413,30.76923076923077
26,386,412,14.846153846153847
16,431,447,26.9375
2,12,14,6.0
24,324,348,13.5
787,30,817,0.03811944091486658
12,284,296,23.666666666666668
154,465,619,3.0194805194805197
10,126,136,12.6
85,825,910,9.705882352941176
83,456,539,5.493975903614458
8,215,223,26.875
15,273,288,18.2
141,231,372,1.6382978723404256
32,7,39,0.21875
3,98,101,32.666666666666664
23,468,491,20.347826086956523
40,48,88,1.2
15,463,478,30.866666666666667
153,642,795,4.196078431372549
89,59,148,0.6629213483146067
14,280,294,20.0
8,346,354,43.25
53,941,994,17.754716981132077
18,344,362,19.11111111111111
12,517,529,43.083333333333336
1,944,945,944.0
13,255,268,19.615384615384617
14,244,258,17.428571428571427
40,71,111,1.775
11,346,357,31.454545454545453
26,206,232,7.923076923076923
19,261,280,13.736842105263158
475,15,490,0.031578947368421054
132,810,942,6.136363636363637
89,584,673,6.561797752808989
1093,202,1295,0.1848124428179323
22,632,654,28.727272727272727
67,472,539,7.044776119402985
153,621,774,4.0588235294117645
13,332,345,25.53846153846154
6,26,32,4.333333333333333
85,112,197,1.3176470588235294
173,141,314,0.815028901734104
35,95,130,2.7142857142857144
1225,243,1468,0.1983673469387755
3973,13,3986,0.0032720865844450037
67,38,105,0.5671641791044776
40,437,477,10.925
36,191,227,5.305555555555555
1167,867,2034,0.7429305912596401
16,300,316,18.75
486,617,1103,1.2695473251028806
16,244,260,15.25
883,291,1174,0.32955832389580975
14,290,304,20.714285714285715
18,411,429,22.833333333333332
40,26,66,0.65
251,178,429,0.7091633466135459
536,132,668,0.2462686567164179
232,95,327,0.40948275862068967
41,555,596,13.536585365853659
313,281,594,0.8977635782747604
14,273,287,19.5
516,321,837,0.622093023255814
2222,927,3149,0.4171917191719172
57,304,361,5.333333333333333
147,368,515,2.503401360544218
59,553,612,9.372881355932204
96,12,108,0.125
402,155,557,0.3855721393034826
158,146,304,0.9240506329113924
22,807,829,36.68181818181818
20,369,389,18.45
44,39,83,0.8863636363636364
30,455,485,15.166666666666666
22,417,439,18.954545454545453
15,92,107,6.133333333333334
41,143,184,3.4878048780487805
23,242,265,10.521739130434783
783,176,959,0.2247765006385696
136,14,150,0.10294117647058823
20,282,302,14.1
21,173,194,8.238095238095237
395,755,1150,1.9113924050632911
11,619,630,56.27272727272727
82,151,233,1.8414634146341464
87,214,301,2.4597701149425286
6,217,223,36.166666666666664
3,12,15,4.0
223,37,260,0.16591928251121077
44,546,590,12.409090909090908
29,200,229,6.896551724137931
2013,61,2074,0.030303030303030304
2,12,14,6.0
70,101,171,1.4428571428571428
840,10,850,0.011904761904761904
10,153,163,15.3
222,46,268,0.2072072072072072
48,30,78,0.625
47,151,198,3.2127659574468086
36,140,176,3.888888888888889
52,249,301,4.788461538461538
30,849,879,28.3
9,460,469,51.111111111111114
6,43,49,7.166666666666667
9,83,92,9.222222222222221
1448,351,1799,0.24240331491712708
39,461,500,11.820512820512821
83,805,888,9.698795180722891
696,600,1296,0.8620689655172413
81,161,242,1.9876543209876543
1854,432,2286,0.23300970873786409
306,320,626,1.0457516339869282
22,285,307,12.954545454545455
22,374,396,17.0
8,103,111,12.875
22,447,469,20.318181818181817
10,125,135,12.5
7,17,24,2.4285714285714284
32,351,383,10.96875
33,153,186,4.636363636363637
38,20,58,0.5263157894736842
11,71,82,6.454545454545454
1290,964,2254,0.7472868217054264
36,53,89,1.4722222222222223
127,856,983,6.74015748031496
127,315,442,2.4803149606299213
21,363,384,17.285714285714285
21,396,417,18.857142857142858
252,433,685,1.7182539682539681
765,311,1076,0.4065359477124183
169,449,618,2.6568047337278107
3173,251,3424,0.07910494799873936
20,376,396,18.8
16,34,50,2.125
45,339,384,7.533333333333333
15,85,100,5.666666666666667
60,764,824,12.733333333333333
38,519,557,13.657894736842104
1298,570,1868,0.4391371340523883
2429,132,2561,0.054343351173322355
14,350,364,25.0
45,253,298,5.622222222222222
104,147,251,1.4134615384615385
214,14,228,0.06542056074766354
3,52,55,17.333333333333332
986,208,1194,0.21095334685598377
53,202,255,3.811320754716981
728,73,801,0.10027472527472528
17,119,136,7.0
76,987,1063,12.986842105263158
15,211,226,14.066666666666666
34,50,84,1.4705882352941178
18,607,625,33.72222222222222
68,244,312,3.588235294117647
9,423,432,47.0
17,190,207,11.176470588235293
7,237,244,33.857142857142854
100,377,477,3.77
87,88,175,1.0114942528735633
725,358,1083,0.49379310344827587
6,94,100,15.666666666666666
42,489,531,11.642857142857142
44,63,107,1.4318181818181819
177,729,906,4.11864406779661
70,265,335,3.7857142857142856
72,412,484,5.722222222222222
42,159,201,3.7857142857142856
28,494,522,17.642857142857142
1219,581,1800,0.47662018047579985
5,180,185,36.0
57,863,920,15.140350877192983
14,329,343,23.5
4,12,16,3.0
168,21,189,0.125
15,153,168,10.2
14,290,304,20.714285714285715
32,407,439,12.71875
9,446,455,49.55555555555556
15,7,22,0.4666666666666667
79,22,101,0.27848101265822783
1744,37,1781,0.02121559633027523
9,164,173,18.22222222222222
32,319,351,9.96875
12,165,177,13.75
192,285,477,1.484375
70,707,777,10.1
25,28,53,1.12
81,351,432,4.333333333333333
16,268,284,16.75
20,315,335,15.75
294,10,304,0.034013605442176874
12,139,151,11.583333333333334
3,166,169,55.333333333333336
47,504,551,10.72340425531915
44,429,473,9.75
65,458,523,7.046153846153846
13,91,104,7.0
33,488,521,14.787878787878787
2,50,52,25.0
169,181,350,1.0710059171597632
16,192,208,12.0
1270,332,1602,0.2614173228346457
607,248,855,0.4085667215815486
511,6,517,0.011741682974559686
15,282,297,18.8
11,291,302,26.454545454545453
3031,209,3240,0.06895414054767403
23,116,139,5.043478260869565
30,687,717,22.9
22,225,247,10.227272727272727
161,245,406,1.5217391304347827
12,292,304,24.333333333333332
2,12,14,6.0
10,471,481,47.1
23,1024,1047,44.52173913043478
204,323,527,1.5833333333333333
26,341,367,13.115384615384615
11,381,392,34.63636363636363
74,482,556,6.513513513513513
17,390,407,22.941176470588236
664,39,703,0.058734939759036146
29,196,225,6.758620689655173
24,431,455,17.958333333333332
11,31,42,2.8181818181818183
66,476,542,7.212121212121212
741,962,1703,1.2982456140350878
28,286,314,10.214285714285714
69,565,634,8.18840579710145
5,40,45,8.0
2,370,372,185.0
24,460,484,19.166666666666668
234,436,670,1.8632478632478633
7,564,571,80.57142857142857
2,33,35,16.5
34,748,782,22.0
28,326,354,11.642857142857142
366,654,1020,1.7868852459016393
12,221,233,18.416666666666668
14,85,99,6.071428571428571
158,315,473,1.9936708860759493
198,857,1055,4.328282828282828
514,403,917,0.7840466926070039
1221,101,1322,0.08271908271908272
56,531,587,9.482142857142858
684,906,1590,1.3245614035087718
11,260,271,23.636363636363637
16,140,156,8.75
10,442,452,44.2
336,56,392,0.16666666666666666
177,135,312,0.7627118644067796
33,837,870,25.363636363636363
902,28,930,0.031042128603104215
65,198,263,3.046153846153846
21,31,52,1.4761904761904763
443,610,1053,1.3769751693002257
788,800,1588,1.015228426395939
76,269,345,3.539473684210526
11,260,271,23.636363636363637
14,429,443,30.642857142857142
25,210,235,8.4
132,701,833,5.3106060606060606
2,14,16,7.0
47,36,83,0.7659574468085106
27,457,484,16.925925925925927
1736,191,1927,0.11002304147465437
43,296,339,6.883720930232558
42,304,346,7.238095238095238
9,396,405,44.0
14,189,203,13.5
547,181,728,0.33089579524680074
131,6,137,0.04580152671755725
267,158,425,0.5917602996254682
183,35,218,0.1912568306010929
16,361,377,22.5625
31,280,311,9.03225806451613
46,409,455,8.891304347826088
54,278,332,5.148148148148148
178,509,687,2.859550561797753
57,261,318,4.578947368421052
12,58,70,4.833333333333333
8,148,156,18.5
78,736,814,9.435897435897436
22,29,51,1.3181818181818181
8,28,36,3.5
57,690,747,12.105263157894736
12,334,346,27.833333333333332
5,184,189,36.8
26,25,51,0.9615384615384616
48,472,520,9.833333333333334
830,312,1142,0.3759036144578313
251,117,368,0.46613545816733065
48,323,371,6.729166666666667
9,15,24,1.6666666666666667
1648,296,1944,0.1796116504854369
22,193,215,8.772727272727273
31,420,451,13.548387096774194
1281,6,1287,0.00468384074941452
17,605,622,35.588235294117645
23,859,882,37.34782608695652
140,424,564,3.0285714285714285
1590,272,1862,0.1710691823899371
77,20,97,0.2597402597402597
1687,877,2564,0.5198577356253705
4,93,97,23.25
15,317,332,21.133333333333333
15,195,210,13.0
20,314,334,15.7
38,635,673,16.710526315789473
800,1042,1842,1.3025
269,739,1008,2.7472118959107807
586,101,687,0.17235494880546076
16,554,570,34.625
214,849,1063,3.967289719626168
61,353,414,5.786885245901639
20,220,240,11.0
32,408,440,12.75
1106,120,1226,0.10849909584086799
6,742,748,123.66666666666667
34,45,79,1.3235294117647058
867,301,1168,0.34717416378316035
27,411,438,15.222222222222221
25,480,505,19.2
35,719,754,20.542857142857144
9,801,810,89.0
7,147,154,21.0
68,369,437,5.426470588235294
1293,477,1770,0.3689095127610209
40,48,88,1.2
19,161,180,8.473684210526315
8,249,257,31.125
45,23,68,0.5111111111111111
32,832,864,26.0
242,243,485,1.0041322314049588
60,104,164,1.7333333333333334
41,422,463,10.292682926829269
16,281,297,17.5625
765,512,1277,0.6692810457516339
204,431,635,2.1127450980392157
8,641,649,80.125
12,291,303,24.25
1001,93,1094,0.09290709290709291
16,75,91,4.6875
1763,931,2694,0.5280771412365286
486,157,643,0.3230452674897119
75,142,217,1.8933333333333333
30,573,603,19.1
6,87,93,14.5
6,276,282,46.0
110,35,145,0.3181818181818182
147,400,547,2.7210884353741496
101,420,521,4.158415841584159
11,286,297,26.0
55,732,787,13.309090909090909
1488,4,1492,0.002688172043010753
43,30,73,0.6976744186046512
13,197,210,15.153846153846153
12,24,36,2.0
53,42,95,0.7924528301886793
92,413,505,4.489130434782608
40,45,85,1.125
1313,501,1814,0.38156892612338156
20,109,129,5.45
204,558,762,2.735294117647059
27,39,66,1.4444444444444444
52,275,327,5.288461538461538
469,623,1092,1.328358208955224
32,796,828,24.875
1221,499,1720,0.4086814086814087
19,293,312,15.421052631578947
39,621,660,15.923076923076923
9,51,60,5.666666666666667
1255,693,1948,0.552191235059761
37,510,547,13.783783783783784
38,442,480,11.631578947368421
2752,692,3444,0.251453488372093
19,99,118,5.2105263157894735
113,481,594,4.256637168141593
10,130,140,13.0
40,51,91,1.275
45,44,89,0.9777777777777777
9,58,67,6.444444444444445
21,851,872,40.523809523809526
13,413,426,31.76923076923077
13,45,58,3.4615384615384617
322,406,728,1.2608695652173914
11,400,411,36.36363636363637
26,40,66,1.5384615384615385
19,257,276,13.526315789473685
48,580,628,12.083333333333334
20,294,314,14.7
29,436,465,15.03448275862069
110,799,909,7.263636363636364
384,106,490,0.2760416666666667
20,260,280,13.0
61,196,257,3.2131147540983607
227,318,545,1.4008810572687225
77,320,397,4.1558441558441555
146,668,814,4.575342465753424
50,430,480,8.6
101,341,442,3.376237623762376
102,697,799,6.833333333333333
172,33,205,0.19186046511627908
166,49,215,0.29518072289156627
109,215,324,1.9724770642201834
16,198,214,12.375
130,33,163,0.25384615384615383
18,190,208,10.555555555555555
69,266,335,3.8550724637681157
26,363,389,13.961538461538462
358,396,754,1.106145251396648
1255,41,1296,0.03266932270916335
57,27,84,0.47368421052631576
13,320,333,24.615384615384617
17,46,63,2.7058823529411766
49,490,539,10.0
1323,550,1873,0.41572184429327286
19,267,286,14.052631578947368
12,627,639,52.25
40,798,838,19.95
328,236,564,0.7195121951219512
5,5,10,1.0
204,155,359,0.7598039215686274
49,739,788,15.081632653061224
24,757,781,31.541666666666668
57,369,426,6.473684210526316
86,1032,1118,12.0
18,360,378,20.0
34,106,140,3.1176470588235294
2313,10,2323,0.00432338953739732
53,315,368,5.943396226415095
139,42,181,0.302158273381295
2,12,14,6.0
12,228,240,19.0
130,536,666,4.123076923076923
1423,288,1711,0.20238931834153198
16,139,155,8.6875
32,110,142,3.4375
38,23,61,0.6052631578947368
62,306,368,4.935483870967742
576,10,586,0.017361111111111112
34,421,455,12.382352941176471
22,119,141,5.409090909090909
101,456,557,4.514851485148514
3,12,15,4.0
38,290,328,7.631578947368421
229,277,506,1.2096069868995634
18,412,430,22.88888888888889
9,167,176,18.555555555555557
23,243,266,10.565217391304348
292,629,921,2.154109589041096
108,381,489,3.5277777777777777
47,443,490,9.425531914893616
2350,298,2648,0.12680851063829787
18,440,458,24.444444444444443
22,389,411,17.681818181818183
123,403,526,3.2764227642276422
28,602,630,21.5
1538,363,1901,0.23602080624187255
806,521,1327,0.6464019851116626
74,518,592,7.0
353,246,599,0.6968838526912181
2,759,761,379.5
81,436,517,5.382716049382716
1110,202,1312,0.18198198198198198
266,314,580,1.1804511278195489
157,534,691,3.4012738853503186
47,321,368,6.829787234042553
48,760,808,15.833333333333334
22,426,448,19.363636363636363
2754,165,2919,0.05991285403050109
472,433,905,0.9173728813559322
545,191,736,0.3504587155963303
93,652,745,7.010752688172043
61,747,808,12.245901639344263
22,153,175,6.954545454545454
40,48,88,1.2
9,311,320,34.55555555555556
24,53,77,2.2083333333333335
12,154,166,12.833333333333334
15,193,208,12.866666666666667
6,482,488,80.33333333333333
214,261,475,1.219626168224299
80,403,483,5.0375
56,509,565,9.089285714285714
87,730,817,8.39080459770115
15,463,478,30.866666666666667
8,177,185,22.125
14,353,367,25.214285714285715
104,93,197,0.8942307692307693
10,265,275,26.5
12,527,539,43.916666666666664
32,173,205,5.40625
629,792,1421,1.259141494435612
55,98,153,1.7818181818181817
25,272,297,10.88
2,12,14,6.0
12,321,333,26.75
10,259,269,25.9
2,12,14,6.0
1139,1089,2228,0.9561018437225637
2,16,18,8.0
765,18,783,0.023529411764705882
21,275,296,13.095238095238095
1763,458,2221,0.2597844583096994
11,395,406,35.90909090909091
35,398,433,11.371428571428572
722,596,1318,0.8254847645429363
230,350,580,1.5217391304347827
14,331,345,23.642857142857142
20,158,178,7.9
31,425,456,13.709677419354838
10,17,27,1.7
16,160,176,10.0
13,313,326,24.076923076923077
79,678,757,8.582278481012658
74,372,446,5.027027027027027
60,484,544,8.066666666666666
21,479,500,22.80952380952381
12,848,860,70.66666666666667
76,334,410,4.394736842105263
31,353,384,11.387096774193548
6,170,176,28.333333333333332
709,521,1230,0.7348377997179125
12,439,451,36.583333333333336
312,179,491,0.5737179487179487
621,404,1025,0.6505636070853462
14,532,546,38.0
800,1042,1842,1.3025
10,40,50,4.0
17,380,397,22.352941176470587
8,328,336,41.0
13,465,478,35.76923076923077
35,1123,1158,32.08571428571429
19,381,400,20.05263157894737
38,340,378,8.947368421052632
45,42,87,0.9333333333333333
85,282,367,3.3176470588235296
57,36,93,0.631578947368421
54,255,309,4.722222222222222
1503,880,2383,0.5854956753160346
87,327,414,3.7586206896551726
24,527,551,21.958333333333332
57,229,286,4.017543859649122
46,107,153,2.3260869565217392
49,133,182,2.7142857142857144
8,249,257,31.125
25,338,363,13.52
11,297,308,27.0
20,172,192,8.6
22,240,262,10.909090909090908
118,898,1016,7.610169491525424
340,131,471,0.38529411764705884
35,176,211,5.0285714285714285
24,435,459,18.125
18,393,411,21.833333333333332
35,256,291,7.314285714285714
55,757,812,13.763636363636364
306,656,962,2.1437908496732025
50,467,517,9.34
19,407,426,21.42105263157895
3,451,454,150.33333333333334
98,36,134,0.3673469387755102
21,321,342,15.285714285714286
10,324,334,32.4
18,394,412,21.88888888888889
156,932,1088,5.9743589743589745
10,175,185,17.5
13,514,527,39.53846153846154
137,26,163,0.1897810218978102
329,394,723,1.1975683890577509
12,144,156,12.0
409,402,811,0.9828850855745721
11,303,314,27.545454545454547
43,31,74,0.7209302325581395
1571,652,2223,0.41502227880331
517,370,887,0.7156673114119922
3288,223,3511,0.06782238442822384
210,93,303,0.44285714285714284
33,253,286,7.666666666666667
13,560,573,43.07692307692308
226,986,1212,4.3628318584070795
1553,392,1945,0.2524146812620734
28,1003,1031,35.82142857142857
19,355,374,18.68421052631579
11,312,323,28.363636363636363
1740,145,1885,0.08333333333333333
3,665,668,221.66666666666666
19,221,240,11.631578947368421
24,435,459,18.125
78,956,1034,12.256410256410257
51,65,116,1.2745098039215685
70,31,101,0.44285714285714284
13,182,195,14.0
12,521,533,43.416666666666664
10,290,300,29.0
6,252,258,42.0
1107,793,1900,0.7163504968383018
813,519,1332,0.6383763837638377
1956,272,2228,0.1390593047034765
1363,771,2134,0.5656639765223771
111,311,422,2.8018018018018016
20,645,665,32.25
528,120,648,0.22727272727272727
22,704,726,32.0
21,416,437,19.80952380952381
53,479,532,9.037735849056604
28,66,94,2.357142857142857
6,510,516,85.0
12,654,666,54.5
104,704,808,6.769230769230769
78,42,120,0.5384615384615384
11,285,296,25.90909090909091
107,576,683,5.383177570093458
13,134,147,10.307692307692308
10,142,152,14.2
21,237,258,11.285714285714286
22,303,325,13.772727272727273
24,371,395,15.458333333333334
32,338,370,10.5625
51,356,407,6.980392156862745
52,604,656,11.615384615384615
15,204,219,13.6
27,517,544,19.14814814814815
12,14,26,1.1666666666666667
5,14,19,2.8
427,10,437,0.0234192037470726
26,14,40,0.5384615384615384
2,12,14,6.0
444,588,1032,1.3243243243243243
29,254,283,8.758620689655173
54,22,76,0.4074074074074074
43,448,491,10.418604651162791
16,242,258,15.125
36,604,640,16.77777777777778
33,102,135,3.090909090909091
124,349,473,2.814516129032258
20,935,955,46.75
29,395,424,13.620689655172415
6,7,13,1.1666666666666667
11,353,364,32.09090909090909
138,278,416,2.0144927536231885
27,39,66,1.4444444444444444
14,334,348,23.857142857142858
1070,9,1079,0.008411214953271028
543,464,1007,0.85451197053407
13,286,299,22.0
7,328,335,46.857142857142854
29,593,622,20.448275862068964
15,287,302,19.133333333333333
2966,115,3081,0.038772757923128794
9,673,682,74.77777777777777
462,1331,1793,2.880952380952381
1221,15,1236,0.012285012285012284
12,402,414,33.5
57,321,378,5.631578947368421
123,307,430,2.4959349593495936
222,28,250,0.12612612612612611
136,311,447,2.286764705882353
144,402,546,2.7916666666666665
94,255,349,2.7127659574468086
18,256,274,14.222222222222221
6,42,48,7.0
12,72,84,6.0
19,348,367,18.31578947368421
20,544,564,27.2
136,240,376,1.7647058823529411
262,865,1127,3.301526717557252
43,198,241,4.604651162790698
17,1060,1077,62.35294117647059
18,953,971,52.94444444444444
23,212,235,9.217391304347826
138,670,808,4.855072463768116
313,1095,1408,3.498402555910543
150,683,833,4.553333333333334
21,350,371,16.666666666666668
56,408,464,7.285714285714286
1508,1016,2524,0.6737400530503979
10,284,294,28.4
2,12,14,6.0
73,732,805,10.027397260273972
96,78,174,0.8125
467,957,1424,2.0492505353319057
15,51,66,3.4
27,170,197,6.296296296296297
8,433,441,54.125
236,90,326,0.3813559322033898
1687,88,1775,0.05216360403082395
451,291,742,0.6452328159645233
229,398,627,1.737991266375546
10,38,48,3.8
11,445,456,40.45454545454545
19,281,300,14.789473684210526
2,12,14,6.0
17,246,263,14.470588235294118
14,456,470,32.57142857142857
37,71,108,1.9189189189189189
18,7,25,0.3888888888888889
2246,212,2458,0.0943900267141585
77,501,578,6.5064935064935066
155,794,949,5.122580645161291
1800,195,1995,0.10833333333333334
53,10,63,0.18867924528301888
220,149,369,0.6772727272727272
139,229,368,1.6474820143884892
107,23,130,0.21495327102803738
2554,223,2777,0.08731401722787784
6,274,280,45.666666666666664
57,71,128,1.2456140350877194
125,680,805,5.44
8,239,247,29.875
73,462,535,6.328767123287672
11,428,439,38.90909090909091
1091,684,1775,0.6269477543538039
26,26,52,1.0
48,180,228,3.75
10,331,341,33.1
710,352,1062,0.49577464788732395
1886,174,2060,0.09225874867444327
69,69,138,1.0
218,94,312,0.43119266055045874
17,835,852,49.11764705882353
20,221,241,11.05
43,31,74,0.7209302325581395
41,555,596,13.536585365853659
23,260,283,11.304347826086957
1162,317,1479,0.2728055077452668
576,10,586,0.017361111111111112
146,475,621,3.2534246575342465
54,314,368,5.814814814814815
2,12,14,6.0
2,26,28,13.0
274,693,967,2.5291970802919708
10,75,85,7.5
47,321,368,6.829787234042553
98,112,210,1.1428571428571428
20,203,223,10.15
28,265,293,9.464285714285714
394,783,1177,1.9873096446700507
55,396,451,7.2
1240,33,1273,0.02661290322580645
30,426,456,14.2
6,142,148,23.666666666666668
6,100,106,16.666666666666668
22,718,740,32.63636363636363
10,14,24,1.4
2,7,9,3.5
310,229,539,0.7387096774193549
10,300,310,30.0
1756,318,2074,0.18109339407744876
10,324,334,32.4
1135,328,1463,0.2889867841409692
238,340,578,1.4285714285714286
102,21,123,0.20588235294117646
11,128,139,11.636363636363637
2797,31,2828,0.011083303539506614
14,328,342,23.428571428571427
11,231,242,21.0
470,150,620,0.3191489361702128
12,451,463,37.583333333333336
23,752,775,32.69565217391305
3,56,59,18.666666666666668
59,793,852,13.440677966101696
1354,962,2316,0.7104874446085672
9,57,66,6.333333333333333
22,148,170,6.7272727272727275
34,55,89,1.6176470588235294
13,102,115,7.846153846153846
3071,329,3400,0.10713122761315533
782,306,1088,0.391304347826087
106,67,173,0.6320754716981132
24,601,625,25.041666666666668
118,434,552,3.6779661016949152
2748,59,2807,0.021470160116448325
997,141,1138,0.14142427281845538
18,110,128,6.111111111111111
64,255,319,3.984375
30,382,412,12.733333333333333
15,230,245,15.333333333333334
271,19,290,0.07011070110701106
66,467,533,7.075757575757576
5,34,39,6.8
274,958,1232,3.4963503649635035
54,524,578,9.703703703703704
22,392,414,17.818181818181817
55,320,375,5.818181818181818
56,359,415,6.410714285714286
2292,269,2561,0.11736474694589878
42,195,237,4.642857142857143
56,56,112,1.0
20,175,195,8.75
339,24,363,0.07079646017699115
97,90,187,0.9278350515463918
1034,986,2020,0.9535783365570599
161,239,400,1.484472049689441
39,673,712,17.256410256410255
22,409,431,18.59090909090909
144,472,616,3.2777777777777777
25,435,460,17.4
10,16,26,1.6
617,709,1326,1.1491085899513775
12,89,101,7.416666666666667
2749,1016,3765,0.36958894143324844
13,238,251,18.307692307692307
2047,899,2946,0.43917928676111384
9,425,434,47.22222222222222
5,169,174,33.8
43,183,226,4.255813953488372
6,199,205,33.166666666666664
55,45,100,0.8181818181818182
2392,249,2641,0.10409698996655518
350,115,465,0.32857142857142857
18,130,148,7.222222222222222
68,706,774,10.382352941176471
6,195,201,32.5
15,445,460,29.666666666666668
35,53,88,1.5142857142857142
10,27,37,2.7
35,840,875,24.0
146,39,185,0.2671232876712329
2569,127,2696,0.04943557804593227
11,155,166,14.090909090909092
43,570,613,13.255813953488373
145,433,578,2.986206896551724
17,341,358,20.058823529411764
150,186,336,1.24
17,197,214,11.588235294117647
234,371,605,1.5854700854700854
16,202,218,12.625
50,858,908,17.16
15,100,115,6.666666666666667
8,281,289,35.125
7,211,218,30.142857142857142
12,280,292,23.333333333333332
25,41,66,1.64
25,48,73,1.92
6,202,208,33.666666666666664
10,438,448,43.8
367,498,865,1.3569482288828338
597,871,1468,1.4589614740368508
31,395,426,12.741935483870968
8,553,561,69.125
9,504,513,56.0
2478,251,2729,0.10129136400322841
8,767,775,95.875
26,14,40,0.5384615384615384
6,103,109,17.166666666666668
3,12,15,4.0
8,122,130,15.25
43,81,124,1.8837209302325582
7,15,22,2.142857142857143
38,404,442,10.631578947368421
28,377,405,13.464285714285714
15,119,134,7.933333333333334
14,144,158,10.285714285714286
8,403,411,50.375
83,991,1074,11.939759036144578
26,392,418,15.076923076923077
21,39,60,1.8571428571428572
10,370,380,37.0
4,418,422,104.5
14,80,94,5.714285714285714
17,70,87,4.117647058823529
19,355,374,18.68421052631579
9,241,250,26.77777777777778
9,620,629,68.88888888888889
18,106,124,5.888888888888889
15,362,377,24.133333333333333
11,150,161,13.636363636363637
23,410,433,17.82608695652174
58,471,529,8.120689655172415
203,210,413,1.0344827586206897
2435,29,2464,0.01190965092402464
34,178,212,5.235294117647059
33,395,428,11.969696969696969
19,90,109,4.7368421052631575
2,12,14,6.0
13,387,400,29.76923076923077
25,292,317,11.68
10,214,224,21.4
20,428,448,21.4
155,356,511,2.296774193548387
29,74,103,2.5517241379310347
10,245,255,24.5
19,132,151,6.947368421052632
3391,445,3836,0.1312297257446181
186,50,236,0.26881720430107525
23,752,775,32.69565217391305
15,209,224,13.933333333333334
158,529,687,3.348101265822785
15,307,322,20.466666666666665
10,442,452,44.2
6,37,43,6.166666666666667
11,251,262,22.818181818181817
27,655,682,24.25925925925926
2238,191,2429,0.08534405719392314
12,239,251,19.916666666666668
102,323,425,3.1666666666666665
103,95,198,0.9223300970873787
16,266,282,16.625
7,118,125,16.857142857142858
9,104,113,11.555555555555555
7,135,142,19.285714285714285
32,678,710,21.1875
29,36,65,1.2413793103448276
9,285,294,31.666666666666668
20,813,833,40.65
71,89,160,1.2535211267605635
20,495,515,24.75
53,360,413,6.7924528301886795
23,326,349,14.173913043478262
12,105,117,8.75
156,252,408,1.6153846153846154
13,246,259,18.923076923076923
118,970,1088,8.220338983050848
32,226,258,7.0625
52,143,195,2.75
142,7,149,0.04929577464788732
30,977,1007,32.56666666666667
222,67,289,0.30180180180180183
12,343,355,28.583333333333332
12,40,52,3.3333333333333335
9,499,508,55.44444444444444
1049,202,1251,0.19256434699714015
24,660,684,27.5
7,136,143,19.428571428571427
71,237,308,3.3380281690140845
7,16,23,2.2857142857142856
20,299,319,14.95
24,647,671,26.958333333333332
44,211,255,4.795454545454546
74,453,527,6.121621621621622
10,25,35,2.5
43,347,390,8.069767441860465
19,176,195,9.263157894736842
18,362,380,20.11111111111111
18,256,274,14.222222222222221
12,437,449,36.416666666666664
128,581,709,4.5390625
1596,38,1634,0.023809523809523808
19,111,130,5.842105263157895
24,242,266,10.083333333333334
12,470,482,39.166666666666664
25,321,346,12.84
175,424,599,2.422857142857143
28,873,901,31.178571428571427
21,809,830,38.523809523809526
42,920,962,21.904761904761905
10,203,213,20.3
242,68,310,0.2809917355371901
17,819,836,48.1764705882353
14,107,121,7.642857142857143
117,495,612,4.230769230769231
139,791,930,5.690647482014389
24,386,410,16.083333333333332
727,207,934,0.28473177441540576
45,763,808,16.955555555555556
14,116,130,8.285714285714286
279,492,771,1.7634408602150538
15,281,296,18.733333333333334
89,8,97,0.0898876404494382
7,363,370,51.857142857142854
1898,644,2542,0.339304531085353
50,439,489,8.78
186,50,236,0.26881720430107525
26,312,338,12.0
12,476,488,39.666666666666664
27,160,187,5.925925925925926
1097,261,1358,0.23792160437556972
445,180,625,0.4044943820224719
1452,844,2296,0.581267217630854
104,32,136,0.3076923076923077
77,475,552,6.1688311688311686
12,229,241,19.083333333333332
9,47,56,5.222222222222222
311,149,460,0.4790996784565916
42,323,365,7.690476190476191
13,272,285,20.923076923076923
167,276,443,1.652694610778443
24,285,309,11.875
18,418,436,23.22222222222222
10,825,835,82.5
15,190,205,12.666666666666666
155,847,1002,5.464516129032258
215,182,397,0.8465116279069768
50,417,467,8.34
14,127,141,9.071428571428571
6,47,53,7.833333333333333
17,204,221,12.0
44,962,1006,21.863636363636363
11,161,172,14.636363636363637
24,282,306,11.75
7,65,72,9.285714285714286
60,78,138,1.3
24,111,135,4.625
52,344,396,6.615384615384615
162,752,914,4.6419753086419755
37,440,477,11.891891891891891
3005,56,3061,0.018635607321131446
12,643,655,53.583333333333336
3183,481,3664,0.1511153000314169
36,630,666,17.5
4,314,318,78.5
24,651,675,27.125
710,123,833,0.1732394366197183
152,699,851,4.598684210526316
13,404,417,31.076923076923077
11,476,487,43.27272727272727
48,66,114,1.375
103,37,140,0.3592233009708738
18,264,282,14.666666666666666
37,606,643,16.37837837837838
24,101,125,4.208333333333333
2461,248,2709,0.10077204388459976
78,39,117,0.5
253,783,1036,3.0948616600790513
107,544,651,5.08411214953271
6,470,476,78.33333333333333
119,328,447,2.7563025210084033
498,562,1060,1.1285140562248996
19,409,428,21.526315789473685
18,161,179,8.944444444444445
168,397,565,2.363095238095238
909,190,1099,0.20902090209020902
40,40,80,1.0
32,87,119,2.71875
40,91,131,2.275
22,223,245,10.136363636363637
9,313,322,34.77777777777778
804,293,1097,0.3644278606965174
10,33,43,3.3
79,324,403,4.10126582278481
21,164,185,7.809523809523809
8,232,240,29.0
53,536,589,10.11320754716981
54,77,131,1.4259259259259258
33,958,991,29.03030303030303
665,1073,1738,1.6135338345864663
22,325,347,14.772727272727273
1711,225,1936,0.1315020455873758
36,567,603,15.75
136,445,581,3.2720588235294117
10,104,114,10.4
952,86,1038,0.09033613445378151
45,268,313,5.955555555555556
22,217,239,9.863636363636363
12,406,418,33.833333333333336
14,414,428,29.571428571428573
469,657,1126,1.4008528784648189
88,320,408,3.6363636363636362
37,306,343,8.27027027027027
8,362,370,45.25
43,105,148,2.441860465116279
101,341,442,3.376237623762376
10,687,697,68.7
10,122,132,12.2
244,992,1236,4.065573770491803
47,34,81,0.723404255319149
23,40,63,1.7391304347826086
107,192,299,1.794392523364486
104,81,185,0.7788461538461539
10,304,314,30.4
246,111,357,0.45121951219512196
51,162,213,3.176470588235294
11,394,405,35.81818181818182
104,584,688,5.615384615384615
8,138,146,17.25
19,103,122,5.421052631578948
2252,326,2578,0.1447602131438721
328,561,889,1.7103658536585367
33,451,484,13.666666666666666
540,602,1142,1.114814814814815
109,48,157,0.44036697247706424
1849,21,1870,0.011357490535424553
16,464,480,29.0
55,314,369,5.709090909090909
3020,220,3240,0.0728476821192053
17,235,252,13.823529411764707
23,323,346,14.043478260869565
117,87,204,0.7435897435897436
7,319,326,45.57142857142857
18,570,588,31.666666666666668
93,422,515,4.537634408602151
26,328,354,12.615384615384615
461,397,858,0.8611713665943601
4,146,150,36.5
19,281,300,14.789473684210526
13,212,225,16.307692307692307
536,399,935,0.7444029850746269
18,328,346,18.22222222222222
12,322,334,26.833333333333332
33,442,475,13.393939393939394
30,378,408,12.6
230,337,567,1.4652173913043478
45,247,292,5.488888888888889
16,334,350,20.875
212,412,624,1.9433962264150944
8,144,152,18.0
25,348,373,13.92
14,212,226,15.142857142857142
47,49,96,1.0425531914893618
9,340,349,37.77777777777778
575,623,1198,1.0834782608695652
95,89,184,0.9368421052631579
2568,116,2684,0.045171339563862926
2420,89,2509,0.03677685950413223
16,296,312,18.5
201,158,359,0.7860696517412935
20,263,283,13.15
22,572,594,26.0
26,235,261,9.038461538461538
99,478,577,4.828282828282828
18,333,351,18.5
8,283,291,35.375
14,413,427,29.5
12,278,290,23.166666666666668
45,366,411,8.133333333333333
32,605,637,18.90625
12,591,603,49.25
81,245,326,3.0246913580246915
6,23,29,3.8333333333333335
40,63,103,1.575
306,462,768,1.5098039215686274
1274,588,1862,0.46153846153846156
41,208,249,5.073170731707317
394,807,1201,2.048223350253807
12,267,279,22.25
17,87,104,5.117647058823529
3,212,215,70.66666666666667
21,299,320,14.238095238095237
12,209,221,17.416666666666668
279,7,286,0.025089605734767026
26,548,574,21.076923076923077
7,315,322,45.0
14,400,414,28.571428571428573
2,12,14,6.0
5,580,585,116.0
74,14,88,0.1891891891891892
11,203,214,18.454545454545453
26,881,907,33.88461538461539
31,385,416,12.419354838709678
17,526,543,30.941176470588236
11,83,94,7.545454545454546
26,276,302,10.615384615384615
13,402,415,30.923076923076923
66,325,391,4.924242424242424
89,120,209,1.348314606741573
20,523,543,26.15
8,45,53,5.625
105,621,726,5.914285714285715
36,254,290,7.055555555555555
1789,420,2209,0.23476802683063164
19,702,721,36.94736842105263
25,567,592,22.68
448,157,605,0.35044642857142855
309,897,1206,2.9029126213592233
885,324,1209,0.36610169491525424
790,6,796,0.007594936708860759
9,328,337,36.44444444444444
7,160,167,22.857142857142858
2,12,14,6.0
331,141,472,0.4259818731117825
20,167,187,8.35
30,791,821,26.366666666666667
2,37,39,18.5
17,560,577,32.94117647058823
105,13,118,0.12380952380952381
64,443,507,6.921875
111,304,415,2.7387387387387387
54,158,212,2.925925925925926
11,87,98,7.909090909090909
20,107,127,5.35
17,149,166,8.764705882352942
2,14,16,7.0
16,610,626,38.125
15,127,142,8.466666666666667
971,201,1172,0.2070030895983522
989,36,1025,0.03640040444893832
58,723,781,12.46551724137931
658,146,804,0.22188449848024316
222,47,269,0.21171171171171171
50,467,517,9.34
55,395,450,7.181818181818182
105,246,351,2.342857142857143
125,45,170,0.36
64,278,342,4.34375
371,526,897,1.417789757412399
20,289,309,14.45
19,245,264,12.894736842105264
113,539,652,4.769911504424779
11,472,483,42.90909090909091
1198,55,1253,0.045909849749582635
85,605,690,7.117647058823529
10,344,354,34.4
18,289,307,16.055555555555557
171,30,201,0.17543859649122806
138,196,334,1.4202898550724639
56,56,112,1.0
81,612,693,7.555555555555555
301,910,1211,3.0232558139534884
8,98,106,12.25
174,489,663,2.810344827586207
79,379,458,4.7974683544303796
41,116,157,2.8292682926829267
66,96,162,1.4545454545454546
864,46,910,0.05324074074074074
17,416,433,24.470588235294116
362,271,633,0.7486187845303868
17,310,327,18.235294117647058
703,186,889,0.26458036984352773
10,94,104,9.4
122,183,305,1.5
10,28,38,2.8
7,43,50,6.142857142857143
9,151,160,16.77777777777778
25,868,893,34.72
116,605,721,5.2155172413793105
11,231,242,21.0
67,120,187,1.791044776119403
15,292,307,19.466666666666665
2,12,14,6.0
768,114,882,0.1484375
20,369,389,18.45
89,38,127,0.42696629213483145
52,153,205,2.9423076923076925
73,266,339,3.643835616438356
31,53,84,1.7096774193548387
2210,416,2626,0.18823529411764706
30,113,143,3.7666666666666666
186,228,414,1.2258064516129032
3,798,801,266.0
1635,185,1820,0.11314984709480122
7,283,290,40.42857142857143
70,376,446,5.371428571428571
49,339,388,6.918367346938775
77,45,122,0.5844155844155844
19,146,165,7.684210526315789
5,304,309,60.8
74,250,324,3.3783783783783785
211,646,857,3.061611374407583
37,660,697,17.83783783783784
2632,133,2765,0.05053191489361702
14,173,187,12.357142857142858
277,1046,1323,3.776173285198556
320,395,715,1.234375
21,426,447,20.285714285714285
13,43,56,3.3076923076923075
24,465,489,19.375
35,118,153,3.3714285714285714
18,295,313,16.38888888888889
21,500,521,23.80952380952381
167,395,562,2.3652694610778444
25,456,481,18.24
24,227,251,9.458333333333334
225,831,1056,3.6933333333333334
52,172,224,3.3076923076923075
61,100,161,1.639344262295082
1084,210,1294,0.1937269372693727
14,124,138,8.857142857142858
38,498,536,13.105263157894736
30,120,150,4.0
32,99,131,3.09375
27,247,274,9.148148148148149
46,501,547,10.891304347826088
61,135,196,2.2131147540983607
20,257,277,12.85
68,233,301,3.426470588235294
77,196,273,2.5454545454545454
9,91,100,10.11111111111111
556,212,768,0.381294964028777
32,462,494,14.4375
8,433,441,54.125
5,43,48,8.6
24,569,593,23.708333333333332
31,22,53,0.7096774193548387
45,537,582,11.933333333333334
166,326,492,1.963855421686747
25,30,55,1.2
8,83,91,10.375
225,28,253,0.12444444444444444
38,243,281,6.394736842105263
23,122,145,5.304347826086956
29,938,967,32.3448275862069
293,885,1178,3.0204778156996586
16,83,99,5.1875
7,215,222,30.714285714285715
229,291,520,1.2707423580786026
31,53,84,1.7096774193548387
12,89,101,7.416666666666667
1862,394,2256,0.21160042964554243
124,520,644,4.193548387096774
100,865,965,8.65
1835,161,1996,0.08773841961852862
2,12,14,6.0
11,166,177,15.090909090909092
50,476,526,9.52
1187,306,1493,0.2577927548441449
65,217,282,3.3384615384615386
12,122,134,10.166666666666666
132,205,337,1.553030303030303
8,176,184,22.0
35,341,376,9.742857142857142
8,362,370,45.25
8,292,300,36.5
15,106,121,7.066666666666666
260,570,830,2.1923076923076925
6,229,235,38.166666666666664
1557,532,2089,0.3416827231856134
10,327,337,32.7
28,68,96,2.4285714285714284
3,23,26,7.666666666666667
92,299,391,3.25
529,158,687,0.29867674858223064
19,775,794,40.78947368421053
12,264,276,22.0
28,245,273,8.75
195,143,338,0.7333333333333333
949,157,1106,0.1654373024236038
636,407,1043,0.639937106918239
13,524,537,40.30769230769231
5,335,340,67.0
520,114,634,0.21923076923076923
16,141,157,8.8125
6,93,99,15.5
29,423,452,14.586206896551724
39,34,73,0.8717948717948718
191,864,1055,4.523560209424084
2,12,14,6.0
8,353,361,44.125
8,45,53,5.625
50,363,413,7.26
1394,87,1481,0.062410329985652796
863,904,1767,1.0475086906141367
38,260,298,6.842105263157895
16,683,699,42.6875
19,461,480,24.263157894736842
13,140,153,10.76923076923077
142,243,385,1.7112676056338028
5,43,48,8.6
861,517,1378,0.6004645760743321
55,774,829,14.072727272727272
9,303,312,33.666666666666664
22,255,277,11.590909090909092
24,7,31,0.2916666666666667
13,359,372,27.615384615384617
260,307,567,1.1807692307692308
25,279,304,11.16
11,127,138,11.545454545454545
80,354,434,4.425
35,218,253,6.228571428571429
331,888,1219,2.6827794561933533
49,179,228,3.6530612244897958
21,371,392,17.666666666666668
31,607,638,19.580645161290324
222,47,269,0.21171171171171171
18,132,150,7.333333333333333
163,327,490,2.0061349693251533
100,643,743,6.43
438,905,1343,2.0662100456621006
100,642,742,6.42
451,481,932,1.0665188470066518
372,113,485,0.30376344086021506
13,378,391,29.076923076923077
80,586,666,7.325
4,426,430,106.5
77,102,179,1.3246753246753247
797,69,866,0.08657465495608532
11,198,209,18.0
38,665,703,17.5
1173,148,1321,0.12617220801364024
14,304,318,21.714285714285715
1003,203,1206,0.2023928215353938
6,164,170,27.333333333333332
78,213,291,2.730769230769231
18,115,133,6.388888888888889
182,251,433,1.379120879120879
16,28,44,1.75
22,517,539,23.5
98,866,964,8.83673469387755
24,327,351,13.625
20,247,267,12.35
34,877,911,25.794117647058822
3479,170,3649,0.04886461626904283
60,752,812,12.533333333333333
26,202,228,7.769230769230769
1050,764,1814,0.7276190476190476
80,16,96,0.2
57,292,349,5.12280701754386
747,579,1326,0.7751004016064257
28,164,192,5.857142857142857
33,346,379,10.484848484848484
75,592,667,7.8933333333333335
46,533,579,11.58695652173913
830,344,1174,0.41445783132530123
26,512,538,19.692307692307693
9,352,361,39.111111111111114
15,290,305,19.333333333333332
9,396,405,44.0
394,358,752,0.9086294416243654
154,281,435,1.8246753246753247
34,171,205,5.029411764705882
96,198,294,2.0625
12,335,347,27.916666666666668
18,240,258,13.333333333333334
36,413,449,11.472222222222221
22,469,491,21.318181818181817
7,316,323,45.142857142857146
16,369,385,23.0625
134,316,450,2.3582089552238807
24,20,44,0.8333333333333334
5,19,24,3.8
23,182,205,7.913043478260869
2312,404,2716,0.17474048442906576
162,172,334,1.0617283950617284
26,173,199,6.653846153846154
17,406,423,23.88235294117647
58,943,1001,16.25862068965517
8,228,236,28.5
12,389,401,32.416666666666664
2,14,16,7.0
19,669,688,35.21052631578947
734,579,1313,0.7888283378746594
15,520,535,34.666666666666664
4,212,216,53.0
34,355,389,10.441176470588236
2906,251,3157,0.08637302133516862
17,261,278,15.352941176470589
375,366,741,0.976
65,555,620,8.538461538461538
23,776,799,33.73913043478261
11,629,640,57.18181818181818
7,172,179,24.571428571428573
8,133,141,16.625
47,301,348,6.404255319148936
113,875,988,7.743362831858407
52,122,174,2.3461538461538463
92,286,378,3.108695652173913
51,126,177,2.4705882352941178
13,202,215,15.538461538461538
16,269,285,16.8125
13,288,301,22.153846153846153
15,513,528,34.2
26,29,55,1.1153846153846154
43,708,751,16.46511627906977
18,244,262,13.555555555555555
38,59,97,1.5526315789473684
21,752,773,35.80952380952381
29,423,452,14.586206896551724
30,325,355,10.833333333333334
85,181,266,2.1294117647058823
72,361,433,5.013888888888889
184,10,194,0.05434782608695652
1221,15,1236,0.012285012285012284
37,986,1023,26.64864864864865
1056,249,1305,0.23579545454545456
257,480,737,1.867704280155642
37,610,647,16.486486486486488
28,495,523,17.678571428571427
70,259,329,3.7
20,383,403,19.15
126,683,809,5.420634920634921
12,20,32,1.6666666666666667
51,122,173,2.392156862745098
14,287,301,20.5
18,893,911,49.611111111111114
540,118,658,0.21851851851851853
20,753,773,37.65
493,106,599,0.2150101419878296
9,22,31,2.4444444444444446
76,145,221,1.9078947368421053
337,326,663,0.9673590504451038
27,33,60,1.2222222222222223
167,183,350,1.095808383233533
24,686,710,28.583333333333332
10,529,539,52.9
3454,576,4030,0.1667631731325999
269,911,1180,3.386617100371747
375,7,382,0.018666666666666668
36,418,454,11.61111111111111
37,288,325,7.783783783783784
44,58,102,1.3181818181818181
1265,17,1282,0.013438735177865613
7,560,567,80.0
22,359,381,16.318181818181817
350,533,883,1.522857142857143
23,220,243,9.565217391304348
8,441,449,55.125
23,373,396,16.217391304347824
16,50,66,3.125
14,437,451,31.214285714285715
1787,516,2303,0.28875209848908784
169,704,873,4.165680473372781
25,334,359,13.36
1022,905,1927,0.8855185909980431
22,797,819,36.22727272727273
52,122,174,2.3461538461538463
27,584,611,21.62962962962963
98,29,127,0.29591836734693877
105,397,502,3.780952380952381
1463,8,1471,0.005468215994531784
14,138,152,9.857142857142858
91,62,153,0.6813186813186813
536,219,755,0.4085820895522388
14,251,265,17.928571428571427
23,340,363,14.782608695652174
20,379,399,18.95
35,144,179,4.114285714285714
317,711,1028,2.2429022082018926
70,231,301,3.3
12,439,451,36.583333333333336
18,573,591,31.833333333333332
2863,204,3067,0.07125392944463849
101,521,622,5.158415841584159
43,771,814,17.930232558139537
33,368,401,11.151515151515152
179,140,319,0.7821229050279329
10,834,844,83.4
13,363,376,27.923076923076923
7,65,72,9.285714285714286
13,631,644,48.53846153846154
698,824,1522,1.180515759312321
27,388,415,14.37037037037037
101,48,149,0.4752475247524752
12,112,124,9.333333333333334
1770,6,1776,0.003389830508474576
7,65,72,9.285714285714286
23,126,149,5.478260869565218
1191,515,1706,0.4324097397145256
18,118,136,6.555555555555555
18,328,346,18.22222222222222
36,343,379,9.527777777777779
31,580,611,18.70967741935484
19,282,301,14.842105263157896
1128,201,1329,0.17819148936170212
16,152,168,9.5
12,304,316,25.333333333333332
48,130,178,2.7083333333333335
10,28,38,2.8
59,299,358,5.067796610169491
9,173,182,19.22222222222222
26,551,577,21.192307692307693
90,227,317,2.522222222222222
52,249,301,4.788461538461538
44,405,449,9.204545454545455
721,451,1172,0.6255201109570042
161,672,833,4.173913043478261
93,86,179,0.9247311827956989
12,329,341,27.416666666666668
9,178,187,19.77777777777778
10,218,228,21.8
36,301,337,8.36111111111111
11,331,342,30.09090909090909
98,383,481,3.9081632653061225
108,310,418,2.8703703703703702
138,151,289,1.0942028985507246
114,146,260,1.280701754385965
19,74,93,3.8947368421052633
23,143,166,6.217391304347826
183,302,485,1.650273224043716
27,270,297,10.0
2346,1091,3437,0.46504688832054564
9,373,382,41.44444444444444
21,300,321,14.285714285714286
42,1029,1071,24.5
47,721,768,15.340425531914894
73,908,981,12.438356164383562
489,327,816,0.6687116564417178
23,647,670,28.130434782608695
158,366,524,2.3164556962025316
52,129,181,2.480769230769231
1159,77,1236,0.06643658326143227
9,312,321,34.666666666666664
19,40,59,2.1052631578947367
14,409,423,29.214285714285715
13,890,903,68.46153846153847
509,217,726,0.4263261296660118
984,387,1371,0.3932926829268293
12,373,385,31.083333333333332
124,422,546,3.403225806451613
6,12,18,2.0
634,336,970,0.5299684542586751
20,68,88,3.4
22,274,296,12.454545454545455
1354,811,2165,0.5989660265878878
3,1037,1040,345.6666666666667
29,43,72,1.4827586206896552
122,481,603,3.942622950819672
12,202,214,16.833333333333332
1768,583,2351,0.32975113122171945
8,126,134,15.75
124,453,577,3.653225806451613
23,355,378,15.434782608695652
54,61,115,1.1296296296296295
98,807,905,8.23469387755102
9,24,33,2.6666666666666665
40,107,147,2.675
68,284,352,4.176470588235294
9,7,16,0.7777777777777778
22,351,373,15.954545454545455
10,290,300,29.0
50,583,633,11.66
17,314,331,18.470588235294116
5,63,68,12.6
602,864,1466,1.435215946843854
14,757,771,54.07142857142857
167,946,1113,5.664670658682635
30,521,551,17.366666666666667
36,35,71,0.9722222222222222
261,286,547,1.0957854406130267
134,74,208,0.5522388059701493
1293,477,1770,0.3689095127610209
244,260,504,1.0655737704918034
8,215,223,26.875
109,382,491,3.5045871559633026
171,240,411,1.4035087719298245
286,374,660,1.3076923076923077
18,237,255,13.166666666666666
35,99,134,2.8285714285714287
16,193,209,12.0625
74,791,865,10.68918918918919
75,568,643,7.573333333333333
32,277,309,8.65625
2794,103,2897,0.03686471009305655
28,311,339,11.107142857142858
7,25,32,3.5714285714285716
765,534,1299,0.6980392156862745
33,662,695,20.060606060606062
25,371,396,14.84
14,128,142,9.142857142857142
15,119,134,7.933333333333334
9,66,75,7.333333333333333
22,204,226,9.272727272727273
32,451,483,14.09375
54,468,522,8.666666666666666
1519,25,1544,0.016458196181698487
7,215,222,30.714285714285715
9,376,385,41.77777777777778
2832,380,3212,0.134180790960452
52,519,571,9.98076923076923
1876,234,2110,0.12473347547974413
33,383,416,11.606060606060606
16,193,209,12.0625
17,66,83,3.8823529411764706
10,370,380,37.0
2,12,14,6.0
2,257,259,128.5
19,526,545,27.68421052631579
82,730,812,8.902439024390244
9,39,48,4.333333333333333
2,10,12,5.0
158,146,304,0.9240506329113924
10,14,24,1.4
18,81,99,4.5
162,589,751,3.6358024691358026
16,163,179,10.1875
7,128,135,18.285714285714285
51,440,491,8.627450980392156
588,79,667,0.13435374149659865
125,195,320,1.56
24,534,558,22.25
18,476,494,26.444444444444443
172,190,362,1.1046511627906976
62,474,536,7.645161290322581
31,149,180,4.806451612903226
92,825,917,8.967391304347826
5,398,403,79.6
12,399,411,33.25
1590,272,1862,0.1710691823899371
13,63,76,4.846153846153846
3217,191,3408,0.05937208579421822
16,314,330,19.625
28,628,656,22.428571428571427
25,307,332,12.28
995,953,1948,0.9577889447236181
3,43,46,14.333333333333334
25,162,187,6.48
16,350,366,21.875
16,283,299,17.6875
49,320,369,6.530612244897959
1168,697,1865,0.5967465753424658
16,670,686,41.875
14,296,310,21.142857142857142
1381,36,1417,0.02606806661839247
15,393,408,26.2
22,102,124,4.636363636363637
18,367,385,20.38888888888889
126,30,156,0.23809523809523808
22,140,162,6.363636363636363
378,708,1086,1.873015873015873
9,325,334,36.111111111111114
322,406,728,1.2608695652173914
19,543,562,28.57894736842105
3711,7,3718,0.001886284020479655
617,980,1597,1.5883306320907618
13,439,452,33.76923076923077
20,98,118,4.9
14,157,171,11.214285714285714
124,20,144,0.16129032258064516
29,562,591,19.379310344827587
36,551,587,15.305555555555555
221,391,612,1.7692307692307692
43,105,148,2.441860465116279
22,289,311,13.136363636363637
1886,571,2457,0.30275715800636266
17,290,307,17.058823529411764
23,76,99,3.3043478260869565
28,286,314,10.214285714285714
21,458,479,21.80952380952381
39,329,368,8.435897435897436
27,276,303,10.222222222222221
38,474,512,12.473684210526315
62,548,610,8.838709677419354
22,252,274,11.454545454545455
25,635,660,25.4
32,501,533,15.65625
54,434,488,8.037037037037036
1010,786,1796,0.7782178217821782
39,19,58,0.48717948717948717
70,15,85,0.21428571428571427
32,970,1002,30.3125
54,199,253,3.685185185185185
3508,46,3554,0.013112884834663626
7,265,272,37.857142857142854
21,851,872,40.523809523809526
56,688,744,12.285714285714286
15,350,365,23.333333333333332
4,109,113,27.25
15,214,229,14.266666666666667
769,8,777,0.010403120936280884
11,104,115,9.454545454545455
10,28,38,2.8
51,359,410,7.03921568627451
51,323,374,6.333333333333333
1648,84,1732,0.050970873786407765
10,327,337,32.7
1956,272,2228,0.1390593047034765
25,588,613,23.52
29,42,71,1.4482758620689655
52,96,148,1.8461538461538463
164,543,707,3.3109756097560976
21,229,250,10.904761904761905
76,259,335,3.4078947368421053
38,102,140,2.6842105263157894
16,128,144,8.0
26,137,163,5.269230769230769
77,243,320,3.155844155844156
17,264,281,15.529411764705882
17,305,322,17.941176470588236
2231,146,2377,0.06544150605109816
1365,399,1764,0.2923076923076923
3,20,23,6.666666666666667
674,1015,1689,1.5059347181008902
26,139,165,5.346153846153846
15,350,365,23.333333333333332
15,366,381,24.4
38,329,367,8.657894736842104
21,110,131,5.238095238095238
24,414,438,17.25
9,90,99,10.0
34,90,124,2.6470588235294117
14,377,391,26.928571428571427
14,31,45,2.2142857142857144
1970,667,2637,0.3385786802030457
16,375,391,23.4375
34,559,593,16.441176470588236
77,562,639,7.298701298701299
16,381,397,23.8125
17,724,741,42.588235294117645
104,32,136,0.3076923076923077
44,280,324,6.363636363636363
12,29,41,2.4166666666666665
28,520,548,18.571428571428573
13,81,94,6.230769230769231
11,356,367,32.36363636363637
190,164,354,0.8631578947368421
76,393,469,5.171052631578948
25,34,59,1.36
243,10,253,0.0411522633744856
21,349,370,16.61904761904762
17,417,434,24.529411764705884
21,687,708,32.714285714285715
31,395,426,12.741935483870968
318,309,627,0.9716981132075472
8,291,299,36.375
52,47,99,0.9038461538461539
1541,1016,2557,0.6593121349772875
318,298,616,0.9371069182389937
1710,952,2662,0.5567251461988304
50,313,363,6.26
27,192,219,7.111111111111111
21,448,469,21.333333333333332
262,123,385,0.46946564885496184
18,162,180,9.0
113,47,160,0.415929203539823
35,505,540,14.428571428571429
3,12,15,4.0
66,348,414,5.2727272727272725
23,73,96,3.1739130434782608
7,176,183,25.142857142857142
133,213,346,1.6015037593984962
67,58,125,0.8656716417910447
8,95,103,11.875
7,372,379,53.142857142857146
11,407,418,37.0
45,65,110,1.4444444444444444
23,17,40,0.7391304347826086
386,388,774,1.005181347150259
7,393,400,56.142857142857146
256,371,627,1.44921875
103,101,204,0.9805825242718447
11,439,450,39.90909090909091
28,179,207,6.392857142857143
13,45,58,3.4615384615384617
14,116,130,8.285714285714286
11,259,270,23.545454545454547
14,289,303,20.642857142857142
31,110,141,3.5483870967741935
3626,77,3703,0.021235521235521235
718,178,896,0.2479108635097493
64,151,215,2.359375
7,71,78,10.142857142857142
316,494,810,1.5632911392405062
16,227,243,14.1875
69,194,263,2.8115942028985508
10,597,607,59.7
73,279,352,3.8219178082191783
86,131,217,1.5232558139534884
17,177,194,10.411764705882353
8,50,58,6.25
16,309,325,19.3125
280,381,661,1.3607142857142858
76,871,947,11.460526315789474
65,538,603,8.276923076923078
19,171,190,9.0
10,368,378,36.8
31,204,235,6.580645161290323
37,180,217,4.864864864864865
49,376,425,7.673469387755102
78,537,615,6.884615384615385
20,358,378,17.9
11,389,400,35.36363636363637
24,637,661,26.541666666666668
6,126,132,21.0
2164,62,2226,0.02865064695009242
17,313,330,18.41176470588235
12,608,620,50.666666666666664
3,393,396,131.0
1112,591,1703,0.5314748201438849
6,145,151,24.166666666666668
10,436,446,43.6
1226,491,1717,0.400489396411093
11,644,655,58.54545454545455
121,34,155,0.2809917355371901
29,126,155,4.344827586206897
55,73,128,1.3272727272727274
21,99,120,4.714285714285714
145,150,295,1.0344827586206897
13,280,293,21.53846153846154
139,156,295,1.1223021582733812
1257,432,1689,0.3436754176610978
14,295,309,21.071428571428573
15,458,473,30.533333333333335
10,37,47,3.7
30,447,477,14.9
108,389,497,3.6018518518518516
52,11,63,0.21153846153846154
13,440,453,33.84615384615385
4,56,60,14.0
9,904,913,100.44444444444444
17,297,314,17.470588235294116
30,261,291,8.7
39,375,414,9.615384615384615
894,599,1493,0.6700223713646533
29,388,417,13.379310344827585
42,584,626,13.904761904761905
33,677,710,20.515151515151516
16,185,201,11.5625
439,78,517,0.1776765375854214
9,225,234,25.0
21,130,151,6.190476190476191
12,345,357,28.75
11,330,341,30.0
1245,179,1424,0.14377510040160643
839,943,1782,1.1239570917759236
265,558,823,2.1056603773584905
10,190,200,19.0
26,276,302,10.615384615384615
102,57,159,0.5588235294117647
54,372,426,6.888888888888889
27,242,269,8.962962962962964
1102,546,1648,0.4954627949183303
23,51,74,2.217391304347826
261,217,478,0.8314176245210728
2,14,16,7.0
29,413,442,14.241379310344827
17,177,194,10.411764705882353
10,119,129,11.9
10,358,368,35.8
393,404,797,1.0279898218829517
4,397,401,99.25
130,229,359,1.7615384615384615
652,793,1445,1.2162576687116564
992,399,1391,0.4022177419354839
8,284,292,35.5
13,890,903,68.46153846153847
19,117,136,6.157894736842105
150,116,266,0.7733333333333333
26,349,375,13.423076923076923
9,349,358,38.77777777777778
39,115,154,2.948717948717949
29,176,205,6.068965517241379
16,198,214,12.375
252,447,699,1.7738095238095237
400,227,627,0.5675
141,200,341,1.4184397163120568
834,55,889,0.06594724220623502
14,344,358,24.571428571428573
50,480,530,9.6
76,651,727,8.56578947368421
654,148,802,0.22629969418960244
25,428,453,17.12
8,523,531,65.375
31,911,942,29.387096774193548
7,128,135,18.285714285714285
98,600,698,6.122448979591836
111,684,795,6.162162162162162
242,41,283,0.16942148760330578
38,661,699,17.394736842105264
139,251,390,1.8057553956834533
239,546,785,2.284518828451883
68,291,359,4.279411764705882
51,837,888,16.41176470588235
49,35,84,0.7142857142857143
18,289,307,16.055555555555557
3,212,215,70.66666666666667
40,440,480,11.0
961,247,1208,0.2570239334027055
411,903,1314,2.197080291970803
217,384,601,1.7695852534562213
2540,477,3017,0.18779527559055118
445,7,452,0.015730337078651686
39,47,86,1.205128205128205
7,216,223,30.857142857142858
108,377,485,3.490740740740741
129,287,416,2.2248062015503876
55,831,886,15.10909090909091
9,59,68,6.555555555555555
108,444,552,4.111111111111111
43,335,378,7.790697674418604
13,93,106,7.153846153846154
432,129,561,0.2986111111111111
115,320,435,2.782608695652174
38,535,573,14.078947368421053
10,72,82,7.2
319,492,811,1.542319749216301
33,640,673,19.393939393939394
31,42,73,1.3548387096774193
61,173,234,2.8360655737704916
74,25,99,0.33783783783783783
7,299,306,42.714285714285715
7,249,256,35.57142857142857
16,215,231,13.4375
21,454,475,21.61904761904762
17,703,720,41.35294117647059
97,686,783,7.072164948453608
28,284,312,10.142857142857142
11,71,82,6.454545454545454
21,633,654,30.142857142857142
19,807,826,42.473684210526315
212,293,505,1.3820754716981132
14,295,309,21.071428571428573
9,245,254,27.22222222222222
37,19,56,0.5135135135135135
9,332,341,36.888888888888886
33,81,114,2.4545454545454546
141,485,626,3.4397163120567376
18,374,392,20.77777777777778
117,30,147,0.2564102564102564
2,12,14,6.0
29,196,225,6.758620689655173
10,338,348,33.8
12,233,245,19.416666666666668
36,187,223,5.194444444444445
23,326,349,14.173913043478262
283,196,479,0.6925795053003534
113,512,625,4.530973451327434
16,268,284,16.75
10,113,123,11.3
14,422,436,30.142857142857142
67,472,539,7.044776119402985
43,466,509,10.837209302325581
8,136,144,17.0
69,905,974,13.115942028985508
408,627,1035,1.536764705882353
287,383,670,1.3344947735191637
56,454,510,8.107142857142858
140,151,291,1.0785714285714285
108,97,205,0.8981481481481481
2,22,24,11.0
342,891,1233,2.6052631578947367
22,13,35,0.5909090909090909
10,44,54,4.4
46,411,457,8.934782608695652
22,474,496,21.545454545454547
163,420,583,2.576687116564417
135,139,274,1.0296296296296297
5,58,63,11.6
421,422,843,1.002375296912114
16,293,309,18.3125
53,562,615,10.60377358490566
281,6,287,0.021352313167259787
1260,289,1549,0.22936507936507936
21,419,440,19.952380952380953
6,167,173,27.833333333333332
13,242,255,18.615384615384617
15,252,267,16.8
47,439,486,9.340425531914894
1187,892,2079,0.7514743049705139
13,300,313,23.076923076923077
127,169,296,1.330708661417323
48,249,297,5.1875
211,295,506,1.3981042654028435
2129,38,2167,0.017848755284170972
21,389,410,18.523809523809526
282,446,728,1.5815602836879432
13,486,499,37.38461538461539
8,142,150,17.75
12,922,934,76.83333333333333
5,127,132,25.4
23,22,45,0.9565217391304348
434,431,865,0.9930875576036866
159,513,672,3.2264150943396226
2,37,39,18.5
24,771,795,32.125
31,307,338,9.903225806451612
16,422,438,26.375
26,363,389,13.961538461538462
3142,145,3287,0.04614894971355824
25,365,390,14.6
182,899,1081,4.93956043956044
50,546,596,10.92
20,452,472,22.6
83,259,342,3.1204819277108435
2,12,14,6.0
18,935,953,51.94444444444444
20,116,136,5.8
48,138,186,2.875
22,114,136,5.181818181818182
18,41,59,2.2777777777777777
29,392,421,13.517241379310345
52,831,883,15.98076923076923
74,538,612,7.27027027027027
103,148,251,1.4368932038834952
45,31,76,0.6888888888888889
90,92,182,1.0222222222222221
33,131,164,3.9696969696969697
357,19,376,0.05322128851540616
21,248,269,11.80952380952381
38,70,108,1.8421052631578947
485,209,694,0.4309278350515464
6,229,235,38.166666666666664
4,12,16,3.0
107,282,389,2.635514018691589
23,62,85,2.6956521739130435
125,46,171,0.368
1314,330,1644,0.2511415525114155
49,230,279,4.6938775510204085
14,359,373,25.642857142857142
66,158,224,2.393939393939394
16,332,348,20.75
514,212,726,0.41245136186770426
16,363,379,22.6875
18,752,770,41.77777777777778
24,592,616,24.666666666666668
200,161,361,0.805
23,89,112,3.869565217391304
19,361,380,19.0
165,312,477,1.8909090909090909
154,486,640,3.155844155844156
1898,644,2542,0.339304531085353
22,265,287,12.045454545454545
15,354,369,23.6
78,358,436,4.589743589743589
268,417,685,1.5559701492537314
15,92,107,6.133333333333334
142,349,491,2.4577464788732395
1228,841,2069,0.6848534201954397
69,443,512,6.420289855072464
23,150,173,6.521739130434782
167,305,472,1.8263473053892216
9,57,66,6.333333333333333
8,929,937,116.125
25,301,326,12.04
9,254,263,28.22222222222222
103,421,524,4.087378640776699
107,325,432,3.0373831775700935
30,966,996,32.2
48,193,241,4.020833333333333
66,313,379,4.742424242424242
892,280,1172,0.31390134529147984
17,258,275,15.176470588235293
8,194,202,24.25
757,797,1554,1.0528401585204756
630,9,639,0.014285714285714285
41,140,181,3.4146341463414633
298,285,583,0.9563758389261745
57,469,526,8.228070175438596
45,869,914,19.31111111111111
1102,546,1648,0.4954627949183303
17,819,836,48.1764705882353
1235,600,1835,0.48582995951417
571,275,846,0.4816112084063047
1195,310,1505,0.2594142259414226
11,237,248,21.545454545454547
18,314,332,17.444444444444443
29,541,570,18.655172413793103
15,413,428,27.533333333333335
23,260,283,11.304347826086957
90,214,304,2.3777777777777778
138,514,652,3.7246376811594204
10,534,544,53.4
489,526,1015,1.0756646216768917
325,45,370,0.13846153846153847
38,297,335,7.815789473684211
446,304,750,0.6816143497757847
24,381,405,15.875
74,46,120,0.6216216216216216
187,346,533,1.8502673796791445
105,648,753,6.171428571428572
9,724,733,80.44444444444444
660,846,1506,1.2818181818181817
104,584,688,5.615384615384615
8,123,131,15.375
24,775,799,32.291666666666664
69,443,512,6.420289855072464
10,151,161,15.1
137,10,147,0.072992700729927
17,47,64,2.764705882352941
138,655,793,4.746376811594203
12,535,547,44.583333333333336
85,264,349,3.1058823529411765
21,306,327,14.571428571428571
27,99,126,3.6666666666666665
21,493,514,23.476190476190474
491,645,1136,1.3136456211812628
11,67,78,6.090909090909091
9,85,94,9.444444444444445
34,565,599,16.61764705882353
52,103,155,1.9807692307692308
206,88,294,0.42718446601941745
12,262,274,21.833333333333332
20,215,235,10.75
3784,213,3997,0.05628964059196617
22,551,573,25.045454545454547
40,563,603,14.075
45,606,651,13.466666666666667
19,348,367,18.31578947368421
70,145,215,2.0714285714285716
53,456,509,8.60377358490566
141,887,1028,6.290780141843972
719,209,928,0.2906815020862309
15,122,137,8.133333333333333
274,231,505,0.843065693430657
163,299,462,1.834355828220859
12,186,198,15.5
38,360,398,9.473684210526315
861,999,1860,1.1602787456445993
7,321,328,45.857142857142854
50,234,284,4.68
924,226,1150,0.24458874458874458
15,155,170,10.333333333333334
56,159,215,2.8392857142857144
76,200,276,2.6315789473684212
6,145,151,24.166666666666668
841,517,1358,0.6147443519619501
27,545,572,20.185185185185187
15,375,390,25.0
107,282,389,2.635514018691589
25,317,342,12.68
889,483,1372,0.5433070866141733
66,95,161,1.4393939393939394
8,102,110,12.75
88,143,231,1.625
105,88,193,0.8380952380952381
298,367,665,1.2315436241610738
114,974,1088,8.543859649122806
22,304,326,13.818181818181818
669,311,980,0.4648729446935725
17,311,328,18.294117647058822
108,381,489,3.5277777777777777
78,130,208,1.6666666666666667
697,394,1091,0.5652797704447633
20,722,742,36.1
43,311,354,7.232558139534884
622,535,1157,0.860128617363344
7,115,122,16.428571428571427
17,137,154,8.058823529411764
27,385,412,14.25925925925926
1865,49,1914,0.026273458445040216
95,926,1021,9.74736842105263
10,255,265,25.5
131,198,329,1.5114503816793894
156,533,689,3.4166666666666665
225,120,345,0.5333333333333333
118,191,309,1.61864406779661
23,548,571,23.82608695652174
2222,927,3149,0.4171917191719172
91,598,689,6.571428571428571
971,249,1220,0.2564366632337796
34,277,311,8.147058823529411
53,643,696,12.132075471698114
490,825,1315,1.683673469387755
2,12,14,6.0
15,335,350,22.333333333333332
434,210,644,0.4838709677419355
73,293,366,4.013698630136986
15,471,486,31.4
11,52,63,4.7272727272727275
13,334,347,25.692307692307693
32,267,299,8.34375
19,367,386,19.31578947368421
75,526,601,7.013333333333334
16,196,212,12.25
20,28,48,1.4
12,149,161,12.416666666666666
10,91,101,9.1
299,443,742,1.4816053511705685
9,371,380,41.22222222222222
68,47,115,0.6911764705882353
14,708,722,50.57142857142857
137,235,372,1.7153284671532847
27,653,680,24.185185185185187
3682,23,3705,0.0062466051059206955
13,385,398,29.615384615384617
15,255,270,17.0
3,12,15,4.0
1487,10,1497,0.006724949562878279
2718,922,3640,0.33922001471670343
68,248,316,3.6470588235294117
39,534,573,13.692307692307692
28,213,241,7.607142857142857
7,768,775,109.71428571428571
56,185,241,3.3035714285714284
15,95,110,6.333333333333333
2584,219,2803,0.08475232198142414
8,108,116,13.5
1152,114,1266,0.09895833333333333
1237,462,1699,0.3734842360549717
34,264,298,7.764705882352941
1350,499,1849,0.36962962962962964
35,975,1010,27.857142857142858
1484,10,1494,0.006738544474393531
6,22,28,3.6666666666666665
2925,603,3528,0.20615384615384616
21,454,475,21.61904761904762
21,279,300,13.285714285714286
163,489,652,3.0
16,112,128,7.0
17,339,356,19.941176470588236
75,327,402,4.36
55,150,205,2.727272727272727
32,142,174,4.4375
160,225,385,1.40625
17,139,156,8.176470588235293
37,469,506,12.675675675675675
761,502,1263,0.6596583442838371
641,727,1368,1.1341653666146645
33,830,863,25.151515151515152
73,455,528,6.232876712328767
1805,404,2209,0.22382271468144044
2047,7,2054,0.003419638495359062
860,392,1252,0.4558139534883721
145,550,695,3.793103448275862
1539,530,2069,0.3443794671864847
87,171,258,1.9655172413793103
375,290,665,0.7733333333333333
28,228,256,8.142857142857142
193,458,651,2.373056994818653
15,183,198,12.2
17,165,182,9.705882352941176
27,257,284,9.518518518518519
3,37,40,12.333333333333334
114,10,124,0.08771929824561403
11,364,375,33.09090909090909
24,501,525,20.875
79,478,557,6.050632911392405
12,240,252,20.0
978,87,1065,0.08895705521472393
110,233,343,2.118181818181818
20,569,589,28.45
81,177,258,2.185185185185185
159,218,377,1.371069182389937
3390,100,3490,0.029498525073746312
119,103,222,0.865546218487395
47,119,166,2.5319148936170213
15,68,83,4.533333333333333
204,906,1110,4.4411764705882355
284,390,674,1.3732394366197183
82,62,144,0.7560975609756098
2051,494,2545,0.24085811799122378
17,293,310,17.235294117647058
24,153,177,6.375
27,220,247,8.148148148148149
498,22,520,0.04417670682730924
9,361,370,40.111111111111114
24,241,265,10.041666666666666
2497,517,3014,0.20704845814977973
242,98,340,0.4049586776859504
60,372,432,6.2
18,615,633,34.166666666666664
9,104,113,11.555555555555555
19,406,425,21.36842105263158
9,531,540,59.0
31,132,163,4.258064516129032
17,382,399,22.470588235294116
27,285,312,10.555555555555555
409,164,573,0.40097799511002447
16,5,21,0.3125
83,951,1034,11.457831325301205
14,210,224,15.0
24,491,515,20.458333333333332
15,751,766,50.06666666666667
10,216,226,21.6
2,12,14,6.0
52,505,557,9.711538461538462
13,127,140,9.76923076923077
2,220,222,110.0
22,348,370,15.818181818181818
587,6,593,0.010221465076660987
202,863,1065,4.272277227722772
12,85,97,7.083333333333333
65,316,381,4.861538461538461
2138,676,2814,0.3161833489242282
13,560,573,43.07692307692308
14,154,168,11.0
2757,96,2853,0.03482045701849837
13,403,416,31.0
39,664,703,17.025641025641026
15,279,294,18.6
9,370,379,41.111111111111114
8,316,324,39.5
19,268,287,14.105263157894736
2212,897,3109,0.4055153707052441
8,100,108,12.5
58,169,227,2.913793103448276
29,208,237,7.172413793103448
52,52,104,1.0
28,1003,1031,35.82142857142857
935,273,1208,0.29197860962566846
1862,394,2256,0.21160042964554243
16,390,406,24.375
12,350,362,29.166666666666668
84,575,659,6.845238095238095
10,210,220,21.0
13,289,302,22.23076923076923
17,514,531,30.235294117647058
15,28,43,1.8666666666666667
14,279,293,19.928571428571427
15,948,963,63.2
2119,1059,3178,0.49976403964134025
45,135,180,3.0
982,96,1078,0.09775967413441955
131,563,694,4.297709923664122
6,103,109,17.166666666666668
15,171,186,11.4
64,295,359,4.609375
35,307,342,8.771428571428572
13,177,190,13.615384615384615
16,851,867,53.1875
164,43,207,0.2621951219512195
12,274,286,22.833333333333332
26,253,279,9.73076923076923
4,76,80,19.0
28,576,604,20.571428571428573
36,100,136,2.7777777777777777
39,64,103,1.641025641025641
12,395,407,32.916666666666664
13,239,252,18.384615384615383
30,217,247,7.233333333333333
59,514,573,8.711864406779661
829,300,1129,0.3618817852834741
12,36,48,3.0
10,195,205,19.5
9,392,401,43.55555555555556
12,296,308,24.666666666666668
1474,934,2408,0.6336499321573948
68,493,561,7.25
149,351,500,2.3557046979865772
89,130,219,1.4606741573033708
195,453,648,2.3230769230769233
57,531,588,9.31578947368421
10,92,102,9.2
25,215,240,8.6
14,393,407,28.071428571428573
8,73,81,9.125
18,365,383,20.27777777777778
2336,1007,3343,0.4310787671232877
624,17,641,0.027243589743589744
461,397,858,0.8611713665943601
730,51,781,0.06986301369863014
12,234,246,19.5
44,674,718,15.318181818181818
92,71,163,0.7717391304347826
97,910,1007,9.381443298969073
229,291,520,1.2707423580786026
33,130,163,3.9393939393939394
20,109,129,5.45
9,460,469,51.111111111111114
15,210,225,14.0
42,213,255,5.071428571428571
218,339,557,1.555045871559633
32,218,250,6.8125
13,284,297,21.846153846153847
100,361,461,3.61
1323,7,1330,0.005291005291005291
33,488,521,14.787878787878787
28,190,218,6.785714285714286
398,36,434,0.09045226130653267
39,115,154,2.948717948717949
30,746,776,24.866666666666667
19,149,168,7.842105263157895
1538,363,1901,0.23602080624187255
156,367,523,2.3525641025641026
8,138,146,17.25
308,378,686,1.2272727272727273
193,878,1071,4.549222797927461
55,424,479,7.709090909090909
650,372,1022,0.5723076923076923
23,290,313,12.608695652173912
35,436,471,12.457142857142857
27,163,190,6.037037037037037
30,304,334,10.133333333333333
13,573,586,44.07692307692308
39,10,49,0.2564102564102564
4,355,359,88.75
31,237,268,7.645161290322581
108,514,622,4.7592592592592595
8,313,321,39.125
3251,10,3261,0.0030759766225776685
324,654,978,2.0185185185185186
30,411,441,13.7
11,407,418,37.0
5,36,41,7.2
32,27,59,0.84375
58,186,244,3.206896551724138
32,924,956,28.875
646,931,1577,1.4411764705882353
44,48,92,1.0909090909090908
32,983,1015,30.71875
13,244,257,18.76923076923077
8,103,111,12.875
12,228,240,19.0
2881,195,3076,0.06768483165567511
49,87,136,1.7755102040816326
6,719,725,119.83333333333333
242,168,410,0.6942148760330579
3,12,15,4.0
19,527,546,27.736842105263158
662,469,1131,0.7084592145015106
239,368,607,1.5397489539748954
20,68,88,3.4
10,211,221,21.1
4,316,320,79.0
15,360,375,24.0
12,432,444,36.0
31,189,220,6.096774193548387
9,360,369,40.0
22,302,324,13.727272727272727
88,143,231,1.625
12,287,299,23.916666666666668
51,24,75,0.47058823529411764
392,155,547,0.39540816326530615
44,63,107,1.4318181818181819
304,966,1270,3.1776315789473686
12,858,870,71.5
18,340,358,18.88888888888889
17,191,208,11.235294117647058
1683,208,1891,0.12358882947118241
33,530,563,16.060606060606062
12,107,119,8.916666666666666
40,377,417,9.425
11,244,255,22.181818181818183
1878,296,2174,0.15761448349307774
197,516,713,2.6192893401015227
18,612,630,34.0
17,448,465,26.352941176470587
10,135,145,13.5
26,41,67,1.5769230769230769
15,399,414,26.6
6,211,217,35.166666666666664
13,244,257,18.76923076923077
4,161,165,40.25
2,12,14,6.0
59,71,130,1.2033898305084745
66,99,165,1.5
8,8,16,1.0
12,561,573,46.75
41,585,626,14.268292682926829
33,102,135,3.090909090909091
397,399,796,1.0050377833753148
1368,321,1689,0.23464912280701755
171,463,634,2.7076023391812867
25,150,175,6.0
98,529,627,5.3979591836734695
30,72,102,2.4
53,257,310,4.849056603773585
2644,19,2663,0.0071860816944024205
16,89,105,5.5625
894,599,1493,0.6700223713646533
18,238,256,13.222222222222221
36,892,928,24.77777777777778
17,36,53,2.1176470588235294
2,257,259,128.5
14,528,542,37.714285714285715
209,857,1066,4.100478468899522
14,440,454,31.428571428571427
2079,80,2159,0.03848003848003848
7,268,275,38.285714285714285
13,762,775,58.61538461538461
80,826,906,10.325
1963,739,2702,0.37646459500764134
132,77,209,0.5833333333333334
11,22,33,2.0
12,103,115,8.583333333333334
33,962,995,29.151515151515152
382,86,468,0.225130890052356
64,336,400,5.25
1926,169,2095,0.0877466251298027
6,244,250,40.666666666666664
386,370,756,0.9585492227979274
95,499,594,5.252631578947368
18,972,990,54.0
1153,446,1599,0.3868169991326973
7,42,49,6.0
516,147,663,0.28488372093023256
17,382,399,22.470588235294116
67,329,396,4.91044776119403
100,689,789,6.89
559,561,1120,1.003577817531306
10,282,292,28.2
2222,927,3149,0.4171917191719172
18,204,222,11.333333333333334
87,374,461,4.2988505747126435
38,45,83,1.1842105263157894
67,361,428,5.388059701492537
1070,219,1289,0.2046728971962617
41,330,371,8.048780487804878
21,452,473,21.523809523809526
4,269,273,67.25
37,89,126,2.4054054054054053
20,280,300,14.0
7,434,441,62.0
43,31,74,0.7209302325581395
15,70,85,4.666666666666667
12,350,362,29.166666666666668
14,196,210,14.0
84,318,402,3.7857142857142856
13,648,661,49.84615384615385
145,733,878,5.055172413793104
66,40,106,0.6060606060606061
7,106,113,15.142857142857142
38,29,67,0.7631578947368421
19,71,90,3.736842105263158
1909,255,2164,0.13357778941854373
1406,10,1416,0.007112375533428165
18,249,267,13.833333333333334
4,403,407,100.75
3,14,17,4.666666666666667
13,10,23,0.7692307692307693
74,410,484,5.54054054054054
376,40,416,0.10638297872340426
18,247,265,13.722222222222221
388,424,812,1.092783505154639
3397,125,3522,0.036797173977038564
99,588,687,5.9393939393939394
18,612,630,34.0
322,156,478,0.484472049689441
11,146,157,13.272727272727273
26,468,494,18.0
4,28,32,7.0
38,690,728,18.157894736842106
23,379,402,16.47826086956522
225,526,751,2.3377777777777777
1593,398,1991,0.24984306340238543
163,489,652,3.0
132,669,801,5.068181818181818
63,168,231,2.6666666666666665
332,223,555,0.6716867469879518
26,427,453,16.423076923076923
22,263,285,11.954545454545455
104,231,335,2.2211538461538463
15,247,262,16.466666666666665
55,408,463,7.418181818181818
172,440,612,2.558139534883721
57,564,621,9.894736842105264
67,102,169,1.5223880597014925
27,377,404,13.962962962962964
50,251,301,5.02
56,335,391,5.982142857142857
11,227,238,20.636363636363637
26,223,249,8.576923076923077
67,107,174,1.5970149253731343
8,282,290,35.25
26,336,362,12.923076923076923
317,465,782,1.4668769716088328
11,204,215,18.545454545454547
108,334,442,3.0925925925925926
8,178,186,22.25
16,28,44,1.75
14,323,337,23.071428571428573
222,8,230,0.036036036036036036
67,892,959,13.313432835820896
463,480,943,1.0367170626349893
322,37,359,0.11490683229813664
45,31,76,0.6888888888888889
24,165,189,6.875
62,600,662,9.67741935483871
77,256,333,3.324675324675325
20,429,449,21.45
32,107,139,3.34375
19,495,514,26.05263157894737
115,46,161,0.4
11,874,885,79.45454545454545
19,301,320,15.842105263157896
54,265,319,4.907407407407407
1068,748,1816,0.700374531835206
1223,750,1973,0.6132461161079313
79,92,171,1.1645569620253164
20,116,136,5.8
30,322,352,10.733333333333333
62,328,390,5.290322580645161
15,271,286,18.066666666666666
2,12,14,6.0
32,198,230,6.1875
912,669,1581,0.7335526315789473
23,371,394,16.130434782608695
1655,431,2086,0.26042296072507554
312,445,757,1.4262820512820513
350,779,1129,2.2257142857142855
22,265,287,12.045454545454545
143,297,440,2.076923076923077
17,250,267,14.705882352941176
79,494,573,6.253164556962025
15,725,740,48.333333333333336
29,1047,1076,36.10344827586207
610,412,1022,0.6754098360655738
526,197,723,0.3745247148288973
9,249,258,27.666666666666668
550,508,1058,0.9236363636363636
11,273,284,24.818181818181817
59,414,473,7.016949152542373
243,10,253,0.0411522633744856
352,955,1307,2.7130681818181817
33,245,278,7.424242424242424
58,504,562,8.689655172413794
47,493,540,10.48936170212766
504,227,731,0.4503968253968254
27,562,589,20.814814814814813
445,430,875,0.9662921348314607
12,470,482,39.166666666666664
12,103,115,8.583333333333334
10,498,508,49.8
410,201,611,0.4902439024390244
30,158,188,5.266666666666667
1548,18,1566,0.011627906976744186
1188,148,1336,0.12457912457912458
42,511,553,12.166666666666666
2,12,14,6.0
26,367,393,14.115384615384615
14,65,79,4.642857142857143
1194,348,1542,0.2914572864321608
262,109,371,0.41603053435114506
324,242,566,0.7469135802469136
137,444,581,3.240875912408759
20,235,255,11.75
53,361,414,6.811320754716981
107,518,625,4.841121495327103
23,793,816,34.47826086956522
13,60,73,4.615384615384615
19,505,524,26.57894736842105
47,40,87,0.851063829787234
24,216,240,9.0
91,484,575,5.318681318681318
23,998,1021,43.391304347826086
2169,218,2387,0.10050714615029968
381,494,875,1.2965879265091864
553,562,1115,1.0162748643761301
34,268,302,7.882352941176471
46,776,822,16.869565217391305
68,336,404,4.9411764705882355
12,439,451,36.583333333333336
3,14,17,4.666666666666667
7,499,506,71.28571428571429
239,56,295,0.23430962343096234
107,382,489,3.5700934579439254
74,458,532,6.1891891891891895
59,293,352,4.966101694915254
1140,84,1224,0.07368421052631578
22,551,573,25.045454545454547
218,104,322,0.47706422018348627
103,190,293,1.8446601941747574
15,349,364,23.266666666666666
7,514,521,73.42857142857143
26,26,52,1.0
13,96,109,7.384615384615385
25,230,255,9.2
8,176,184,22.0
74,402,476,5.4324324324324325
14,402,416,28.714285714285715
51,64,115,1.2549019607843137
5,251,256,50.2
19,314,333,16.526315789473685
46,59,105,1.2826086956521738
15,524,539,34.93333333333333
83,195,278,2.3493975903614457
5,256,261,51.2
1067,48,1115,0.04498594189315839
18,341,359,18.944444444444443
1152,10,1162,0.008680555555555556
64,386,450,6.03125
9,25,34,2.7777777777777777
46,475,521,10.326086956521738
13,101,114,7.769230769230769
32,35,67,1.09375
239,279,518,1.1673640167364017
20,307,327,15.35
15,45,60,3.0
86,619,705,7.1976744186046515
7,73,80,10.428571428571429
31,911,942,29.387096774193548
3492,281,3773,0.0804696449026346
530,473,1003,0.8924528301886793
378,336,714,0.8888888888888888
13,148,161,11.384615384615385
16,268,284,16.75
10,25,35,2.5
174,19,193,0.10919540229885058
1129,738,1867,0.6536758193091231
1985,10,1995,0.005037783375314861
759,1072,1831,1.4123847167325427
632,559,1191,0.884493670886076
23,168,191,7.304347826086956
85,245,330,2.8823529411764706
31,417,448,13.451612903225806
105,410,515,3.9047619047619047
1000,477,1477,0.477
1283,141,1424,0.10989867498051442
12,431,443,35.916666666666664
20,503,523,25.15
13,416,429,32.0
42,667,709,15.880952380952381
16,478,494,29.875
19,350,369,18.42105263157895
12,330,342,27.5
30,59,89,1.9666666666666666
23,126,149,5.478260869565218
8,68,76,8.5
8,302,310,37.75
62,7,69,0.11290322580645161
668,219,887,0.3278443113772455
21,229,250,10.904761904761905
19,295,314,15.526315789473685
123,307,430,2.4959349593495936
7,176,183,25.142857142857142
75,341,416,4.546666666666667
1221,313,1534,0.25634725634725636
2057,247,2304,0.12007778317938746
25,520,545,20.8
46,21,67,0.45652173913043476
560,527,1087,0.9410714285714286
2609,115,2724,0.04407819087773093
80,85,165,1.0625
30,379,409,12.633333333333333
2,12,14,6.0
7,415,422,59.285714285714285
53,191,244,3.6037735849056602
769,179,948,0.23276983094928477
67,491,558,7.3283582089552235
11,276,287,25.09090909090909
168,920,1088,5.476190476190476
11,50,61,4.545454545454546
46,51,97,1.108695652173913
74,444,518,6.0
47,43,90,0.9148936170212766
131,465,596,3.549618320610687
54,173,227,3.2037037037037037
1225,294,1519,0.24
8,316,324,39.5
20,279,299,13.95
250,234,484,0.936
380,737,1117,1.9394736842105262
59,517,576,8.76271186440678
14,277,291,19.785714285714285
7,159,166,22.714285714285715
1035,200,1235,0.1932367149758454
26,190,216,7.3076923076923075
29,73,102,2.5172413793103448
3711,7,3718,0.001886284020479655
5,27,32,5.4
2698,311,3009,0.11527057079318014
19,532,551,28.0
11,546,557,49.63636363636363
128,310,438,2.421875
38,953,991,25.07894736842105
9,142,151,15.777777777777779
10,546,556,54.6
24,440,464,18.333333333333332
80,666,746,8.325
9,359,368,39.888888888888886
11,356,367,32.36363636363637
25,463,488,18.52
25,30,55,1.2
112,93,205,0.8303571428571429
20,251,271,12.55
288,330,618,1.1458333333333333
32,266,298,8.3125
92,406,498,4.413043478260869
53,562,615,10.60377358490566
1008,170,1178,0.16865079365079366
16,373,389,23.3125
1822,138,1960,0.07574094401756312
17,29,46,1.7058823529411764
20,257,277,12.85
700,75,775,0.10714285714285714
125,275,400,2.2
47,36,83,0.7659574468085106
35,908,943,25.942857142857143
10,288,298,28.8
61,299,360,4.901639344262295
103,241,344,2.3398058252427183
13,129,142,9.923076923076923
49,203,252,4.142857142857143
2,12,14,6.0
292,379,671,1.297945205479452
59,327,386,5.5423728813559325
3,13,16,4.333333333333333
46,220,266,4.782608695652174
17,373,390,21.941176470588236
118,432,550,3.6610169491525424
19,490,509,25.789473684210527
26,98,124,3.769230769230769
427,10,437,0.0234192037470726
259,776,1035,2.996138996138996
54,651,705,12.055555555555555
12,304,316,25.333333333333332
2,12,14,6.0
1894,389,2283,0.20538542766631468
129,32,161,0.24806201550387597
7,115,122,16.428571428571427
16,224,240,14.0
10,316,326,31.6
4,281,285,70.25
3127,633,3760,0.20243044451551007
292,216,508,0.7397260273972602
540,261,801,0.48333333333333334
89,593,682,6.662921348314606
969,151,1120,0.15583075335397317
111,1062,1173,9.567567567567568
44,432,476,9.818181818181818
8,436,444,54.5
48,380,428,7.916666666666667
16,961,977,60.0625
17,126,143,7.411764705882353
3,14,17,4.666666666666667
33,361,394,10.93939393939394
18,328,346,18.22222222222222
32,276,308,8.625
17,182,199,10.705882352941176
169,21,190,0.1242603550295858
25,118,143,4.72
6,706,712,117.66666666666667
8,263,271,32.875
13,101,114,7.769230769230769
99,291,390,2.9393939393939394
39,428,467,10.974358974358974
33,77,110,2.3333333333333335
82,603,685,7.353658536585366
4,66,70,16.5
21,480,501,22.857142857142858
227,410,637,1.8061674008810573
9,233,242,25.88888888888889
25,48,73,1.92
647,1734,2381,2.6800618238021636
10,375,385,37.5
1221,190,1411,0.15561015561015562
15,255,270,17.0
104,32,136,0.3076923076923077
29,202,231,6.9655172413793105
14,238,252,17.0
47,408,455,8.680851063829786
924,31,955,0.03354978354978355
667,516,1183,0.7736131934032984
45,941,986,20.91111111111111
172,193,365,1.122093023255814
23,575,598,25.0
18,278,296,15.444444444444445
37,426,463,11.513513513513514
20,505,525,25.25
3698,100,3798,0.02704164413196322
260,8,268,0.03076923076923077
556,125,681,0.22482014388489208
223,47,270,0.21076233183856502
6,104,110,17.333333333333332
17,255,272,15.0
11,244,255,22.181818181818183
118,515,633,4.364406779661017
70,230,300,3.2857142857142856
16,215,231,13.4375
845,548,1393,0.6485207100591716
1187,306,1493,0.2577927548441449
19,249,268,13.105263157894736
115,956,1071,8.31304347826087
12,180,192,15.0
28,232,260,8.285714285714286
16,109,125,6.8125
9,840,849,93.33333333333333
53,72,125,1.3584905660377358
14,18,32,1.2857142857142858
925,466,1391,0.5037837837837837
1678,36,1714,0.021454112038140644
21,173,194,8.238095238095237
83,323,406,3.891566265060241
9,334,343,37.111111111111114
146,150,296,1.0273972602739727
134,550,684,4.104477611940299
2018,21,2039,0.010406342913776016
95,222,317,2.336842105263158
21,290,311,13.80952380952381
22,256,278,11.636363636363637
7,36,43,5.142857142857143
2862,796,3658,0.2781271837875611
23,214,237,9.304347826086957
13,131,144,10.076923076923077
9,424,433,47.111111111111114
920,727,1647,0.7902173913043479
22,136,158,6.181818181818182
1325,594,1919,0.4483018867924528
23,394,417,17.130434782608695
9,12,21,1.3333333333333333
22,427,449,19.40909090909091
10,30,40,3.0
31,353,384,11.387096774193548
2,12,14,6.0
2570,374,2944,0.14552529182879378
9,152,161,16.88888888888889
167,946,1113,5.664670658682635
1284,31,1315,0.024143302180685357
14,363,377,25.928571428571427
34,572,606,16.823529411764707
40,186,226,4.65
26,125,151,4.8076923076923075
25,312,337,12.48
18,790,808,43.888888888888886
16,251,267,15.6875
15,250,265,16.666666666666668
8,290,298,36.25
15,274,289,18.266666666666666
9,372,381,41.333333333333336
34,523,557,15.382352941176471
13,118,131,9.076923076923077
30,566,596,18.866666666666667
69,61,130,0.8840579710144928
22,108,130,4.909090909090909
33,54,87,1.6363636363636365
923,15,938,0.016251354279523293
21,96,117,4.571428571428571
39,716,755,18.358974358974358
28,548,576,19.571428571428573
10,474,484,47.4
18,360,378,20.0
27,439,466,16.25925925925926
36,253,289,7.027777777777778
252,447,699,1.7738095238095237
8,251,259,31.375
32,118,150,3.6875
17,577,594,33.94117647058823
49,1054,1103,21.510204081632654
30,284,314,9.466666666666667
9,31,40,3.4444444444444446
39,61,100,1.564102564102564
1181,247,1428,0.20914479254868756
22,137,159,6.2272727272727275
16,250,266,15.625
3263,485,3748,0.14863622433343548
26,286,312,11.0
115,254,369,2.208695652173913
8,291,299,36.375
363,157,520,0.4325068870523416
15,302,317,20.133333333333333
32,983,1015,30.71875
81,24,105,0.2962962962962963
63,199,262,3.1587301587301586
11,358,369,32.54545454545455
1307,770,2077,0.5891354246365723
458,368,826,0.8034934497816594
15,57,72,3.8
191,187,378,0.9790575916230366
301,474,775,1.5747508305647842
80,23,103,0.2875
2,31,33,15.5
63,482,545,7.650793650793651
45,558,603,12.4
118,434,552,3.6779661016949152
55,73,128,1.3272727272727274
415,839,1254,2.021686746987952
18,368,386,20.444444444444443
4,9,13,2.25
203,475,678,2.3399014778325125
45,418,463,9.28888888888889
330,1001,1331,3.033333333333333
30,261,291,8.7
8,388,396,48.5
51,42,93,0.8235294117647058
90,69,159,0.7666666666666667
200,323,523,1.615
4,114,118,28.5
200,506,706,2.53
24,542,566,22.583333333333332
15,52,67,3.466666666666667
18,284,302,15.777777777777779
18,368,386,20.444444444444443
284,594,878,2.091549295774648
20,246,266,12.3
25,162,187,6.48
364,80,444,0.21978021978021978
8,241,249,30.125
181,389,570,2.149171270718232
9,403,412,44.77777777777778
446,278,724,0.6233183856502242
45,224,269,4.977777777777778
2711,72,2783,0.026558465510881594
12,163,175,13.583333333333334
11,247,258,22.454545454545453
14,100,114,7.142857142857143
37,570,607,15.405405405405405
5,169,174,33.8
631,457,1088,0.7242472266244057
4,13,17,3.25
31,345,376,11.129032258064516
16,691,707,43.1875
23,385,408,16.73913043478261
19,12,31,0.631578947368421
26,183,209,7.038461538461538
710,123,833,0.1732394366197183
75,483,558,6.44
12,415,427,34.583333333333336
190,164,354,0.8631578947368421
13,364,377,28.0
25,96,121,3.84
41,391,432,9.536585365853659
12,221,233,18.416666666666668
7,697,704,99.57142857142857
530,36,566,0.06792452830188679
544,10,554,0.01838235294117647
213,339,552,1.591549295774648
9,236,245,26.22222222222222
26,271,297,10.423076923076923
5,50,55,10.0
10,163,173,16.3
67,271,338,4.044776119402985
32,112,144,3.5
86,899,985,10.453488372093023
48,491,539,10.229166666666666
16,502,518,31.375
19,134,153,7.052631578947368
673,229,902,0.34026745913818723
89,258,347,2.898876404494382
403,254,657,0.630272952853598
35,7,42,0.2
17,583,600,34.294117647058826
1252,286,1538,0.22843450479233227
1311,782,2093,0.5964912280701754
27,309,336,11.444444444444445
62,509,571,8.209677419354838
10,244,254,24.4
7,295,302,42.142857142857146
20,447,467,22.35
245,832,1077,3.3959183673469386
59,45,104,0.7627118644067796
13,725,738,55.76923076923077
12,301,313,25.083333333333332
6,439,445,73.16666666666667
21,445,466,21.19047619047619
329,394,723,1.1975683890577509
9,422,431,46.888888888888886
3378,125,3503,0.03700414446417999
101,441,542,4.366336633663367
600,6,606,0.01
3074,243,3317,0.07905009759271307
8,45,53,5.625
112,297,409,2.6517857142857144
198,497,695,2.51010101010101
36,347,383,9.63888888888889
34,696,730,20.470588235294116
34,71,105,2.088235294117647
2,12,14,6.0
52,706,758,13.576923076923077
25,969,994,38.76
26,298,324,11.461538461538462
47,170,217,3.617021276595745
156,97,253,0.6217948717948718
146,108,254,0.7397260273972602
21,290,311,13.80952380952381
1275,16,1291,0.012549019607843137
3031,40,3071,0.013196964698119432
103,679,782,6.592233009708738
28,285,313,10.178571428571429
887,34,921,0.038331454340473504
11,166,177,15.090909090909092
21,357,378,17.0
54,753,807,13.944444444444445
12,110,122,9.166666666666666
172,805,977,4.680232558139535
3,12,15,4.0
125,566,691,4.528
80,429,509,5.3625
24,435,459,18.125
2225,58,2283,0.02606741573033708
12,239,251,19.916666666666668
22,324,346,14.727272727272727
78,208,286,2.6666666666666665
14,149,163,10.642857142857142
985,990,1975,1.0050761421319796
16,268,284,16.75
1412,434,1846,0.3073654390934844
143,793,936,5.545454545454546
22,297,319,13.5
16,587,603,36.6875
39,199,238,5.102564102564102
304,155,459,0.5098684210526315
29,130,159,4.482758620689655
62,202,264,3.2580645161290325
7,210,217,30.0
1105,144,1249,0.13031674208144797
18,313,331,17.38888888888889
412,475,887,1.1529126213592233
11,334,345,30.363636363636363
13,281,294,21.615384615384617
125,922,1047,7.376
23,442,465,19.217391304347824
93,256,349,2.752688172043011
26,79,105,3.0384615384615383
25,93,118,3.72
10,539,549,53.9
40,218,258,5.45
146,301,447,2.0616438356164384
9,422,431,46.888888888888886
211,184,395,0.8720379146919431
326,311,637,0.9539877300613497
20,604,624,30.2
36,512,548,14.222222222222221
513,438,951,0.8538011695906432
7,396,403,56.57142857142857
74,69,143,0.9324324324324325
496,134,630,0.2701612903225806
5,255,260,51.0
871,321,1192,0.3685419058553387
19,316,335,16.63157894736842
2248,432,2680,0.19217081850533807
36,483,519,13.416666666666666
29,325,354,11.206896551724139
25,157,182,6.28
8,315,323,39.375
328,124,452,0.3780487804878049
175,257,432,1.4685714285714286
26,542,568,20.846153846153847
59,10,69,0.1694915254237288
9,149,158,16.555555555555557
1252,270,1522,0.21565495207667731
56,577,633,10.303571428571429
15,129,144,8.6
37,285,322,7.702702702702703
10,388,398,38.8
96,704,800,7.333333333333333
13,225,238,17.307692307692307
32,416,448,13.0
1514,317,1831,0.2093791281373844
63,759,822,12.047619047619047
12,349,361,29.083333333333332
141,448,589,3.1773049645390072
1063,904,1967,0.8504233301975541
160,85,245,0.53125
23,347,370,15.08695652173913
4,88,92,22.0
26,591,617,22.73076923076923
9,296,305,32.888888888888886
19,111,130,5.842105263157895
82,367,449,4.475609756097561
20,403,423,20.15
36,398,434,11.055555555555555
2648,209,2857,0.0789274924471299
18,311,329,17.27777777777778
47,108,155,2.297872340425532
3876,87,3963,0.02244582043343653
31,159,190,5.129032258064516
657,223,880,0.3394216133942161
17,415,432,24.41176470588235
8,93,101,11.625
32,624,656,19.5
2185,335,2520,0.15331807780320367
19,240,259,12.631578947368421
434,431,865,0.9930875576036866
1604,18,1622,0.011221945137157107
57,142,199,2.491228070175439
114,457,571,4.008771929824562
87,90,177,1.0344827586206897
13,162,175,12.461538461538462
22,397,419,18.045454545454547
15,259,274,17.266666666666666
25,35,60,1.4
341,192,533,0.5630498533724341
12,329,341,27.416666666666668
325,45,370,0.13846153846153847
81,436,517,5.382716049382716
726,34,760,0.046831955922865015
13,642,655,49.38461538461539
1541,743,2284,0.48215444516547695
22,635,657,28.863636363636363
124,174,298,1.403225806451613
83,532,615,6.409638554216867
10,127,137,12.7
34,179,213,5.264705882352941
674,788,1462,1.1691394658753709
14,229,243,16.357142857142858
20,367,387,18.35
23,329,352,14.304347826086957
302,393,695,1.3013245033112584
51,596,647,11.686274509803921
15,267,282,17.8
957,1025,1982,1.071055381400209
14,240,254,17.142857142857142
10,238,248,23.8
20,134,154,6.7
5,196,201,39.2
597,871,1468,1.4589614740368508
263,55,318,0.20912547528517111
8,152,160,19.0
8,285,293,35.625
9,429,438,47.666666666666664
825,216,1041,0.26181818181818184
55,334,389,6.072727272727272
22,38,60,1.7272727272727273
4,179,183,44.75
64,278,342,4.34375
23,112,135,4.869565217391305
9,274,283,30.444444444444443
9,51,60,5.666666666666667
17,256,273,15.058823529411764
95,705,800,7.421052631578948
209,771,980,3.688995215311005
117,340,457,2.905982905982906
48,127,175,2.6458333333333335
46,188,234,4.086956521739131
286,357,643,1.2482517482517483
17,415,432,24.41176470588235
131,32,163,0.24427480916030533
20,265,285,13.25
14,85,99,6.071428571428571
132,287,419,2.1742424242424243
26,138,164,5.3076923076923075
116,232,348,2.0
136,420,556,3.088235294117647
13,386,399,29.692307692307693
9,20,29,2.2222222222222223
139,93,232,0.6690647482014388
4,467,471,116.75
119,430,549,3.6134453781512605
124,277,401,2.2338709677419355
27,45,72,1.6666666666666667
202,863,1065,4.272277227722772
447,324,771,0.7248322147651006
87,75,162,0.8620689655172413
17,183,200,10.764705882352942
2327,8,2335,0.0034379028792436614
9,172,181,19.11111111111111
95,926,1021,9.74736842105263
16,360,376,22.5
35,78,113,2.2285714285714286
919,10,929,0.01088139281828074
14,275,289,19.642857142857142
128,150,278,1.171875
9,26,35,2.888888888888889
171,187,358,1.0935672514619883
2,12,14,6.0
90,821,911,9.122222222222222
5,316,321,63.2
106,397,503,3.7452830188679247
25,868,893,34.72
81,18,99,0.2222222222222222
10,190,200,19.0
174,164,338,0.9425287356321839
27,33,60,1.2222222222222223
23,241,264,10.478260869565217
42,238,280,5.666666666666667
1580,194,1774,0.12278481012658228
1110,202,1312,0.18198198198198198
1845,212,2057,0.11490514905149052
6,557,563,92.83333333333333
1988,189,2177,0.09507042253521127
58,432,490,7.448275862068965
2002,778,2780,0.3886113886113886
86,375,461,4.3604651162790695
38,631,669,16.605263157894736
21,556,577,26.476190476190474
837,430,1267,0.5137395459976105
2488,873,3361,0.3508842443729904
53,381,434,7.188679245283019
39,101,140,2.58974358974359
1071,543,1614,0.5070028011204482
8,375,383,46.875
21,633,654,30.142857142857142
131,438,569,3.3435114503816794
9,107,116,11.88888888888889
70,145,215,2.0714285714285716
16,148,164,9.25
16,271,287,16.9375
36,393,429,10.916666666666666
26,213,239,8.192307692307692
14,149,163,10.642857142857142
24,88,112,3.6666666666666665
14,304,318,21.714285714285715
34,261,295,7.676470588235294
18,158,176,8.777777777777779
1034,986,2020,0.9535783365570599
32,322,354,10.0625
13,254,267,19.53846153846154
3205,140,3345,0.0436817472698908
76,28,104,0.3684210526315789
9,175,184,19.444444444444443
10,288,298,28.8
218,424,642,1.944954128440367
19,762,781,40.10526315789474
33,634,667,19.21212121212121
20,149,169,7.45
17,393,410,23.11764705882353
729,784,1513,1.075445816186557
8,459,467,57.375
7,944,951,134.85714285714286
4,84,88,21.0
48,470,518,9.791666666666666
36,422,458,11.722222222222221
15,362,377,24.133333333333333
38,263,301,6.921052631578948
7,166,173,23.714285714285715
1140,84,1224,0.07368421052631578
8,332,340,41.5
69,131,200,1.8985507246376812
10,22,32,2.2
12,189,201,15.75
17,123,140,7.235294117647059
17,164,181,9.647058823529411
11,38,49,3.4545454545454546
33,215,248,6.515151515151516
81,975,1056,12.037037037037036
516,147,663,0.28488372093023256
10,395,405,39.5
154,160,314,1.0389610389610389
30,30,60,1.0
37,835,872,22.56756756756757
12,423,435,35.25
1355,48,1403,0.035424354243542434
51,73,124,1.4313725490196079
3133,62,3195,0.01978933929141398
24,201,225,8.375
204,219,423,1.0735294117647058
10,141,151,14.1
51,159,210,3.1176470588235294
12,343,355,28.583333333333332
318,579,897,1.820754716981132
26,280,306,10.76923076923077
17,936,953,55.05882352941177
883,973,1856,1.101925254813137
13,301,314,23.153846153846153
399,522,921,1.3082706766917294
13,345,358,26.53846153846154
15,434,449,28.933333333333334
312,630,942,2.019230769230769
17,141,158,8.294117647058824
40,84,124,2.1
32,107,139,3.34375
28,360,388,12.857142857142858
73,392,465,5.36986301369863
565,260,825,0.46017699115044247
29,320,349,11.03448275862069
13,137,150,10.538461538461538
8,98,106,12.25
21,396,417,18.857142857142858
20,338,358,16.9
21,688,709,32.76190476190476
4,407,411,101.75
44,204,248,4.636363636363637
3,26,29,8.666666666666666
8,138,146,17.25
9,146,155,16.22222222222222
23,410,433,17.82608695652174
15,209,224,13.933333333333334
26,255,281,9.807692307692308
22,37,59,1.6818181818181819
2659,95,2754,0.035727717186912374
104,122,226,1.1730769230769231
103,231,334,2.2427184466019416
25,547,572,21.88
11,117,128,10.636363636363637
664,39,703,0.058734939759036146
20,463,483,23.15
3175,210,3385,0.06614173228346457
298,589,887,1.976510067114094
31,330,361,10.64516129032258
9,209,218,23.22222222222222
20,250,270,12.5
67,58,125,0.8656716417910447
11,228,239,20.727272727272727
16,363,379,22.6875
12,848,860,70.66666666666667
13,303,316,23.307692307692307
414,213,627,0.5144927536231884
10,584,594,58.4
120,710,830,5.916666666666667
16,422,438,26.375
1641,168,1809,0.10237659963436929
36,7,43,0.19444444444444445
158,269,427,1.7025316455696202
80,816,896,10.2
30,382,412,12.733333333333333
1126,174,1300,0.15452930728241562
34,208,242,6.117647058823529
77,486,563,6.311688311688312
8,605,613,75.625
89,461,550,5.179775280898877
37,721,758,19.486486486486488
24,29,53,1.2083333333333333
9,136,145,15.11111111111111
20,408,428,20.4
25,207,232,8.28
19,455,474,23.94736842105263
10,278,288,27.8
23,475,498,20.652173913043477
92,82,174,0.8913043478260869
38,263,301,6.921052631578948
12,36,48,3.0
25,207,232,8.28
7,20,27,2.857142857142857
24,637,661,26.541666666666668
114,326,440,2.8596491228070176
15,177,192,11.8
30,532,562,17.733333333333334
15,345,360,23.0
15,41,56,2.7333333333333334
22,23,45,1.0454545454545454
88,980,1068,11.136363636363637
13,129,142,9.923076923076923
7,315,322,45.0
103,65,168,0.6310679611650486
10,853,863,85.3
29,349,378,12.03448275862069
8,168,176,21.0
181,402,583,2.2209944751381214
8,460,468,57.5
45,416,461,9.244444444444444
2154,218,2372,0.10120705663881151
12,303,315,25.25
9,175,184,19.444444444444443
16,378,394,23.625
41,250,291,6.097560975609756
38,6,44,0.15789473684210525
39,762,801,19.53846153846154
103,93,196,0.9029126213592233
16,215,231,13.4375
28,342,370,12.214285714285714
4,143,147,35.75
62,711,773,11.46774193548387
45,423,468,9.4
761,368,1129,0.4835742444152431
3,290,293,96.66666666666667
20,494,514,24.7
47,321,368,6.829787234042553
506,342,848,0.6758893280632411
22,304,326,13.818181818181818
58,504,562,8.689655172413794
23,163,186,7.086956521739131
80,419,499,5.2375
591,19,610,0.032148900169204735
2,12,14,6.0
47,460,507,9.787234042553191
6,78,84,13.0
33,163,196,4.9393939393939394
47,37,84,0.7872340425531915
15,303,318,20.2
13,330,343,25.384615384615383
114,295,409,2.587719298245614
9,152,161,16.88888888888889
20,365,385,18.25
47,321,368,6.829787234042553
7,36,43,5.142857142857143
27,439,466,16.25925925925926
10,450,460,45.0
21,454,475,21.61904761904762
13,197,210,15.153846153846153
29,7,36,0.2413793103448276
331,967,1298,2.921450151057402
21,286,307,13.619047619047619
23,307,330,13.347826086956522
60,169,229,2.816666666666667
18,414,432,23.0
345,385,730,1.1159420289855073
453,423,876,0.9337748344370861
27,160,187,5.925925925925926
16,257,273,16.0625
93,235,328,2.5268817204301075
52,153,205,2.9423076923076925
38,50,88,1.3157894736842106
162,589,751,3.6358024691358026
26,216,242,8.307692307692308
8,381,389,47.625
9,7,16,0.7777777777777778
24,952,976,39.666666666666664
2312,404,2716,0.17474048442906576
17,398,415,23.41176470588235
7,270,277,38.57142857142857
8,21,29,2.625
78,400,478,5.128205128205129
110,535,645,4.863636363636363
93,725,818,7.795698924731183
22,392,414,17.818181818181817
174,489,663,2.810344827586207
312,624,936,2.0
906,492,1398,0.543046357615894
39,80,119,2.051282051282051
2711,76,2787,0.028033935817041684
61,180,241,2.9508196721311477
2,12,14,6.0
64,339,403,5.296875
80,347,427,4.3375
44,363,407,8.25
18,23,41,1.2777777777777777
624,250,874,0.40064102564102566
27,39,66,1.4444444444444444
145,764,909,5.268965517241379
26,210,236,8.076923076923077
15,533,548,35.53333333333333
193,166,359,0.8601036269430051
83,25,108,0.30120481927710846
140,539,679,3.85
6,135,141,22.5
29,242,271,8.344827586206897
423,121,544,0.2860520094562648
14,109,123,7.785714285714286
400,247,647,0.6175
53,280,333,5.283018867924528
1009,297,1306,0.2943508424182359
23,232,255,10.08695652173913
19,457,476,24.05263157894737
35,62,97,1.7714285714285714
12,238,250,19.833333333333332
13,218,231,16.76923076923077
498,343,841,0.6887550200803213
3416,18,3434,0.005269320843091335
207,906,1113,4.3768115942028984
26,230,256,8.846153846153847
11,173,184,15.727272727272727
40,818,858,20.45
147,99,246,0.673469387755102
329,51,380,0.15501519756838905
21,222,243,10.571428571428571
49,626,675,12.775510204081632
1375,652,2027,0.4741818181818182
69,453,522,6.565217391304348
47,49,96,1.0425531914893618
129,14,143,0.10852713178294573
32,303,335,9.46875
93,125,218,1.3440860215053763
69,693,762,10.043478260869565
41,606,647,14.78048780487805
650,44,694,0.06769230769230769
101,326,427,3.227722772277228
219,338,557,1.54337899543379
26,217,243,8.346153846153847
188,602,790,3.202127659574468
1607,605,2212,0.37647790914747975
23,209,232,9.08695652173913
102,84,186,0.8235294117647058
13,148,161,11.384615384615385
491,110,601,0.2240325865580448
143,320,463,2.237762237762238
8,195,203,24.375
3,98,101,32.666666666666664
30,349,379,11.633333333333333
1766,76,1842,0.04303510758776897
3,181,184,60.333333333333336
15,393,408,26.2
17,99,116,5.823529411764706
30,520,550,17.333333333333332
75,342,417,4.56
624,17,641,0.027243589743589744
19,949,968,49.94736842105263
9,441,450,49.0
274,608,882,2.218978102189781
25,535,560,21.4
8,189,197,23.625
77,114,191,1.4805194805194806
777,20,797,0.02574002574002574
3016,31,3047,0.010278514588859417
6,717,723,119.5
10,287,297,28.7
18,72,90,4.0
20,569,589,28.45
125,436,561,3.488
2947,246,3193,0.0834747200542925
15,21,36,1.4
176,459,635,2.6079545454545454
10,37,47,3.7
1505,171,1676,0.11362126245847176
2172,375,2547,0.17265193370165746
8,261,269,32.625
25,101,126,4.04
7,426,433,60.857142857142854
241,506,747,2.099585062240664
14,371,385,26.5
1792,239,2031,0.13337053571428573
307,470,777,1.5309446254071661
120,340,460,2.8333333333333335
769,34,803,0.044213263979193757
21,740,761,35.23809523809524
37,288,325,7.783783783783784
308,72,380,0.23376623376623376
25,31,56,1.24
1335,584,1919,0.43745318352059925
923,831,1754,0.9003250270855905
63,459,522,7.285714285714286
1492,173,1665,0.11595174262734584
16,315,331,19.6875
61,786,847,12.885245901639344
41,481,522,11.731707317073171
1519,25,1544,0.016458196181698487
1188,194,1382,0.1632996632996633
9,55,64,6.111111111111111
14,315,329,22.5
2041,1005,3046,0.492405683488486
25,150,175,6.0
11,234,245,21.272727272727273
469,351,820,0.7484008528784648
18,295,313,16.38888888888889
20,36,56,1.8
120,720,840,6.0
215,5,220,0.023255813953488372
706,741,1447,1.0495750708215297
146,39,185,0.2671232876712329
17,249,266,14.647058823529411
2175,192,2367,0.08827586206896551
2,14,16,7.0
35,306,341,8.742857142857142
407,39,446,0.09582309582309582
2068,15,2083,0.007253384912959381
13,246,259,18.923076923076923
20,392,412,19.6
14,100,114,7.142857142857143
9,117,126,13.0
162,100,262,0.6172839506172839
16,351,367,21.9375
56,715,771,12.767857142857142
14,50,64,3.5714285714285716
120,340,460,2.8333333333333335
25,773,798,30.92
11,316,327,28.727272727272727
108,334,442,3.0925925925925926
10,207,217,20.7
10,16,26,1.6
548,787,1335,1.436131386861314
19,322,341,16.94736842105263
10,61,71,6.1
234,527,761,2.252136752136752
3,13,16,4.333333333333333
41,278,319,6.780487804878049
31,471,502,15.193548387096774
11,546,557,49.63636363636363
320,292,612,0.9125
172,209,381,1.2151162790697674
683,178,861,0.26061493411420206
18,844,862,46.888888888888886
33,86,119,2.606060606060606
21,454,475,21.61904761904762
94,652,746,6.9361702127659575
12,315,327,26.25
15,220,235,14.666666666666666
11,191,202,17.363636363636363
21,393,414,18.714285714285715
25,305,330,12.2
13,246,259,18.923076923076923
26,374,400,14.384615384615385
14,45,59,3.2142857142857144
1747,884,2631,0.5060103033772181
12,73,85,6.083333333333333
198,204,402,1.0303030303030303
83,320,403,3.855421686746988
76,627,703,8.25
201,500,701,2.487562189054726
17,412,429,24.235294117647058
16,307,323,19.1875
17,867,884,51.0
414,141,555,0.34057971014492755
20,358,378,17.9
124,602,726,4.854838709677419
35,445,480,12.714285714285714
1545,216,1761,0.13980582524271845
43,771,814,17.930232558139537
48,266,314,5.541666666666667
20,211,231,10.55
11,226,237,20.545454545454547
89,418,507,4.696629213483146
90,92,182,1.0222222222222221
74,962,1036,13.0
126,152,278,1.2063492063492063
2,12,14,6.0
852,859,1711,1.0082159624413145
2039,267,2306,0.13094654242275625
13,19,32,1.4615384615384615
3,10,13,3.3333333333333335
120,168,288,1.4
28,464,492,16.571428571428573
1042,236,1278,0.22648752399232247
11,24,35,2.1818181818181817
206,215,421,1.0436893203883495
8,105,113,13.125
30,107,137,3.566666666666667
14,347,361,24.785714285714285
62,823,885,13.274193548387096
19,375,394,19.736842105263158
7,183,190,26.142857142857142
44,244,288,5.545454545454546
16,250,266,15.625
11,772,783,70.18181818181819
106,99,205,0.9339622641509434
13,440,453,33.84615384615385
594,420,1014,0.7070707070707071
10,258,268,25.8
46,411,457,8.934782608695652
350,423,773,1.2085714285714286
26,47,73,1.8076923076923077
90,873,963,9.7
18,536,554,29.77777777777778
28,15,43,0.5357142857142857
21,384,405,18.285714285714285
12,54,66,4.5
5,572,577,114.4
18,329,347,18.27777777777778
14,235,249,16.785714285714285
491,257,748,0.5234215885947047
11,710,721,64.54545454545455
328,1166,1494,3.5548780487804876
57,110,167,1.9298245614035088
185,103,288,0.5567567567567567
281,419,700,1.491103202846975
36,32,68,0.8888888888888888
162,589,751,3.6358024691358026
670,902,1572,1.346268656716418
27,727,754,26.925925925925927
76,375,451,4.934210526315789
126,203,329,1.6111111111111112
26,881,907,33.88461538461539
114,73,187,0.6403508771929824
982,96,1078,0.09775967413441955
26,98,124,3.769230769230769
78,406,484,5.205128205128205
4,459,463,114.75
25,207,232,8.28
63,424,487,6.73015873015873
23,265,288,11.521739130434783
103,421,524,4.087378640776699
3,320,323,106.66666666666667
22,83,105,3.772727272727273
211,359,570,1.7014218009478672
2,12,14,6.0
1879,718,2597,0.38211814795103777
15,495,510,33.0
4,12,16,3.0
706,316,1022,0.4475920679886686
114,401,515,3.517543859649123
20,354,374,17.7
23,593,616,25.782608695652176
12,144,156,12.0
10,626,636,62.6
509,622,1131,1.2220039292730844
1187,892,2079,0.7514743049705139
24,282,306,11.75
41,481,522,11.731707317073171
1041,10,1051,0.009606147934678195
15,253,268,16.866666666666667
40,67,107,1.675
24,128,152,5.333333333333333
89,710,799,7.977528089887641
35,284,319,8.114285714285714
18,360,378,20.0
16,48,64,3.0
825,361,1186,0.43757575757575756
371,21,392,0.05660377358490566
661,7,668,0.01059001512859304
7,129,136,18.428571428571427
40,424,464,10.6
10,109,119,10.9
11,380,391,34.54545454545455
14,344,358,24.571428571428573
5,859,864,171.8
37,93,130,2.5135135135135136
115,403,518,3.5043478260869567
99,352,451,3.5555555555555554
4,269,273,67.25
80,754,834,9.425
39,266,305,6.82051282051282
19,504,523,26.526315789473685
42,207,249,4.928571428571429
763,450,1213,0.5897771952817824
31,576,607,18.580645161290324
25,802,827,32.08
17,493,510,29.0
60,56,116,0.9333333333333333
8,236,244,29.5
50,204,254,4.08
11,61,72,5.545454545454546
175,177,352,1.0114285714285713
27,242,269,8.962962962962964
32,462,494,14.4375
15,342,357,22.8
512,89,601,0.173828125
17,244,261,14.352941176470589
15,266,281,17.733333333333334
21,168,189,8.0
2465,661,3126,0.26815415821501015
64,595,659,9.296875
1441,153,1594,0.10617626648161
17,693,710,40.76470588235294
10,571,581,57.1
34,264,298,7.764705882352941
9,294,303,32.666666666666664
25,37,62,1.48
20,107,127,5.35
19,148,167,7.7894736842105265
960,29,989,0.030208333333333334
27,227,254,8.407407407407407
29,677,706,23.344827586206897
598,431,1029,0.7207357859531772
1809,10,1819,0.00552791597567717
142,568,710,4.0
677,67,744,0.09896602658788774
207,7,214,0.033816425120772944
35,811,846,23.17142857142857
2424,136,2560,0.056105610561056105
6,116,122,19.333333333333332
55,150,205,2.727272727272727
24,547,571,22.791666666666668
21,241,262,11.476190476190476
11,31,42,2.8181818181818183
17,255,272,15.0
90,131,221,1.4555555555555555
599,581,1180,0.9699499165275459
48,34,82,0.7083333333333334
1130,552,1682,0.48849557522123893
20,195,215,9.75
783,394,1177,0.5031928480204342
9,390,399,43.333333333333336
61,599,660,9.819672131147541
138,196,334,1.4202898550724639
573,341,914,0.5951134380453752
19,89,108,4.684210526315789
105,331,436,3.1523809523809523
317,678,995,2.138801261829653
117,418,535,3.572649572649573
40,458,498,11.45
19,283,302,14.894736842105264
188,333,521,1.7712765957446808
36,118,154,3.2777777777777777
91,582,673,6.395604395604396
9,647,656,71.88888888888889
137,275,412,2.0072992700729926
34,772,806,22.705882352941178
8,470,478,58.75
2,12,14,6.0
23,253,276,11.0
29,55,84,1.896551724137931
302,532,834,1.7615894039735098
160,682,842,4.2625
10,1022,1032,102.2
141,405,546,2.872340425531915
203,151,354,0.7438423645320197
67,957,1024,14.283582089552239
2,14,16,7.0
18,208,226,11.555555555555555
12,735,747,61.25
20,138,158,6.9
6,249,255,41.5
22,340,362,15.454545454545455
430,367,797,0.8534883720930233
340,490,830,1.4411764705882353
487,693,1180,1.4229979466119096
69,140,209,2.028985507246377
18,229,247,12.722222222222221
18,578,596,32.111111111111114
13,574,587,44.15384615384615
58,627,685,10.810344827586206
12,490,502,40.833333333333336
14,455,469,32.5
18,237,255,13.166666666666666
10,280,290,28.0
12,342,354,28.5
23,477,500,20.73913043478261
27,250,277,9.25925925925926
8,585,593,73.125
282,131,413,0.4645390070921986
14,252,266,18.0
8,273,281,34.125
150,463,613,3.0866666666666664
142,349,491,2.4577464788732395
14,335,349,23.928571428571427
34,478,512,14.058823529411764
106,464,570,4.377358490566038
921,944,1865,1.024972855591748
15,387,402,25.8
550,355,905,0.6454545454545455
95,222,317,2.336842105263158
18,170,188,9.444444444444445
20,261,281,13.05
15,535,550,35.666666666666664
142,27,169,0.19014084507042253
985,279,1264,0.283248730964467
1453,197,1650,0.13558155540261527
19,628,647,33.05263157894737
555,7,562,0.012612612612612612
151,609,760,4.033112582781457
14,39,53,2.7857142857142856
11,194,205,17.636363636363637
5,237,242,47.4
1539,182,1721,0.11825860948667966
22,166,188,7.545454545454546
73,112,185,1.5342465753424657
49,58,107,1.183673469387755
37,614,651,16.594594594594593
509,159,668,0.31237721021611004
12,122,134,10.166666666666666
10,401,411,40.1
18,186,204,10.333333333333334
111,74,185,0.6666666666666666
71,57,128,0.8028169014084507
340,723,1063,2.126470588235294
13,409,422,31.46153846153846
247,525,772,2.125506072874494
196,686,882,3.5
397,399,796,1.0050377833753148
275,54,329,0.19636363636363635
2,12,14,6.0
9,406,415,45.111111111111114
102,45,147,0.4411764705882353
106,587,693,5.537735849056604
1184,254,1438,0.21452702702702703
15,38,53,2.533333333333333
5,224,229,44.8
101,110,211,1.0891089108910892
27,150,177,5.555555555555555
127,40,167,0.31496062992125984
67,377,444,5.626865671641791
2711,78,2789,0.028771670970121725
54,215,269,3.9814814814814814
279,7,286,0.025089605734767026
36,524,560,14.555555555555555
178,43,221,0.24157303370786518
40,84,124,2.1
67,361,428,5.388059701492537
32,1115,1147,34.84375
31,335,366,10.806451612903226
18,43,61,2.388888888888889
147,305,452,2.074829931972789
247,135,382,0.5465587044534413
509,234,743,0.45972495088408644
187,622,809,3.3262032085561497
105,347,452,3.3047619047619046
28,245,273,8.75
599,7,606,0.011686143572621035
7,391,398,55.857142857142854
2,12,14,6.0
10,590,600,59.0
9,21,30,2.3333333333333335
4,773,777,193.25
30,269,299,8.966666666666667
57,264,321,4.631578947368421
70,269,339,3.842857142857143
66,298,364,4.515151515151516
68,978,1046,14.382352941176471
22,818,840,37.18181818181818
26,25,51,0.9615384615384616
222,555,777,2.5
905,124,1029,0.13701657458563535
156,615,771,3.9423076923076925
32,510,542,15.9375
33,50,83,1.5151515151515151
72,52,124,0.7222222222222222
25,329,354,13.16
16,362,378,22.625
31,42,73,1.3548387096774193
1486,306,1792,0.20592193808882908
177,237,414,1.3389830508474576
389,397,786,1.0205655526992288
235,309,544,1.3148936170212766
27,584,611,21.62962962962963
17,342,359,20.11764705882353
227,10,237,0.04405286343612335
2,12,14,6.0
7,39,46,5.571428571428571
15,357,372,23.8
13,196,209,15.076923076923077
35,719,754,20.542857142857144
1296,521,1817,0.4020061728395062
36,268,304,7.444444444444445
17,250,267,14.705882352941176
36,100,136,2.7777777777777777
1308,576,1884,0.44036697247706424
28,45,73,1.6071428571428572
424,67,491,0.1580188679245283
84,827,911,9.845238095238095
8,349,357,43.625
35,360,395,10.285714285714286
23,600,623,26.08695652173913
2749,1014,3763,0.36886140414696256
18,64,82,3.5555555555555554
36,170,206,4.722222222222222
24,356,380,14.833333333333334
115,182,297,1.5826086956521739
50,648,698,12.96
26,683,709,26.26923076923077
9,26,35,2.888888888888889
48,466,514,9.708333333333334
75,450,525,6.0
29,131,160,4.517241379310345
10,161,171,16.1
6,214,220,35.666666666666664
37,189,226,5.108108108108108
16,228,244,14.25
222,555,777,2.5
44,405,449,9.204545454545455
2,12,14,6.0
14,418,432,29.857142857142858
1537,109,1646,0.07091737150292778
6,66,72,11.0
409,385,794,0.941320293398533
2477,281,2758,0.11344368187323375
22,413,435,18.772727272727273
16,418,434,26.125
1140,894,2034,0.7842105263157895
2,12,14,6.0
2,12,14,6.0
443,445,888,1.0045146726862302
35,52,87,1.4857142857142858
6,17,23,2.8333333333333335
304,312,616,1.0263157894736843
210,371,581,1.7666666666666666
14,75,89,5.357142857142857
24,274,298,11.416666666666666
241,354,595,1.4688796680497926
26,976,1002,37.53846153846154
157,144,301,0.9171974522292994
45,36,81,0.8
81,556,637,6.864197530864198
17,307,324,18.058823529411764
13,298,311,22.923076923076923
69,565,634,8.18840579710145
267,349,616,1.307116104868914
10,310,320,31.0
761,368,1129,0.4835742444152431
31,309,340,9.96774193548387
69,478,547,6.927536231884058
1055,260,1315,0.24644549763033174
27,285,312,10.555555555555555
2039,107,2146,0.05247670426679745
19,311,330,16.36842105263158
24,270,294,11.25
17,31,48,1.8235294117647058
25,276,301,11.04
11,320,331,29.09090909090909
41,414,455,10.097560975609756
28,367,395,13.107142857142858
75,320,395,4.266666666666667
301,215,516,0.7142857142857143
17,172,189,10.117647058823529
17,703,720,41.35294117647059
103,426,529,4.135922330097087
8,164,172,20.5
26,638,664,24.53846153846154
12,678,690,56.5
8,37,45,4.625
22,382,404,17.363636363636363
39,184,223,4.717948717948718
50,405,455,8.1
53,602,655,11.358490566037736
15,57,72,3.8
16,404,420,25.25
24,456,480,19.0
71,107,178,1.5070422535211268
14,100,114,7.142857142857143
10,195,205,19.5
139,110,249,0.7913669064748201
21,154,175,7.333333333333333
15,271,286,18.066666666666666
11,109,120,9.909090909090908
38,20,58,0.5263157894736842
34,371,405,10.911764705882353
180,82,262,0.45555555555555555
22,537,559,24.40909090909091
12,373,385,31.083333333333332
1,33,34,33.0
58,134,192,2.310344827586207
14,134,148,9.571428571428571
16,270,286,16.875
7,361,368,51.57142857142857
97,686,783,7.072164948453608
27,301,328,11.148148148148149
11,325,336,29.545454545454547
19,118,137,6.2105263157894735
97,386,483,3.979381443298969
55,361,416,6.5636363636363635
54,161,215,2.9814814814814814
562,808,1370,1.4377224199288257
6,47,53,7.833333333333333
34,363,397,10.676470588235293
22,372,394,16.90909090909091
48,7,55,0.14583333333333334
212,27,239,0.12735849056603774
16,269,285,16.8125
1453,197,1650,0.13558155540261527
43,94,137,2.186046511627907
2088,25,2113,0.011973180076628353
1827,272,2099,0.14887794198139026
24,435,459,18.125
9,26,35,2.888888888888889
16,570,586,35.625
1026,762,1788,0.7426900584795322
29,903,932,31.137931034482758
104,288,392,2.769230769230769
23,292,315,12.695652173913043
20,260,280,13.0
8,541,549,67.625
37,155,192,4.1891891891891895
28,225,253,8.035714285714286
108,73,181,0.6759259259259259
18,59,77,3.2777777777777777
21,697,718,33.19047619047619
11,384,395,34.90909090909091
4,12,16,3.0
1195,370,1565,0.30962343096234307
24,35,59,1.4583333333333333
59,422,481,7.1525423728813555
18,90,108,5.0
9,275,284,30.555555555555557
16,208,224,13.0
26,445,471,17.115384615384617
6,138,144,23.0
80,754,834,9.425
59,247,306,4.186440677966102
2210,16,2226,0.007239819004524887
14,20,34,1.4285714285714286
1154,317,1471,0.27469670710571925
96,54,150,0.5625
101,424,525,4.198019801980198
54,7,61,0.12962962962962962
879,830,1709,0.944254835039818
61,146,207,2.3934426229508197
383,166,549,0.43342036553524804
922,611,1533,0.6626898047722343
39,338,377,8.666666666666666
45,36,81,0.8
28,293,321,10.464285714285714
104,711,815,6.836538461538462
12,263,275,21.916666666666668
16,960,976,60.0
22,681,703,30.954545454545453
15,367,382,24.466666666666665
21,237,258,11.285714285714286
1899,48,1947,0.02527646129541864
38,56,94,1.4736842105263157
8,343,351,42.875
136,836,972,6.147058823529412
32,427,459,13.34375
21,396,417,18.857142857142858
1237,71,1308,0.05739692805173808
18,422,440,23.444444444444443
16,87,103,5.4375
11,339,350,30.818181818181817
60,343,403,5.716666666666667
66,483,549,7.318181818181818
645,199,844,0.3085271317829457
127,856,983,6.74015748031496
20,271,291,13.55
36,268,304,7.444444444444445
31,152,183,4.903225806451613
31,314,345,10.129032258064516
631,395,1026,0.6259904912836767
15,844,859,56.266666666666666
37,925,962,25.0
721,451,1172,0.6255201109570042
67,1021,1088,15.238805970149254
15,513,528,34.2
670,131,801,0.19552238805970149
111,511,622,4.603603603603603
406,209,615,0.5147783251231527
121,313,434,2.5867768595041323
61,552,613,9.049180327868852
714,139,853,0.19467787114845939
136,154,290,1.1323529411764706
30,250,280,8.333333333333334
31,7,38,0.22580645161290322
35,341,376,9.742857142857142
30,474,504,15.8
664,141,805,0.21234939759036145
151,86,237,0.5695364238410596
13,399,412,30.692307692307693
123,43,166,0.34959349593495936
12,139,151,11.583333333333334
583,431,1014,0.7392795883361921
18,95,113,5.277777777777778
10,126,136,12.6
18,487,505,27.055555555555557
22,219,241,9.954545454545455
12,517,529,43.083333333333336
74,676,750,9.135135135135135
436,185,621,0.4243119266055046
2718,922,3640,0.33922001471670343
111,635,746,5.7207207207207205
40,958,998,23.95
24,7,31,0.2916666666666667
13,73,86,5.615384615384615
11,400,411,36.36363636363637
47,323,370,6.872340425531915
16,144,160,9.0
14,27,41,1.9285714285714286
9,91,100,10.11111111111111
9,150,159,16.666666666666668
35,315,350,9.0
1091,805,1896,0.7378551787351054
7,12,19,1.7142857142857142
197,23,220,0.116751269035533
162,371,533,2.2901234567901234
18,80,98,4.444444444444445
19,270,289,14.210526315789474
247,366,613,1.4817813765182186
62,394,456,6.354838709677419
92,87,179,0.9456521739130435
100,418,518,4.18
85,348,433,4.094117647058823
147,247,394,1.6802721088435375
33,488,521,14.787878787878787
32,126,158,3.9375
220,756,976,3.4363636363636365
220,356,576,1.6181818181818182
61,747,808,12.245901639344263
44,363,407,8.25
100,130,230,1.3
6,187,193,31.166666666666668
32,80,112,2.5
8,31,39,3.875
12,534,546,44.5
16,372,388,23.25
27,608,635,22.51851851851852
17,268,285,15.764705882352942
25,429,454,17.16
53,409,462,7.716981132075472
34,552,586,16.235294117647058
11,507,518,46.09090909090909
17,605,622,35.588235294117645
17,218,235,12.823529411764707
21,532,553,25.333333333333332
8,78,86,9.75
60,314,374,5.233333333333333
32,663,695,20.71875
51,291,342,5.705882352941177
16,293,309,18.3125
12,602,614,50.166666666666664
43,312,355,7.255813953488372
16,383,399,23.9375
71,140,211,1.971830985915493
114,10,124,0.08771929824561403
6,106,112,17.666666666666668
861,517,1378,0.6004645760743321
47,785,832,16.70212765957447
154,311,465,2.0194805194805197
20,68,88,3.4
50,522,572,10.44
209,129,338,0.6172248803827751
26,235,261,9.038461538461538
25,217,242,8.68
2610,417,3027,0.15977011494252874
14,216,230,15.428571428571429
560,56,616,0.1
18,360,378,20.0
9,344,353,38.22222222222222
2925,620,3545,0.21196581196581196
381,321,702,0.84251968503937
461,714,1175,1.5488069414316703
31,36,67,1.1612903225806452
17,137,154,8.058823529411764
77,114,191,1.4805194805194806
10,250,260,25.0
634,9,643,0.014195583596214511
14,286,300,20.428571428571427
19,71,90,3.736842105263158
90,588,678,6.533333333333333
1584,151,1735,0.09532828282828283
557,249,806,0.44703770197486536
98,194,292,1.9795918367346939
243,538,781,2.213991769547325
185,21,206,0.11351351351351352
163,195,358,1.196319018404908
16,399,415,24.9375
13,70,83,5.384615384615385
242,477,719,1.9710743801652892
20,116,136,5.8
344,569,913,1.6540697674418605
27,439,466,16.25925925925926
690,100,790,0.14492753623188406
25,159,184,6.36
21,415,436,19.761904761904763
7,459,466,65.57142857142857
20,448,468,22.4
26,254,280,9.76923076923077
1296,507,1803,0.3912037037037037
6,81,87,13.5
519,57,576,0.10982658959537572
8,349,357,43.625
1744,37,1781,0.02121559633027523
30,206,236,6.866666666666666
20,350,370,17.5
11,209,220,19.0
52,184,236,3.5384615384615383
16,110,126,6.875
18,391,409,21.72222222222222
1203,288,1491,0.23940149625935161
12,212,224,17.666666666666668
682,133,815,0.19501466275659823
20,68,88,3.4
19,600,619,31.57894736842105
23,44,67,1.9130434782608696
123,257,380,2.089430894308943
32,247,279,7.71875
505,369,874,0.7306930693069307
1803,940,2743,0.5213533000554631
301,157,458,0.521594684385382
1263,463,1726,0.3665874901029295
24,941,965,39.208333333333336
2160,296,2456,0.13703703703703704
15,455,470,30.333333333333332
487,45,532,0.09240246406570841
15,162,177,10.8
13,464,477,35.69230769230769
272,105,377,0.3860294117647059
144,565,709,3.923611111111111
27,145,172,5.37037037037037
85,122,207,1.4352941176470588
8,22,30,2.75
17,498,515,29.294117647058822
47,20,67,0.425531914893617
218,218,436,1.0
37,439,476,11.864864864864865
54,367,421,6.796296296296297
117,30,147,0.2564102564102564
14,228,242,16.285714285714285
24,563,587,23.458333333333332
478,785,1263,1.6422594142259415
6,309,315,51.5
447,8,455,0.017897091722595078
125,5,130,0.04
51,451,502,8.843137254901961
3022,947,3969,0.3133686300463269
501,107,608,0.21357285429141717
10,60,70,6.0
610,412,1022,0.6754098360655738
40,347,387,8.675
406,479,885,1.1798029556650247
93,576,669,6.193548387096774
7,356,363,50.857142857142854
145,416,561,2.8689655172413793
167,374,541,2.2395209580838324
7,830,837,118.57142857142857
58,221,279,3.810344827586207
9,386,395,42.888888888888886
65,1013,1078,15.584615384615384
13,351,364,27.0
17,95,112,5.588235294117647
116,328,444,2.8275862068965516
440,429,869,0.975
1423,119,1542,0.08362614195361912
9,143,152,15.88888888888889
36,567,603,15.75
189,284,473,1.5026455026455026
20,503,523,25.15
301,116,417,0.3853820598006645
71,423,494,5.957746478873239
68,789,857,11.602941176470589
61,273,334,4.475409836065574
1474,934,2408,0.6336499321573948
205,232,437,1.1317073170731706
25,96,121,3.84
29,768,797,26.482758620689655
5,14,19,2.8
1058,38,1096,0.035916824196597356
18,299,317,16.61111111111111
71,607,678,8.549295774647888
392,409,801,1.0433673469387754
37,289,326,7.8108108108108105
2666,967,3633,0.36271567891972994
45,48,93,1.0666666666666667
18,139,157,7.722222222222222
1735,918,2653,0.5291066282420749
298,661,959,2.2181208053691277
32,168,200,5.25
463,800,1263,1.7278617710583153
153,525,678,3.4313725490196076
104,704,808,6.769230769230769
9,20,29,2.2222222222222223
13,557,570,42.84615384615385
178,448,626,2.5168539325842696
111,424,535,3.81981981981982
16,691,707,43.1875
391,409,800,1.0460358056265984
48,855,903,17.8125
172,300,472,1.744186046511628
7,264,271,37.714285714285715
4,13,17,3.25
22,45,67,2.0454545454545454
36,100,136,2.7777777777777777
18,93,111,5.166666666666667
13,239,252,18.384615384615383
99,83,182,0.8383838383838383
14,267,281,19.071428571428573
12,112,124,9.333333333333334
413,88,501,0.21307506053268765
162,95,257,0.5864197530864198
65,413,478,6.3538461538461535
50,846,896,16.92
139,240,379,1.7266187050359711
2511,457,2968,0.18199920350457985
44,307,351,6.9772727272727275
578,138,716,0.23875432525951557
8,73,81,9.125
47,582,629,12.382978723404255
127,446,573,3.5118110236220472
31,527,558,17.0
9,83,92,9.222222222222221
424,317,741,0.7476415094339622
25,513,538,20.52
4,500,504,125.0
1139,1089,2228,0.9561018437225637
21,352,373,16.761904761904763
6,161,167,26.833333333333332
50,124,174,2.48
576,346,922,0.6006944444444444
56,38,94,0.6785714285714286
29,1027,1056,35.41379310344828
42,940,982,22.38095238095238
7,213,220,30.428571428571427
106,373,479,3.518867924528302
10,29,39,2.9
9,451,460,50.111111111111114
6,60,66,10.0
30,520,550,17.333333333333332
17,283,300,16.647058823529413
12,393,405,32.75
21,429,450,20.428571428571427
1102,546,1648,0.4954627949183303
34,579,613,17.029411764705884
9,117,126,13.0
49,593,642,12.10204081632653
12,259,271,21.583333333333332
31,64,95,2.064516129032258
9,241,250,26.77777777777778
159,315,474,1.9811320754716981
1781,311,2092,0.1746209994385177
92,279,371,3.032608695652174
2,12,14,6.0
138,26,164,0.18840579710144928
242,168,410,0.6942148760330579
742,35,777,0.04716981132075472
24,324,348,13.5
43,407,450,9.465116279069768
70,49,119,0.7
213,412,625,1.9342723004694835
54,437,491,8.092592592592593
214,526,740,2.457943925233645
87,343,430,3.942528735632184
85,615,700,7.235294117647059
52,72,124,1.3846153846153846
537,1060,1597,1.9739292364990688
224,372,596,1.6607142857142858
28,161,189,5.75
101,555,656,5.4950495049504955
43,345,388,8.023255813953488
25,245,270,9.8
35,82,117,2.342857142857143
10,322,332,32.2
328,256,584,0.7804878048780488
235,157,392,0.6680851063829787
624,17,641,0.027243589743589744
20,255,275,12.75
16,271,287,16.9375
15,106,121,7.066666666666666
5,104,109,20.8
37,272,309,7.351351351351352
17,377,394,22.176470588235293
12,89,101,7.416666666666667
27,133,160,4.925925925925926
44,32,76,0.7272727272727273
9,158,167,17.555555555555557
9,441,450,49.0
28,576,604,20.571428571428573
14,195,209,13.928571428571429
63,172,235,2.7301587301587302
19,97,116,5.105263157894737
26,367,393,14.115384615384615
110,369,479,3.3545454545454545
77,341,418,4.428571428571429
17,219,236,12.882352941176471
47,460,507,9.787234042553191
8,33,41,4.125
1093,305,1398,0.2790484903934126
36,271,307,7.527777777777778
3,13,16,4.333333333333333
617,374,991,0.6061588330632091
2,525,527,262.5
37,356,393,9.621621621621621
22,42,64,1.9090909090909092
8,134,142,16.75
10,632,642,63.2
145,933,1078,6.43448275862069
225,337,562,1.4977777777777779
46,209,255,4.543478260869565
17,387,404,22.764705882352942
259,94,353,0.36293436293436293
47,147,194,3.127659574468085
33,199,232,6.03030303030303
10,15,25,1.5
521,444,965,0.8522072936660269
1479,17,1496,0.011494252873563218
17,178,195,10.470588235294118
23,232,255,10.08695652173913
31,266,297,8.580645161290322
41,1018,1059,24.829268292682926
12,300,312,25.0
81,298,379,3.6790123456790123
20,372,392,18.6
38,281,319,7.394736842105263
24,204,228,8.5
840,10,850,0.011904761904761904
15,219,234,14.6
17,191,208,11.235294117647058
45,268,313,5.955555555555556
39,536,575,13.743589743589743
214,889,1103,4.154205607476635
12,233,245,19.416666666666668
44,221,265,5.0227272727272725
8,47,55,5.875
1298,1056,2354,0.8135593220338984
2946,938,3884,0.318397827562797
46,321,367,6.978260869565218
8,142,150,17.75
99,157,256,1.5858585858585859
77,378,455,4.909090909090909
747,579,1326,0.7751004016064257
1544,29,1573,0.01878238341968912
164,118,282,0.7195121951219512
10,346,356,34.6
21,481,502,22.904761904761905
574,51,625,0.08885017421602788
79,473,552,5.987341772151899
55,249,304,4.527272727272727
259,7,266,0.02702702702702703
18,283,301,15.722222222222221
20,405,425,20.25
16,502,518,31.375
13,250,263,19.23076923076923
15,997,1012,66.46666666666667
10,417,427,41.7
25,53,78,2.12
81,36,117,0.4444444444444444
10,276,286,27.6
472,422,894,0.8940677966101694
8,138,146,17.25
62,614,676,9.903225806451612
17,775,792,45.588235294117645
12,114,126,9.5
14,272,286,19.428571428571427
12,728,740,60.666666666666664
29,254,283,8.758620689655173
11,407,418,37.0
25,369,394,14.76
7,302,309,43.142857142857146
11,21,32,1.9090909090909092
973,221,1194,0.22713257965056527
15,333,348,22.2
11,292,303,26.545454545454547
156,202,358,1.294871794871795
16,307,323,19.1875
36,462,498,12.833333333333334
15,121,136,8.066666666666666
98,49,147,0.5
23,20,43,0.8695652173913043
455,529,984,1.1626373626373627
97,33,130,0.3402061855670103
21,109,130,5.190476190476191
15,211,226,14.066666666666666
24,74,98,3.0833333333333335
8,163,171,20.375
792,49,841,0.06186868686868687
211,265,476,1.2559241706161137
545,10,555,0.01834862385321101
40,224,264,5.6
39,906,945,23.23076923076923
422,10,432,0.023696682464454975
258,220,478,0.8527131782945736
30,142,172,4.733333333333333
18,118,136,6.555555555555555
1452,355,1807,0.24449035812672176
16,71,87,4.4375
10,100,110,10.0
30,658,688,21.933333333333334
41,338,379,8.24390243902439
32,345,377,10.78125
9,127,136,14.11111111111111
38,300,338,7.894736842105263
75,446,521,5.946666666666666
617,511,1128,0.8282009724473258
9,338,347,37.55555555555556
13,125,138,9.615384615384615
118,107,225,0.9067796610169492
10,617,627,61.7
1568,307,1875,0.19579081632653061
20,470,490,23.5
24,736,760,30.666666666666668
16,529,545,33.0625
136,867,1003,6.375
11,164,175,14.909090909090908
2438,192,2630,0.07875307629204266
784,405,1189,0.5165816326530612
1401,1068,2469,0.7623126338329764
422,946,1368,2.241706161137441
154,134,288,0.8701298701298701
