num_prefill_tokens,num_decode_tokens,num_total_tokens,pd_ratio
26,5,31,0.19230769230769232
72,693,765,9.625
21,478,499,22.761904761904763
180,704,884,3.911111111111111
19,344,363,18.105263157894736
2356,882,3238,0.37436332767402375
650,259,909,0.3984615384615385
204,217,421,1.0637254901960784
37,41,78,1.1081081081081081
16,73,89,4.5625
7,59,66,8.428571428571429
2528,76,2604,0.030063291139240507
33,382,415,11.575757575757576
2,469,471,234.5
8,173,181,21.625
956,763,1719,0.7981171548117155
87,598,685,6.873563218390805
184,8,192,0.043478260869565216
404,407,811,1.0074257425742574
138,822,960,5.956521739130435
89,57,146,0.6404494382022472
112,295,407,2.6339285714285716
11,133,144,12.090909090909092
319,60,379,0.18808777429467086
134,622,756,4.641791044776119
8,207,215,25.875
42,510,552,12.142857142857142
921,942,1863,1.022801302931596
24,773,797,32.208333333333336
62,312,374,5.032258064516129
1148,432,1580,0.37630662020905925
12,460,472,38.333333333333336
48,1147,1195,23.895833333333332
71,242,313,3.408450704225352
47,65,112,1.3829787234042554
1596,942,2538,0.5902255639097744
280,6,286,0.02142857142857143
24,148,172,6.166666666666667
21,283,304,13.476190476190476
140,171,311,1.2214285714285715
10,58,68,5.8
1876,234,2110,0.12473347547974413
14,16,30,1.1428571428571428
316,508,824,1.6075949367088607
7,108,115,15.428571428571429
2212,895,3107,0.4046112115732369
42,580,622,13.80952380952381
21,381,402,18.142857142857142
16,420,436,26.25
43,35,78,0.813953488372093
29,201,230,6.931034482758621
77,187,264,2.4285714285714284
117,101,218,0.8632478632478633
23,306,329,13.304347826086957
266,909,1175,3.417293233082707
33,486,519,14.727272727272727
44,139,183,3.159090909090909
624,15,639,0.02403846153846154
261,544,805,2.0842911877394634
14,326,340,23.285714285714285
24,467,491,19.458333333333332
3867,72,3939,0.018619084561675717
1098,452,1550,0.4116575591985428
87,341,428,3.9195402298850577
1349,1088,2437,0.8065233506300964
9,26,35,2.888888888888889
14,318,332,22.714285714285715
12,581,593,48.416666666666664
26,362,388,13.923076923076923
1512,296,1808,0.19576719576719576
1673,436,2109,0.26060968320382544
588,974,1562,1.6564625850340136
512,87,599,0.169921875
34,48,82,1.411764705882353
17,97,114,5.705882352941177
109,101,210,0.926605504587156
2689,607,3296,0.22573447378207512
7,281,288,40.142857142857146
177,235,412,1.3276836158192091
1409,238,1647,0.16891412349183818
22,33,55,1.5
222,254,476,1.1441441441441442
85,766,851,9.011764705882353
16,299,315,18.6875
9,333,342,37.0
1923,46,1969,0.02392095683827353
21,269,290,12.80952380952381
16,31,47,1.9375
8,509,517,63.625
20,114,134,5.7
44,315,359,7.159090909090909
69,356,425,5.159420289855072
14,336,350,24.0
33,276,309,8.363636363636363
35,185,220,5.285714285714286
70,194,264,2.7714285714285714
191,342,533,1.7905759162303665
3,207,210,69.0
454,560,1014,1.2334801762114538
195,141,336,0.7230769230769231
71,593,664,8.352112676056338
25,451,476,18.04
10,762,772,76.2
159,292,451,1.8364779874213837
17,240,257,14.117647058823529
37,63,100,1.7027027027027026
32,116,148,3.625
1870,860,2730,0.45989304812834225
110,158,268,1.4363636363636363
15,52,67,3.466666666666667
14,138,152,9.857142857142858
9,22,31,2.4444444444444446
36,1009,1045,28.02777777777778
15,168,183,11.2
52,417,469,8.01923076923077
10,27,37,2.7
163,254,417,1.5582822085889572
2,26,28,13.0
89,453,542,5.089887640449438
451,562,1013,1.246119733924612
122,176,298,1.4426229508196722
11,247,258,22.454545454545453
23,194,217,8.434782608695652
421,385,806,0.9144893111638955
18,273,291,15.166666666666666
103,239,342,2.320388349514563
5,74,79,14.8
42,37,79,0.8809523809523809
64,342,406,5.34375
49,296,345,6.040816326530612
1376,218,1594,0.15843023255813954
1044,42,1086,0.040229885057471264
57,467,524,8.192982456140351
6,380,386,63.333333333333336
45,690,735,15.333333333333334
6,86,92,14.333333333333334
71,464,535,6.535211267605634
14,92,106,6.571428571428571
114,185,299,1.6228070175438596
40,172,212,4.3
107,142,249,1.3271028037383177
6,45,51,7.5
21,250,271,11.904761904761905
136,737,873,5.419117647058823
2,12,14,6.0
4,771,775,192.75
296,140,436,0.47297297297297297
108,332,440,3.074074074074074
56,76,132,1.3571428571428572
71,609,680,8.577464788732394
29,655,684,22.586206896551722
66,51,117,0.7727272727272727
2224,429,2653,0.1928956834532374
30,248,278,8.266666666666667
21,111,132,5.285714285714286
140,77,217,0.55
135,101,236,0.7481481481481481
18,64,82,3.5555555555555554
7,283,290,40.42857142857143
10,112,122,11.2
10,214,224,21.4
7,206,213,29.428571428571427
369,255,624,0.6910569105691057
21,155,176,7.380952380952381
29,42,71,1.4482758620689655
14,443,457,31.642857142857142
9,23,32,2.5555555555555554
32,339,371,10.59375
176,160,336,0.9090909090909091
109,67,176,0.6146788990825688
96,609,705,6.34375
14,385,399,27.5
45,355,400,7.888888888888889
3473,267,3740,0.07687877915346962
37,923,960,24.945945945945947
91,570,661,6.263736263736264
34,310,344,9.117647058823529
38,294,332,7.7368421052631575
21,395,416,18.80952380952381
136,152,288,1.1176470588235294
11,222,233,20.181818181818183
48,211,259,4.395833333333333
53,60,113,1.1320754716981132
7,359,366,51.285714285714285
44,81,125,1.8409090909090908
13,326,339,25.076923076923077
32,375,407,11.71875
20,500,520,25.0
703,777,1480,1.105263157894737
47,288,335,6.127659574468085
10,203,213,20.3
16,212,228,13.25
291,239,530,0.8213058419243986
74,97,171,1.3108108108108107
4,69,73,17.25
120,472,592,3.933333333333333
401,338,739,0.8428927680798005
18,46,64,2.5555555555555554
16,10,26,0.625
2308,973,3281,0.42157712305025996
475,284,759,0.5978947368421053
36,311,347,8.63888888888889
26,108,134,4.153846153846154
55,45,100,0.8181818181818182
4,233,237,58.25
70,47,117,0.6714285714285714
148,907,1055,6.128378378378378
67,956,1023,14.26865671641791
25,409,434,16.36
76,198,274,2.6052631578947367
1144,549,1693,0.4798951048951049
14,486,500,34.714285714285715
10,400,410,40.0
11,322,333,29.272727272727273
266,127,393,0.4774436090225564
499,318,817,0.6372745490981964
345,207,552,0.6
47,255,302,5.425531914893617
17,18,35,1.0588235294117647
22,253,275,11.5
13,231,244,17.76923076923077
346,42,388,0.12138728323699421
37,287,324,7.756756756756757
136,238,374,1.75
352,410,762,1.1647727272727273
10,23,33,2.3
9,127,136,14.11111111111111
1401,586,1987,0.4182726623840114
2,11,13,5.5
5,314,319,62.8
15,459,474,30.6
19,771,790,40.578947368421055
2797,30,2827,0.010725777618877368
13,491,504,37.76923076923077
11,140,151,12.727272727272727
2,805,807,402.5
430,365,795,0.8488372093023255
37,636,673,17.18918918918919
127,255,382,2.0078740157480315
32,140,172,4.375
21,413,434,19.666666666666668
36,464,500,12.88888888888889
8,60,68,7.5
8,829,837,103.625
1491,301,1792,0.20187793427230047
35,336,371,9.6
12,34,46,2.8333333333333335
707,491,1198,0.6944837340876945
21,315,336,15.0
169,22,191,0.1301775147928994
1125,1042,2167,0.9262222222222222
1503,880,2383,0.5854956753160346
275,17,292,0.06181818181818182
2,25,27,12.5
76,567,643,7.4605263157894735
501,105,606,0.20958083832335328
114,489,603,4.2894736842105265
18,64,82,3.5555555555555554
31,130,161,4.193548387096774
102,88,190,0.8627450980392157
1193,161,1354,0.134953897736798
54,365,419,6.7592592592592595
19,272,291,14.31578947368421
14,29,43,2.0714285714285716
18,389,407,21.61111111111111
17,380,397,22.352941176470587
136,438,574,3.2205882352941178
47,48,95,1.0212765957446808
22,390,412,17.727272727272727
18,662,680,36.77777777777778
115,907,1022,7.886956521739131
9,171,180,19.0
29,14,43,0.4827586206896552
44,278,322,6.318181818181818
462,75,537,0.16233766233766234
18,267,285,14.833333333333334
8,269,277,33.625
57,409,466,7.175438596491228
10,309,319,30.9
98,310,408,3.163265306122449
26,184,210,7.076923076923077
19,524,543,27.57894736842105
65,669,734,10.292307692307693
29,98,127,3.3793103448275863
87,61,148,0.7011494252873564
18,17,35,0.9444444444444444
47,488,535,10.382978723404255
368,227,595,0.6168478260869565
22,390,412,17.727272727272727
15,570,585,38.0
18,23,41,1.2777777777777777
2,191,193,95.5
14,360,374,25.714285714285715
59,247,306,4.186440677966102
32,923,955,28.84375
27,392,419,14.518518518518519
17,306,323,18.0
421,40,461,0.09501187648456057
1600,123,1723,0.076875
29,260,289,8.96551724137931
8,99,107,12.375
16,80,96,5.0
13,262,275,20.153846153846153
22,112,134,5.090909090909091
89,38,127,0.42696629213483145
49,488,537,9.959183673469388
33,198,231,6.0
208,100,308,0.4807692307692308
23,240,263,10.434782608695652
91,54,145,0.5934065934065934
42,269,311,6.404761904761905
478,11,489,0.02301255230125523
5,680,685,136.0
29,98,127,3.3793103448275863
14,310,324,22.142857142857142
255,344,599,1.3490196078431373
2289,251,2540,0.10965487112276102
71,106,177,1.4929577464788732
26,188,214,7.230769230769231
27,282,309,10.444444444444445
2039,265,2304,0.12996566944580676
14,95,109,6.785714285714286
90,128,218,1.4222222222222223
88,507,595,5.761363636363637
71,612,683,8.619718309859154
10,139,149,13.9
10,114,124,11.4
13,539,552,41.46153846153846
17,1059,1076,62.294117647058826
38,614,652,16.157894736842106
10,157,167,15.7
23,275,298,11.956521739130435
13,69,82,5.3076923076923075
8,364,372,45.5
14,95,109,6.785714285714286
38,87,125,2.289473684210526
8,81,89,10.125
9,29,38,3.2222222222222223
22,358,380,16.272727272727273
25,201,226,8.04
1355,46,1401,0.03394833948339483
4,17,21,4.25
2,268,270,134.0
34,558,592,16.41176470588235
13,345,358,26.53846153846154
17,100,117,5.882352941176471
161,848,1009,5.267080745341615
15,50,65,3.3333333333333335
89,424,513,4.764044943820225
29,12,41,0.41379310344827586
21,236,257,11.238095238095237
1933,354,2287,0.18313502327987585
7,137,144,19.571428571428573
26,395,421,15.192307692307692
101,411,512,4.069306930693069
61,104,165,1.7049180327868851
48,384,432,8.0
58,405,463,6.982758620689655
92,37,129,0.40217391304347827
12,71,83,5.916666666666667
267,467,734,1.749063670411985
17,678,695,39.88235294117647
92,264,356,2.869565217391304
20,328,348,16.4
36,168,204,4.666666666666667
23,265,288,11.521739130434783
30,580,610,19.333333333333332
774,1016,1790,1.3126614987080103
985,988,1973,1.0030456852791878
14,79,93,5.642857142857143
7,458,465,65.42857142857143
29,395,424,13.620689655172415
23,477,500,20.73913043478261
33,51,84,1.5454545454545454
2382,655,3037,0.2749790092359362
1783,636,2419,0.3567021873247336
2797,5,2802,0.001787629603146228
153,303,456,1.9803921568627452
209,345,554,1.6507177033492824
13,474,487,36.46153846153846
53,278,331,5.245283018867925
46,473,519,10.282608695652174
25,867,892,34.68
14,24,38,1.7142857142857142
8,213,221,26.625
2747,57,2804,0.02074990899162723
41,420,461,10.24390243902439
154,229,383,1.4870129870129871
740,576,1316,0.7783783783783784
35,393,428,11.228571428571428
23,327,350,14.217391304347826
1047,950,1997,0.9073543457497613
20,66,86,3.3
44,158,202,3.590909090909091
8,44,52,5.5
1088,263,1351,0.2417279411764706
21,418,439,19.904761904761905
134,347,481,2.58955223880597
881,134,1015,0.15209988649262202
2,12,14,6.0
1123,233,1356,0.20747996438112198
10,377,387,37.7
28,518,546,18.5
91,470,561,5.164835164835165
28,248,276,8.857142857142858
10,450,460,45.0
16,352,368,22.0
503,506,1009,1.0059642147117296
114,330,444,2.8947368421052633
17,438,455,25.764705882352942
23,277,300,12.043478260869565
1639,29,1668,0.017693715680292862
861,997,1858,1.1579558652729385
15,520,535,34.666666666666664
487,616,1103,1.264887063655031
30,535,565,17.833333333333332
49,186,235,3.795918367346939
37,517,554,13.972972972972974
22,35,57,1.5909090909090908
1107,495,1602,0.44715447154471544
36,1021,1057,28.36111111111111
25,196,221,7.84
301,419,720,1.3920265780730896
8,253,261,31.625
1194,93,1287,0.07788944723618091
227,8,235,0.03524229074889868
1218,510,1728,0.4187192118226601
262,125,387,0.4770992366412214
19,130,149,6.842105263157895
25,180,205,7.2
22,217,239,9.863636363636363
304,310,614,1.019736842105263
38,261,299,6.868421052631579
30,436,466,14.533333333333333
47,29,76,0.6170212765957447
15,243,258,16.2
1903,5,1908,0.002627430373095113
8,144,152,18.0
3,11,14,3.6666666666666665
19,749,768,39.421052631578945
10,299,309,29.9
49,461,510,9.408163265306122
243,8,251,0.03292181069958848
220,262,482,1.190909090909091
86,239,325,2.7790697674418605
23,58,81,2.5217391304347827
510,502,1012,0.984313725490196
10,641,651,64.1
24,888,912,37.0
10,25,35,2.5
768,112,880,0.14583333333333334
7,20,27,2.857142857142857
17,338,355,19.88235294117647
1698,241,1939,0.1419316843345112
357,517,874,1.4481792717086834
1634,56,1690,0.03427172582619339
12,169,181,14.083333333333334
19,147,166,7.7368421052631575
9,371,380,41.22222222222222
28,680,708,24.285714285714285
26,425,451,16.346153846153847
62,544,606,8.774193548387096
25,273,298,10.92
16,474,490,29.625
6,885,891,147.5
311,581,892,1.8681672025723473
6,443,449,73.83333333333333
1440,161,1601,0.11180555555555556
25,31,56,1.24
40,185,225,4.625
76,198,274,2.6052631578947367
7,164,171,23.428571428571427
8,125,133,15.625
906,167,1073,0.18432671081677704
2,11,13,5.5
50,332,382,6.64
49,555,604,11.326530612244898
29,174,203,6.0
7,391,398,55.857142857142854
11,224,235,20.363636363636363
41,229,270,5.585365853658536
6,356,362,59.333333333333336
5,83,88,16.6
92,285,377,3.097826086956522
26,413,439,15.884615384615385
241,271,512,1.1244813278008299
2267,427,2694,0.18835465372739302
421,378,799,0.8978622327790974
140,422,562,3.0142857142857142
80,664,744,8.3
18,840,858,46.666666666666664
25,685,710,27.4
266,165,431,0.6203007518796992
86,278,364,3.2325581395348837
10,234,244,23.4
17,603,620,35.470588235294116
25,32,57,1.28
17,478,495,28.11764705882353
93,310,403,3.3333333333333335
65,138,203,2.123076923076923
70,193,263,2.757142857142857
11,114,125,10.363636363636363
494,635,1129,1.285425101214575
169,335,504,1.982248520710059
282,574,856,2.0354609929078014
2018,19,2037,0.009415262636273538
14,133,147,9.5
32,151,183,4.71875
17,434,451,25.529411764705884
18,255,273,14.166666666666666
32,274,306,8.5625
122,43,165,0.3524590163934426
20,933,953,46.65
17,233,250,13.705882352941176
1434,429,1863,0.29916317991631797
152,5,157,0.03289473684210526
821,397,1218,0.4835566382460414
35,125,160,3.5714285714285716
204,217,421,1.0637254901960784
169,179,348,1.0591715976331362
385,51,436,0.13246753246753246
188,196,384,1.0425531914893618
868,675,1543,0.7776497695852534
15,4,19,0.26666666666666666
95,221,316,2.3263157894736843
38,402,440,10.578947368421053
46,522,568,11.347826086956522
43,160,203,3.7209302325581395
35,656,691,18.742857142857144
21,470,491,22.38095238095238
68,644,712,9.470588235294118
2016,768,2784,0.38095238095238093
18,854,872,47.44444444444444
1083,277,1360,0.25577100646352724
66,94,160,1.4242424242424243
163,289,452,1.7730061349693251
318,166,484,0.5220125786163522
7,13,20,1.8571428571428572
26,302,328,11.615384615384615
51,371,422,7.2745098039215685
74,415,489,5.608108108108108
18,333,351,18.5
2616,91,2707,0.034785932721712536
6,347,353,57.833333333333336
20,65,85,3.25
36,291,327,8.083333333333334
10,283,293,28.3
30,254,284,8.466666666666667
26,443,469,17.03846153846154
1127,664,1791,0.5891748003549245
7,245,252,35.0
22,426,448,19.363636363636363
205,298,503,1.4536585365853658
51,44,95,0.8627450980392157
17,130,147,7.647058823529412
35,800,835,22.857142857142858
37,615,652,16.62162162162162
64,291,355,4.546875
15,108,123,7.2
971,247,1218,0.25437693099897013
13,243,256,18.692307692307693
342,568,910,1.6608187134502923
10,393,403,39.3
40,49,89,1.225
315,433,748,1.3746031746031746
64,594,658,9.28125
8,110,118,13.75
156,365,521,2.33974358974359
87,738,825,8.482758620689655
200,540,740,2.7
7,100,107,14.285714285714286
24,533,557,22.208333333333332
66,391,457,5.924242424242424
67,76,143,1.1343283582089552
71,462,533,6.507042253521127
14,400,414,28.571428571428573
9,90,99,10.0
44,238,282,5.409090909090909
18,364,382,20.22222222222222
19,194,213,10.210526315789474
17,254,271,14.941176470588236
144,98,242,0.6805555555555556
644,238,882,0.3695652173913043
39,253,292,6.487179487179487
3152,387,3539,0.12277918781725888
40,24,64,0.6
3026,262,3288,0.08658294778585592
8,135,143,16.875
1285,996,2281,0.7750972762645915
909,387,1296,0.42574257425742573
17,164,181,9.647058823529411
344,204,548,0.5930232558139535
414,211,625,0.5096618357487923
152,582,734,3.8289473684210527
206,86,292,0.4174757281553398
2,11,13,5.5
76,80,156,1.0526315789473684
24,239,263,9.958333333333334
83,530,613,6.385542168674699
11,14,25,1.2727272727272727
1308,1074,2382,0.8211009174311926
18,219,237,12.166666666666666
329,402,731,1.221884498480243
28,292,320,10.428571428571429
748,425,1173,0.5681818181818182
17,484,501,28.470588235294116
24,161,185,6.708333333333333
20,70,90,3.5
44,547,591,12.431818181818182
23,91,114,3.9565217391304346
1646,429,2075,0.2606318347509113
35,58,93,1.6571428571428573
30,156,186,5.2
3139,153,3292,0.04874163746416056
15,309,324,20.6
16,301,317,18.8125
190,759,949,3.9947368421052634
3242,374,3616,0.11536088834053054
8,123,131,15.375
33,824,857,24.96969696969697
16,209,225,13.0625
8,270,278,33.75
19,308,327,16.210526315789473
10,213,223,21.3
14,153,167,10.928571428571429
841,141,982,0.16765755053507728
36,617,653,17.13888888888889
31,498,529,16.06451612903226
14,380,394,27.142857142857142
7,222,229,31.714285714285715
100,43,143,0.43
307,456,763,1.485342019543974
26,373,399,14.346153846153847
34,280,314,8.235294117647058
11,757,768,68.81818181818181
13,63,76,4.846153846153846
20,132,152,6.6
12,298,310,24.833333333333332
24,432,456,18.0
51,304,355,5.96078431372549
25,249,274,9.96
2,11,13,5.5
9,370,379,41.111111111111114
8,200,208,25.0
14,78,92,5.571428571428571
22,22,44,1.0
634,927,1561,1.4621451104100947
44,268,312,6.090909090909091
29,45,74,1.5517241379310345
14,335,349,23.928571428571427
14,297,311,21.214285714285715
27,158,185,5.851851851851852
67,36,103,0.5373134328358209
8,44,52,5.5
30,14,44,0.4666666666666667
27,199,226,7.37037037037037
11,155,166,14.090909090909092
29,177,206,6.103448275862069
23,57,80,2.4782608695652173
61,545,606,8.934426229508198
32,33,65,1.03125
81,424,505,5.234567901234568
43,28,71,0.6511627906976745
987,8,995,0.008105369807497468
17,448,465,26.352941176470587
22,297,319,13.5
15,537,552,35.8
15,127,142,8.466666666666667
10,166,176,16.6
32,25,57,0.78125
85,538,623,6.329411764705882
138,873,1011,6.326086956521739
83,950,1033,11.44578313253012
20,182,202,9.1
62,197,259,3.1774193548387095
4,223,227,55.75
18,397,415,22.055555555555557
5,66,71,13.2
1539,528,2067,0.34307992202729043
31,336,367,10.838709677419354
22,543,565,24.681818181818183
114,857,971,7.517543859649122
1321,299,1620,0.22634367903103708
699,667,1366,0.9542203147353362
16,206,222,12.875
13,36,49,2.769230769230769
36,498,534,13.833333333333334
12,534,546,44.5
10,538,548,53.8
47,865,912,18.404255319148938
1187,304,1491,0.2561078348778433
82,42,124,0.5121951219512195
20,214,234,10.7
35,538,573,15.371428571428572
18,384,402,21.333333333333332
414,330,744,0.7971014492753623
184,407,591,2.2119565217391304
14,244,258,17.428571428571427
23,5,28,0.21739130434782608
131,968,1099,7.3893129770992365
2622,315,2937,0.12013729977116705
35,454,489,12.971428571428572
97,316,413,3.2577319587628866
67,367,434,5.477611940298507
29,318,347,10.96551724137931
443,367,810,0.8284424379232506
595,150,745,0.25210084033613445
33,486,519,14.727272727272727
12,866,878,72.16666666666667
445,234,679,0.5258426966292135
12,648,660,54.0
55,354,409,6.4363636363636365
451,380,831,0.8425720620842572
24,272,296,11.333333333333334
8,380,388,47.5
18,367,385,20.38888888888889
32,437,469,13.65625
154,760,914,4.935064935064935
22,104,126,4.7272727272727275
14,95,109,6.785714285714286
174,777,951,4.4655172413793105
656,159,815,0.2423780487804878
27,31,58,1.1481481481481481
38,312,350,8.210526315789474
10,152,162,15.2
1350,499,1849,0.36962962962962964
19,380,399,20.0
29,129,158,4.448275862068965
39,29,68,0.7435897435897436
21,699,720,33.285714285714285
207,321,528,1.5507246376811594
68,311,379,4.573529411764706
29,223,252,7.689655172413793
67,210,277,3.1343283582089554
14,347,361,24.785714285714285
395,271,666,0.6860759493670886
2649,379,3028,0.1430728576821442
83,990,1073,11.927710843373495
5,27,32,5.4
17,381,398,22.41176470588235
2,11,13,5.5
15,134,149,8.933333333333334
2325,434,2759,0.18666666666666668
179,541,720,3.022346368715084
42,282,324,6.714285714285714
2606,200,2806,0.07674597083653108
521,5,526,0.009596928982725527
14,307,321,21.928571428571427
1069,223,1292,0.20860617399438727
32,562,594,17.5625
8,16,24,2.0
231,221,452,0.9567099567099567
42,461,503,10.976190476190476
1256,949,2205,0.7555732484076433
20,140,160,7.0
31,150,181,4.838709677419355
6,212,218,35.333333333333336
172,361,533,2.0988372093023258
65,283,348,4.3538461538461535
36,118,154,3.2777777777777777
49,289,338,5.8979591836734695
455,400,855,0.8791208791208791
317,936,1253,2.952681388012618
9,87,96,9.666666666666666
42,267,309,6.357142857142857
54,253,307,4.685185185185185
91,664,755,7.2967032967032965
13,279,292,21.46153846153846
18,241,259,13.38888888888889
68,138,206,2.0294117647058822
29,14,43,0.4827586206896552
14,471,485,33.642857142857146
1271,1086,2357,0.8544453186467349
20,457,477,22.85
12,413,425,34.416666666666664
98,12,110,0.12244897959183673
263,369,632,1.403041825095057
19,49,68,2.5789473684210527
85,986,1071,11.6
26,765,791,29.423076923076923
17,546,563,32.11764705882353
22,74,96,3.3636363636363638
1154,315,1469,0.2729636048526863
20,295,315,14.75
36,435,471,12.083333333333334
3,11,14,3.6666666666666665
150,782,932,5.213333333333333
151,347,498,2.2980132450331126
852,857,1709,1.005868544600939
29,688,717,23.724137931034484
28,248,276,8.857142857142858
14,233,247,16.642857142857142
47,335,382,7.127659574468085
1040,1060,2100,1.0192307692307692
243,8,251,0.03292181069958848
16,201,217,12.5625
20,256,276,12.8
1744,35,1779,0.020068807339449542
27,332,359,12.296296296296296
12,238,250,19.833333333333332
8,241,249,30.125
18,237,255,13.166666666666666
88,878,966,9.977272727272727
8,146,154,18.25
10,305,315,30.5
20,241,261,12.05
16,87,103,5.4375
12,350,362,29.166666666666668
24,734,758,30.583333333333332
12,291,303,24.25
35,379,414,10.82857142857143
38,30,68,0.7894736842105263
2162,587,2749,0.27150786308973174
1567,214,1781,0.13656668793873644
2,11,13,5.5
54,14,68,0.25925925925925924
292,536,828,1.8356164383561644
21,291,312,13.857142857142858
9,724,733,80.44444444444444
322,154,476,0.4782608695652174
179,650,829,3.631284916201117
116,884,1000,7.620689655172414
351,569,920,1.621082621082621
39,337,376,8.64102564102564
47,438,485,9.319148936170214
170,376,546,2.211764705882353
30,46,76,1.5333333333333334
180,452,632,2.511111111111111
29,105,134,3.6206896551724137
32,628,660,19.625
102,304,406,2.980392156862745
17,81,98,4.764705882352941
158,327,485,2.069620253164557
12,434,446,36.166666666666664
29,194,223,6.689655172413793
14,143,157,10.214285714285714
36,184,220,5.111111111111111
866,449,1315,0.5184757505773672
17,272,289,16.0
406,189,595,0.46551724137931033
244,75,319,0.3073770491803279
62,286,348,4.612903225806452
103,421,524,4.087378640776699
54,522,576,9.666666666666666
6,704,710,117.33333333333333
855,116,971,0.13567251461988303
38,489,527,12.868421052631579
16,263,279,16.4375
15,526,541,35.06666666666667
3355,236,3591,0.07034277198211625
9,87,96,9.666666666666666
10,191,201,19.1
39,733,772,18.794871794871796
3630,106,3736,0.029201101928374655
11,397,408,36.09090909090909
86,272,358,3.1627906976744184
194,481,675,2.479381443298969
35,512,547,14.628571428571428
25,586,611,23.44
3541,391,3932,0.11042078508895792
76,151,227,1.986842105263158
487,669,1156,1.373716632443532
1055,65,1120,0.061611374407582936
18,206,224,11.444444444444445
39,201,240,5.153846153846154
13,245,258,18.846153846153847
140,57,197,0.40714285714285714
29,563,592,19.413793103448278
93,84,177,0.9032258064516129
92,518,610,5.630434782608695
203,238,441,1.1724137931034482
27,287,314,10.62962962962963
1163,322,1485,0.2768701633705933
114,280,394,2.456140350877193
4,30,34,7.5
13,343,356,26.384615384615383
289,18,307,0.06228373702422145
2649,9,2658,0.0033975084937712344
9,148,157,16.444444444444443
305,599,904,1.9639344262295082
32,462,494,14.4375
13,502,515,38.61538461538461
16,62,78,3.875
9,296,305,32.888888888888886
139,929,1068,6.683453237410072
51,469,520,9.196078431372548
117,494,611,4.222222222222222
84,391,475,4.654761904761905
71,190,261,2.676056338028169
4,771,775,192.75
47,314,361,6.680851063829787
16,38,54,2.375
39,855,894,21.923076923076923
57,374,431,6.56140350877193
23,248,271,10.782608695652174
460,678,1138,1.4739130434782608
13,343,356,26.384615384615383
203,249,452,1.2266009852216748
20,249,269,12.45
46,8,54,0.17391304347826086
231,878,1109,3.8008658008658007
46,94,140,2.0434782608695654
14,902,916,64.42857142857143
21,347,368,16.523809523809526
340,946,1286,2.7823529411764705
459,228,687,0.49673202614379086
10,96,106,9.6
56,384,440,6.857142857142857
10,12,22,1.2
58,420,478,7.241379310344827
110,798,908,7.254545454545455
18,125,143,6.944444444444445
21,413,434,19.666666666666668
2463,5,2468,0.0020300446609825416
5,965,970,193.0
663,164,827,0.2473604826546003
10,297,307,29.7
1428,380,1808,0.2661064425770308
2,11,13,5.5
6,210,216,35.0
2460,112,2572,0.04552845528455285
9,384,393,42.666666666666664
10,325,335,32.5
21,358,379,17.047619047619047
7,96,103,13.714285714285714
3383,9,3392,0.0026603606266627253
4,132,136,33.0
9,214,223,23.77777777777778
6,251,257,41.833333333333336
119,292,411,2.453781512605042
7,225,232,32.142857142857146
460,34,494,0.07391304347826087
45,868,913,19.288888888888888
3,12,15,4.0
23,289,312,12.565217391304348
1350,499,1849,0.36962962962962964
9,428,437,47.55555555555556
14,263,277,18.785714285714285
28,454,482,16.214285714285715
82,477,559,5.817073170731708
86,264,350,3.0697674418604652
24,89,113,3.7083333333333335
10,216,226,21.6
15,376,391,25.066666666666666
57,511,568,8.964912280701755
46,553,599,12.021739130434783
182,1017,1199,5.587912087912088
436,48,484,0.11009174311926606
95,803,898,8.452631578947368
24,27,51,1.125
9,18,27,2.0
65,16,81,0.24615384615384617
273,564,837,2.065934065934066
339,249,588,0.7345132743362832
7,209,216,29.857142857142858
24,476,500,19.833333333333332
81,548,629,6.765432098765432
114,399,513,3.5
8,253,261,31.625
93,362,455,3.89247311827957
52,260,312,5.0
634,954,1588,1.5047318611987381
38,188,226,4.947368421052632
29,388,417,13.379310344827585
17,337,354,19.823529411764707
20,65,85,3.25
54,66,120,1.2222222222222223
20,417,437,20.85
101,449,550,4.445544554455446
549,746,1295,1.3588342440801457
11,274,285,24.90909090909091
749,415,1164,0.5540720961281709
7,82,89,11.714285714285714
13,133,146,10.23076923076923
85,404,489,4.752941176470588
52,334,386,6.423076923076923
38,983,1021,25.86842105263158
49,8,57,0.16326530612244897
3378,180,3558,0.05328596802841918
97,182,279,1.8762886597938144
445,433,878,0.9730337078651685
36,292,328,8.11111111111111
37,379,416,10.243243243243244
20,245,265,12.25
12,35,47,2.9166666666666665
7,96,103,13.714285714285714
1487,8,1495,0.005379959650302623
622,533,1155,0.8569131832797428
1394,82,1476,0.058823529411764705
53,547,600,10.320754716981131
72,69,141,0.9583333333333334
23,286,309,12.434782608695652
44,878,922,19.954545454545453
25,527,552,21.08
390,262,652,0.6717948717948717
1154,124,1278,0.10745233968804159
263,369,632,1.403041825095057
1711,223,1934,0.13033313851548803
163,257,420,1.5766871165644172
30,48,78,1.6
563,591,1154,1.0497335701598578
24,766,790,31.916666666666668
14,515,529,36.785714285714285
38,282,320,7.421052631578948
58,522,580,9.0
15,93,108,6.2
9,283,292,31.444444444444443
46,218,264,4.739130434782608
8,107,115,13.375
139,764,903,5.496402877697841
447,322,769,0.7203579418344519
16,130,146,8.125
6,43,49,7.166666666666667
106,42,148,0.39622641509433965
19,22,41,1.1578947368421053
12,328,340,27.333333333333332
358,324,682,0.9050279329608939
575,37,612,0.06434782608695652
222,45,267,0.20270270270270271
400,245,645,0.6125
18,257,275,14.277777777777779
30,201,231,6.7
18,288,306,16.0
265,696,961,2.6264150943396225
16,96,112,6.0
51,330,381,6.470588235294118
125,748,873,5.984
1855,187,2042,0.10080862533692722
2700,331,3031,0.12259259259259259
6,376,382,62.666666666666664
225,118,343,0.5244444444444445
232,456,688,1.9655172413793103
55,96,151,1.7454545454545454
97,88,185,0.9072164948453608
100,103,203,1.03
11,79,90,7.181818181818182
439,995,1434,2.266514806378132
338,918,1256,2.7159763313609466
109,430,539,3.944954128440367
28,100,128,3.5714285714285716
55,148,203,2.690909090909091
87,372,459,4.275862068965517
23,789,812,34.30434782608695
1384,78,1462,0.05635838150289017
25,306,331,12.24
53,512,565,9.660377358490566
16,73,89,4.5625
77,419,496,5.441558441558442
43,463,506,10.767441860465116
12,387,399,32.25
2039,265,2304,0.12996566944580676
681,559,1240,0.8208516886930984
43,343,386,7.976744186046512
63,103,166,1.6349206349206349
489,524,1013,1.0715746421267893
162,292,454,1.8024691358024691
19,690,709,36.31578947368421
9,373,382,41.44444444444444
1858,1176,3034,0.6329386437029063
5,396,401,79.2
31,654,685,21.096774193548388
229,276,505,1.205240174672489
35,231,266,6.6
19,211,230,11.105263157894736
19,109,128,5.7368421052631575
308,46,354,0.14935064935064934
37,497,534,13.432432432432432
242,475,717,1.962809917355372
58,857,915,14.775862068965518
242,39,281,0.16115702479338842
22,304,326,13.818181818181818
14,315,329,22.5
33,184,217,5.575757575757576
20,283,303,14.15
509,157,666,0.30844793713163066
32,345,377,10.78125
18,21,39,1.1666666666666667
22,300,322,13.636363636363637
1503,748,2251,0.4976713240186294
161,186,347,1.15527950310559
55,393,448,7.1454545454545455
14,201,215,14.357142857142858
66,335,401,5.075757575757576
26,658,684,25.307692307692307
1134,550,1684,0.48500881834215165
401,58,459,0.14463840399002495
21,245,266,11.666666666666666
19,275,294,14.473684210526315
7,255,262,36.42857142857143
32,304,336,9.5
53,235,288,4.433962264150943
106,462,568,4.3584905660377355
440,339,779,0.7704545454545455
364,169,533,0.4642857142857143
37,604,641,16.324324324324323
6,308,314,51.333333333333336
34,254,288,7.470588235294118
294,429,723,1.4591836734693877
23,277,300,12.043478260869565
10,344,354,34.4
6,10,16,1.6666666666666667
37,87,124,2.3513513513513513
127,165,292,1.2992125984251968
385,655,1040,1.7012987012987013
80,729,809,9.1125
10,221,231,22.1
16,142,158,8.875
145,785,930,5.413793103448276
254,620,874,2.440944881889764
19,374,393,19.68421052631579
77,100,177,1.2987012987012987
19,490,509,25.789473684210527
119,287,406,2.411764705882353
17,360,377,21.176470588235293
125,224,349,1.792
7,378,385,54.0
58,59,117,1.0172413793103448
252,446,698,1.7698412698412698
10,786,796,78.6
13,129,142,9.923076923076923
536,217,753,0.4048507462686567
1166,933,2099,0.8001715265866209
999,189,1188,0.1891891891891892
9,89,98,9.88888888888889
12,856,868,71.33333333333333
397,140,537,0.3526448362720403
1179,107,1286,0.090754877014419
3,238,241,79.33333333333333
26,326,352,12.538461538461538
14,725,739,51.785714285714285
17,186,203,10.941176470588236
105,842,947,8.019047619047619
26,311,337,11.961538461538462
12,231,243,19.25
13,39,52,3.0
16,907,923,56.6875
24,658,682,27.416666666666668
28,620,648,22.142857142857142
573,285,858,0.4973821989528796
11,368,379,33.45454545454545
21,155,176,7.380952380952381
5,47,52,9.4
12,371,383,30.916666666666668
81,65,146,0.8024691358024691
19,376,395,19.789473684210527
22,543,565,24.681818181818183
379,644,1023,1.6992084432717678
9,94,103,10.444444444444445
76,53,129,0.6973684210526315
9,88,97,9.777777777777779
11,397,408,36.09090909090909
59,387,446,6.559322033898305
16,230,246,14.375
2,16,18,8.0
49,106,155,2.163265306122449
1270,330,1600,0.25984251968503935
2162,699,2861,0.3233117483811286
11,454,465,41.27272727272727
21,413,434,19.666666666666668
36,479,515,13.305555555555555
50,479,529,9.58
81,351,432,4.333333333333333
1623,218,1841,0.13431916204559458
374,19,393,0.05080213903743316
68,804,872,11.823529411764707
7,33,40,4.714285714285714
1830,29,1859,0.015846994535519125
166,795,961,4.789156626506024
21,349,370,16.61904761904762
53,560,613,10.566037735849056
1030,460,1490,0.44660194174757284
43,44,87,1.0232558139534884
1215,308,1523,0.25349794238683127
27,163,190,6.037037037037037
60,267,327,4.45
76,121,197,1.5921052631578947
11,230,241,20.90909090909091
616,9,625,0.01461038961038961
17,416,433,24.470588235294116
21,271,292,12.904761904761905
15,277,292,18.466666666666665
29,91,120,3.1379310344827585
5,688,693,137.6
103,218,321,2.116504854368932
8,277,285,34.625
2614,851,3465,0.3255547054322877
8,301,309,37.625
16,362,378,22.625
984,211,1195,0.21443089430894308
1461,923,2384,0.6317590691307323
41,487,528,11.878048780487806
474,425,899,0.8966244725738397
21,228,249,10.857142857142858
25,33,58,1.32
126,90,216,0.7142857142857143
23,321,344,13.956521739130435
221,30,251,0.13574660633484162
29,250,279,8.620689655172415
10,266,276,26.6
4,210,214,52.5
19,313,332,16.473684210526315
3,11,14,3.6666666666666665
9,269,278,29.88888888888889
12,213,225,17.75
20,239,259,11.95
143,318,461,2.2237762237762237
24,313,337,13.041666666666666
15,68,83,4.533333333333333
1744,31,1775,0.017775229357798166
1203,286,1489,0.23773898586866168
796,6,802,0.007537688442211055
49,254,303,5.183673469387755
107,197,304,1.841121495327103
18,466,484,25.88888888888889
92,518,610,5.630434782608695
88,83,171,0.9431818181818182
290,172,462,0.593103448275862
27,361,388,13.37037037037037
16,318,334,19.875
16,262,278,16.375
92,163,255,1.7717391304347827
27,464,491,17.185185185185187
27,88,115,3.259259259259259
14,663,677,47.357142857142854
258,317,575,1.2286821705426356
444,586,1030,1.3198198198198199
18,287,305,15.944444444444445
213,8,221,0.03755868544600939
55,8,63,0.14545454545454545
55,300,355,5.454545454545454
39,35,74,0.8974358974358975
376,942,1318,2.50531914893617
30,656,686,21.866666666666667
106,401,507,3.7830188679245285
594,336,930,0.5656565656565656
548,20,568,0.0364963503649635
47,865,912,18.404255319148938
8,44,52,5.5
10,270,280,27.0
47,281,328,5.9787234042553195
13,302,315,23.23076923076923
14,243,257,17.357142857142858
53,189,242,3.5660377358490565
21,267,288,12.714285714285714
1283,647,1930,0.5042868277474669
41,413,454,10.073170731707316
99,341,440,3.4444444444444446
4,92,96,23.0
54,161,215,2.9814814814814814
14,95,109,6.785714285714286
23,187,210,8.130434782608695
27,304,331,11.25925925925926
493,104,597,0.21095334685598377
13,104,117,8.0
2728,387,3115,0.14186217008797655
21,401,422,19.095238095238095
11,232,243,21.09090909090909
17,357,374,21.0
12,327,339,27.25
104,92,196,0.8846153846153846
56,384,440,6.857142857142857
27,13,40,0.48148148148148145
9,458,467,50.888888888888886
15,210,225,14.0
10,266,276,26.6
7,16,23,2.2857142857142856
191,651,842,3.4083769633507854
25,526,551,21.04
273,870,1143,3.1868131868131866
12,267,279,22.25
17,587,604,34.529411764705884
525,587,1112,1.118095238095238
610,410,1020,0.6721311475409836
23,57,80,2.4782608695652173
340,722,1062,2.123529411764706
222,82,304,0.36936936936936937
1417,141,1558,0.0995059985885674
32,533,565,16.65625
5,707,712,141.4
22,556,578,25.272727272727273
27,582,609,21.555555555555557
164,138,302,0.8414634146341463
17,402,419,23.647058823529413
44,342,386,7.7727272727272725
707,634,1341,0.8967468175388967
1693,780,2473,0.4607206142941524
103,146,249,1.4174757281553398
32,305,337,9.53125
11,1013,1024,92.0909090909091
11,155,166,14.090909090909092
317,275,592,0.8675078864353313
243,509,752,2.094650205761317
15,265,280,17.666666666666668
28,89,117,3.1785714285714284
14,417,431,29.785714285714285
6,347,353,57.833333333333336
2485,152,2637,0.06116700201207243
13,175,188,13.461538461538462
18,540,558,30.0
2,49,51,24.5
63,457,520,7.253968253968254
65,361,426,5.553846153846154
1966,611,2577,0.31078331637843337
124,432,556,3.4838709677419355
55,757,812,13.763636363636364
98,15,113,0.15306122448979592
2,41,43,20.5
228,300,528,1.3157894736842106
568,119,687,0.20950704225352113
13,396,409,30.46153846153846
24,464,488,19.333333333333332
7,448,455,64.0
58,580,638,10.0
12,314,326,26.166666666666668
17,579,596,34.05882352941177
15,499,514,33.266666666666666
13,520,533,40.0
109,46,155,0.42201834862385323
12,560,572,46.666666666666664
10,110,120,11.0
135,767,902,5.681481481481481
1899,46,1945,0.02422327540810953
663,164,827,0.2473604826546003
13,572,585,44.0
25,249,274,9.96
7,281,288,40.142857142857146
19,453,472,23.842105263157894
92,419,511,4.554347826086956
5,578,583,115.6
566,426,992,0.7526501766784452
42,213,255,5.071428571428571
571,169,740,0.29597197898423816
3320,240,3560,0.07228915662650602
16,192,208,12.0
3006,268,3274,0.08915502328675981
381,560,941,1.4698162729658792
143,868,1011,6.06993006993007
67,988,1055,14.746268656716419
204,217,421,1.0637254901960784
13,16,29,1.2307692307692308
26,92,118,3.5384615384615383
1052,860,1912,0.8174904942965779
47,35,82,0.7446808510638298
409,400,809,0.9779951100244498
65,103,168,1.5846153846153845
10,393,403,39.3
2,11,13,5.5
5,284,289,56.8
20,409,429,20.45
17,30,47,1.7647058823529411
397,268,665,0.6750629722921915
37,252,289,6.8108108108108105
60,390,450,6.5
10,92,102,9.2
40,68,108,1.7
20,398,418,19.9
378,961,1339,2.5423280423280423
16,457,473,28.5625
38,30,68,0.7894736842105263
71,593,664,8.352112676056338
52,275,327,5.288461538461538
17,68,85,4.0
74,302,376,4.081081081081081
426,778,1204,1.8262910798122065
57,904,961,15.859649122807017
3,77,80,25.666666666666668
7,11,18,1.5714285714285714
66,125,191,1.893939393939394
11,382,393,34.72727272727273
10,193,203,19.3
679,42,721,0.061855670103092786
82,662,744,8.073170731707316
49,29,78,0.5918367346938775
9,163,172,18.11111111111111
15,510,525,34.0
15,33,48,2.2
4,111,115,27.75
11,74,85,6.7272727272727275
348,1042,1390,2.9942528735632186
1350,499,1849,0.36962962962962964
15,336,351,22.4
2,38,40,19.0
43,322,365,7.488372093023256
10,102,112,10.2
14,227,241,16.214285714285715
36,281,317,7.805555555555555
19,392,411,20.63157894736842
26,523,549,20.115384615384617
29,777,806,26.79310344827586
2180,213,2393,0.09770642201834863
195,451,646,2.312820512820513
12,283,295,23.583333333333332
2404,956,3360,0.39767054908485855
32,120,152,3.75
17,393,410,23.11764705882353
25,748,773,29.92
7,395,402,56.42857142857143
48,366,414,7.625
34,735,769,21.61764705882353
23,243,266,10.565217391304348
14,513,527,36.642857142857146
471,224,695,0.47558386411889597
1196,930,2126,0.7775919732441472
842,226,1068,0.2684085510688836
69,451,520,6.536231884057971
62,265,327,4.274193548387097
3,30,33,10.0
29,535,564,18.448275862068964
8,289,297,36.125
26,539,565,20.73076923076923
33,733,766,22.21212121212121
8,86,94,10.75
35,962,997,27.485714285714284
22,855,877,38.86363636363637
2577,335,2912,0.12999611951882034
20,493,513,24.65
266,463,729,1.7406015037593985
960,263,1223,0.27395833333333336
13,242,255,18.615384615384617
1334,228,1562,0.17091454272863568
610,410,1020,0.6721311475409836
12,206,218,17.166666666666668
654,377,1031,0.5764525993883792
7,13,20,1.8571428571428572
413,412,825,0.9975786924939467
53,304,357,5.735849056603773
56,176,232,3.142857142857143
3018,295,3313,0.09774685222001325
1663,36,1699,0.02164762477450391
1979,36,2015,0.01819100555836281
20,520,540,26.0
87,617,704,7.091954022988506
144,8,152,0.05555555555555555
165,132,297,0.8
2,218,220,109.0
18,321,339,17.833333333333332
92,37,129,0.40217391304347827
2993,429,3422,0.14333444704310055
18,261,279,14.5
35,332,367,9.485714285714286
192,121,313,0.6302083333333334
7,339,346,48.42857142857143
65,383,448,5.892307692307693
21,304,325,14.476190476190476
80,160,240,2.0
37,135,172,3.6486486486486487
81,125,206,1.5432098765432098
15,355,370,23.666666666666668
53,478,531,9.018867924528301
64,57,121,0.890625
1420,316,1736,0.22253521126760564
28,276,304,9.857142857142858
160,122,282,0.7625
17,297,314,17.470588235294116
3397,123,3520,0.03620841919340595
97,721,818,7.43298969072165
136,238,374,1.75
51,355,406,6.96078431372549
15,360,375,24.0
19,285,304,15.0
2776,471,3247,0.1696685878962536
34,85,119,2.5
552,5,557,0.009057971014492754
113,543,656,4.8053097345132745
18,253,271,14.055555555555555
116,299,415,2.5775862068965516
34,325,359,9.558823529411764
17,384,401,22.58823529411765
641,227,868,0.3541341653666147
8,122,130,15.25
1654,194,1848,0.11729141475211609
44,256,300,5.818181818181818
71,415,486,5.845070422535211
1188,146,1334,0.12289562289562289
532,834,1366,1.5676691729323309
2,40,42,20.0
17,608,625,35.76470588235294
243,8,251,0.03292181069958848
48,85,133,1.7708333333333333
86,60,146,0.6976744186046512
637,112,749,0.17582417582417584
60,68,128,1.1333333333333333
205,230,435,1.1219512195121952
23,102,125,4.434782608695652
327,123,450,0.3761467889908257
645,5,650,0.007751937984496124
83,442,525,5.325301204819277
8,161,169,20.125
417,652,1069,1.5635491606714629
1308,121,1429,0.09250764525993883
25,552,577,22.08
12,446,458,37.166666666666664
23,231,254,10.043478260869565
1638,23,1661,0.014041514041514042
2074,154,2228,0.0742526518804243
14,326,340,23.285714285714285
22,300,322,13.636363636363637
138,149,287,1.0797101449275361
15,212,227,14.133333333333333
1067,670,1737,0.6279287722586692
49,337,386,6.877551020408164
22,372,394,16.90909090909091
11,659,670,59.90909090909091
56,340,396,6.071428571428571
5,45,50,9.0
101,34,135,0.33663366336633666
12,178,190,14.833333333333334
335,596,931,1.7791044776119402
23,96,119,4.173913043478261
29,136,165,4.689655172413793
36,57,93,1.5833333333333333
509,232,741,0.45579567779960706
99,16,115,0.16161616161616163
28,341,369,12.178571428571429
5,22,27,4.4
30,423,453,14.1
3410,163,3573,0.04780058651026393
12,20,32,1.6666666666666667
15,511,526,34.06666666666667
25,426,451,17.04
1033,33,1066,0.031945788964181994
10,710,720,71.0
708,1009,1717,1.4251412429378532
5,66,71,13.2
176,668,844,3.7954545454545454
18,327,345,18.166666666666668
258,142,400,0.5503875968992248
39,35,74,0.8974358974358975
15,386,401,25.733333333333334
13,305,318,23.46153846153846
3,11,14,3.6666666666666665
24,115,139,4.791666666666667
106,371,477,3.5
214,213,427,0.9953271028037384
22,339,361,15.409090909090908
62,192,254,3.096774193548387
79,530,609,6.708860759493671
157,534,691,3.4012738853503186
17,270,287,15.882352941176471
11,257,268,23.363636363636363
78,565,643,7.243589743589744
48,247,295,5.145833333333333
13,419,432,32.23076923076923
12,339,351,28.25
7,854,861,122.0
37,604,641,16.324324324324323
12,807,819,67.25
10,244,254,24.4
14,464,478,33.142857142857146
1192,196,1388,0.1644295302013423
69,4,73,0.057971014492753624
23,212,235,9.217391304347826
23,129,152,5.608695652173913
39,628,667,16.102564102564102
18,261,279,14.5
15,80,95,5.333333333333333
18,898,916,49.888888888888886
17,642,659,37.76470588235294
936,184,1120,0.19658119658119658
30,762,792,25.4
32,501,533,15.65625
14,231,245,16.5
81,11,92,0.13580246913580246
15,246,261,16.4
24,284,308,11.833333333333334
104,855,959,8.221153846153847
33,416,449,12.606060606060606
25,299,324,11.96
12,304,316,25.333333333333332
20,191,211,9.55
386,854,1240,2.2124352331606216
184,4,188,0.021739130434782608
56,125,181,2.232142857142857
8,76,84,9.5
28,874,902,31.214285714285715
564,297,861,0.526595744680851
397,244,641,0.6146095717884131
31,548,579,17.677419354838708
3651,72,3723,0.01972062448644207
308,102,410,0.33116883116883117
1923,46,1969,0.02392095683827353
45,206,251,4.5777777777777775
24,92,116,3.8333333333333335
706,314,1020,0.4447592067988669
81,248,329,3.0617283950617282
13,175,188,13.461538461538462
21,217,238,10.333333333333334
69,691,760,10.014492753623188
151,168,319,1.1125827814569536
23,369,392,16.043478260869566
17,288,305,16.941176470588236
24,288,312,12.0
18,791,809,43.94444444444444
299,778,1077,2.6020066889632107
13,989,1002,76.07692307692308
620,314,934,0.5064516129032258
99,786,885,7.9393939393939394
26,222,248,8.538461538461538
516,39,555,0.0755813953488372
116,884,1000,7.620689655172414
19,526,545,27.68421052631579
89,609,698,6.842696629213483
15,50,65,3.3333333333333335
26,635,661,24.423076923076923
1822,136,1958,0.07464324917672886
30,613,643,20.433333333333334
2,11,13,5.5
72,150,222,2.0833333333333335
205,305,510,1.4878048780487805
18,302,320,16.77777777777778
44,477,521,10.840909090909092
54,364,418,6.7407407407407405
159,831,990,5.226415094339623
201,44,245,0.21890547263681592
13,523,536,40.23076923076923
278,290,568,1.0431654676258992
11,353,364,32.09090909090909
10,169,179,16.9
6,189,195,31.5
152,13,165,0.08552631578947369
196,371,567,1.8928571428571428
20,450,470,22.5
81,24,105,0.2962962962962963
342,159,501,0.4649122807017544
172,455,627,2.645348837209302
54,384,438,7.111111111111111
124,347,471,2.7983870967741935
21,357,378,17.0
23,124,147,5.391304347826087
56,618,674,11.035714285714286
6,145,151,24.166666666666668
15,97,112,6.466666666666667
682,606,1288,0.8885630498533724
64,292,356,4.5625
12,231,243,19.25
154,61,215,0.3961038961038961
15,232,247,15.466666666666667
31,308,339,9.935483870967742
23,56,79,2.4347826086956523
42,396,438,9.428571428571429
44,279,323,6.340909090909091
92,722,814,7.8478260869565215
69,564,633,8.173913043478262
9,233,242,25.88888888888889
16,246,262,15.375
1049,5,1054,0.004766444232602479
12,367,379,30.583333333333332
2088,275,2363,0.13170498084291188
1205,398,1603,0.33029045643153526
26,789,815,30.346153846153847
215,382,597,1.7767441860465116
50,275,325,5.5
37,127,164,3.4324324324324325
59,946,1005,16.033898305084747
262,128,390,0.48854961832061067
32,134,166,4.1875
28,348,376,12.428571428571429
253,621,874,2.4545454545454546
12,365,377,30.416666666666668
55,96,151,1.7454545454545454
78,634,712,8.128205128205128
15,210,225,14.0
94,61,155,0.648936170212766
348,126,474,0.3620689655172414
1295,755,2050,0.583011583011583
16,268,284,16.75
61,475,536,7.786885245901639
2622,315,2937,0.12013729977116705
3,1035,1038,345.0
13,286,299,22.0
8,118,126,14.75
68,39,107,0.5735294117647058
95,446,541,4.6947368421052635
32,372,404,11.625
20,347,367,17.35
34,251,285,7.382352941176471
21,319,340,15.19047619047619
22,415,437,18.863636363636363
91,491,582,5.395604395604396
2770,26,2796,0.009386281588447653
76,453,529,5.9605263157894735
18,391,409,21.72222222222222
8,100,108,12.5
35,99,134,2.8285714285714287
1679,892,2571,0.5312686122692079
26,340,366,13.076923076923077
21,480,501,22.857142857142858
36,73,109,2.0277777777777777
161,985,1146,6.118012422360248
26,615,641,23.653846153846153
911,274,1185,0.300768386388584
46,304,350,6.608695652173913
899,325,1224,0.3615127919911012
90,49,139,0.5444444444444444
84,5,89,0.05952380952380952
23,509,532,22.130434782608695
14,209,223,14.928571428571429
1100,178,1278,0.1618181818181818
18,140,158,7.777777777777778
14,414,428,29.571428571428573
88,381,469,4.329545454545454
22,390,412,17.727272727272727
1901,190,2091,0.09994739610731194
47,380,427,8.085106382978724
90,49,139,0.5444444444444444
849,120,969,0.1413427561837456
210,309,519,1.4714285714285715
312,130,442,0.4166666666666667
242,351,593,1.4504132231404958
102,55,157,0.5392156862745098
1213,46,1259,0.03792250618301731
11,451,462,41.0
8,457,465,57.125
11,320,331,29.09090909090909
134,153,287,1.1417910447761195
7,15,22,2.142857142857143
6,256,262,42.666666666666664
1179,212,1391,0.179813401187447
9,143,152,15.88888888888889
4,38,42,9.5
31,229,260,7.387096774193548
36,169,205,4.694444444444445
744,147,891,0.1975806451612903
134,938,1072,7.0
37,296,333,8.0
11,379,390,34.45454545454545
92,80,172,0.8695652173913043
47,48,95,1.0212765957446808
16,190,206,11.875
39,56,95,1.435897435897436
39,314,353,8.051282051282051
214,287,501,1.341121495327103
9,71,80,7.888888888888889
10,493,503,49.3
120,28,148,0.23333333333333334
51,371,422,7.2745098039215685
11,9,20,0.8181818181818182
6,228,234,38.0
13,566,579,43.53846153846154
151,116,267,0.7682119205298014
11,229,240,20.818181818181817
31,52,83,1.6774193548387097
2,128,130,64.0
78,4,82,0.05128205128205128
120,508,628,4.233333333333333
25,309,334,12.36
88,142,230,1.6136363636363635
5,156,161,31.2
45,29,74,0.6444444444444445
118,254,372,2.152542372881356
6,169,175,28.166666666666668
59,299,358,5.067796610169491
7,497,504,71.0
3,12,15,4.0
588,78,666,0.1326530612244898
295,8,303,0.02711864406779661
21,297,318,14.142857142857142
18,468,486,26.0
66,270,336,4.090909090909091
1384,134,1518,0.0968208092485549
653,843,1496,1.2909647779479325
22,275,297,12.5
65,387,452,5.953846153846154
21,228,249,10.857142857142858
48,758,806,15.791666666666666
12,337,349,28.083333333333332
18,203,221,11.277777777777779
33,306,339,9.272727272727273
68,289,357,4.25
49,228,277,4.653061224489796
4,457,461,114.25
12,113,125,9.416666666666666
30,198,228,6.6
9,8,17,0.8888888888888888
49,523,572,10.673469387755102
20,229,249,11.45
30,372,402,12.4
1096,669,1765,0.6104014598540146
596,309,905,0.5184563758389261
20,231,251,11.55
398,34,432,0.08542713567839195
2224,429,2653,0.1928956834532374
137,516,653,3.7664233576642334
13,311,324,23.923076923076923
115,520,635,4.521739130434782
23,38,61,1.6521739130434783
17,277,294,16.294117647058822
46,577,623,12.543478260869565
77,703,780,9.12987012987013
14,713,727,50.92857142857143
509,661,1170,1.2986247544204321
38,98,136,2.5789473684210527
49,121,170,2.4693877551020407
81,81,162,1.0
13,34,47,2.6153846153846154
1770,4,1774,0.0022598870056497176
26,223,249,8.576923076923077
14,315,329,22.5
426,130,556,0.3051643192488263
253,781,1034,3.0869565217391304
126,209,335,1.6587301587301588
74,332,406,4.486486486486487
87,738,825,8.482758620689655
12,184,196,15.333333333333334
31,4,35,0.12903225806451613
10,188,198,18.8
148,570,718,3.8513513513513513
37,4,41,0.10810810810810811
48,696,744,14.5
14,210,224,15.0
106,395,501,3.7264150943396226
11,209,220,19.0
133,319,452,2.398496240601504
27,443,470,16.40740740740741
12,482,494,40.166666666666664
21,235,256,11.19047619047619
188,331,519,1.7606382978723405
43,675,718,15.69767441860465
10,136,146,13.6
1899,46,1945,0.02422327540810953
19,310,329,16.31578947368421
1237,543,1780,0.43896523848019403
16,300,316,18.75
97,256,353,2.6391752577319587
17,715,732,42.05882352941177
1972,182,2154,0.0922920892494929
5,531,536,106.2
28,203,231,7.25
8,828,836,103.5
11,14,25,1.2727272727272727
6,170,176,28.333333333333332
365,92,457,0.25205479452054796
2,11,13,5.5
23,299,322,13.0
2241,218,2459,0.09727800089245872
51,89,140,1.7450980392156863
182,359,541,1.9725274725274726
10,246,256,24.6
17,709,726,41.705882352941174
38,524,562,13.789473684210526
31,371,402,11.96774193548387
90,395,485,4.388888888888889
3001,599,3600,0.1996001332889037
478,783,1261,1.6380753138075315
38,493,531,12.973684210526315
9,210,219,23.333333333333332
706,466,1172,0.660056657223796
16,340,356,21.25
25,315,340,12.6
513,5,518,0.009746588693957114
7,355,362,50.714285714285715
41,180,221,4.390243902439025
11,165,176,15.0
106,196,302,1.849056603773585
23,11,34,0.4782608695652174
13,943,956,72.53846153846153
7,344,351,49.142857142857146
984,211,1195,0.21443089430894308
408,332,740,0.8137254901960784
1403,181,1584,0.12900926585887385
16,851,867,53.1875
11,357,368,32.45454545454545
44,286,330,6.5
25,40,65,1.6
4,238,242,59.5
448,940,1388,2.0982142857142856
23,763,786,33.17391304347826
10,134,144,13.4
1187,304,1491,0.2561078348778433
623,382,1005,0.6131621187800963
17,465,482,27.352941176470587
11,280,291,25.454545454545453
2,11,13,5.5
2556,267,2823,0.10446009389671361
37,396,433,10.702702702702704
11,288,299,26.181818181818183
6,415,421,69.16666666666667
5,192,197,38.4
23,75,98,3.260869565217391
282,180,462,0.6382978723404256
7,68,75,9.714285714285714
56,776,832,13.857142857142858
26,892,918,34.30769230769231
20,170,190,8.5
17,82,99,4.823529411764706
122,445,567,3.6475409836065573
27,274,301,10.148148148148149
15,259,274,17.266666666666666
433,261,694,0.6027713625866051
20,282,302,14.1
71,18,89,0.2535211267605634
13,127,140,9.76923076923077
14,323,337,23.071428571428573
43,374,417,8.69767441860465
9,311,320,34.55555555555556
539,189,728,0.35064935064935066
2043,537,2580,0.26284875183553597
23,42,65,1.826086956521739
1941,769,2710,0.39618753219989694
82,288,370,3.5121951219512195
39,130,169,3.3333333333333335
89,257,346,2.8876404494382024
24,214,238,8.916666666666666
2,245,247,122.5
1312,47,1359,0.035823170731707314
22,367,389,16.681818181818183
22,619,641,28.136363636363637
17,779,796,45.8235294117647
13,19,32,1.4615384615384615
9,65,74,7.222222222222222
576,8,584,0.013888888888888888
944,54,998,0.057203389830508475
29,252,281,8.689655172413794
19,427,446,22.473684210526315
34,317,351,9.323529411764707
142,452,594,3.183098591549296
28,137,165,4.892857142857143
1871,800,2671,0.42757883484767506
134,224,358,1.671641791044776
14,454,468,32.42857142857143
38,296,334,7.7894736842105265
82,322,404,3.926829268292683
14,293,307,20.928571428571427
3,31,34,10.333333333333334
8,81,89,10.125
21,555,576,26.428571428571427
1484,8,1492,0.005390835579514825
49,179,228,3.6530612244897958
44,231,275,5.25
41,420,461,10.24390243902439
10,241,251,24.1
16,246,262,15.375
11,604,615,54.90909090909091
12,247,259,20.583333333333332
34,849,883,24.970588235294116
25,155,180,6.2
67,382,449,5.701492537313433
49,767,816,15.653061224489797
13,245,258,18.846153846153847
17,35,52,2.0588235294117645
1381,34,1415,0.024619840695148443
68,5,73,0.07352941176470588
62,432,494,6.967741935483871
31,348,379,11.225806451612904
13,349,362,26.846153846153847
19,135,154,7.105263157894737
19,310,329,16.31578947368421
12,220,232,18.333333333333332
19,23,42,1.2105263157894737
21,491,512,23.38095238095238
30,747,777,24.9
43,310,353,7.209302325581396
18,118,136,6.555555555555555
39,336,375,8.615384615384615
34,601,635,17.676470588235293
810,150,960,0.18518518518518517
118,429,547,3.635593220338983
10,51,61,5.1
2,11,13,5.5
70,341,411,4.871428571428571
183,993,1176,5.426229508196721
68,289,357,4.25
10,212,222,21.2
21,187,208,8.904761904761905
1576,969,2545,0.6148477157360406
11,29,40,2.6363636363636362
73,571,644,7.821917808219178
1198,600,1798,0.5008347245409015
34,164,198,4.823529411764706
46,403,449,8.76086956521739
8,340,348,42.5
25,538,563,21.52
19,151,170,7.947368421052632
115,322,437,2.8
8,283,291,35.375
339,18,357,0.05309734513274336
163,325,488,1.9938650306748467
29,883,912,30.448275862068964
543,176,719,0.3241252302025783
18,117,135,6.5
19,884,903,46.526315789473685
575,37,612,0.06434782608695652
45,498,543,11.066666666666666
1472,641,2113,0.43546195652173914
13,324,337,24.923076923076923
48,181,229,3.7708333333333335
80,401,481,5.0125
41,26,67,0.6341463414634146
31,233,264,7.516129032258065
57,28,85,0.49122807017543857
45,457,502,10.155555555555555
18,219,237,12.166666666666666
545,126,671,0.23119266055045873
20,217,237,10.85
15,273,288,18.2
25,268,293,10.72
26,215,241,8.26923076923077
44,59,103,1.3409090909090908
27,83,110,3.074074074074074
24,199,223,8.291666666666666
734,699,1433,0.952316076294278
424,867,1291,2.044811320754717
378,498,876,1.3174603174603174
2980,394,3374,0.13221476510067115
9,659,668,73.22222222222223
91,882,973,9.692307692307692
20,128,148,6.4
23,236,259,10.26086956521739
222,400,622,1.8018018018018018
103,145,248,1.4077669902912622
18,392,410,21.77777777777778
22,357,379,16.227272727272727
243,8,251,0.03292181069958848
6,11,17,1.8333333333333333
14,309,323,22.071428571428573
4,92,96,23.0
44,26,70,0.5909090909090909
62,905,967,14.596774193548388
14,404,418,28.857142857142858
19,542,561,28.526315789473685
530,439,969,0.8283018867924529
837,428,1265,0.5113500597371565
3239,5,3244,0.0015436863229391787
504,14,518,0.027777777777777776
1101,496,1597,0.45049954586739327
36,391,427,10.86111111111111
18,318,336,17.666666666666668
12,107,119,8.916666666666666
17,43,60,2.5294117647058822
16,609,625,38.0625
561,127,688,0.22638146167557932
358,355,713,0.9916201117318436
16,462,478,28.875
59,304,363,5.1525423728813555
37,211,248,5.702702702702703
22,107,129,4.863636363636363
18,339,357,18.833333333333332
68,976,1044,14.352941176470589
92,303,395,3.2934782608695654
19,19,38,1.0
54,144,198,2.6666666666666665
421,81,502,0.19239904988123516
1474,932,2406,0.6322930800542741
694,341,1035,0.49135446685878964
14,114,128,8.142857142857142
2,11,13,5.5
2,51,53,25.5
23,660,683,28.695652173913043
38,531,569,13.973684210526315
14,135,149,9.642857142857142
15,283,298,18.866666666666667
4,70,74,17.5
1603,453,2056,0.2825951341235184
25,42,67,1.68
42,38,80,0.9047619047619048
83,360,443,4.337349397590361
1010,784,1794,0.7762376237623763
24,167,191,6.958333333333333
665,1071,1736,1.6105263157894736
16,171,187,10.6875
17,377,394,22.176470588235293
647,1736,2383,2.6831530139103554
16,469,485,29.3125
33,257,290,7.787878787878788
22,300,322,13.636363636363637
127,280,407,2.204724409448819
7,30,37,4.285714285714286
14,338,352,24.142857142857142
12,421,433,35.083333333333336
546,808,1354,1.47985347985348
72,324,396,4.5
9,8,17,0.8888888888888888
10,309,319,30.9
114,8,122,0.07017543859649122
68,158,226,2.323529411764706
31,337,368,10.870967741935484
386,489,875,1.266839378238342
10,245,255,24.5
22,434,456,19.727272727272727
12,185,197,15.416666666666666
42,36,78,0.8571428571428571
4,367,371,91.75
15,85,100,5.666666666666667
1198,53,1251,0.04424040066777963
25,364,389,14.56
8,139,147,17.375
1528,388,1916,0.25392670157068065
2360,291,2651,0.12330508474576271
81,84,165,1.037037037037037
66,179,245,2.712121212121212
29,63,92,2.1724137931034484
16,236,252,14.75
188,271,459,1.4414893617021276
416,384,800,0.9230769230769231
10,182,192,18.2
15,183,198,12.2
16,447,463,27.9375
701,211,912,0.30099857346647646
137,258,395,1.8832116788321167
10,140,150,14.0
13,392,405,30.153846153846153
17,404,421,23.764705882352942
47,458,505,9.74468085106383
25,38,63,1.52
44,592,636,13.454545454545455
22,633,655,28.772727272727273
1255,379,1634,0.30199203187250995
35,47,82,1.3428571428571427
21,258,279,12.285714285714286
594,13,607,0.021885521885521887
263,241,504,0.9163498098859315
40,157,197,3.925
57,413,470,7.245614035087719
25,21,46,0.84
13,331,344,25.46153846153846
2175,190,2365,0.08735632183908046
64,27,91,0.421875
37,312,349,8.432432432432432
479,726,1205,1.5156576200417538
25,370,395,14.8
22,390,412,17.727272727272727
17,124,141,7.294117647058823
121,24,145,0.19834710743801653
4,401,405,100.25
18,282,300,15.666666666666666
22,445,467,20.227272727272727
2863,202,3065,0.07055536150890675
140,170,310,1.2142857142857142
8,540,548,67.5
8,83,91,10.375
641,757,1398,1.1809672386895476
23,136,159,5.913043478260869
135,661,796,4.896296296296296
25,503,528,20.12
50,41,91,0.82
77,473,550,6.142857142857143
53,321,374,6.056603773584905
143,909,1052,6.356643356643357
18,410,428,22.77777777777778
21,35,56,1.6666666666666667
10,246,256,24.6
22,250,272,11.363636363636363
1471,46,1517,0.03127124405166554
1055,65,1120,0.061611374407582936
4,12,16,3.0
17,283,300,16.647058823529413
22,141,163,6.409090909090909
47,100,147,2.127659574468085
38,298,336,7.842105263157895
16,343,359,21.4375
106,354,460,3.339622641509434
35,379,414,10.82857142857143
43,468,511,10.883720930232558
822,21,843,0.025547445255474453
153,619,772,4.045751633986928
11,474,485,43.09090909090909
7,350,357,50.0
57,145,202,2.543859649122807
28,874,902,31.214285714285715
55,277,332,5.036363636363636
40,255,295,6.375
24,282,306,11.75
1608,128,1736,0.07960199004975124
89,767,856,8.617977528089888
2901,399,3300,0.1375387797311272
10,639,649,63.9
29,91,120,3.1379310344827585
11,335,346,30.454545454545453
56,156,212,2.7857142857142856
1042,234,1276,0.22456813819577734
19,978,997,51.473684210526315
82,321,403,3.9146341463414633
1308,574,1882,0.43883792048929665
40,337,377,8.425
23,165,188,7.173913043478261
15,134,149,8.933333333333334
2343,241,2584,0.10285958173282117
49,224,273,4.571428571428571
819,183,1002,0.22344322344322345
2,20,22,10.0
156,250,406,1.6025641025641026
11,715,726,65.0
23,275,298,11.956521739130435
5,79,84,15.8
45,227,272,5.044444444444444
82,280,362,3.4146341463414633
21,647,668,30.80952380952381
2382,655,3037,0.2749790092359362
1539,133,1672,0.08641975308641975
12,366,378,30.5
416,712,1128,1.7115384615384615
399,15,414,0.03759398496240601
17,387,404,22.764705882352942
71,464,535,6.535211267605634
17,154,171,9.058823529411764
18,477,495,26.5
30,155,185,5.166666666666667
1635,374,2009,0.22874617737003058
419,6,425,0.014319809069212411
11,584,595,53.09090909090909
13,243,256,18.692307692307693
18,39,57,2.1666666666666665
24,270,294,11.25
32,356,388,11.125
29,232,261,8.0
8,35,43,4.375
25,220,245,8.8
1943,1042,2985,0.5362840967575914
36,609,645,16.916666666666668
26,190,216,7.3076923076923075
129,66,195,0.5116279069767442
3432,511,3943,0.1488927738927739
749,415,1164,0.5540720961281709
1645,74,1719,0.044984802431610946
18,74,92,4.111111111111111
112,305,417,2.7232142857142856
18,207,225,11.5
3,122,125,40.666666666666664
1285,996,2281,0.7750972762645915
11,148,159,13.454545454545455
158,390,548,2.4683544303797467
108,377,485,3.490740740740741
83,391,474,4.710843373493976
7,341,348,48.714285714285715
657,184,841,0.2800608828006088
85,242,327,2.847058823529412
15,190,205,12.666666666666666
24,513,537,21.375
101,659,760,6.524752475247524
19,118,137,6.2105263157894735
1613,5,1618,0.0030998140111593306
51,77,128,1.5098039215686274
31,358,389,11.548387096774194
146,5,151,0.03424657534246575
1552,260,1812,0.16752577319587628
11,392,403,35.63636363636363
9,12,21,1.3333333333333333
352,524,876,1.4886363636363635
2162,699,2861,0.3233117483811286
15,214,229,14.266666666666667
22,909,931,41.31818181818182
330,920,1250,2.787878787878788
12,23,35,1.9166666666666667
8,265,273,33.125
241,306,547,1.2697095435684647
15,287,302,19.133333333333333
37,286,323,7.72972972972973
637,648,1285,1.0172684458398744
296,74,370,0.25
27,320,347,11.851851851851851
2,402,404,201.0
34,551,585,16.205882352941178
3027,264,3291,0.08721506442021804
23,71,94,3.0869565217391304
12,326,338,27.166666666666668
18,310,328,17.22222222222222
153,349,502,2.281045751633987
17,1008,1025,59.294117647058826
35,163,198,4.6571428571428575
15,209,224,13.933333333333334
25,29,54,1.16
51,813,864,15.941176470588236
25,230,255,9.2
15,208,223,13.866666666666667
21,281,302,13.380952380952381
121,139,260,1.1487603305785123
152,697,849,4.5855263157894735
94,386,480,4.1063829787234045
10,35,45,3.5
767,581,1348,0.757496740547588
10,378,388,37.8
11,327,338,29.727272727272727
48,464,512,9.666666666666666
76,752,828,9.894736842105264
331,139,470,0.4199395770392749
17,407,424,23.941176470588236
55,689,744,12.527272727272727
10,201,211,20.1
33,608,641,18.424242424242426
3,432,435,144.0
16,300,316,18.75
8,212,220,26.5
32,179,211,5.59375
43,29,72,0.6744186046511628
26,87,113,3.3461538461538463
113,1020,1133,9.026548672566372
23,342,365,14.869565217391305
10,209,219,20.9
839,941,1780,1.1215733015494636
51,125,176,2.450980392156863
20,364,384,18.2
108,443,551,4.101851851851852
26,386,412,14.846153846153847
61,272,333,4.459016393442623
47,439,486,9.340425531914894
15,237,252,15.8
761,366,1127,0.480946123521682
129,296,425,2.294573643410853
113,857,970,7.584070796460177
66,337,403,5.106060606060606
9,277,286,30.77777777777778
296,74,370,0.25
892,312,1204,0.34977578475336324
15,83,98,5.533333333333333
25,78,103,3.12
71,28,99,0.39436619718309857
16,119,135,7.4375
12,359,371,29.916666666666668
10,20,30,2.0
105,127,232,1.2095238095238094
12,89,101,7.416666666666667
55,359,414,6.527272727272727
30,259,289,8.633333333333333
25,511,536,20.44
37,833,870,22.513513513513512
82,728,810,8.878048780487806
17,282,299,16.58823529411765
4,29,33,7.25
41,604,645,14.731707317073171
1982,46,2028,0.02320887991927346
9,350,359,38.888888888888886
8,194,202,24.25
12,101,113,8.416666666666666
2420,461,2881,0.19049586776859503
83,600,683,7.228915662650603
25,436,461,17.44
493,555,1048,1.1257606490872212
108,61,169,0.5648148148148148
41,97,138,2.3658536585365852
357,559,916,1.5658263305322129
130,136,266,1.0461538461538462
683,6,689,0.008784773060029283
7,345,352,49.285714285714285
24,302,326,12.583333333333334
49,274,323,5.591836734693878
213,410,623,1.9248826291079812
42,170,212,4.0476190476190474
44,74,118,1.6818181818181819
16,215,231,13.4375
443,730,1173,1.6478555304740405
41,248,289,6.048780487804878
9,113,122,12.555555555555555
122,350,472,2.8688524590163933
7,31,38,4.428571428571429
13,44,57,3.3846153846153846
13,282,295,21.692307692307693
517,368,885,0.7117988394584139
1293,475,1768,0.36736272235112144
43,341,384,7.930232558139535
1283,647,1930,0.5042868277474669
18,81,99,4.5
241,441,682,1.829875518672199
22,300,322,13.636363636363637
9,109,118,12.11111111111111
8,139,147,17.375
14,133,147,9.5
393,614,1007,1.5623409669211197
28,264,292,9.428571428571429
11,258,269,23.454545454545453
359,1020,1379,2.8412256267409473
68,777,845,11.426470588235293
22,855,877,38.86363636363637
12,319,331,26.583333333333332
18,307,325,17.055555555555557
68,221,289,3.25
60,102,162,1.7
16,321,337,20.0625
39,313,352,8.025641025641026
95,8,103,0.08421052631578947
23,210,233,9.130434782608695
498,20,518,0.040160642570281124
16,156,172,9.75
15,307,322,20.466666666666665
1141,17,1158,0.014899211218229623
32,192,224,6.0
5,83,88,16.6
89,38,127,0.42696629213483145
171,28,199,0.16374269005847952
2,11,13,5.5
31,201,232,6.483870967741935
1121,994,2115,0.8867082961641392
845,206,1051,0.24378698224852072
375,565,940,1.5066666666666666
11,262,273,23.818181818181817
20,246,266,12.3
55,247,302,4.490909090909091
18,81,99,4.5
16,476,492,29.75
22,35,57,1.5909090909090908
336,904,1240,2.6904761904761907
222,91,313,0.4099099099099099
22,201,223,9.136363636363637
47,50,97,1.0638297872340425
12,226,238,18.833333333333332
23,28,51,1.2173913043478262
17,360,377,21.176470588235293
240,316,556,1.3166666666666667
25,171,196,6.84
346,126,472,0.36416184971098264
458,134,592,0.2925764192139738
458,196,654,0.4279475982532751
35,41,76,1.1714285714285715
10,256,266,25.6
155,845,1000,5.451612903225806
15,59,74,3.933333333333333
837,428,1265,0.5113500597371565
28,14,42,0.5
17,312,329,18.352941176470587
18,365,383,20.27777777777778
2222,925,3147,0.4162916291629163
15,246,261,16.4
61,489,550,8.01639344262295
746,152,898,0.2037533512064343
38,634,672,16.68421052631579
72,31,103,0.4305555555555556
21,110,131,5.238095238095238
436,376,812,0.8623853211009175
24,205,229,8.541666666666666
30,155,185,5.166666666666667
1166,4,1170,0.003430531732418525
474,414,888,0.8734177215189873
140,31,171,0.22142857142857142
55,43,98,0.7818181818181819
24,566,590,23.583333333333332
45,359,404,7.977777777777778
184,882,1066,4.793478260869565
17,30,47,1.7647058823529411
2293,625,2918,0.2725686873092019
28,391,419,13.964285714285714
162,98,260,0.6049382716049383
78,779,857,9.987179487179487
5,253,258,50.6
71,81,152,1.1408450704225352
215,4,219,0.018604651162790697
154,737,891,4.785714285714286
177,524,701,2.9604519774011298
34,541,575,15.911764705882353
67,158,225,2.3582089552238807
259,873,1132,3.370656370656371
9,252,261,28.0
5,469,474,93.8
3,13,16,4.333333333333333
89,304,393,3.4157303370786516
18,503,521,27.944444444444443
64,27,91,0.421875
415,664,1079,1.6
83,402,485,4.843373493975903
313,476,789,1.5207667731629393
2,11,13,5.5
1651,928,2579,0.562083585705633
15,772,787,51.46666666666667
95,924,1019,9.726315789473684
2225,765,2990,0.3438202247191011
220,192,412,0.8727272727272727
28,519,547,18.535714285714285
23,62,85,2.6956521739130435
41,37,78,0.9024390243902439
74,332,406,4.486486486486487
3400,8,3408,0.002352941176470588
1552,260,1812,0.16752577319587628
17,125,142,7.352941176470588
15,311,326,20.733333333333334
19,487,506,25.63157894736842
2706,469,3175,0.17331855136733185
3,103,106,34.333333333333336
2777,12,2789,0.004321209938782859
235,155,390,0.6595744680851063
7,266,273,38.0
142,322,464,2.267605633802817
22,532,554,24.181818181818183
14,220,234,15.714285714285714
519,800,1319,1.5414258188824663
19,346,365,18.210526315789473
22,147,169,6.681818181818182
13,79,92,6.076923076923077
8,387,395,48.375
68,160,228,2.3529411764705883
73,390,463,5.342465753424658
79,471,550,5.962025316455696
41,583,624,14.21951219512195
202,314,516,1.5544554455445545
88,637,725,7.238636363636363
22,300,322,13.636363636363637
11,261,272,23.727272727272727
38,400,438,10.526315789473685
133,109,242,0.8195488721804511
12,219,231,18.25
3957,3,3960,0.000758150113722517
67,719,786,10.73134328358209
1591,37,1628,0.023255813953488372
52,102,154,1.9615384615384615
363,400,763,1.1019283746556474
3,30,33,10.0
21,277,298,13.19047619047619
64,433,497,6.765625
16,19,35,1.1875
15,228,243,15.2
5,267,272,53.4
11,298,309,27.09090909090909
51,22,73,0.43137254901960786
3,11,14,3.6666666666666665
9,165,174,18.333333333333332
1143,408,1551,0.3569553805774278
20,497,517,24.85
133,109,242,0.8195488721804511
102,382,484,3.7450980392156863
31,377,408,12.161290322580646
14,398,412,28.428571428571427
1394,82,1476,0.058823529411764705
26,39,65,1.5
29,87,116,3.0
27,230,257,8.518518518518519
3239,166,3405,0.05125038592158074
148,291,439,1.9662162162162162
471,770,1241,1.634819532908705
59,247,306,4.186440677966102
13,263,276,20.23076923076923
1401,152,1553,0.10849393290506781
34,247,281,7.264705882352941
19,217,236,11.421052631578947
12,206,218,17.166666666666668
26,462,488,17.76923076923077
2775,93,2868,0.03351351351351351
72,232,304,3.2222222222222223
43,650,693,15.116279069767442
714,257,971,0.3599439775910364
599,5,604,0.008347245409015025
66,214,280,3.242424242424242
86,615,701,7.151162790697675
85,521,606,6.129411764705883
12,110,122,9.166666666666666
18,898,916,49.888888888888886
6,87,93,14.5
188,8,196,0.0425531914893617
8,357,365,44.625
6,40,46,6.666666666666667
108,387,495,3.5833333333333335
86,20,106,0.23255813953488372
294,331,625,1.1258503401360545
57,751,808,13.175438596491228
15,21,36,1.4
9,283,292,31.444444444444443
28,125,153,4.464285714285714
52,471,523,9.057692307692308
24,558,582,23.25
28,321,349,11.464285714285714
32,255,287,7.96875
41,551,592,13.439024390243903
1987,398,2385,0.20030196275792653
62,498,560,8.03225806451613
6,171,177,28.5
57,213,270,3.736842105263158
501,105,606,0.20958083832335328
22,792,814,36.0
118,121,239,1.0254237288135593
21,476,497,22.666666666666668
14,332,346,23.714285714285715
15,412,427,27.466666666666665
47,101,148,2.148936170212766
567,8,575,0.014109347442680775
132,107,239,0.8106060606060606
527,128,655,0.2428842504743833
90,316,406,3.511111111111111
12,233,245,19.416666666666668
29,315,344,10.862068965517242
25,684,709,27.36
544,34,578,0.0625
126,150,276,1.1904761904761905
16,206,222,12.875
23,137,160,5.956521739130435
29,473,502,16.310344827586206
175,369,544,2.1085714285714285
8,372,380,46.5
1899,58,1957,0.030542390731964193
47,21,68,0.44680851063829785
19,773,792,40.68421052631579
572,266,838,0.46503496503496505
19,415,434,21.842105263157894
61,138,199,2.262295081967213
110,10,120,0.09090909090909091
1049,47,1096,0.044804575786463297
1474,11,1485,0.007462686567164179
30,790,820,26.333333333333332
199,12,211,0.06030150753768844
1151,68,1219,0.059079061685490875
13,328,341,25.23076923076923
16,305,321,19.0625
47,227,274,4.829787234042553
1096,669,1765,0.6104014598540146
486,615,1101,1.2654320987654322
249,287,536,1.1526104417670682
129,113,242,0.875968992248062
25,550,575,22.0
2857,232,3089,0.08120406020301014
245,263,508,1.073469387755102
23,58,81,2.5217391304347827
861,515,1376,0.5981416957026713
3432,313,3745,0.09120046620046621
19,376,395,19.789473684210527
8,330,338,41.25
89,476,565,5.348314606741573
13,372,385,28.615384615384617
12,291,303,24.25
17,18,35,1.0588235294117647
51,469,520,9.196078431372548
42,361,403,8.595238095238095
17,147,164,8.647058823529411
9,83,92,9.222222222222221
61,784,845,12.852459016393443
308,46,354,0.14935064935064934
145,126,271,0.8689655172413793
130,523,653,4.023076923076923
14,187,201,13.357142857142858
44,278,322,6.318181818181818
56,369,425,6.589285714285714
25,347,372,13.88
5,76,81,15.2
160,265,425,1.65625
133,640,773,4.81203007518797
13,284,297,21.846153846153847
673,227,900,0.337295690936107
86,202,288,2.3488372093023258
13,309,322,23.76923076923077
253,265,518,1.0474308300395256
41,324,365,7.902439024390244
376,39,415,0.10372340425531915
32,156,188,4.875
474,53,527,0.11181434599156118
29,602,631,20.75862068965517
28,529,557,18.892857142857142
15,114,129,7.6
8,234,242,29.25
24,490,514,20.416666666666668
56,18,74,0.32142857142857145
9,103,112,11.444444444444445
21,248,269,11.80952380952381
26,46,72,1.7692307692307692
9,420,429,46.666666666666664
26,316,342,12.153846153846153
61,492,553,8.065573770491802
25,719,744,28.76
1231,84,1315,0.06823720552396426
31,151,182,4.870967741935484
1230,294,1524,0.23902439024390243
925,534,1459,0.5772972972972973
556,291,847,0.5233812949640287
32,48,80,1.5
13,41,54,3.1538461538461537
14,147,161,10.5
36,962,998,26.72222222222222
106,96,202,0.9056603773584906
11,297,308,27.0
31,416,447,13.419354838709678
443,441,884,0.9954853273137697
756,116,872,0.15343915343915343
5,14,19,2.8
10,417,427,41.7
892,278,1170,0.3116591928251121
733,334,1067,0.45566166439290584
178,251,429,1.4101123595505618
207,792,999,3.8260869565217392
436,322,758,0.7385321100917431
159,341,500,2.1446540880503147
206,552,758,2.679611650485437
108,153,261,1.4166666666666667
27,218,245,8.074074074074074
15,657,672,43.8
104,583,687,5.605769230769231
1411,349,1760,0.24734231041814317
11,224,235,20.363636363636363
518,147,665,0.28378378378378377
10,387,397,38.7
39,855,894,21.923076923076923
77,254,331,3.2987012987012987
68,5,73,0.07352941176470588
135,235,370,1.7407407407407407
22,384,406,17.454545454545453
761,366,1127,0.480946123521682
345,691,1036,2.0028985507246375
27,121,148,4.481481481481482
1096,5,1101,0.004562043795620438
11,868,879,78.9090909090909
14,116,130,8.285714285714286
28,263,291,9.392857142857142
14,325,339,23.214285714285715
7,83,90,11.857142857142858
30,964,994,32.13333333333333
46,194,240,4.217391304347826
48,126,174,2.625
33,688,721,20.848484848484848
47,454,501,9.659574468085106
158,687,845,4.348101265822785
16,443,459,27.6875
8,107,115,13.375
16,999,1015,62.4375
37,277,314,7.486486486486487
134,72,206,0.5373134328358209
18,118,136,6.555555555555555
707,392,1099,0.5544554455445545
21,193,214,9.19047619047619
8,126,134,15.75
235,342,577,1.4553191489361703
28,615,643,21.964285714285715
20,697,717,34.85
22,215,237,9.772727272727273
13,80,93,6.153846153846154
26,251,277,9.653846153846153
46,408,454,8.869565217391305
1903,493,2396,0.2590646347871781
248,61,309,0.24596774193548387
18,374,392,20.77777777777778
10,252,262,25.2
14,271,285,19.357142857142858
12,248,260,20.666666666666668
13,57,70,4.384615384615385
236,569,805,2.4110169491525424
285,279,564,0.9789473684210527
31,150,181,4.838709677419355
11,138,149,12.545454545454545
64,739,803,11.546875
49,56,105,1.1428571428571428
16,69,85,4.3125
34,178,212,5.235294117647059
105,395,500,3.761904761904762
33,645,678,19.545454545454547
213,119,332,0.5586854460093896
119,293,412,2.46218487394958
188,41,229,0.21808510638297873
12,475,487,39.583333333333336
3,12,15,4.0
453,422,875,0.9315673289183223
9,99,108,11.0
20,549,569,27.45
19,447,466,23.526315789473685
11,34,45,3.090909090909091
26,135,161,5.1923076923076925
138,246,384,1.7826086956521738
77,96,173,1.2467532467532467
2638,574,3212,0.2175890826383624
172,542,714,3.1511627906976742
7,40,47,5.714285714285714
73,571,644,7.821917808219178
16,375,391,23.4375
21,473,494,22.523809523809526
18,285,303,15.833333333333334
16,386,402,24.125
57,291,348,5.105263157894737
30,114,144,3.8
104,27,131,0.25961538461538464
10,287,297,28.7
10,126,136,12.6
46,321,367,6.978260869565218
41,817,858,19.926829268292682
12,321,333,26.75
120,835,955,6.958333333333333
95,485,580,5.105263157894737
13,33,46,2.5384615384615383
262,165,427,0.6297709923664122
69,393,462,5.695652173913044
131,735,866,5.6106870229007635
23,554,577,24.08695652173913
37,261,298,7.054054054054054
36,393,429,10.916666666666666
202,667,869,3.301980198019802
36,8,44,0.2222222222222222
38,533,571,14.026315789473685
49,224,273,4.571428571428571
7,49,56,7.0
220,354,574,1.6090909090909091
25,312,337,12.48
38,18,56,0.47368421052631576
9,610,619,67.77777777777777
13,52,65,4.0
22,81,103,3.6818181818181817
17,75,92,4.411764705882353
5,486,491,97.2
15,186,201,12.4
45,457,502,10.155555555555555
6,17,23,2.8333333333333335
9,223,232,24.77777777777778
20,173,193,8.65
284,7,291,0.02464788732394366
17,642,659,37.76470588235294
13,112,125,8.615384615384615
17,467,484,27.470588235294116
17,52,69,3.0588235294117645
31,345,376,11.129032258064516
7,206,213,29.428571428571427
14,212,226,15.142857142857142
28,440,468,15.714285714285714
9,4,13,0.4444444444444444
12,233,245,19.416666666666668
66,124,190,1.878787878787879
17,64,81,3.764705882352941
165,190,355,1.1515151515151516
2598,387,2985,0.1489607390300231
166,6,172,0.03614457831325301
33,220,253,6.666666666666667
21,401,422,19.095238095238095
17,358,375,21.058823529411764
8,360,368,45.0
73,277,350,3.7945205479452055
4,12,16,3.0
57,137,194,2.4035087719298245
995,221,1216,0.2221105527638191
38,371,409,9.763157894736842
11,77,88,7.0
77,429,506,5.571428571428571
634,153,787,0.24132492113564669
9,141,150,15.666666666666666
82,217,299,2.6463414634146343
30,193,223,6.433333333333334
10,289,299,28.9
13,46,59,3.5384615384615383
11,613,624,55.72727272727273
763,152,915,0.19921363040629095
5,120,125,24.0
396,303,699,0.7651515151515151
31,22,53,0.7096774193548387
69,628,697,9.101449275362318
6,420,426,70.0
26,442,468,17.0
1177,28,1205,0.0237892948173322
111,633,744,5.702702702702703
30,247,277,8.233333333333333
11,1,12,0.09090909090909091
13,286,299,22.0
35,675,710,19.285714285714285
28,575,603,20.535714285714285
95,175,270,1.8421052631578947
1129,287,1416,0.254207263064659
34,176,210,5.176470588235294
1622,36,1658,0.02219482120838471
57,319,376,5.5964912280701755
29,169,198,5.827586206896552
7,145,152,20.714285714285715
48,74,122,1.5416666666666667
10,330,340,33.0
26,681,707,26.192307692307693
5,680,685,136.0
18,340,358,18.88888888888889
9,366,375,40.666666666666664
53,74,127,1.3962264150943395
115,861,976,7.48695652173913
377,159,536,0.4217506631299735
12,291,303,24.25
18,240,258,13.333333333333334
97,327,424,3.3711340206185567
8,213,221,26.625
28,373,401,13.321428571428571
341,225,566,0.6598240469208211
13,243,256,18.692307692307693
14,24,38,1.7142857142857142
38,32,70,0.8421052631578947
52,207,259,3.980769230769231
2366,318,2684,0.13440405748098055
12,278,290,23.166666666666668
14,170,184,12.142857142857142
23,386,409,16.782608695652176
502,91,593,0.18127490039840638
69,868,937,12.579710144927537
2801,57,2858,0.02034987504462692
11,17,28,1.5454545454545454
27,767,794,28.40740740740741
1880,154,2034,0.08191489361702127
805,206,1011,0.25590062111801243
28,209,237,7.464285714285714
487,16,503,0.03285420944558522
43,262,305,6.093023255813954
744,147,891,0.1975806451612903
28,621,649,22.178571428571427
222,254,476,1.1441441441441442
13,344,357,26.46153846153846
20,156,176,7.8
1355,132,1487,0.0974169741697417
12,243,255,20.25
745,37,782,0.049664429530201344
209,374,583,1.7894736842105263
100,380,480,3.8
787,135,922,0.17153748411689962
53,561,614,10.584905660377359
32,255,287,7.96875
17,58,75,3.411764705882353
323,277,600,0.8575851393188855
65,387,452,5.953846153846154
9,35,44,3.888888888888889
8,174,182,21.75
15,378,393,25.2
2838,9,2847,0.003171247357293869
532,953,1485,1.7913533834586466
78,30,108,0.38461538461538464
27,260,287,9.62962962962963
15,190,205,12.666666666666666
2,11,13,5.5
34,111,145,3.264705882352941
471,168,639,0.35668789808917195
462,273,735,0.5909090909090909
80,417,497,5.2125
102,194,296,1.9019607843137254
40,73,113,1.825
1525,28,1553,0.018360655737704918
21,269,290,12.80952380952381
25,205,230,8.2
12,181,193,15.083333333333334
11,170,181,15.454545454545455
319,60,379,0.18808777429467086
8,31,39,3.875
22,240,262,10.909090909090908
11,129,140,11.727272727272727
65,440,505,6.769230769230769
26,826,852,31.76923076923077
31,348,379,11.225806451612904
113,958,1071,8.47787610619469
13,723,736,55.61538461538461
10,258,268,25.8
9,64,73,7.111111111111111
6,201,207,33.5
327,1108,1435,3.388379204892966
46,31,77,0.6739130434782609
29,244,273,8.413793103448276
769,177,946,0.23016905071521457
18,418,436,23.22222222222222
60,204,264,3.4
6,254,260,42.333333333333336
24,32,56,1.3333333333333333
18,231,249,12.833333333333334
127,38,165,0.2992125984251969
502,27,529,0.053784860557768925
11,362,373,32.90909090909091
79,627,706,7.936708860759493
72,558,630,7.75
154,294,448,1.9090909090909092
63,356,419,5.650793650793651
153,640,793,4.183006535947713
123,305,428,2.4796747967479673
36,228,264,6.333333333333333
115,202,317,1.7565217391304349
15,236,251,15.733333333333333
268,178,446,0.664179104477612
5,48,53,9.6
50,389,439,7.78
82,412,494,5.024390243902439
199,50,249,0.25125628140703515
29,780,809,26.896551724137932
32,372,404,11.625
14,422,436,30.142857142857142
193,281,474,1.455958549222798
2794,101,2895,0.03614889047959914
5,96,101,19.2
2887,213,3100,0.07377900935226879
1728,396,2124,0.22916666666666666
18,120,138,6.666666666666667
1308,245,1553,0.18730886850152906
230,315,545,1.3695652173913044
6,35,41,5.833333333333333
73,141,214,1.9315068493150684
436,183,619,0.4197247706422018
43,195,238,4.534883720930233
46,40,86,0.8695652173913043
72,38,110,0.5277777777777778
102,111,213,1.088235294117647
24,499,523,20.791666666666668
28,144,172,5.142857142857143
21,434,455,20.666666666666668
434,137,571,0.315668202764977
2,12,14,6.0
27,108,135,4.0
89,278,367,3.1235955056179776
27,44,71,1.6296296296296295
159,337,496,2.119496855345912
33,963,996,29.181818181818183
48,178,226,3.7083333333333335
1105,143,1248,0.12941176470588237
8,122,130,15.25
12,113,125,9.416666666666666
9,105,114,11.666666666666666
273,870,1143,3.1868131868131866
109,62,171,0.5688073394495413
2,11,13,5.5
2213,251,2464,0.11342069588793494
88,320,408,3.6363636363636362
385,929,1314,2.412987012987013
29,828,857,28.551724137931036
2,26,28,13.0
15,83,98,5.533333333333333
8,145,153,18.125
162,21,183,0.12962962962962962
761,366,1127,0.480946123521682
42,223,265,5.309523809523809
14,317,331,22.642857142857142
23,138,161,6.0
67,239,306,3.5671641791044775
367,255,622,0.6948228882833788
10,191,201,19.1
12,259,271,21.583333333333332
143,62,205,0.43356643356643354
127,327,454,2.574803149606299
17,52,69,3.0588235294117645
69,179,248,2.5942028985507246
234,504,738,2.1538461538461537
66,29,95,0.4393939393939394
450,600,1050,1.3333333333333333
10,46,56,4.6
18,10,28,0.5555555555555556
588,70,658,0.11904761904761904
2,11,13,5.5
212,26,238,0.12264150943396226
19,217,236,11.421052631578947
639,165,804,0.25821596244131456
206,1058,1264,5.135922330097087
42,53,95,1.2619047619047619
621,322,943,0.5185185185185185
502,44,546,0.08764940239043825
320,288,608,0.9
37,760,797,20.54054054054054
133,312,445,2.345864661654135
303,143,446,0.47194719471947194
23,213,236,9.26086956521739
8,241,249,30.125
142,86,228,0.6056338028169014
2,11,13,5.5
6,260,266,43.333333333333336
25,245,270,9.8
72,15,87,0.20833333333333334
9,384,393,42.666666666666664
12,223,235,18.583333333333332
10,94,104,9.4
231,744,975,3.220779220779221
8,46,54,5.75
13,345,358,26.53846153846154
19,410,429,21.57894736842105
8,376,384,47.0
15,519,534,34.6
10,207,217,20.7
952,200,1152,0.21008403361344538
128,251,379,1.9609375
89,186,275,2.0898876404494384
53,186,239,3.509433962264151
5,8,13,1.6
17,393,410,23.11764705882353
33,387,420,11.727272727272727
229,276,505,1.205240174672489
13,242,255,18.615384615384617
1521,317,1838,0.2084155161078238
23,110,133,4.782608695652174
647,246,893,0.3802163833075734
12,371,383,30.916666666666668
47,344,391,7.319148936170213
86,42,128,0.4883720930232558
919,8,927,0.008705114254624592
203,11,214,0.054187192118226604
30,14,44,0.4666666666666667
28,358,386,12.785714285714286
27,240,267,8.88888888888889
33,341,374,10.333333333333334
455,527,982,1.1582417582417583
750,502,1252,0.6693333333333333
2,38,40,19.0
21,304,325,14.476190476190476
63,757,820,12.015873015873016
2,11,13,5.5
43,446,489,10.372093023255815
7,116,123,16.571428571428573
2622,279,2901,0.10640732265446225
545,316,861,0.5798165137614679
28,1001,1029,35.75
160,928,1088,5.8
139,661,800,4.755395683453237
70,411,481,5.871428571428571
14,170,184,12.142857142857142
883,116,999,0.13137032842582105
11,316,327,28.727272727272727
115,450,565,3.9130434782608696
10,496,506,49.6
19,348,367,18.31578947368421
8,114,122,14.25
2,11,13,5.5
61,437,498,7.163934426229508
370,542,912,1.4648648648648648
15,162,177,10.8
16,958,974,59.875
70,891,961,12.728571428571428
3810,276,4086,0.07244094488188976
58,19,77,0.3275862068965517
21,286,307,13.619047619047619
37,51,88,1.3783783783783783
22,516,538,23.454545454545453
14,326,340,23.285714285714285
28,218,246,7.785714285714286
27,173,200,6.407407407407407
18,264,282,14.666666666666666
40,222,262,5.55
75,324,399,4.32
9,659,668,73.22222222222223
19,348,367,18.31578947368421
21,187,208,8.904761904761905
33,801,834,24.272727272727273
24,405,429,16.875
231,135,366,0.5844155844155844
12,558,570,46.5
8,21,29,2.625
167,944,1111,5.652694610778443
10,271,281,27.1
491,436,927,0.8879837067209776
296,140,436,0.47297297297297297
110,496,606,4.509090909090909
29,314,343,10.827586206896552
8,509,517,63.625
186,90,276,0.4838709677419355
114,315,429,2.763157894736842
10,231,241,23.1
11,857,868,77.9090909090909
50,531,581,10.62
7,34,41,4.857142857142857
12,187,199,15.583333333333334
26,478,504,18.384615384615383
77,729,806,9.467532467532468
106,42,148,0.39622641509433965
31,193,224,6.225806451612903
13,283,296,21.76923076923077
1259,203,1462,0.16123907863383638
1353,189,1542,0.13968957871396895
784,341,1125,0.43494897959183676
31,307,338,9.903225806451612
349,446,795,1.2779369627507164
2047,898,2945,0.4386907669760625
43,579,622,13.465116279069768
62,116,178,1.8709677419354838
23,342,365,14.869565217391305
7,347,354,49.57142857142857
1239,377,1616,0.3042776432606941
150,184,334,1.2266666666666666
23,141,164,6.130434782608695
11,258,269,23.454545454545453
16,366,382,22.875
45,42,87,0.9333333333333333
1899,58,1957,0.030542390731964193
154,235,389,1.525974025974026
17,375,392,22.058823529411764
285,925,1210,3.245614035087719
188,763,951,4.058510638297872
10,434,444,43.4
13,58,71,4.461538461538462
5,235,240,47.0
65,782,847,12.03076923076923
10,277,287,27.7
13,601,614,46.23076923076923
108,328,436,3.037037037037037
73,291,364,3.9863013698630136
493,104,597,0.21095334685598377
78,351,429,4.5
74,415,489,5.608108108108108
22,115,137,5.2272727272727275
1063,147,1210,0.13828786453433678
3,277,280,92.33333333333333
649,7,656,0.01078582434514638
82,511,593,6.2317073170731705
552,234,786,0.42391304347826086
1811,817,2628,0.451131971286582
9,63,72,7.0
17,168,185,9.882352941176471
14,197,211,14.071428571428571
25,818,843,32.72
2107,1085,3192,0.5149501661129569
26,141,167,5.423076923076923
68,705,773,10.367647058823529
44,315,359,7.159090909090909
10,58,68,5.8
25,530,555,21.2
29,394,423,13.586206896551724
86,285,371,3.313953488372093
6,212,218,35.333333333333336
9,224,233,24.88888888888889
82,288,370,3.5121951219512195
24,86,110,3.5833333333333335
2078,25,2103,0.01203079884504331
2,11,13,5.5
205,43,248,0.2097560975609756
34,104,138,3.0588235294117645
6,4,10,0.6666666666666666
11,189,200,17.181818181818183
512,87,599,0.169921875
76,125,201,1.644736842105263
156,120,276,0.7692307692307693
26,535,561,20.576923076923077
36,276,312,7.666666666666667
86,667,753,7.755813953488372
143,291,434,2.034965034965035
607,150,757,0.2471169686985173
16,399,415,24.9375
53,397,450,7.490566037735849
3133,61,3194,0.01947015639961698
1583,273,1856,0.1724573594440935
13,959,972,73.76923076923077
14,135,149,9.642857142857142
63,368,431,5.841269841269841
55,71,126,1.290909090909091
269,343,612,1.275092936802974
5,25,30,5.0
6,92,98,15.333333333333334
1865,502,2367,0.26916890080428957
78,208,286,2.6666666666666665
5,508,513,101.6
10,151,161,15.1
60,638,698,10.633333333333333
6,115,121,19.166666666666668
30,366,396,12.2
45,108,153,2.4
83,963,1046,11.602409638554217
126,543,669,4.309523809523809
102,286,388,2.803921568627451
16,321,337,20.0625
19,10,29,0.5263157894736842
28,259,287,9.25
13,182,195,14.0
8,26,34,3.25
16,321,337,20.0625
177,170,347,0.96045197740113
120,708,828,5.9
1571,82,1653,0.052196053469127944
23,816,839,35.47826086956522
47,10,57,0.2127659574468085
89,286,375,3.2134831460674156
29,863,892,29.75862068965517
11,265,276,24.09090909090909
38,200,238,5.2631578947368425
40,563,603,14.075
107,181,288,1.691588785046729
56,507,563,9.053571428571429
289,574,863,1.986159169550173
15,135,150,9.0
47,275,322,5.851063829787234
21,338,359,16.095238095238095
4,328,332,82.0
12,277,289,23.083333333333332
1129,736,1865,0.6519043401240036
18,331,349,18.38888888888889
21,103,124,4.904761904761905
51,594,645,11.647058823529411
1827,146,1973,0.07991242474001095
861,999,1860,1.1602787456445993
144,688,832,4.777777777777778
15,19,34,1.2666666666666666
9,100,109,11.11111111111111
27,159,186,5.888888888888889
22,116,138,5.2727272727272725
125,313,438,2.504
45,245,290,5.444444444444445
12,103,115,8.583333333333334
60,264,324,4.4
21,164,185,7.809523809523809
434,90,524,0.2073732718894009
1040,532,1572,0.5115384615384615
664,37,701,0.05572289156626506
25,273,298,10.92
13,346,359,26.615384615384617
239,439,678,1.8368200836820083
14,259,273,18.5
22,272,294,12.363636363636363
214,12,226,0.056074766355140186
424,65,489,0.15330188679245282
20,582,602,29.1
417,793,1210,1.9016786570743405
105,728,833,6.933333333333334
14,252,266,18.0
1183,634,1817,0.5359256128486898
18,253,271,14.055555555555555
67,358,425,5.343283582089552
61,771,832,12.639344262295081
14,950,964,67.85714285714286
794,779,1573,0.9811083123425692
14,812,826,58.0
11,325,336,29.545454545454547
26,119,145,4.576923076923077
58,210,268,3.6206896551724137
7,300,307,42.857142857142854
12,583,595,48.583333333333336
88,89,177,1.0113636363636365
3,12,15,4.0
72,223,295,3.0972222222222223
106,131,237,1.2358490566037736
26,529,555,20.346153846153847
61,535,596,8.770491803278688
22,415,437,18.863636363636363
217,37,254,0.17050691244239632
598,429,1027,0.717391304347826
70,47,117,0.6714285714285714
21,665,686,31.666666666666668
20,474,494,23.7
80,34,114,0.425
6,350,356,58.333333333333336
11,315,326,28.636363636363637
19,77,96,4.052631578947368
1487,8,1495,0.005379959650302623
19,292,311,15.368421052631579
16,780,796,48.75
529,362,891,0.6843100189035917
11,280,291,25.454545454545453
25,130,155,5.2
18,39,57,2.1666666666666665
17,560,577,32.94117647058823
464,322,786,0.6939655172413793
109,8,117,0.07339449541284404
691,6,697,0.008683068017366137
22,612,634,27.818181818181817
31,400,431,12.903225806451612
54,60,114,1.1111111111111112
43,93,136,2.1627906976744184
16,370,386,23.125
26,363,389,13.961538461538462
200,321,521,1.605
15,677,692,45.13333333333333
9,569,578,63.22222222222222
621,603,1224,0.9710144927536232
35,161,196,4.6
13,272,285,20.923076923076923
4,401,405,100.25
16,152,168,9.5
59,15,74,0.2542372881355932
65,44,109,0.676923076923077
76,650,726,8.552631578947368
10,280,290,28.0
90,479,569,5.322222222222222
7,231,238,33.0
14,407,421,29.071428571428573
30,193,223,6.433333333333334
15,27,42,1.8
417,4,421,0.009592326139088728
92,69,161,0.75
612,147,759,0.24019607843137256
949,855,1804,0.9009483667017913
11,370,381,33.63636363636363
14,302,316,21.571428571428573
348,1042,1390,2.9942528735632186
32,937,969,29.28125
15,236,251,15.733333333333333
231,40,271,0.17316017316017315
8,175,183,21.875
20,242,262,12.1
74,148,222,2.0
55,100,155,1.8181818181818181
2157,323,2480,0.14974501622624015
28,24,52,0.8571428571428571
37,388,425,10.486486486486486
13,391,404,30.076923076923077
51,328,379,6.431372549019608
31,236,267,7.612903225806452
14,327,341,23.357142857142858
18,179,197,9.944444444444445
203,481,684,2.3694581280788176
17,249,266,14.647058823529411
16,42,58,2.625
28,433,461,15.464285714285714
40,24,64,0.6
20,105,125,5.25
870,634,1504,0.728735632183908
2186,227,2413,0.10384263494967978
22,463,485,21.045454545454547
39,154,193,3.948717948717949
25,222,247,8.88
29,39,68,1.3448275862068966
7,375,382,53.57142857142857
55,66,121,1.2
19,123,142,6.473684210526316
15,333,348,22.2
8,330,338,41.25
19,219,238,11.526315789473685
74,324,398,4.378378378378378
28,101,129,3.607142857142857
19,299,318,15.736842105263158
21,739,760,35.19047619047619
9,618,627,68.66666666666667
24,289,313,12.041666666666666
10,821,831,82.1
15,204,219,13.6
12,366,378,30.5
895,365,1260,0.40782122905027934
270,725,995,2.685185185185185
12,618,630,51.5
2206,387,2593,0.17543064369900271
72,277,349,3.8472222222222223
11,608,619,55.27272727272727
114,186,300,1.631578947368421
2871,18,2889,0.006269592476489028
206,168,374,0.8155339805825242
10,124,134,12.4
50,38,88,0.76
19,346,365,18.210526315789473
137,570,707,4.160583941605839
91,909,1000,9.989010989010989
205,924,1129,4.507317073170731
25,206,231,8.24
26,278,304,10.692307692307692
26,467,493,17.96153846153846
71,190,261,2.676056338028169
883,289,1172,0.3272933182332956
21,17,38,0.8095238095238095
69,470,539,6.811594202898551
36,478,514,13.277777777777779
25,205,230,8.2
1862,392,2254,0.21052631578947367
244,8,252,0.03278688524590164
19,408,427,21.473684210526315
353,210,563,0.5949008498583569
265,1036,1301,3.909433962264151
40,963,1003,24.075
8,374,382,46.75
982,94,1076,0.09572301425661914
38,444,482,11.68421052631579
23,386,409,16.782608695652176
9,122,131,13.555555555555555
676,158,834,0.23372781065088757
13,253,266,19.46153846153846
1514,315,1829,0.20805812417437253
134,198,332,1.4776119402985075
9,26,35,2.888888888888889
227,907,1134,3.995594713656388
16,311,327,19.4375
94,285,379,3.0319148936170213
185,141,326,0.7621621621621621
51,370,421,7.254901960784314
32,426,458,13.3125
46,981,1027,21.32608695652174
94,292,386,3.106382978723404
114,71,185,0.6228070175438597
241,1069,1310,4.435684647302905
25,87,112,3.48
29,71,100,2.4482758620689653
353,501,854,1.4192634560906516
452,606,1058,1.3407079646017699
201,145,346,0.7213930348258707
376,429,805,1.1409574468085106
182,1017,1199,5.587912087912088
8,274,282,34.25
34,571,605,16.794117647058822
415,305,720,0.7349397590361446
24,350,374,14.583333333333334
2501,1,2502,0.00039984006397441024
24,322,346,13.416666666666666
36,622,658,17.27777777777778
139,126,265,0.9064748201438849
23,700,723,30.434782608695652
25,275,300,11.0
17,266,283,15.647058823529411
180,943,1123,5.238888888888889
1119,190,1309,0.16979445933869527
20,296,316,14.8
242,436,678,1.8016528925619835
16,273,289,17.0625
754,430,1184,0.5702917771883289
668,196,864,0.2934131736526946
17,87,104,5.117647058823529
777,18,795,0.023166023166023165
7,488,495,69.71428571428571
14,359,373,25.642857142857142
13,232,245,17.846153846153847
463,142,605,0.30669546436285094
67,100,167,1.492537313432836
44,497,541,11.295454545454545
1448,349,1797,0.24102209944751382
98,599,697,6.112244897959184
332,294,626,0.8855421686746988
23,189,212,8.217391304347826
119,294,413,2.4705882352941178
26,96,122,3.6923076923076925
2,11,13,5.5
10,35,45,3.5
193,33,226,0.17098445595854922
2649,9,2658,0.0033975084937712344
4,260,264,65.0
46,473,519,10.282608695652174
821,433,1254,0.5274056029232643
1,593,594,593.0
34,474,508,13.941176470588236
20,65,85,3.25
11,211,222,19.181818181818183
60,425,485,7.083333333333333
25,487,512,19.48
989,34,1023,0.034378159757330634
44,547,591,12.431818181818182
20,567,587,28.35
14,367,381,26.214285714285715
11,66,77,6.0
948,7,955,0.007383966244725738
36,311,347,8.63888888888889
262,114,376,0.4351145038167939
32,503,535,15.71875
19,267,286,14.052631578947368
29,280,309,9.655172413793103
2,523,525,261.5
181,716,897,3.955801104972376
6,198,204,33.0
76,269,345,3.539473684210526
21,392,413,18.666666666666668
3,101,104,33.666666666666664
385,381,766,0.9896103896103896
27,253,280,9.37037037037037
390,189,579,0.4846153846153846
50,336,386,6.72
26,296,322,11.384615384615385
8,80,88,10.0
86,31,117,0.36046511627906974
374,42,416,0.11229946524064172
10,178,188,17.8
12,139,151,11.583333333333334
24,279,303,11.625
239,247,486,1.0334728033472804
9,48,57,5.333333333333333
34,466,500,13.705882352941176
267,332,599,1.243445692883895
3305,159,3464,0.0481089258698941
10,188,198,18.8
9,49,58,5.444444444444445
16,196,212,12.25
18,843,861,46.833333333333336
1596,37,1633,0.023182957393483708
1878,294,2172,0.15654952076677317
167,259,426,1.5508982035928143
23,653,676,28.391304347826086
1242,160,1402,0.1288244766505636
2509,292,2801,0.11638102829812674
20,521,541,26.05
665,1071,1736,1.6105263157894736
169,447,616,2.6449704142011834
9,10,19,1.1111111111111112
49,732,781,14.938775510204081
10,263,273,26.3
11,140,151,12.727272727272727
1262,771,2033,0.6109350237717908
13,348,361,26.76923076923077
3,33,36,11.0
429,923,1352,2.1515151515151514
18,519,537,28.833333333333332
7,97,104,13.857142857142858
23,162,185,7.043478260869565
37,468,505,12.64864864864865
1171,257,1428,0.21947053800170793
8,324,332,40.5
140,422,562,3.0142857142857142
2088,23,2111,0.011015325670498084
19,160,179,8.421052631578947
66,47,113,0.7121212121212122
424,569,993,1.3419811320754718
16,476,492,29.75
24,513,537,21.375
217,57,274,0.2626728110599078
26,215,241,8.26923076923077
19,250,269,13.157894736842104
201,405,606,2.014925373134328
50,844,894,16.88
9,263,272,29.22222222222222
136,305,441,2.2426470588235294
16,278,294,17.375
17,303,320,17.823529411764707
44,286,330,6.5
837,428,1265,0.5113500597371565
2,11,13,5.5
117,570,687,4.871794871794871
66,628,694,9.515151515151516
17,312,329,18.352941176470587
15,71,86,4.733333333333333
36,36,72,1.0
33,426,459,12.909090909090908
719,129,848,0.17941585535465926
180,6,186,0.03333333333333333
10,441,451,44.1
10,280,290,28.0
19,280,299,14.736842105263158
22,27,49,1.2272727272727273
31,332,363,10.709677419354838
28,639,667,22.821428571428573
45,175,220,3.888888888888889
33,486,519,14.727272727272727
282,129,411,0.4574468085106383
2925,618,3543,0.21128205128205127
4,18,22,4.5
59,112,171,1.8983050847457628
33,397,430,12.030303030303031
54,610,664,11.296296296296296
634,927,1561,1.4621451104100947
16,229,245,14.3125
932,260,1192,0.27896995708154504
86,37,123,0.43023255813953487
23,137,160,5.956521739130435
65,756,821,11.63076923076923
13,155,168,11.923076923076923
23,750,773,32.608695652173914
12,360,372,30.0
266,165,431,0.6203007518796992
3175,208,3383,0.06551181102362205
292,650,942,2.2260273972602738
81,95,176,1.1728395061728396
8,35,43,4.375
63,142,205,2.253968253968254
23,225,248,9.782608695652174
15,389,404,25.933333333333334
7,164,171,23.428571428571427
73,719,792,9.849315068493151
6,209,215,34.833333333333336
21,498,519,23.714285714285715
261,215,476,0.8237547892720306
22,346,368,15.727272727272727
17,482,499,28.352941176470587
27,110,137,4.074074074074074
488,5,493,0.010245901639344262
184,4,188,0.021739130434782608
298,736,1034,2.469798657718121
7,212,219,30.285714285714285
6,43,49,7.166666666666667
25,157,182,6.28
18,310,328,17.22222222222222
10,205,215,20.5
195,329,524,1.6871794871794872
58,314,372,5.413793103448276
23,240,263,10.434782608695652
487,321,808,0.6591375770020534
1281,710,1991,0.5542544886807181
29,538,567,18.551724137931036
78,306,384,3.923076923076923
212,290,502,1.3679245283018868
143,791,934,5.531468531468532
10,294,304,29.4
55,800,855,14.545454545454545
19,396,415,20.842105263157894
474,288,762,0.6075949367088608
15,247,262,16.466666666666665
118,320,438,2.711864406779661
42,302,344,7.190476190476191
19,189,208,9.947368421052632
22,795,817,36.13636363636363
13,126,139,9.692307692307692
38,293,331,7.7105263157894735
44,38,82,0.8636363636363636
140,435,575,3.107142857142857
18,1068,1086,59.333333333333336
6,421,427,70.16666666666667
162,369,531,2.2777777777777777
215,490,705,2.2790697674418605
194,491,685,2.5309278350515463
24,28,52,1.1666666666666667
1472,641,2113,0.43546195652173914
350,423,773,1.2085714285714286
842,300,1142,0.35629453681710216
64,433,497,6.765625
25,102,127,4.08
9,50,59,5.555555555555555
60,54,114,0.9
166,39,205,0.23493975903614459
66,104,170,1.5757575757575757
7,284,291,40.57142857142857
77,241,318,3.1298701298701297
56,687,743,12.267857142857142
861,3,864,0.003484320557491289
2993,674,3667,0.22519211493484798
34,169,203,4.970588235294118
39,271,310,6.948717948717949
33,351,384,10.636363636363637
35,340,375,9.714285714285714
11,456,467,41.45454545454545
1795,362,2157,0.20167130919220055
1163,1062,2225,0.9131556319862425
49,549,598,11.204081632653061
465,256,721,0.5505376344086022
65,907,972,13.953846153846154
27,560,587,20.74074074074074
47,48,95,1.0212765957446808
63,197,260,3.126984126984127
10,755,765,75.5
1140,337,1477,0.2956140350877193
38,114,152,3.0
32,108,140,3.375
37,47,84,1.2702702702702702
62,472,534,7.612903225806452
159,341,500,2.1446540880503147
23,339,362,14.73913043478261
284,592,876,2.084507042253521
25,305,330,12.2
2026,131,2157,0.06465942744323791
45,376,421,8.355555555555556
21,687,708,32.714285714285715
261,176,437,0.6743295019157088
17,233,250,13.705882352941176
34,293,327,8.617647058823529
42,205,247,4.880952380952381
9,103,112,11.444444444444445
12,966,978,80.5
115,343,458,2.982608695652174
20,278,298,13.9
1695,8,1703,0.00471976401179941
1647,122,1769,0.07407407407407407
68,246,314,3.6176470588235294
59,243,302,4.11864406779661
387,165,552,0.4263565891472868
510,149,659,0.29215686274509806
14,187,201,13.357142857142858
151,867,1018,5.741721854304636
30,408,438,13.6
10,241,251,24.1
21,221,242,10.523809523809524
18,204,222,11.333333333333334
8,387,395,48.375
876,62,938,0.07077625570776255
24,591,615,24.625
51,62,113,1.2156862745098038
8,324,332,40.5
48,181,229,3.7708333333333335
6,250,256,41.666666666666664
19,346,365,18.210526315789473
257,364,621,1.416342412451362
2397,278,2675,0.11597830621610346
43,400,443,9.30232558139535
2210,416,2626,0.18823529411764706
242,476,718,1.9669421487603307
22,661,683,30.045454545454547
23,321,344,13.956521739130435
51,534,585,10.470588235294118
26,298,324,11.461538461538462
12,21,33,1.75
11,81,92,7.363636363636363
165,371,536,2.2484848484848485
200,321,521,1.605
403,282,685,0.6997518610421837
208,189,397,0.9086538461538461
32,26,58,0.8125
49,31,80,0.6326530612244898
47,173,220,3.6808510638297873
533,559,1092,1.048780487804878
545,8,553,0.014678899082568808
244,75,319,0.3073770491803279
7,52,59,7.428571428571429
1503,880,2383,0.5854956753160346
621,322,943,0.5185185185185185
22,949,971,43.13636363636363
16,310,326,19.375
26,180,206,6.923076923076923
4,267,271,66.75
30,380,410,12.666666666666666
21,167,188,7.9523809523809526
16,288,304,18.0
46,320,366,6.956521739130435
9,55,64,6.111111111111111
5,26,31,5.2
26,298,324,11.461538461538462
171,185,356,1.0818713450292399
11,120,131,10.909090909090908
50,311,361,6.22
397,810,1207,2.040302267002519
161,237,398,1.4720496894409938
157,884,1041,5.630573248407643
195,451,646,2.312820512820513
15,441,456,29.4
1519,515,2034,0.3390388413429888
10,139,149,13.9
101,302,403,2.99009900990099
53,367,420,6.9245283018867925
18,300,318,16.666666666666668
1710,495,2205,0.2894736842105263
106,131,237,1.2358490566037736
5,31,36,6.2
115,202,317,1.7565217391304349
13,438,451,33.69230769230769
97,16,113,0.16494845360824742
10,497,507,49.7
15,191,206,12.733333333333333
124,380,504,3.064516129032258
49,523,572,10.673469387755102
10,27,37,2.7
27,300,327,11.11111111111111
172,401,573,2.3313953488372094
35,26,61,0.7428571428571429
8,313,321,39.125
132,549,681,4.159090909090909
8,66,74,8.25
28,315,343,11.25
12,87,99,7.25
23,132,155,5.739130434782608
16,61,77,3.8125
12,176,188,14.666666666666666
104,709,813,6.8173076923076925
1597,260,1857,0.1628052598622417
7,479,486,68.42857142857143
462,231,693,0.5
174,19,193,0.10919540229885058
23,422,445,18.347826086956523
40,31,71,0.775
44,240,284,5.454545454545454
1455,67,1522,0.04604810996563574
89,81,170,0.9101123595505618
48,129,177,2.6875
14,314,328,22.428571428571427
964,63,1027,0.06535269709543569
1448,110,1558,0.07596685082872928
1439,163,1602,0.113273106323836
56,312,368,5.571428571428571
137,50,187,0.36496350364963503
35,41,76,1.1714285714285715
756,651,1407,0.8611111111111112
11,110,121,10.0
1074,737,1811,0.686219739292365
75,72,147,0.96
36,228,264,6.333333333333333
15,394,409,26.266666666666666
10,292,302,29.2
20,265,285,13.25
18,510,528,28.333333333333332
7,26,33,3.7142857142857144
631,175,806,0.277337559429477
479,299,778,0.6242171189979123
357,517,874,1.4481792717086834
620,4,624,0.0064516129032258064
18,945,963,52.5
30,380,410,12.666666666666666
7,432,439,61.714285714285715
21,257,278,12.238095238095237
107,262,369,2.4485981308411215
7,242,249,34.57142857142857
883,971,1854,1.0996602491506229
32,27,59,0.84375
9,103,112,11.444444444444445
453,223,676,0.4922737306843267
19,335,354,17.63157894736842
98,124,222,1.2653061224489797
20,107,127,5.35
29,780,809,26.896551724137932
58,440,498,7.586206896551724
66,63,129,0.9545454545454546
2801,57,2858,0.02034987504462692
9,147,156,16.333333333333332
881,248,1129,0.2814982973893303
17,550,567,32.35294117647059
164,375,539,2.2865853658536586
22,570,592,25.90909090909091
8,336,344,42.0
31,356,387,11.483870967741936
11,528,539,48.0
17,89,106,5.235294117647059
11,618,629,56.18181818181818
457,213,670,0.4660831509846827
178,41,219,0.2303370786516854
197,449,646,2.279187817258883
2,20,22,10.0
28,505,533,18.035714285714285
16,329,345,20.5625
15,69,84,4.6
10,116,126,11.6
26,45,71,1.7307692307692308
813,703,1516,0.8646986469864698
21,372,393,17.714285714285715
24,367,391,15.291666666666666
17,135,152,7.9411764705882355
86,40,126,0.46511627906976744
361,873,1234,2.418282548476454
17,494,511,29.058823529411764
11,401,412,36.45454545454545
22,56,78,2.5454545454545454
12,456,468,38.0
21,30,51,1.4285714285714286
105,620,725,5.904761904761905
44,165,209,3.75
52,27,79,0.5192307692307693
21,99,120,4.714285714285714
29,336,365,11.586206896551724
14,98,112,7.0
19,284,303,14.947368421052632
3066,188,3254,0.06131767775603392
421,81,502,0.19239904988123516
392,409,801,1.0433673469387754
6,169,175,28.166666666666668
7,255,262,36.42857142857143
17,295,312,17.352941176470587
148,291,439,1.9662162162162162
80,427,507,5.3375
467,955,1422,2.044967880085653
10,582,592,58.2
21,257,278,12.238095238095237
14,156,170,11.142857142857142
24,405,429,16.875
880,265,1145,0.30113636363636365
24,787,811,32.791666666666664
443,441,884,0.9954853273137697
39,373,412,9.564102564102564
23,474,497,20.608695652173914
2955,159,3114,0.05380710659898477
37,199,236,5.378378378378378
24,757,781,31.541666666666668
1790,219,2009,0.1223463687150838
130,819,949,6.3
22,698,720,31.727272727272727
48,181,229,3.7708333333333335
15,378,393,25.2
11,102,113,9.272727272727273
31,395,426,12.741935483870968
59,271,330,4.593220338983051
6,39,45,6.5
17,205,222,12.058823529411764
7,144,151,20.571428571428573
32,299,331,9.34375
86,984,1070,11.44186046511628
16,385,401,24.0625
847,242,1089,0.2857142857142857
6,116,122,19.333333333333332
10,117,127,11.7
110,33,143,0.3
38,655,693,17.236842105263158
328,1164,1492,3.548780487804878
21,318,339,15.142857142857142
42,65,107,1.5476190476190477
56,334,390,5.964285714285714
47,32,79,0.6808510638297872
573,339,912,0.5916230366492147
79,627,706,7.936708860759493
13,507,520,39.0
55,177,232,3.2181818181818183
9,252,261,28.0
11,240,251,21.818181818181817
24,266,290,11.083333333333334
545,8,553,0.014678899082568808
91,245,336,2.6923076923076925
15,473,488,31.533333333333335
61,4,65,0.06557377049180328
31,893,924,28.806451612903224
35,385,420,11.0
73,394,467,5.397260273972603
39,760,799,19.487179487179485
9,115,124,12.777777777777779
550,353,903,0.6418181818181818
28,299,327,10.678571428571429
20,725,745,36.25
14,370,384,26.428571428571427
617,372,989,0.6029173419773096
83,512,595,6.168674698795181
47,949,996,20.19148936170213
98,865,963,8.826530612244898
14,356,370,25.428571428571427
20,451,471,22.55
1746,260,2006,0.14891179839633448
120,127,247,1.0583333333333333
13,374,387,28.76923076923077
259,22,281,0.08494208494208494
21,155,176,7.380952380952381
34,474,508,13.941176470588236
1412,432,1844,0.3059490084985836
30,314,344,10.466666666666667
9,111,120,12.333333333333334
16,344,360,21.5
13,115,128,8.846153846153847
36,391,427,10.86111111111111
9,256,265,28.444444444444443
24,228,252,9.5
18,220,238,12.222222222222221
24,121,145,5.041666666666667
85,110,195,1.2941176470588236
37,304,341,8.216216216216216
28,424,452,15.142857142857142
1173,624,1797,0.5319693094629157
345,386,731,1.1188405797101448
465,613,1078,1.3182795698924732
10,426,436,42.6
5,279,284,55.8
25,42,67,1.68
29,375,404,12.931034482758621
345,506,851,1.4666666666666666
1606,337,1943,0.20983810709838108
1216,79,1295,0.0649671052631579
973,499,1472,0.512846865364851
13,138,151,10.615384615384615
49,148,197,3.020408163265306
682,5,687,0.007331378299120235
291,690,981,2.3711340206185567
30,26,56,0.8666666666666667
22,109,131,4.954545454545454
141,407,548,2.8865248226950353
88,659,747,7.488636363636363
87,998,1085,11.471264367816092
15,29,44,1.9333333333333333
25,20,45,0.8
74,67,141,0.9054054054054054
106,78,184,0.7358490566037735
85,34,119,0.4
16,44,60,2.75
7,89,96,12.714285714285714
9,260,269,28.88888888888889
85,30,115,0.35294117647058826
320,142,462,0.44375
32,216,248,6.75
40,401,441,10.025
16,190,206,11.875
19,400,419,21.05263157894737
627,311,938,0.4960127591706539
773,584,1357,0.7554980595084088
31,187,218,6.032258064516129
495,452,947,0.9131313131313131
29,285,314,9.827586206896552
513,912,1425,1.7777777777777777
3,11,14,3.6666666666666665
178,957,1135,5.376404494382022
96,27,123,0.28125
19,65,84,3.4210526315789473
38,225,263,5.921052631578948
274,956,1230,3.489051094890511
68,338,406,4.970588235294118
27,245,272,9.074074074074074
21,259,280,12.333333333333334
11,194,205,17.636363636363637
11,126,137,11.454545454545455
819,408,1227,0.4981684981684982
12,263,275,21.916666666666668
31,220,251,7.096774193548387
399,319,718,0.7994987468671679
81,402,483,4.962962962962963
15,93,108,6.2
1257,430,1687,0.3420843277645187
26,1062,1088,40.84615384615385
10,27,37,2.7
29,289,318,9.96551724137931
137,69,206,0.5036496350364964
8,213,221,26.625
14,337,351,24.071428571428573
18,231,249,12.833333333333334
23,56,79,2.4347826086956523
1772,447,2219,0.25225733634311515
16,375,391,23.4375
57,430,487,7.543859649122807
18,571,589,31.72222222222222
108,89,197,0.8240740740740741
16,302,318,18.875
78,954,1032,12.23076923076923
31,157,188,5.064516129032258
34,104,138,3.0588235294117645
29,91,120,3.1379310344827585
26,27,53,1.0384615384615385
183,231,414,1.2622950819672132
124,110,234,0.8870967741935484
472,512,984,1.0847457627118644
36,566,602,15.722222222222221
8,348,356,43.5
22,471,493,21.40909090909091
429,923,1352,2.1515151515151514
38,4,42,0.10526315789473684
132,363,495,2.75
14,376,390,26.857142857142858
23,996,1019,43.30434782608695
134,548,682,4.08955223880597
1508,1014,2522,0.6724137931034483
45,345,390,7.666666666666667
217,343,560,1.5806451612903225
119,679,798,5.705882352941177
9,173,182,19.22222222222222
10,267,277,26.7
763,152,915,0.19921363040629095
12,110,122,9.166666666666666
34,252,286,7.411764705882353
10,116,126,11.6
380,4,384,0.010526315789473684
10,294,304,29.4
26,334,360,12.846153846153847
126,585,711,4.642857142857143
177,101,278,0.5706214689265536
24,108,132,4.5
1503,748,2251,0.4976713240186294
25,279,304,11.16
20,655,675,32.75
7,167,174,23.857142857142858
202,84,286,0.4158415841584158
43,170,213,3.953488372093023
23,263,286,11.434782608695652
446,659,1105,1.4775784753363228
493,104,597,0.21095334685598377
18,411,429,22.833333333333332
13,131,144,10.076923076923077
9,62,71,6.888888888888889
9,232,241,25.77777777777778
274,66,340,0.24087591240875914
1334,353,1687,0.2646176911544228
13,365,378,28.076923076923077
5,437,442,87.4
1604,16,1620,0.00997506234413965
20,754,774,37.7
40,912,952,22.8
3,11,14,3.6666666666666665
1244,363,1607,0.29180064308681675
13,185,198,14.23076923076923
11,213,224,19.363636363636363
13,463,476,35.61538461538461
259,56,315,0.21621621621621623
20,438,458,21.9
17,297,314,17.470588235294116
135,751,886,5.562962962962963
34,213,247,6.264705882352941
22,697,719,31.681818181818183
2,11,13,5.5
8,79,87,9.875
119,679,798,5.705882352941177
2616,227,2843,0.0867737003058104
414,733,1147,1.7705314009661837
285,925,1210,3.245614035087719
12,295,307,24.583333333333332
20,263,283,13.15
21,418,439,19.904761904761905
18,320,338,17.77777777777778
25,314,339,12.56
10,852,862,85.2
163,460,623,2.8220858895705523
48,338,386,7.041666666666667
1270,10,1280,0.007874015748031496
2234,371,2605,0.16606982990152194
24,192,216,8.0
22,374,396,17.0
7,349,356,49.857142857142854
5,219,224,43.8
8,441,449,55.125
26,24,50,0.9230769230769231
18,278,296,15.444444444444445
9,80,89,8.88888888888889
120,32,152,0.26666666666666666
186,188,374,1.010752688172043
1822,35,1857,0.019209659714599342
21,228,249,10.857142857142858
5,190,195,38.0
51,371,422,7.2745098039215685
45,29,74,0.6444444444444445
16,552,568,34.5
160,122,282,0.7625
839,335,1174,0.399284862932062
24,337,361,14.041666666666666
10,109,119,10.9
1194,93,1287,0.07788944723618091
14,188,202,13.428571428571429
4,312,316,78.0
19,147,166,7.7368421052631575
44,157,201,3.5681818181818183
19,411,430,21.63157894736842
7,51,58,7.285714285714286
11,49,60,4.454545454545454
18,390,408,21.666666666666668
113,639,752,5.654867256637168
20,365,385,18.25
8,165,173,20.625
40,319,359,7.975
3281,136,3417,0.04145077720207254
3,95,98,31.666666666666668
26,171,197,6.576923076923077
30,713,743,23.766666666666666
27,439,466,16.25925925925926
98,283,381,2.8877551020408165
1259,982,2241,0.7799841143764893
103,283,386,2.7475728155339807
131,464,595,3.5419847328244276
18,394,412,21.88888888888889
23,377,400,16.391304347826086
670,129,799,0.1925373134328358
13,408,421,31.384615384615383
14,552,566,39.42857142857143
89,140,229,1.5730337078651686
37,187,224,5.054054054054054
15,266,281,17.733333333333334
25,203,228,8.12
513,167,680,0.3255360623781676
545,296,841,0.5431192660550459
39,63,102,1.6153846153846154
3703,92,3795,0.024844720496894408
110,261,371,2.3727272727272726
6,12,18,2.0
14,387,401,27.642857142857142
11,313,324,28.454545454545453
16,636,652,39.75
22,259,281,11.772727272727273
9,441,450,49.0
32,501,533,15.65625
555,138,693,0.24864864864864866
29,216,245,7.448275862068965
14,539,553,38.5
18,287,305,15.944444444444445
22,778,800,35.36363636363637
20,265,285,13.25
516,145,661,0.2810077519379845
12,233,245,19.416666666666668
16,76,92,4.75
24,112,136,4.666666666666667
469,621,1090,1.32409381663113
17,155,172,9.117647058823529
16,109,125,6.8125
46,28,74,0.6086956521739131
7,597,604,85.28571428571429
99,148,247,1.494949494949495
17,82,99,4.823529411764706
1391,39,1430,0.028037383177570093
1263,390,1653,0.3087885985748218
471,591,1062,1.2547770700636942
5,364,369,72.8
23,74,97,3.217391304347826
6,51,57,8.5
42,414,456,9.857142857142858
155,202,357,1.303225806451613
516,321,837,0.622093023255814
971,247,1218,0.25437693099897013
4,39,43,9.75
5,275,280,55.0
89,80,169,0.898876404494382
335,326,661,0.9731343283582089
14,371,385,26.5
60,167,227,2.783333333333333
486,156,642,0.32098765432098764
45,847,892,18.822222222222223
5,120,125,24.0
7,141,148,20.142857142857142
37,568,605,15.35135135135135
1208,517,1725,0.4279801324503311
21,228,249,10.857142857142858
939,13,952,0.013844515441959531
8,478,486,59.75
50,834,884,16.68
12,342,354,28.5
9,252,261,28.0
144,76,220,0.5277777777777778
863,902,1765,1.045191193511008
378,706,1084,1.8677248677248677
3045,55,3100,0.0180623973727422
20,107,127,5.35
58,388,446,6.689655172413793
12,257,269,21.416666666666668
427,425,852,0.9953161592505855
478,11,489,0.02301255230125523
10,62,72,6.2
733,334,1067,0.45566166439290584
2,11,13,5.5
14,392,406,28.0
27,275,302,10.185185185185185
46,175,221,3.8043478260869565
66,379,445,5.742424242424242
2276,534,2810,0.23462214411247803
83,1034,1117,12.457831325301205
10,255,265,25.5
15,43,58,2.8666666666666667
152,106,258,0.6973684210526315
2,11,13,5.5
23,331,354,14.391304347826088
36,254,290,7.055555555555555
795,1001,1796,1.2591194968553459
7,41,48,5.857142857142857
88,389,477,4.420454545454546
68,400,468,5.882352941176471
23,141,164,6.130434782608695
73,535,608,7.328767123287672
23,157,180,6.826086956521739
38,365,403,9.605263157894736
10,319,329,31.9
16,244,260,15.25
68,133,201,1.9558823529411764
73,518,591,7.095890410958904
20,383,403,19.15
47,203,250,4.319148936170213
108,201,309,1.8611111111111112
4,98,102,24.5
166,350,516,2.108433734939759
87,273,360,3.1379310344827585
80,454,534,5.675
21,474,495,22.571428571428573
10,102,112,10.2
10,125,135,12.5
12,205,217,17.083333333333332
216,95,311,0.4398148148148148
639,165,804,0.25821596244131456
61,216,277,3.540983606557377
443,742,1185,1.674943566591422
13,87,100,6.6923076923076925
23,346,369,15.043478260869565
3,11,14,3.6666666666666665
22,392,414,17.818181818181817
1600,112,1712,0.07
2120,8,2128,0.0037735849056603774
15,251,266,16.733333333333334
686,245,931,0.35714285714285715
28,140,168,5.0
7,361,368,51.57142857142857
14,153,167,10.928571428571429
1181,245,1426,0.20745131244707873
40,77,117,1.925
69,4,73,0.057971014492753624
2402,801,3203,0.3334721065778518
131,471,602,3.595419847328244
3458,521,3979,0.15066512434933488
1179,204,1383,0.17302798982188294
15,511,526,34.06666666666667
13,133,146,10.23076923076923
32,642,674,20.0625
164,41,205,0.25
530,682,1212,1.2867924528301886
17,186,203,10.941176470588236
125,273,398,2.184
14,39,53,2.7857142857142856
14,454,468,32.42857142857143
13,415,428,31.923076923076923
1941,769,2710,0.39618753219989694
2360,35,2395,0.014830508474576272
906,490,1396,0.5408388520971302
60,49,109,0.8166666666666667
46,577,623,12.543478260869565
81,208,289,2.567901234567901
22,337,359,15.318181818181818
40,95,135,2.375
81,548,629,6.765432098765432
43,707,750,16.441860465116278
15,407,422,27.133333333333333
2711,76,2787,0.028033935817041684
500,10,510,0.02
935,989,1924,1.0577540106951873
11,263,274,23.90909090909091
11,218,229,19.818181818181817
15,85,100,5.666666666666667
8,214,222,26.75
15,218,233,14.533333333333333
283,407,690,1.4381625441696113
40,323,363,8.075
232,93,325,0.40086206896551724
151,159,310,1.0529801324503312
142,5,147,0.035211267605633804
82,447,529,5.451219512195122
18,175,193,9.722222222222221
576,659,1235,1.1440972222222223
16,420,436,26.25
17,397,414,23.352941176470587
28,40,68,1.4285714285714286
424,908,1332,2.141509433962264
3432,313,3745,0.09120046620046621
46,180,226,3.9130434782608696
85,823,908,9.68235294117647
10,26,36,2.6
2,11,13,5.5
13,29,42,2.230769230769231
27,415,442,15.37037037037037
2,425,427,212.5
3,289,292,96.33333333333333
26,33,59,1.2692307692307692
12,425,437,35.416666666666664
179,976,1155,5.4525139664804465
15,309,324,20.6
19,569,588,29.94736842105263
17,272,289,16.0
921,994,1915,1.0792616720955484
470,182,652,0.3872340425531915
3,19,22,6.333333333333333
25,503,528,20.12
5,286,291,57.2
90,311,401,3.4555555555555557
21,386,407,18.38095238095238
9,89,98,9.88888888888889
763,448,1211,0.5871559633027523
18,285,303,15.833333333333334
59,44,103,0.7457627118644068
9,615,624,68.33333333333333
8,476,484,59.5
11,145,156,13.181818181818182
11,181,192,16.454545454545453
22,371,393,16.863636363636363
137,516,653,3.7664233576642334
15,397,412,26.466666666666665
27,52,79,1.9259259259259258
377,386,763,1.023872679045093
11,22,33,2.0
67,443,510,6.611940298507463
12,160,172,13.333333333333334
28,404,432,14.428571428571429
2540,50,2590,0.01968503937007874
39,31,70,0.7948717948717948
1800,190,1990,0.10555555555555556
89,539,628,6.056179775280899
43,30,73,0.6976744186046512
2186,584,2770,0.26715462031107046
248,235,483,0.9475806451612904
2,11,13,5.5
28,148,176,5.285714285714286
20,195,215,9.75
234,192,426,0.8205128205128205
211,605,816,2.867298578199052
7,23,30,3.2857142857142856
100,870,970,8.7
73,370,443,5.068493150684931
26,429,455,16.5
11,770,781,70.0
2467,317,2784,0.1284961491690312
57,302,359,5.298245614035087
22,105,127,4.7727272727272725
16,126,142,7.875
27,306,333,11.333333333333334
40,612,652,15.3
19,111,130,5.842105263157895
119,665,784,5.588235294117647
47,35,82,0.7446808510638298
2698,309,3007,0.114529280948851
134,438,572,3.2686567164179103
47,34,81,0.723404255319149
10,43,53,4.3
109,74,183,0.6788990825688074
43,294,337,6.837209302325581
991,46,1037,0.04641775983854692
327,253,580,0.7737003058103975
19,348,367,18.31578947368421
15,47,62,3.1333333333333333
18,215,233,11.944444444444445
40,308,348,7.7
86,502,588,5.837209302325581
915,656,1571,0.7169398907103826
2442,1050,3492,0.42997542997543
959,266,1225,0.2773722627737226
403,282,685,0.6997518610421837
104,92,196,0.8846153846153846
15,497,512,33.13333333333333
123,129,252,1.048780487804878
198,855,1053,4.318181818181818
26,775,801,29.807692307692307
7,17,24,2.4285714285714284
21,348,369,16.571428571428573
12,297,309,24.75
16,96,112,6.0
35,311,346,8.885714285714286
12,878,890,73.16666666666667
22,124,146,5.636363636363637
15,561,576,37.4
312,402,714,1.2884615384615385
10,388,398,38.8
13,50,63,3.8461538461538463
1437,891,2328,0.6200417536534447
27,725,752,26.85185185185185
170,648,818,3.8117647058823527
35,42,77,1.2
2728,387,3115,0.14186217008797655
25,259,284,10.36
12,395,407,32.916666666666664
226,81,307,0.3584070796460177
385,4,389,0.01038961038961039
40,70,110,1.75
10,92,102,9.2
1241,256,1497,0.2062852538275584
20,375,395,18.75
10,326,336,32.6
14,100,114,7.142857142857143
421,81,502,0.19239904988123516
17,295,312,17.352941176470587
422,8,430,0.018957345971563982
12,341,353,28.416666666666668
54,842,896,15.592592592592593
33,373,406,11.303030303030303
12,145,157,12.083333333333334
2390,308,2698,0.12887029288702928
13,422,435,32.46153846153846
37,517,554,13.972972972972974
25,330,355,13.2
40,577,617,14.425
24,84,108,3.5
12,271,283,22.583333333333332
9,375,384,41.666666666666664
442,604,1046,1.3665158371040724
9,21,30,2.3333333333333335
23,42,65,1.826086956521739
24,534,558,22.25
742,927,1669,1.2493261455525606
20,293,313,14.65
89,591,680,6.640449438202247
143,740,883,5.174825174825175
423,547,970,1.293144208037825
11,85,96,7.7272727272727275
21,338,359,16.095238095238095
65,4,69,0.06153846153846154
32,488,520,15.25
335,313,648,0.9343283582089552
11,283,294,25.727272727272727
15,135,150,9.0
13,791,804,60.84615384615385
12,298,310,24.833333333333332
97,274,371,2.8247422680412373
13,305,318,23.46153846153846
44,376,420,8.545454545454545
400,226,626,0.565
27,110,137,4.074074074074074
44,31,75,0.7045454545454546
24,276,300,11.5
22,325,347,14.772727272727273
922,648,1570,0.702819956616052
57,134,191,2.3508771929824563
41,24,65,0.5853658536585366
19,326,345,17.157894736842106
29,86,115,2.9655172413793105
42,917,959,21.833333333333332
23,789,812,34.30434782608695
2045,686,2731,0.3354523227383863
15,361,376,24.066666666666666
1649,148,1797,0.0897513644633111
10,35,45,3.5
108,308,416,2.8518518518518516
62,200,262,3.225806451612903
49,268,317,5.469387755102041
14,428,442,30.571428571428573
928,388,1316,0.41810344827586204
141,712,853,5.049645390070922
30,391,421,13.033333333333333
17,88,105,5.176470588235294
59,441,500,7.47457627118644
14,563,577,40.214285714285715
65,69,134,1.0615384615384615
2459,863,3322,0.35095567303782027
93,318,411,3.4193548387096775
31,122,153,3.935483870967742
8,396,404,49.5
3,182,185,60.666666666666664
66,568,634,8.606060606060606
16,428,444,26.75
74,789,863,10.662162162162161
22,307,329,13.954545454545455
14,222,236,15.857142857142858
8,96,104,12.0
18,282,300,15.666666666666666
498,560,1058,1.1244979919678715
14,102,116,7.285714285714286
34,571,605,16.794117647058822
16,328,344,20.5
45,445,490,9.88888888888889
96,38,134,0.3958333333333333
65,749,814,11.523076923076923
146,49,195,0.3356164383561644
1198,566,1764,0.4724540901502504
587,565,1152,0.9625212947189097
120,338,458,2.816666666666667
46,527,573,11.456521739130435
157,142,299,0.9044585987261147
21,329,350,15.666666666666666
34,225,259,6.617647058823529
22,386,408,17.545454545454547
137,967,1104,7.0583941605839415
33,160,193,4.848484848484849
14,417,431,29.785714285714285
10,150,160,15.0
11,578,589,52.54545454545455
27,455,482,16.85185185185185
21,289,310,13.761904761904763
9,151,160,16.77777777777778
1876,234,2110,0.12473347547974413
12,14,26,1.1666666666666667
33,118,151,3.5757575757575757
110,503,613,4.572727272727272
43,164,207,3.813953488372093
139,238,377,1.7122302158273381
27,63,90,2.3333333333333335
30,224,254,7.466666666666667
288,159,447,0.5520833333333334
30,69,99,2.3
51,272,323,5.333333333333333
26,278,304,10.692307692307692
19,270,289,14.210526315789474
125,27,152,0.216
145,614,759,4.23448275862069
26,589,615,22.653846153846153
18,160,178,8.88888888888889
89,405,494,4.550561797752809
23,148,171,6.434782608695652
55,152,207,2.7636363636363637
26,383,409,14.73076923076923
20,359,379,17.95
403,354,757,0.8784119106699751
243,466,709,1.9176954732510287
20,182,202,9.1
214,888,1102,4.149532710280374
32,299,331,9.34375
909,244,1153,0.2684268426842684
9,49,58,5.444444444444445
390,162,552,0.4153846153846154
14,107,121,7.642857142857143
203,210,413,1.0344827586206897
91,94,185,1.032967032967033
862,157,1019,0.18213457076566125
16,1075,1091,67.1875
29,863,892,29.75862068965517
445,758,1203,1.703370786516854
62,607,669,9.790322580645162
8,238,246,29.75
39,619,658,15.871794871794872
23,239,262,10.391304347826088
14,246,260,17.571428571428573
12,161,173,13.416666666666666
32,26,58,0.8125
52,209,261,4.019230769230769
29,936,965,32.275862068965516
15,124,139,8.266666666666667
28,24,52,0.8571428571428571
18,536,554,29.77777777777778
36,1009,1045,28.02777777777778
2056,159,2215,0.07733463035019456
16,300,316,18.75
29,260,289,8.96551724137931
19,202,221,10.631578947368421
3,705,708,235.0
131,409,540,3.122137404580153
6,315,321,52.5
75,515,590,6.866666666666666
9,391,400,43.44444444444444
10,117,127,11.7
35,1122,1157,32.05714285714286
44,61,105,1.3863636363636365
103,598,701,5.805825242718447
14,288,302,20.571428571428573
1245,601,1846,0.4827309236947791
15,134,149,8.933333333333334
54,277,331,5.12962962962963
65,44,109,0.676923076923077
25,194,219,7.76
50,362,412,7.24
12,347,359,28.916666666666668
15,374,389,24.933333333333334
99,647,746,6.5353535353535355
20,274,294,13.7
30,535,565,17.833333333333332
56,162,218,2.892857142857143
42,293,335,6.976190476190476
134,224,358,1.671641791044776
953,330,1283,0.3462749213011542
28,341,369,12.178571428571429
30,70,100,2.3333333333333335
9,332,341,36.888888888888886
11,235,246,21.363636363636363
23,232,255,10.08695652173913
17,108,125,6.352941176470588
15,13,28,0.8666666666666667
26,436,462,16.76923076923077
64,581,645,9.078125
42,288,330,6.857142857142857
9,375,384,41.666666666666664
24,106,130,4.416666666666667
8,132,140,16.5
17,30,47,1.7647058823529411
41,326,367,7.951219512195122
51,918,969,18.0
39,110,149,2.8205128205128207
29,356,385,12.275862068965518
22,517,539,23.5
139,249,388,1.79136690647482
35,241,276,6.885714285714286
18,486,504,27.0
14,337,351,24.071428571428573
9,189,198,21.0
15,407,422,27.133333333333333
4,11,15,2.75
17,291,308,17.11764705882353
18,303,321,16.833333333333332
19,293,312,15.421052631578947
16,280,296,17.5
2153,117,2270,0.0543427775197399
136,32,168,0.23529411764705882
1862,392,2254,0.21052631578947367
138,246,384,1.7826086956521738
306,58,364,0.1895424836601307
6,704,710,117.33333333333333
24,247,271,10.291666666666666
18,387,405,21.5
35,305,340,8.714285714285714
14,243,257,17.357142857142858
20,40,60,2.0
1548,196,1744,0.12661498708010335
9,337,346,37.44444444444444
29,964,993,33.241379310344826
20,228,248,11.4
42,194,236,4.619047619047619
14,447,461,31.928571428571427
34,735,769,21.61764705882353
14,63,77,4.5
8,83,91,10.375
275,296,571,1.0763636363636364
13,537,550,41.30769230769231
237,357,594,1.5063291139240507
102,1001,1103,9.813725490196079
32,399,431,12.46875
2,11,13,5.5
734,699,1433,0.952316076294278
69,182,251,2.63768115942029
33,412,445,12.484848484848484
1237,460,1697,0.3718674211802749
1171,351,1522,0.2997438087105038
14,302,316,21.571428571428573
1049,200,1249,0.19065776930409914
123,163,286,1.3252032520325203
19,250,269,13.157894736842104
69,442,511,6.405797101449275
17,167,184,9.823529411764707
21,399,420,19.0
51,394,445,7.7254901960784315
115,102,217,0.8869565217391304
2181,81,2262,0.037138927097661624
24,259,283,10.791666666666666
7,23,30,3.2857142857142856
36,94,130,2.611111111111111
22,83,105,3.772727272727273
21,182,203,8.666666666666666
22,157,179,7.136363636363637
8,144,152,18.0
82,238,320,2.902439024390244
6,468,474,78.0
38,951,989,25.026315789473685
16,299,315,18.6875
31,330,361,10.64516129032258
15,51,66,3.4
570,735,1305,1.2894736842105263
26,172,198,6.615384615384615
87,998,1085,11.471264367816092
55,35,90,0.6363636363636364
690,98,788,0.14202898550724638
393,402,795,1.0229007633587786
13,62,75,4.769230769230769
1617,184,1801,0.11379097093382808
61,985,1046,16.147540983606557
163,297,460,1.822085889570552
17,204,221,12.0
2648,207,2855,0.07817220543806647
5,269,274,53.8
58,535,593,9.224137931034482
17,303,320,17.823529411764707
15,257,272,17.133333333333333
12,92,104,7.666666666666667
269,309,578,1.1486988847583643
4,38,42,9.5
6,914,920,152.33333333333334
10,108,118,10.8
1074,737,1811,0.686219739292365
68,356,424,5.235294117647059
89,710,799,7.977528089887641
439,487,926,1.1093394077448746
17,154,171,9.058823529411764
340,132,472,0.38823529411764707
455,413,868,0.9076923076923077
37,854,891,23.08108108108108
4,64,68,16.0
21,164,185,7.809523809523809
18,905,923,50.27777777777778
1148,106,1254,0.09233449477351917
8,161,169,20.125
34,49,83,1.4411764705882353
7,191,198,27.285714285714285
34,52,86,1.5294117647058822
17,330,347,19.41176470588235
104,786,890,7.5576923076923075
47,527,574,11.212765957446809
12,21,33,1.75
33,48,81,1.4545454545454546
2,11,13,5.5
746,552,1298,0.739946380697051
1148,1062,2210,0.9250871080139372
16,35,51,2.1875
18,105,123,5.833333333333333
41,114,155,2.7804878048780486
17,124,141,7.294117647058823
41,434,475,10.585365853658537
16,158,174,9.875
9,265,274,29.444444444444443
167,446,613,2.6706586826347305
22,98,120,4.454545454545454
76,986,1062,12.973684210526315
12,212,224,17.666666666666668
655,238,893,0.36335877862595417
53,211,264,3.981132075471698
724,372,1096,0.5138121546961326
11,226,237,20.545454545454547
143,219,362,1.5314685314685315
12,189,201,15.75
59,420,479,7.11864406779661
6,249,255,41.5
14,262,276,18.714285714285715
41,424,465,10.341463414634147
6,86,92,14.333333333333334
7,313,320,44.714285714285715
129,285,414,2.2093023255813953
509,438,947,0.8605108055009824
13,258,271,19.846153846153847
52,517,569,9.942307692307692
32,423,455,13.21875
27,332,359,12.296296296296296
43,294,337,6.837209302325581
45,177,222,3.933333333333333
13,45,58,3.4615384615384617
127,146,273,1.1496062992125984
433,261,694,0.6027713625866051
11,76,87,6.909090909090909
45,331,376,7.355555555555555
1073,323,1396,0.30102516309412863
12,78,90,6.5
8,290,298,36.25
139,275,414,1.9784172661870503
829,298,1127,0.3594692400482509
1737,817,2554,0.4703511801957398
80,666,746,8.325
37,87,124,2.3513513513513513
1655,429,2084,0.259214501510574
23,352,375,15.304347826086957
28,496,524,17.714285714285715
35,673,708,19.228571428571428
1452,842,2294,0.5798898071625345
592,924,1516,1.5608108108108107
62,171,233,2.7580645161290325
48,412,460,8.583333333333334
135,447,582,3.311111111111111
2709,1173,3882,0.4330011074197121
108,261,369,2.4166666666666665
54,75,129,1.3888888888888888
13,114,127,8.76923076923077
13,316,329,24.307692307692307
224,418,642,1.8660714285714286
352,815,1167,2.315340909090909
97,270,367,2.783505154639175
11,107,118,9.727272727272727
13,420,433,32.30769230769231
11,99,110,9.0
16,379,395,23.6875
19,250,269,13.157894736842104
199,528,727,2.6532663316582914
38,358,396,9.421052631578947
67,300,367,4.477611940298507
1378,74,1452,0.05370101596516691
26,217,243,8.346153846153847
21,182,203,8.666666666666666
1413,578,1991,0.40905874026893135
27,96,123,3.5555555555555554
928,1014,1942,1.0926724137931034
7,106,113,15.142857142857142
8,201,209,25.125
4,312,316,78.0
74,636,710,8.594594594594595
16,294,310,18.375
540,259,799,0.47962962962962963
3421,160,3581,0.0467699503069278
29,573,602,19.75862068965517
92,69,161,0.75
78,92,170,1.1794871794871795
16,352,368,22.0
3133,61,3194,0.01947015639961698
9,366,375,40.666666666666664
9,389,398,43.22222222222222
37,720,757,19.45945945945946
448,37,485,0.08258928571428571
13,308,321,23.692307692307693
6,249,255,41.5
20,141,161,7.05
5,377,382,75.4
26,384,410,14.76923076923077
7,392,399,56.0
150,184,334,1.2266666666666666
871,852,1723,0.9781859931113662
43,716,759,16.651162790697676
10,496,506,49.6
28,198,226,7.071428571428571
203,473,676,2.3300492610837438
9,118,127,13.11111111111111
122,610,732,5.0
31,192,223,6.193548387096774
55,887,942,16.12727272727273
18,223,241,12.38888888888889
12,116,128,9.666666666666666
49,274,323,5.591836734693878
635,778,1413,1.2251968503937007
52,34,86,0.6538461538461539
8,347,355,43.375
98,119,217,1.2142857142857142
19,213,232,11.210526315789474
2,11,13,5.5
8,34,42,4.25
86,171,257,1.9883720930232558
18,409,427,22.72222222222222
581,691,1272,1.189328743545611
1141,8,1149,0.007011393514460999
85,68,153,0.8
3003,436,3439,0.14518814518814518
22,367,389,16.681818181818183
768,112,880,0.14583333333333334
58,69,127,1.1896551724137931
1201,187,1388,0.15570358034970858
34,213,247,6.264705882352941
86,585,671,6.8023255813953485
7,8,15,1.1428571428571428
6,79,85,13.166666666666666
3,11,14,3.6666666666666665
85,614,699,7.223529411764706
13,277,290,21.307692307692307
84,414,498,4.928571428571429
33,341,374,10.333333333333334
20,375,395,18.75
59,14,73,0.23728813559322035
28,146,174,5.214285714285714
50,842,892,16.84
15,641,656,42.733333333333334
6,768,774,128.0
17,71,88,4.176470588235294
50,264,314,5.28
7,135,142,19.285714285714285
15,134,149,8.933333333333334
26,362,388,13.923076923076923
109,1030,1139,9.44954128440367
18,748,766,41.55555555555556
105,497,602,4.733333333333333
12,232,244,19.333333333333332
747,330,1077,0.44176706827309237
883,48,931,0.05436013590033975
20,346,366,17.3
9,423,432,47.0
11,314,325,28.545454545454547
35,387,422,11.057142857142857
20,649,669,32.45
13,111,124,8.538461538461538
18,185,203,10.277777777777779
29,578,607,19.93103448275862
56,407,463,7.267857142857143
185,947,1132,5.118918918918919
14,315,329,22.5
250,787,1037,3.148
213,138,351,0.647887323943662
14,208,222,14.857142857142858
16,644,660,40.25
606,236,842,0.38943894389438943
11,187,198,17.0
38,41,79,1.0789473684210527
1406,246,1652,0.17496443812233287
7,256,263,36.57142857142857
86,157,243,1.8255813953488371
1439,163,1602,0.113273106323836
7,32,39,4.571428571428571
17,306,323,18.0
9,261,270,29.0
39,353,392,9.051282051282051
137,233,370,1.7007299270072993
18,247,265,13.722222222222221
576,8,584,0.013888888888888888
8,281,289,35.125
104,583,687,5.605769230769231
35,409,444,11.685714285714285
22,543,565,24.681818181818183
262,131,393,0.5
1383,693,2076,0.5010845986984815
208,484,692,2.326923076923077
363,179,542,0.4931129476584022
31,303,334,9.774193548387096
22,247,269,11.227272727272727
86,615,701,7.151162790697675
233,383,616,1.6437768240343347
191,190,381,0.9947643979057592
330,198,528,0.6
18,5,23,0.2777777777777778
18,81,99,4.5
252,432,684,1.7142857142857142
255,207,462,0.8117647058823529
54,38,92,0.7037037037037037
10,277,287,27.7
10,176,186,17.6
32,139,171,4.34375
24,327,351,13.625
12,371,383,30.916666666666668
772,356,1128,0.46113989637305697
75,566,641,7.546666666666667
157,534,691,3.4012738853503186
25,299,324,11.96
20,576,596,28.8
28,452,480,16.142857142857142
28,203,231,7.25
13,353,366,27.153846153846153
33,417,450,12.636363636363637
104,30,134,0.28846153846153844
184,136,320,0.7391304347826086
25,5,30,0.2
12,254,266,21.166666666666668
12,348,360,29.0
14,204,218,14.571428571428571
184,143,327,0.7771739130434783
16,933,949,58.3125
17,312,329,18.352941176470587
41,900,941,21.951219512195124
2139,163,2302,0.07620383356708742
16,252,268,15.75
210,441,651,2.1
9,19,28,2.111111111111111
1067,633,1700,0.5932521087160263
400,349,749,0.8725
16,498,514,31.125
17,471,488,27.705882352941178
21,288,309,13.714285714285714
17,264,281,15.529411764705882
329,49,378,0.14893617021276595
15,307,322,20.466666666666665
614,70,684,0.11400651465798045
3046,626,3672,0.20551543007222586
898,326,1224,0.36302895322939865
179,788,967,4.402234636871508
5,117,122,23.4
73,819,892,11.219178082191782
138,363,501,2.630434782608696
23,20,43,0.8695652173913043
88,512,600,5.818181818181818
15,124,139,8.266666666666667
97,9,106,0.09278350515463918
39,619,658,15.871794871794872
12,401,413,33.416666666666664
10,35,45,3.5
6,36,42,6.0
1899,724,2623,0.38125329120589785
24,446,470,18.583333333333332
17,214,231,12.588235294117647
10,266,276,26.6
262,107,369,0.4083969465648855
202,84,286,0.4158415841584158
13,512,525,39.38461538461539
946,202,1148,0.2135306553911205
18,485,503,26.944444444444443
22,390,412,17.727272727272727
322,308,630,0.9565217391304348
41,719,760,17.536585365853657
34,53,87,1.5588235294117647
32,26,58,0.8125
305,320,625,1.0491803278688525
607,247,854,0.40691927512355847
56,138,194,2.4642857142857144
29,454,483,15.655172413793103
7,23,30,3.2857142857142856
19,268,287,14.105263157894736
18,262,280,14.555555555555555
15,207,222,13.8
510,149,659,0.29215686274509806
6,250,256,41.666666666666664
240,258,498,1.075
8,119,127,14.875
13,243,256,18.692307692307693
331,887,1218,2.6797583081570995
17,135,152,7.9411764705882355
23,455,478,19.782608695652176
5,736,741,147.2
2086,31,2117,0.014860977948226271
10,399,409,39.9
26,326,352,12.538461538461538
27,367,394,13.592592592592593
7,209,216,29.857142857142858
97,316,413,3.2577319587628866
114,25,139,0.21929824561403508
28,34,62,1.2142857142857142
184,406,590,2.2065217391304346
37,87,124,2.3513513513513513
14,203,217,14.5
1112,132,1244,0.11870503597122302
6,44,50,7.333333333333333
32,559,591,17.46875
27,491,518,18.185185185185187
11,125,136,11.363636363636363
37,606,643,16.37837837837838
15,233,248,15.533333333333333
421,385,806,0.9144893111638955
27,74,101,2.740740740740741
24,715,739,29.791666666666668
17,418,435,24.58823529411765
34,362,396,10.647058823529411
12,320,332,26.666666666666668
150,69,219,0.46
19,331,350,17.42105263157895
1621,229,1850,0.14127082048118444
487,43,530,0.08829568788501027
18,298,316,16.555555555555557
20,428,448,21.4
120,165,285,1.375
14,185,199,13.214285714285714
15,145,160,9.666666666666666
18,324,342,18.0
8,230,238,28.75
37,46,83,1.2432432432432432
34,49,83,1.4411764705882353
1503,178,1681,0.11842980705256155
67,211,278,3.1492537313432836
9,46,55,5.111111111111111
13,287,300,22.076923076923077
36,804,840,22.333333333333332
15,186,201,12.4
9,423,432,47.0
9,445,454,49.44444444444444
19,374,393,19.68421052631579
190,197,387,1.0368421052631578
36,98,134,2.7222222222222223
23,775,798,33.69565217391305
657,52,709,0.0791476407914764
11,327,338,29.727272727272727
12,71,83,5.916666666666667
13,402,415,30.923076923076923
1639,1220,2859,0.7443563148261135
14,412,426,29.428571428571427
12,731,743,60.916666666666664
15,129,144,8.6
1231,17,1248,0.01380991064175467
85,77,162,0.9058823529411765
68,335,403,4.926470588235294
634,201,835,0.31703470031545744
206,786,992,3.8155339805825244
97,74,171,0.7628865979381443
31,4,35,0.12903225806451613
25,161,186,6.44
17,228,245,13.411764705882353
140,589,729,4.207142857142857
9,290,299,32.22222222222222
21,128,149,6.095238095238095
44,23,67,0.5227272727272727
65,217,282,3.3384615384615386
13,484,497,37.23076923076923
159,28,187,0.1761006289308176
15,27,42,1.8
19,116,135,6.105263157894737
20,65,85,3.25
17,90,107,5.294117647058823
11,301,312,27.363636363636363
26,226,252,8.692307692307692
18,91,109,5.055555555555555
7,225,232,32.142857142857146
15,306,321,20.4
169,335,504,1.982248520710059
2282,436,2718,0.19106047326906223
14,572,586,40.857142857142854
20,226,246,11.3
8,373,381,46.625
71,25,96,0.352112676056338
68,767,835,11.279411764705882
94,180,274,1.9148936170212767
61,51,112,0.8360655737704918
22,250,272,11.363636363636363
18,240,258,13.333333333333334
374,19,393,0.05080213903743316
18,32,50,1.7777777777777777
59,8,67,0.13559322033898305
311,665,976,2.1382636655948555
14,305,319,21.785714285714285
2,585,587,292.5
178,967,1145,5.432584269662922
87,169,256,1.9425287356321839
52,66,118,1.2692307692307692
15,223,238,14.866666666666667
28,14,42,0.5
37,418,455,11.297297297297296
39,262,301,6.717948717948718
1342,116,1458,0.08643815201192251
41,426,467,10.390243902439025
28,653,681,23.321428571428573
2857,54,2911,0.018900945047252364
14,368,382,26.285714285714285
34,992,1026,29.176470588235293
735,387,1122,0.5265306122448979
360,834,1194,2.316666666666667
19,690,709,36.31578947368421
18,750,768,41.666666666666664
8,84,92,10.5
38,378,416,9.947368421052632
12,520,532,43.333333333333336
1,593,594,593.0
15,526,541,35.06666666666667
23,334,357,14.521739130434783
125,4,129,0.032
22,323,345,14.681818181818182
48,244,292,5.083333333333333
127,346,473,2.7244094488188977
13,265,278,20.384615384615383
103,283,386,2.7475728155339807
36,1009,1045,28.02777777777778
13,190,203,14.615384615384615
6,99,105,16.5
22,310,332,14.090909090909092
65,69,134,1.0615384615384615
78,735,813,9.423076923076923
16,809,825,50.5625
17,125,142,7.352941176470588
12,276,288,23.0
11,300,311,27.272727272727273
33,166,199,5.03030303030303
2,11,13,5.5
134,548,682,4.08955223880597
97,10,107,0.10309278350515463
55,108,163,1.9636363636363636
23,513,536,22.304347826086957
13,186,199,14.307692307692308
1083,277,1360,0.25577100646352724
138,512,650,3.710144927536232
16,319,335,19.9375
491,255,746,0.5193482688391039
25,231,256,9.24
34,293,327,8.617647058823529
664,656,1320,0.9879518072289156
29,168,197,5.793103448275862
142,322,464,2.267605633802817
18,776,794,43.111111111111114
26,253,279,9.73076923076923
5,29,34,5.8
16,389,405,24.3125
103,99,202,0.9611650485436893
59,274,333,4.6440677966101696
25,234,259,9.36
41,434,475,10.585365853658537
244,868,1112,3.557377049180328
35,94,129,2.6857142857142855
2162,990,3152,0.45790934320074006
31,52,83,1.6774193548387097
16,223,239,13.9375
159,176,335,1.1069182389937107
44,553,597,12.568181818181818
12,366,378,30.5
57,751,808,13.175438596491228
23,219,242,9.521739130434783
1648,294,1942,0.1783980582524272
15,80,95,5.333333333333333
379,644,1023,1.6992084432717678
8,128,136,16.0
279,415,694,1.4874551971326164
7,366,373,52.285714285714285
30,325,355,10.833333333333334
709,252,961,0.3554301833568406
76,356,432,4.684210526315789
570,398,968,0.6982456140350877
2327,6,2333,0.002578427159432746
7,448,455,64.0
14,193,207,13.785714285714286
36,602,638,16.72222222222222
345,844,1189,2.446376811594203
4,11,15,2.75
252,405,657,1.6071428571428572
26,346,372,13.307692307692308
40,49,89,1.225
1271,204,1475,0.16050354051927615
1968,324,2292,0.16463414634146342
37,348,385,9.405405405405405
33,457,490,13.848484848484848
47,298,345,6.340425531914893
19,28,47,1.4736842105263157
248,370,618,1.4919354838709677
28,271,299,9.678571428571429
25,282,307,11.28
940,221,1161,0.2351063829787234
9,113,122,12.555555555555555
710,42,752,0.059154929577464786
40,258,298,6.45
108,474,582,4.388888888888889
1448,110,1558,0.07596685082872928
154,457,611,2.9675324675324677
18,303,321,16.833333333333332
27,234,261,8.666666666666666
18,237,255,13.166666666666666
41,583,624,14.21951219512195
18,905,923,50.27777777777778
117,106,223,0.905982905982906
25,349,374,13.96
1544,113,1657,0.07318652849740932
10,120,130,12.0
28,93,121,3.3214285714285716
15,135,150,9.0
12,455,467,37.916666666666664
8,160,168,20.0
171,296,467,1.7309941520467835
3135,490,3625,0.15629984051036683
46,763,809,16.58695652173913
103,189,292,1.8349514563106797
84,598,682,7.119047619047619
75,32,107,0.4266666666666667
14,194,208,13.857142857142858
2573,377,2950,0.14652157015157405
43,187,230,4.348837209302325
11,127,138,11.545454545454545
27,361,388,13.37037037037037
41,1018,1059,24.829268292682926
18,473,491,26.27777777777778
15,186,201,12.4
19,487,506,25.63157894736842
5,812,817,162.4
3378,123,3501,0.03641207815275311
17,321,338,18.88235294117647
23,193,216,8.391304347826088
701,291,992,0.41512125534950073
10,308,318,30.8
168,390,558,2.3214285714285716
299,441,740,1.4749163879598661
59,326,385,5.52542372881356
376,429,805,1.1409574468085106
199,375,574,1.8844221105527639
703,713,1416,1.0142247510668563
18,95,113,5.277777777777778
1738,6,1744,0.0034522439585730723
18,117,135,6.5
10,256,266,25.6
25,596,621,23.84
1527,740,2267,0.48461034708578915
30,545,575,18.166666666666668
239,313,552,1.3096234309623431
50,834,884,16.68
1014,363,1377,0.35798816568047337
18,892,910,49.55555555555556
7,558,565,79.71428571428571
1893,361,2254,0.19070258848388802
4,82,86,20.5
12,85,97,7.083333333333333
150,775,925,5.166666666666667
365,407,772,1.115068493150685
22,19,41,0.8636363636363636
834,53,887,0.06354916067146282
37,388,425,10.486486486486486
47,346,393,7.361702127659575
28,342,370,12.214285714285714
38,200,238,5.2631578947368425
3355,236,3591,0.07034277198211625
12,120,132,10.0
8,200,208,25.0
11,187,198,17.0
52,55,107,1.0576923076923077
59,791,850,13.40677966101695
43,181,224,4.209302325581396
8,118,126,14.75
20,251,271,12.55
45,220,265,4.888888888888889
29,73,102,2.5172413793103448
69,349,418,5.057971014492754
3,12,15,4.0
81,188,269,2.3209876543209877
338,172,510,0.5088757396449705
22,350,372,15.909090909090908
2649,20,2669,0.007550018875047188
12,355,367,29.583333333333332
4,233,237,58.25
10,533,543,53.3
13,156,169,12.0
96,63,159,0.65625
15,315,330,21.0
832,582,1414,0.6995192307692307
16,70,86,4.375
12,475,487,39.583333333333336
24,227,251,9.458333333333334
70,538,608,7.685714285714286
77,112,189,1.4545454545454546
21,739,760,35.19047619047619
319,65,384,0.20376175548589343
9,337,346,37.44444444444444
243,8,251,0.03292181069958848
36,456,492,12.666666666666666
6,77,83,12.833333333333334
2654,259,2913,0.09758854559155991
167,446,613,2.6706586826347305
13,121,134,9.307692307692308
55,43,98,0.7818181818181819
599,511,1110,0.8530884808013356
233,194,427,0.8326180257510729
2068,14,2082,0.006769825918762089
12,326,338,27.166666666666668
5,156,161,31.2
2953,214,3167,0.07246867592279038
436,352,788,0.8073394495412844
60,64,124,1.0666666666666667
198,496,694,2.505050505050505
14,459,473,32.785714285714285
40,685,725,17.125
12,157,169,13.083333333333334
45,177,222,3.933333333333333
5,48,53,9.6
6,45,51,7.5
53,259,312,4.886792452830188
8,159,167,19.875
38,357,395,9.394736842105264
16,780,796,48.75
70,80,150,1.1428571428571428
65,34,99,0.5230769230769231
86,376,462,4.372093023255814
15,344,359,22.933333333333334
79,492,571,6.227848101265823
41,450,491,10.975609756097562
34,259,293,7.617647058823529
1612,257,1869,0.15942928039702234
239,873,1112,3.6527196652719667
28,272,300,9.714285714285714
57,306,363,5.368421052631579
16,360,376,22.5
3026,250,3276,0.08261731658955718
634,153,787,0.24132492113564669
76,242,318,3.1842105263157894
32,108,140,3.375
919,8,927,0.008705114254624592
1154,136,1290,0.11785095320623917
7,146,153,20.857142857142858
84,768,852,9.142857142857142
57,290,347,5.087719298245614
1979,883,2862,0.44618494188984337
18,262,280,14.555555555555555
18,160,178,8.88888888888889
1483,13,1496,0.008766014834794335
12,463,475,38.583333333333336
173,269,442,1.5549132947976878
12,291,303,24.25
85,571,656,6.7176470588235295
18,153,171,8.5
32,130,162,4.0625
66,18,84,0.2727272727272727
9,16,25,1.7777777777777777
6,168,174,28.0
16,428,444,26.75
111,682,793,6.1441441441441444
27,38,65,1.4074074074074074
16,249,265,15.5625
29,363,392,12.517241379310345
99,141,240,1.4242424242424243
10,398,408,39.8
1973,830,2803,0.42067916877850986
102,55,157,0.5392156862745098
3391,443,3834,0.13063992922441758
26,53,79,2.0384615384615383
23,62,85,2.6956521739130435
12,341,353,28.416666666666668
25,34,59,1.36
16,80,96,5.0
13,284,297,21.846153846153847
38,424,462,11.157894736842104
292,292,584,1.0
261,221,482,0.8467432950191571
23,677,700,29.434782608695652
67,367,434,5.477611940298507
31,255,286,8.225806451612904
883,506,1389,0.5730464326160816
29,401,430,13.827586206896552
12,856,868,71.33333333333333
199,11,210,0.05527638190954774
24,467,491,19.458333333333332
784,71,855,0.09056122448979592
47,719,766,15.297872340425531
18,641,659,35.611111111111114
18,358,376,19.88888888888889
15,616,631,41.06666666666667
11,354,365,32.18181818181818
9,107,116,11.88888888888889
8,402,410,50.25
1097,259,1356,0.23609845031905197
36,70,106,1.9444444444444444
60,216,276,3.6
9,529,538,58.77777777777778
40,764,804,19.1
29,285,314,9.827586206896552
11,138,149,12.545454545454545
2622,315,2937,0.12013729977116705
210,309,519,1.4714285714285715
32,377,409,11.78125
14,535,549,38.214285714285715
273,295,568,1.0805860805860805
87,212,299,2.4367816091954024
182,674,856,3.7032967032967035
6,587,593,97.83333333333333
57,38,95,0.6666666666666666
103,335,438,3.2524271844660193
177,734,911,4.146892655367232
83,548,631,6.602409638554217
18,410,428,22.77777777777778
14,407,421,29.071428571428573
116,5,121,0.04310344827586207
71,55,126,0.7746478873239436
58,144,202,2.4827586206896552
1134,591,1725,0.5211640211640212
16,109,125,6.8125
1049,233,1282,0.2221163012392755
725,356,1081,0.4910344827586207
1276,30,1306,0.023510971786833857
39,238,277,6.102564102564102
54,814,868,15.074074074074074
28,409,437,14.607142857142858
12,183,195,15.25
26,244,270,9.384615384615385
9,34,43,3.7777777777777777
68,538,606,7.911764705882353
10,156,166,15.6
520,396,916,0.7615384615384615
319,527,846,1.652037617554859
8,20,28,2.5
131,920,1051,7.022900763358779
7,754,761,107.71428571428571
7,190,197,27.142857142857142
27,181,208,6.703703703703703
48,84,132,1.75
18,331,349,18.38888888888889
1155,531,1686,0.4597402597402597
2,11,13,5.5
2533,348,2881,0.13738649822345045
33,259,292,7.848484848484849
245,88,333,0.35918367346938773
16,76,92,4.75
664,200,864,0.30120481927710846
34,169,203,4.970588235294118
57,761,818,13.350877192982455
610,263,873,0.4311475409836066
2,11,13,5.5
11,245,256,22.272727272727273
108,707,815,6.546296296296297
102,43,145,0.4215686274509804
2382,17,2399,0.007136859781696054
134,314,448,2.343283582089552
12,371,383,30.916666666666668
298,283,581,0.9496644295302014
23,421,444,18.304347826086957
35,577,612,16.485714285714284
71,501,572,7.056338028169014
665,723,1388,1.087218045112782
12,101,113,8.416666666666666
40,621,661,15.525
1759,365,2124,0.20750426378624218
14,83,97,5.928571428571429
229,1026,1255,4.4803493449781655
29,322,351,11.10344827586207
5,469,474,93.8
13,334,347,25.692307692307693
7,134,141,19.142857142857142
21,111,132,5.285714285714286
197,515,712,2.6142131979695433
1968,500,2468,0.2540650406504065
47,812,859,17.27659574468085
230,189,419,0.8217391304347826
83,299,382,3.602409638554217
9,5,14,0.5555555555555556
26,230,256,8.846153846153847
54,580,634,10.74074074074074
9,226,235,25.11111111111111
26,433,459,16.653846153846153
6,202,208,33.666666666666664
60,555,615,9.25
17,201,218,11.823529411764707
44,304,348,6.909090909090909
55,328,383,5.963636363636364
7,176,183,25.142857142857142
47,330,377,7.0212765957446805
41,1017,1058,24.804878048780488
26,425,451,16.346153846153847
20,750,770,37.5
459,698,1157,1.5206971677559913
714,137,851,0.19187675070028012
11,535,546,48.63636363636363
19,137,156,7.2105263157894735
6,212,218,35.333333333333336
32,653,685,20.40625
18,250,268,13.88888888888889
26,95,121,3.6538461538461537
769,231,1000,0.30039011703511054
64,98,162,1.53125
3461,183,3644,0.05287489164981219
35,482,517,13.771428571428572
1140,82,1222,0.07192982456140351
75,291,366,3.88
1257,260,1517,0.20684168655529037
23,178,201,7.739130434782608
2,11,13,5.5
314,157,471,0.5
52,474,526,9.115384615384615
8,386,394,48.25
1451,924,2375,0.6368022053756031
178,957,1135,5.376404494382022
31,470,501,15.161290322580646
8,90,98,11.25
29,23,52,0.7931034482758621
715,259,974,0.3622377622377622
222,199,421,0.8963963963963963
2,20,22,10.0
80,729,809,9.1125
28,206,234,7.357142857142857
5,83,88,16.6
7,382,389,54.57142857142857
21,224,245,10.666666666666666
358,355,713,0.9916201117318436
44,118,162,2.6818181818181817
1508,1014,2522,0.6724137931034483
31,357,388,11.516129032258064
88,108,196,1.2272727272727273
154,206,360,1.3376623376623376
1989,542,2531,0.27249874308697836
33,723,756,21.90909090909091
31,233,264,7.516129032258065
16,190,206,11.875
59,477,536,8.084745762711865
30,205,235,6.833333333333333
744,421,1165,0.5658602150537635
8,275,283,34.375
17,307,324,18.058823529411764
3,27,30,9.0
26,333,359,12.807692307692308
16,243,259,15.1875
16,362,378,22.625
646,930,1576,1.4396284829721362
12,426,438,35.5
452,16,468,0.035398230088495575
17,679,696,39.94117647058823
204,8,212,0.0392156862745098
578,61,639,0.10553633217993079
93,233,326,2.5053763440860215
16,213,229,13.3125
12,8,20,0.6666666666666666
13,136,149,10.461538461538462
249,244,493,0.9799196787148594
9,338,347,37.55555555555556
15,124,139,8.266666666666667
76,261,337,3.4342105263157894
20,312,332,15.6
19,313,332,16.473684210526315
18,242,260,13.444444444444445
72,262,334,3.638888888888889
50,219,269,4.38
747,577,1324,0.7724230254350736
23,647,670,28.130434782608695
10,397,407,39.7
33,90,123,2.727272727272727
16,225,241,14.0625
7,268,275,38.285714285714285
22,191,213,8.681818181818182
62,686,748,11.064516129032258
135,957,1092,7.088888888888889
15,315,330,21.0
12,348,360,29.0
3957,3,3960,0.000758150113722517
224,320,544,1.4285714285714286
212,225,437,1.0613207547169812
228,116,344,0.5087719298245614
10,823,833,82.3
10,338,348,33.8
801,551,1352,0.6878901373283396
16,78,94,4.875
433,397,830,0.9168591224018475
6,115,121,19.166666666666668
19,823,842,43.31578947368421
5,76,81,15.2
6,122,128,20.333333333333332
9,388,397,43.111111111111114
7,32,39,4.571428571428571
818,929,1747,1.1356968215158925
56,384,440,6.857142857142857
594,336,930,0.5656565656565656
8,239,247,29.875
7,82,89,11.714285714285714
331,887,1218,2.6797583081570995
42,483,525,11.5
547,179,726,0.3272394881170018
158,217,375,1.3734177215189873
20,263,283,13.15
44,961,1005,21.84090909090909
684,905,1589,1.3230994152046784
1921,116,2037,0.06038521603331598
148,293,441,1.9797297297297298
985,988,1973,1.0030456852791878
3023,126,3149,0.041680449884220976
41,209,250,5.097560975609756
13,145,158,11.153846153846153
41,459,500,11.195121951219512
75,448,523,5.973333333333334
41,792,833,19.317073170731707
10,161,171,16.1
85,278,363,3.2705882352941176
27,305,332,11.296296296296296
11,23,34,2.090909090909091
42,462,504,11.0
1503,423,1926,0.281437125748503
19,140,159,7.368421052631579
78,388,466,4.9743589743589745
17,159,176,9.352941176470589
555,388,943,0.6990990990990991
29,767,796,26.448275862068964
10,325,335,32.5
47,546,593,11.617021276595745
16,149,165,9.3125
9,283,292,31.444444444444443
460,398,858,0.8652173913043478
13,294,307,22.615384615384617
15,388,403,25.866666666666667
24,168,192,7.0
13,141,154,10.846153846153847
569,977,1546,1.7170474516695957
1257,5,1262,0.003977724741447892
56,224,280,4.0
76,151,227,1.986842105263158
14,215,229,15.357142857142858
193,162,355,0.8393782383419689
85,671,756,7.894117647058824
16,283,299,17.6875
421,399,820,0.9477434679334917
22,136,158,6.181818181818182
15,66,81,4.4
67,257,324,3.8358208955223883
21,614,635,29.238095238095237
17,124,141,7.294117647058823
585,287,872,0.4905982905982906
13,155,168,11.923076923076923
531,291,822,0.5480225988700564
81,846,927,10.444444444444445
759,1070,1829,1.4097496706192358
9,465,474,51.666666666666664
223,45,268,0.20179372197309417
1195,368,1563,0.3079497907949791
23,120,143,5.217391304347826
70,352,422,5.0285714285714285
8,258,266,32.25
14,302,316,21.571428571428573
66,38,104,0.5757575757575758
36,382,418,10.61111111111111
37,18,55,0.4864864864864865
1007,434,1441,0.43098311817279045
19,145,164,7.631578947368421
333,37,370,0.1111111111111111
3630,106,3736,0.029201101928374655
206,25,231,0.12135922330097088
23,65,88,2.8260869565217392
13,352,365,27.076923076923077
9,141,150,15.666666666666666
1252,269,1521,0.21485623003194887
39,708,747,18.153846153846153
14,99,113,7.071428571428571
55,731,786,13.290909090909091
131,268,399,2.045801526717557
166,324,490,1.9518072289156627
12,485,497,40.416666666666664
248,269,517,1.0846774193548387
18,316,334,17.555555555555557
25,17,42,0.68
9,172,181,19.11111111111111
13,166,179,12.76923076923077
112,256,368,2.2857142857142856
23,498,521,21.652173913043477
21,479,500,22.80952380952381
358,355,713,0.9916201117318436
9,63,72,7.0
42,112,154,2.6666666666666665
6,196,202,32.666666666666664
60,283,343,4.716666666666667
7,37,44,5.285714285714286
99,242,341,2.4444444444444446
295,8,303,0.02711864406779661
343,208,551,0.6064139941690962
12,371,383,30.916666666666668
61,5,66,0.08196721311475409
10,25,35,2.5
66,38,104,0.5757575757575758
576,8,584,0.013888888888888888
116,251,367,2.163793103448276
15,145,160,9.666666666666666
25,526,551,21.04
3630,106,3736,0.029201101928374655
58,388,446,6.689655172413793
23,488,511,21.217391304347824
22,122,144,5.545454545454546
133,511,644,3.8421052631578947
19,221,240,11.631578947368421
17,360,377,21.176470588235293
25,34,59,1.36
361,229,590,0.6343490304709142
82,412,494,5.024390243902439
15,41,56,2.7333333333333334
10,124,134,12.4
3199,526,3725,0.164426383244764
27,13,40,0.48148148148148145
56,365,421,6.517857142857143
8,71,79,8.875
226,984,1210,4.353982300884955
31,299,330,9.64516129032258
9,289,298,32.111111111111114
16,348,364,21.75
15,343,358,22.866666666666667
8,339,347,42.375
172,31,203,0.18023255813953487
79,676,755,8.556962025316455
12,341,353,28.416666666666668
2,9,11,4.5
571,75,646,0.13134851138353765
12,125,137,10.416666666666666
485,724,1209,1.4927835051546392
202,8,210,0.039603960396039604
372,184,556,0.4946236559139785
115,202,317,1.7565217391304349
40,24,64,0.6
371,378,749,1.0188679245283019
27,493,520,18.25925925925926
82,509,591,6.2073170731707314
36,412,448,11.444444444444445
92,69,161,0.75
1168,578,1746,0.4948630136986301
24,52,76,2.1666666666666665
23,552,575,24.0
15,94,109,6.266666666666667
592,269,861,0.4543918918918919
81,11,92,0.13580246913580246
251,937,1188,3.733067729083665
1357,526,1883,0.38761974944731026
10,103,113,10.3
15,352,367,23.466666666666665
2,12,14,6.0
8,109,117,13.625
19,393,412,20.68421052631579
42,234,276,5.571428571428571
10,458,468,45.8
120,81,201,0.675
27,437,464,16.185185185185187
15,134,149,8.933333333333334
1072,546,1618,0.5093283582089553
18,345,363,19.166666666666668
3682,6,3688,0.0016295491580662683
42,97,139,2.3095238095238093
100,375,475,3.75
47,107,154,2.276595744680851
19,346,365,18.210526315789473
9,539,548,59.888888888888886
43,374,417,8.69767441860465
2,11,13,5.5
81,879,960,10.851851851851851
7,432,439,61.714285714285715
136,238,374,1.75
25,34,59,1.36
7,99,106,14.142857142857142
103,283,386,2.7475728155339807
19,224,243,11.789473684210526
86,285,371,3.313953488372093
8,208,216,26.0
3,11,14,3.6666666666666665
215,480,695,2.2325581395348837
10,46,56,4.6
15,271,286,18.066666666666666
10,235,245,23.5
11,351,362,31.90909090909091
13,334,347,25.692307692307693
129,409,538,3.1705426356589146
12,164,176,13.666666666666666
32,225,257,7.03125
1879,716,2595,0.38105375199574243
60,261,321,4.35
51,146,197,2.8627450980392157
29,155,184,5.344827586206897
12,96,108,8.0
545,8,553,0.014678899082568808
763,152,915,0.19921363040629095
1557,530,2087,0.340398201669878
82,381,463,4.646341463414634
18,477,495,26.5
11,219,230,19.90909090909091
63,44,107,0.6984126984126984
250,60,310,0.24
13,333,346,25.615384615384617
24,255,279,10.625
18,246,264,13.666666666666666
6,60,66,10.0
443,169,612,0.38148984198645597
41,287,328,7.0
211,573,784,2.7156398104265405
1100,505,1605,0.4590909090909091
16,363,379,22.6875
2371,625,2996,0.2636018557570645
444,586,1030,1.3198198198198199
63,120,183,1.9047619047619047
18,501,519,27.833333333333332
46,148,194,3.217391304347826
85,276,361,3.2470588235294118
269,225,494,0.8364312267657993
467,365,832,0.7815845824411135
20,242,262,12.1
43,114,157,2.6511627906976742
9,273,282,30.333333333333332
136,238,374,1.75
637,8,645,0.012558869701726845
13,238,251,18.307692307692307
6,293,299,48.833333333333336
37,270,307,7.297297297297297
51,32,83,0.6274509803921569
26,622,648,23.923076923076923
120,258,378,2.15
249,177,426,0.7108433734939759
10,65,75,6.5
17,51,68,3.0
327,123,450,0.3761467889908257
96,329,425,3.4270833333333335
13,270,283,20.76923076923077
15,252,267,16.8
11,146,157,13.272727272727273
144,16,160,0.1111111111111111
39,373,412,9.564102564102564
724,534,1258,0.7375690607734806
8,320,328,40.0
31,201,232,6.483870967741935
2474,99,2573,0.04001616814874697
287,5,292,0.017421602787456445
16,343,359,21.4375
2,15,17,7.5
81,521,602,6.432098765432099
27,45,72,1.6666666666666667
16,574,590,35.875
105,281,386,2.676190476190476
37,250,287,6.756756756756757
14,583,597,41.642857142857146
13,66,79,5.076923076923077
178,1094,1272,6.146067415730337
60,505,565,8.416666666666666
162,417,579,2.574074074074074
21,421,442,20.047619047619047
21,387,408,18.428571428571427
21,64,85,3.0476190476190474
16,249,265,15.5625
23,789,812,34.30434782608695
44,477,521,10.840909090909092
87,110,197,1.264367816091954
791,180,971,0.22756005056890014
422,8,430,0.018957345971563982
3293,356,3649,0.10810810810810811
23,106,129,4.608695652173913
26,25,51,0.9615384615384616
30,75,105,2.5
104,145,249,1.3942307692307692
10,121,131,12.1
6,86,92,14.333333333333334
6,307,313,51.166666666666664
31,358,389,11.548387096774194
1119,333,1452,0.2975871313672922
392,446,838,1.1377551020408163
15,38,53,2.533333333333333
26,71,97,2.730769230769231
30,292,322,9.733333333333333
699,907,1606,1.2975679542203147
43,294,337,6.837209302325581
6,22,28,3.6666666666666665
89,521,610,5.853932584269663
8,38,46,4.75
33,72,105,2.1818181818181817
19,158,177,8.31578947368421
912,668,1580,0.7324561403508771
32,100,132,3.125
17,29,46,1.7058823529411764
950,141,1091,0.14842105263157895
3,1035,1038,345.0
20,314,334,15.7
154,279,433,1.8116883116883118
8,486,494,60.75
12,565,577,47.083333333333336
69,836,905,12.115942028985508
44,102,146,2.3181818181818183
17,434,451,25.529411764705884
54,66,120,1.2222222222222223
26,48,74,1.8461538461538463
9,252,261,28.0
114,623,737,5.464912280701754
16,254,270,15.875
24,327,351,13.625
87,598,685,6.873563218390805
24,609,633,25.375
9,111,120,12.333333333333334
2,11,13,5.5
14,133,147,9.5
25,404,429,16.16
604,181,785,0.2996688741721854
65,382,447,5.876923076923077
348,485,833,1.3936781609195403
67,374,441,5.582089552238806
13,719,732,55.30769230769231
15,192,207,12.8
1710,952,2662,0.5567251461988304
629,790,1419,1.2559618441971383
58,50,108,0.8620689655172413
1261,204,1465,0.16177636796193498
31,207,238,6.67741935483871
50,105,155,2.1
26,107,133,4.115384615384615
3,249,252,83.0
24,568,592,23.666666666666668
13,555,568,42.69230769230769
14,384,398,27.428571428571427
51,213,264,4.176470588235294
15,229,244,15.266666666666667
218,294,512,1.348623853211009
30,519,549,17.3
8,828,836,103.5
340,259,599,0.7617647058823529
2,11,13,5.5
7,213,220,30.428571428571427
9,35,44,3.888888888888889
2718,920,3638,0.3384841795437822
21,376,397,17.904761904761905
27,344,371,12.74074074074074
2,11,13,5.5
24,141,165,5.875
29,5,34,0.1724137931034483
697,264,961,0.3787661406025825
234,525,759,2.2435897435897436
25,42,67,1.68
1001,146,1147,0.14585414585414586
40,82,122,2.05
30,53,83,1.7666666666666666
12,176,188,14.666666666666666
168,19,187,0.1130952380952381
19,35,54,1.8421052631578947
15,180,195,12.0
25,27,52,1.08
42,28,70,0.6666666666666666
2,43,45,21.5
24,155,179,6.458333333333333
15,230,245,15.333333333333334
15,56,71,3.7333333333333334
721,449,1170,0.6227461858529819
82,477,559,5.817073170731708
29,602,631,20.75862068965517
13,284,297,21.846153846153847
16,388,404,24.25
33,360,393,10.909090909090908
107,277,384,2.588785046728972
51,534,585,10.470588235294118
565,1029,1594,1.8212389380530973
10,329,339,32.9
23,532,555,23.130434782608695
15,85,100,5.666666666666667
18,231,249,12.833333333333334
54,1035,1089,19.166666666666668
16,286,302,17.875
34,579,613,17.029411764705884
15,26,41,1.7333333333333334
24,384,408,16.0
1132,188,1320,0.16607773851590105
1467,906,2373,0.6175869120654397
67,470,537,7.014925373134329
33,668,701,20.242424242424242
14,443,457,31.642857142857142
17,833,850,49.0
9,94,103,10.444444444444445
36,37,73,1.0277777777777777
24,211,235,8.791666666666666
36,60,96,1.6666666666666667
25,566,591,22.64
28,781,809,27.892857142857142
960,27,987,0.028125
346,905,1251,2.615606936416185
20,193,213,9.65
150,56,206,0.37333333333333335
21,228,249,10.857142857142858
12,246,258,20.5
966,165,1131,0.17080745341614906
19,30,49,1.5789473684210527
18,245,263,13.61111111111111
10,220,230,22.0
2004,201,2205,0.10029940119760479
40,323,363,8.075
21,395,416,18.80952380952381
375,651,1026,1.736
14,420,434,30.0
63,135,198,2.142857142857143
206,1069,1275,5.189320388349515
27,392,419,14.518518518518519
25,22,47,0.88
22,297,319,13.5
17,234,251,13.764705882352942
119,326,445,2.7394957983193278
462,833,1295,1.803030303030303
12,428,440,35.666666666666664
90,212,302,2.3555555555555556
398,30,428,0.07537688442211055
408,599,1007,1.4681372549019607
8,29,37,3.625
10,171,181,17.1
9,198,207,22.0
1237,69,1306,0.05578011317704123
32,487,519,15.21875
9,115,124,12.777777777777779
7,424,431,60.57142857142857
3,44,47,14.666666666666666
136,305,441,2.2426470588235294
30,22,52,0.7333333333333333
197,160,357,0.8121827411167513
103,616,719,5.980582524271845
61,206,267,3.377049180327869
8,214,222,26.75
11,188,199,17.09090909090909
134,971,1105,7.246268656716418
1803,938,2741,0.5202440377149196
8,380,388,47.5
109,442,551,4.055045871559633
37,263,300,7.108108108108108
33,435,468,13.181818181818182
32,506,538,15.8125
61,257,318,4.213114754098361
13,252,265,19.384615384615383
67,280,347,4.17910447761194
136,418,554,3.073529411764706
62,543,605,8.758064516129032
36,73,109,2.0277777777777777
23,474,497,20.608695652173914
24,499,523,20.791666666666668
17,626,643,36.8235294117647
55,35,90,0.6363636363636364
8,476,484,59.5
1000,475,1475,0.475
122,229,351,1.8770491803278688
18,494,512,27.444444444444443
405,205,610,0.5061728395061729
37,130,167,3.5135135135135136
13,422,435,32.46153846153846
62,463,525,7.467741935483871
35,402,437,11.485714285714286
1423,117,1540,0.08222066057624737
43,405,448,9.418604651162791
33,84,117,2.5454545454545454
225,26,251,0.11555555555555555
26,228,254,8.76923076923077
7,24,31,3.4285714285714284
7,235,242,33.57142857142857
252,855,1107,3.392857142857143
24,307,331,12.791666666666666
75,413,488,5.506666666666667
76,316,392,4.157894736842105
219,336,555,1.5342465753424657
22,44,66,2.0
28,893,921,31.892857142857142
143,6,149,0.04195804195804196
103,914,1017,8.87378640776699
16,112,128,7.0
6,13,19,2.1666666666666665
12,246,258,20.5
14,274,288,19.571428571428573
12,168,180,14.0
343,117,460,0.34110787172011664
85,419,504,4.929411764705883
8,213,221,26.625
66,93,159,1.4090909090909092
24,240,264,10.0
68,153,221,2.25
26,373,399,14.346153846153847
62,982,1044,15.838709677419354
6,5,11,0.8333333333333334
12,627,639,52.25
143,160,303,1.118881118881119
13,58,71,4.461538461538462
24,347,371,14.458333333333334
44,667,711,15.159090909090908
28,212,240,7.571428571428571
17,235,252,13.823529411764707
13,345,358,26.53846153846154
36,1009,1045,28.02777777777778
14,368,382,26.285714285714285
7,202,209,28.857142857142858
353,244,597,0.6912181303116147
10,91,101,9.1
2,14,16,7.0
31,966,997,31.161290322580644
40,376,416,9.4
59,197,256,3.3389830508474576
29,336,365,11.586206896551724
103,229,332,2.2233009708737863
30,118,148,3.933333333333333
20,248,268,12.4
41,350,391,8.536585365853659
2,11,13,5.5
10,306,316,30.6
16,30,46,1.875
50,272,322,5.44
84,196,280,2.3333333333333335
18,292,310,16.22222222222222
1291,521,1812,0.40356312935708755
16,343,359,21.4375
61,173,234,2.8360655737704916
15,253,268,16.866666666666667
14,208,222,14.857142857142858
11,406,417,36.90909090909091
16,373,389,23.3125
8,312,320,39.0
218,338,556,1.5504587155963303
1957,26,1983,0.013285641287685232
45,81,126,1.8
301,433,734,1.4385382059800664
10,399,409,39.9
23,42,65,1.826086956521739
13,286,299,22.0
30,461,491,15.366666666666667
3336,439,3775,0.1315947242206235
36,1021,1057,28.36111111111111
1963,737,2700,0.37544574630667343
30,520,550,17.333333333333332
114,162,276,1.4210526315789473
422,329,751,0.7796208530805687
11,235,246,21.363636363636363
31,395,426,12.741935483870968
103,333,436,3.233009708737864
756,339,1095,0.44841269841269843
52,369,421,7.096153846153846
12,120,132,10.0
9,16,25,1.7777777777777777
15,80,95,5.333333333333333
82,426,508,5.195121951219512
10,538,548,53.8
53,367,420,6.9245283018867925
209,343,552,1.6411483253588517
127,454,581,3.574803149606299
7,181,188,25.857142857142858
87,319,406,3.6666666666666665
17,498,515,29.294117647058822
33,22,55,0.6666666666666666
33,75,108,2.272727272727273
7,227,234,32.42857142857143
55,58,113,1.0545454545454545
123,305,428,2.4796747967479673
3804,180,3984,0.0473186119873817
16,5,21,0.3125
18,373,391,20.72222222222222
1068,7,1075,0.006554307116104869
30,313,343,10.433333333333334
17,149,166,8.764705882352942
11,193,204,17.545454545454547
23,645,668,28.043478260869566
12,451,463,37.583333333333336
24,279,303,11.625
527,557,1084,1.0569259962049335
15,419,434,27.933333333333334
85,156,241,1.8352941176470587
17,364,381,21.41176470588235
158,437,595,2.7658227848101267
11,153,164,13.909090909090908
76,376,452,4.947368421052632
38,29,67,0.7631578947368421
12,435,447,36.25
14,309,323,22.071428571428573
92,890,982,9.673913043478262
225,532,757,2.3644444444444446
18,362,380,20.11111111111111
33,95,128,2.878787878787879
93,320,413,3.4408602150537635
617,210,827,0.34035656401944897
51,405,456,7.9411764705882355
1102,544,1646,0.49364791288566245
809,328,1137,0.4054388133498146
36,33,69,0.9166666666666666
19,626,645,32.94736842105263
28,184,212,6.571428571428571
786,73,859,0.09287531806615776
378,331,709,0.8756613756613757
18,154,172,8.555555555555555
136,238,374,1.75
72,316,388,4.388888888888889
2327,6,2333,0.002578427159432746
23,750,773,32.608695652173914
74,245,319,3.310810810810811
48,229,277,4.770833333333333
164,293,457,1.7865853658536586
28,570,598,20.357142857142858
7,327,334,46.714285714285715
21,246,267,11.714285714285714
19,124,143,6.526315789473684
338,994,1332,2.940828402366864
35,156,191,4.457142857142857
45,31,76,0.6888888888888889
31,29,60,0.9354838709677419
120,284,404,2.3666666666666667
11,448,459,40.72727272727273
12,317,329,26.416666666666668
92,229,321,2.489130434782609
42,233,275,5.5476190476190474
78,366,444,4.6923076923076925
20,205,225,10.25
27,375,402,13.88888888888889
215,297,512,1.3813953488372093
1482,90,1572,0.06072874493927125
20,254,274,12.7
34,488,522,14.352941176470589
22,679,701,30.863636363636363
14,47,61,3.357142857142857
37,270,307,7.297297297297297
187,817,1004,4.3689839572192515
81,11,92,0.13580246913580246
27,375,402,13.88888888888889
17,118,135,6.9411764705882355
2506,933,3439,0.3723064644852354
12,268,280,22.333333333333332
791,180,971,0.22756005056890014
27,166,193,6.148148148148148
25,87,112,3.48
7,405,412,57.857142857142854
35,306,341,8.742857142857142
20,66,86,3.3
39,31,70,0.7948717948717948
26,209,235,8.038461538461538
252,432,684,1.7142857142857142
41,125,166,3.048780487804878
53,561,614,10.584905660377359
92,341,433,3.7065217391304346
40,729,769,18.225
8,401,409,50.125
421,399,820,0.9477434679334917
37,438,475,11.837837837837839
21,329,350,15.666666666666666
150,337,487,2.2466666666666666
1313,228,1541,0.17364813404417365
12,263,275,21.916666666666668
16,415,431,25.9375
29,104,133,3.586206896551724
72,312,384,4.333333333333333
961,245,1206,0.25494276795005205
134,742,876,5.537313432835821
51,168,219,3.2941176470588234
56,365,421,6.517857142857143
7,319,326,45.57142857142857
2371,154,2525,0.0649514972585407
1679,892,2571,0.5312686122692079
7,139,146,19.857142857142858
10,345,355,34.5
13,85,98,6.538461538461538
89,57,146,0.6404494382022472
21,354,375,16.857142857142858
1451,1006,2457,0.6933149552033081
42,468,510,11.142857142857142
4,287,291,71.75
370,233,603,0.6297297297297297
55,22,77,0.4
9,223,232,24.77777777777778
827,221,1048,0.2672309552599758
149,495,644,3.3221476510067114
71,480,551,6.76056338028169
33,162,195,4.909090909090909
25,370,395,14.8
35,48,83,1.3714285714285714
2925,618,3543,0.21128205128205127
85,120,205,1.411764705882353
136,382,518,2.8088235294117645
392,409,801,1.0433673469387754
24,549,573,22.875
442,586,1028,1.3257918552036199
18,21,39,1.1666666666666667
32,419,451,13.09375
7,39,46,5.571428571428571
2906,249,3155,0.08568479008947007
8,317,325,39.625
172,455,627,2.645348837209302
260,612,872,2.353846153846154
15,55,70,3.6666666666666665
48,63,111,1.3125
11,362,373,32.90909090909091
38,210,248,5.526315789473684
10,116,126,11.6
526,266,792,0.5057034220532319
23,338,361,14.695652173913043
110,33,143,0.3
566,426,992,0.7526501766784452
122,330,452,2.7049180327868854
5,101,106,20.2
162,272,434,1.6790123456790123
119,540,659,4.53781512605042
1509,712,2221,0.47183565275016565
44,59,103,1.3409090909090908
13,309,322,23.76923076923077
1399,941,2340,0.6726233023588277
8,196,204,24.5
211,645,856,3.056872037914692
140,392,532,2.8
25,399,424,15.96
9,151,160,16.77777777777778
23,28,51,1.2173913043478262
19,146,165,7.684210526315789
386,670,1056,1.7357512953367875
43,343,386,7.976744186046512
2749,1016,3765,0.36958894143324844
5,133,138,26.6
11,114,125,10.363636363636363
941,140,1081,0.1487778958554729
2525,28,2553,0.011089108910891089
36,435,471,12.083333333333334
28,376,404,13.428571428571429
884,451,1335,0.5101809954751131
44,270,314,6.136363636363637
173,269,442,1.5549132947976878
42,232,274,5.523809523809524
10,283,293,28.3
94,426,520,4.531914893617022
31,893,924,28.806451612903224
36,36,72,1.0
2656,173,2829,0.0651355421686747
48,271,319,5.645833333333333
44,878,922,19.954545454545453
19,201,220,10.578947368421053
157,425,582,2.7070063694267517
22,35,57,1.5909090909090908
665,723,1388,1.087218045112782
44,878,922,19.954545454545453
140,587,727,4.192857142857143
631,455,1086,0.7210776545166403
102,43,145,0.4215686274509804
40,558,598,13.95
22,435,457,19.772727272727273
334,638,972,1.910179640718563
25,122,147,4.88
763,152,915,0.19921363040629095
144,470,614,3.263888888888889
15,251,266,16.733333333333334
2,11,13,5.5
25,198,223,7.92
12,560,572,46.666666666666664
1455,376,1831,0.2584192439862543
17,610,627,35.88235294117647
9,134,143,14.88888888888889
306,460,766,1.5032679738562091
10,434,444,43.4
21,823,844,39.19047619047619
7,126,133,18.0
38,91,129,2.3947368421052633
653,239,892,0.3660030627871363
17,312,329,18.352941176470587
322,404,726,1.2546583850931676
23,478,501,20.782608695652176
13,118,131,9.076923076923077
69,836,905,12.115942028985508
2013,32,2045,0.015896671634376552
6,768,774,128.0
12,294,306,24.5
52,272,324,5.230769230769231
501,105,606,0.20958083832335328
796,404,1200,0.507537688442211
418,793,1211,1.8971291866028708
560,324,884,0.5785714285714286
31,579,610,18.677419354838708
9,337,346,37.44444444444444
3,49,52,16.333333333333332
5,84,89,16.8
62,498,560,8.03225806451613
23,334,357,14.521739130434783
22,298,320,13.545454545454545
21,193,214,9.19047619047619
422,664,1086,1.5734597156398105
419,246,665,0.5871121718377088
25,32,57,1.28
18,18,36,1.0
738,239,977,0.3238482384823848
27,382,409,14.148148148148149
14,77,91,5.5
76,156,232,2.0526315789473686
16,339,355,21.1875
60,301,361,5.016666666666667
27,304,331,11.25925925925926
47,708,755,15.063829787234043
1193,547,1740,0.4585079631181894
15,29,44,1.9333333333333333
28,26,54,0.9285714285714286
12,1123,1135,93.58333333333333
328,254,582,0.774390243902439
67,26,93,0.3880597014925373
17,268,285,15.764705882352942
14,820,834,58.57142857142857
29,828,857,28.551724137931036
8,89,97,11.125
14,463,477,33.07142857142857
723,727,1450,1.0055325034578146
25,81,106,3.24
31,464,495,14.96774193548387
20,414,434,20.7
8,85,93,10.625
41,452,493,11.024390243902438
15,280,295,18.666666666666668
94,611,705,6.5
1362,960,2322,0.7048458149779736
24,241,265,10.041666666666666
26,362,388,13.923076923076923
16,102,118,6.375
458,366,824,0.7991266375545851
1810,278,2088,0.15359116022099448
1640,940,2580,0.573170731707317
25,526,551,21.04
28,511,539,18.25
241,441,682,1.829875518672199
55,394,449,7.163636363636364
2558,274,2832,0.10711493354182955
17,337,354,19.823529411764707
5,179,184,35.8
31,204,235,6.580645161290323
41,906,947,22.097560975609756
14,33,47,2.357142857142857
26,236,262,9.076923076923077
29,728,757,25.103448275862068
477,65,542,0.13626834381551362
67,359,426,5.358208955223881
18,226,244,12.555555555555555
638,568,1206,0.890282131661442
1529,111,1640,0.07259646827992151
7,293,300,41.857142857142854
24,928,952,38.666666666666664
3324,229,3553,0.06889290012033694
2779,165,2944,0.0593738754947823
170,601,771,3.5352941176470587
17,243,260,14.294117647058824
22,367,389,16.681818181818183
2,11,13,5.5
45,29,74,0.6444444444444445
9,149,158,16.555555555555557
432,588,1020,1.3611111111111112
368,259,627,0.7038043478260869
30,376,406,12.533333333333333
1059,141,1200,0.13314447592067988
34,627,661,18.441176470588236
2,11,13,5.5
26,423,449,16.26923076923077
309,322,631,1.0420711974110033
158,205,363,1.2974683544303798
30,554,584,18.466666666666665
33,603,636,18.272727272727273
39,480,519,12.307692307692308
19,400,419,21.05263157894737
769,35,804,0.045513654096228866
14,113,127,8.071428571428571
70,112,182,1.6
14,102,116,7.285714285714286
9,423,432,47.0
1121,186,1307,0.16592328278322926
43,364,407,8.465116279069768
31,434,465,14.0
85,244,329,2.8705882352941177
2,38,40,19.0
357,517,874,1.4481792717086834
17,137,154,8.058823529411764
9,555,564,61.666666666666664
12,260,272,21.666666666666668
98,599,697,6.112244897959184
29,346,375,11.931034482758621
23,369,392,16.043478260869566
2,252,254,126.0
9,395,404,43.888888888888886
38,546,584,14.368421052631579
161,566,727,3.515527950310559
37,430,467,11.621621621621621
8,288,296,36.0
13,363,376,27.923076923076923
23,446,469,19.391304347826086
181,129,310,0.712707182320442
304,153,457,0.5032894736842105
84,339,423,4.035714285714286
9,115,124,12.777777777777779
64,586,650,9.15625
42,387,429,9.214285714285714
70,506,576,7.228571428571429
1385,538,1923,0.3884476534296029
19,605,624,31.842105263157894
567,547,1114,0.9647266313932981
26,105,131,4.038461538461538
12,422,434,35.166666666666664
5,68,73,13.6
18,286,304,15.88888888888889
22,106,128,4.818181818181818
498,598,1096,1.2008032128514057
44,338,382,7.681818181818182
33,8,41,0.24242424242424243
22,182,204,8.272727272727273
7,118,125,16.857142857142858
11,395,406,35.90909090909091
238,661,899,2.777310924369748
880,131,1011,0.14886363636363636
23,217,240,9.434782608695652
146,35,181,0.23972602739726026
3,37,40,12.333333333333334
162,150,312,0.9259259259259259
2,38,40,19.0
450,600,1050,1.3333333333333333
5,508,513,101.6
75,318,393,4.24
39,271,310,6.948717948717949
12,283,295,23.583333333333332
430,587,1017,1.3651162790697675
24,562,586,23.416666666666668
32,425,457,13.28125
35,471,506,13.457142857142857
30,822,852,27.4
9,274,283,30.444444444444443
69,98,167,1.4202898550724639
232,108,340,0.46551724137931033
1840,179,2019,0.09728260869565217
1899,381,2280,0.20063191153238547
713,628,1341,0.8807854137447405
3,544,547,181.33333333333334
26,321,347,12.346153846153847
59,50,109,0.847457627118644
184,559,743,3.0380434782608696
16,137,153,8.5625
8,51,59,6.375
329,722,1051,2.1945288753799392
11,51,62,4.636363636363637
14,373,387,26.642857142857142
17,125,142,7.352941176470588
1775,19,1794,0.010704225352112675
112,90,202,0.8035714285714286
1311,246,1557,0.18764302059496568
54,577,631,10.685185185185185
12,49,61,4.083333333333333
10,286,296,28.6
15,90,105,6.0
22,80,102,3.6363636363636362
60,164,224,2.7333333333333334
184,143,327,0.7771739130434783
41,198,239,4.829268292682927
1192,495,1687,0.4152684563758389
296,323,619,1.0912162162162162
1052,945,1997,0.8982889733840305
641,202,843,0.31513260530421217
4,515,519,128.75
22,938,960,42.63636363636363
408,703,1111,1.7230392156862746
21,260,281,12.380952380952381
1822,35,1857,0.019209659714599342
25,157,182,6.28
10,151,161,15.1
19,92,111,4.842105263157895
7,342,349,48.857142857142854
14,274,288,19.571428571428573
16,156,172,9.75
1569,229,1798,0.14595283620140218
4,295,299,73.75
25,324,349,12.96
1308,574,1882,0.43883792048929665
18,182,200,10.11111111111111
863,902,1765,1.045191193511008
18,501,519,27.833333333333332
687,454,1141,0.660844250363901
14,310,324,22.142857142857142
50,757,807,15.14
320,288,608,0.9
2,11,13,5.5
10,45,55,4.5
17,216,233,12.705882352941176
2,33,35,16.5
186,850,1036,4.56989247311828
8,476,484,59.5
26,5,31,0.19230769230769232
15,280,295,18.666666666666668
99,156,255,1.5757575757575757
142,319,461,2.2464788732394365
369,80,449,0.21680216802168023
12,226,238,18.833333333333332
809,177,986,0.21878862793572312
32,140,172,4.375
75,94,169,1.2533333333333334
553,560,1113,1.0126582278481013
823,151,974,0.18347509113001215
1345,119,1464,0.08847583643122676
23,336,359,14.608695652173912
165,360,525,2.1818181818181817
21,382,403,18.19047619047619
218,101,319,0.463302752293578
341,827,1168,2.4252199413489737
283,955,1238,3.374558303886926
68,8,76,0.11764705882352941
51,501,552,9.823529411764707
1231,1003,2234,0.8147847278635256
431,146,577,0.33874709976798145
183,336,519,1.8360655737704918
358,204,562,0.5698324022346368
440,428,868,0.9727272727272728
21,357,378,17.0
154,457,611,2.9675324675324677
20,434,454,21.7
55,732,787,13.309090909090909
18,662,680,36.77777777777778
24,97,121,4.041666666666667
99,387,486,3.909090909090909
9,746,755,82.88888888888889
1102,924,2026,0.838475499092559
37,430,467,11.621621621621621
23,461,484,20.043478260869566
9,348,357,38.666666666666664
7,164,171,23.428571428571427
25,487,512,19.48
21,187,208,8.904761904761905
30,336,366,11.2
18,275,293,15.277777777777779
24,230,254,9.583333333333334
1478,805,2283,0.5446549391069012
892,169,1061,0.18946188340807174
239,277,516,1.1589958158995817
21,422,443,20.095238095238095
78,307,385,3.9358974358974357
733,373,1106,0.5088676671214188
27,133,160,4.925925925925926
13,794,807,61.07692307692308
1033,275,1308,0.26621490803484993
13,56,69,4.3076923076923075
12,198,210,16.5
86,40,126,0.46511627906976744
16,959,975,59.9375
15,145,160,9.666666666666666
78,357,435,4.576923076923077
365,474,839,1.2986301369863014
26,681,707,26.192307692307693
196,684,880,3.489795918367347
16,44,60,2.75
13,195,208,15.0
2,30,32,15.0
34,687,721,20.205882352941178
796,404,1200,0.507537688442211
15,213,228,14.2
292,17,309,0.05821917808219178
501,105,606,0.20958083832335328
17,72,89,4.235294117647059
27,253,280,9.37037037037037
55,264,319,4.8
2264,219,2483,0.09673144876325088
10,330,340,33.0
923,829,1752,0.8981581798483207
22,350,372,15.909090909090908
9,235,244,26.11111111111111
12,182,194,15.166666666666666
26,103,129,3.9615384615384617
72,407,479,5.652777777777778
684,675,1359,0.9868421052631579
147,927,1074,6.3061224489795915
16,215,231,13.4375
5,229,234,45.8
20,521,541,26.05
1014,395,1409,0.3895463510848126
23,294,317,12.782608695652174
6,144,150,24.0
15,47,62,3.1333333333333333
47,319,366,6.787234042553192
11,471,482,42.81818181818182
10,185,195,18.5
48,117,165,2.4375
172,329,501,1.9127906976744187
91,584,675,6.417582417582418
12,84,96,7.0
1040,1060,2100,1.0192307692307692
37,155,192,4.1891891891891895
115,1031,1146,8.965217391304348
49,337,386,6.877551020408164
12,87,99,7.25
793,958,1751,1.2080706179066836
58,405,463,6.982758620689655
9,335,344,37.22222222222222
24,682,706,28.416666666666668
19,364,383,19.157894736842106
20,177,197,8.85
10,140,150,14.0
14,301,315,21.5
1489,149,1638,0.10006715916722633
64,34,98,0.53125
64,312,376,4.875
1026,760,1786,0.7407407407407407
39,533,572,13.666666666666666
18,389,407,21.61111111111111
27,306,333,11.333333333333334
1190,884,2074,0.7428571428571429
318,296,614,0.9308176100628931
312,485,797,1.5544871794871795
16,681,697,42.5625
19,263,282,13.842105263157896
529,156,685,0.2948960302457467
271,1052,1323,3.8819188191881917
421,399,820,0.9477434679334917
57,904,961,15.859649122807017
200,10,210,0.05
19,427,446,22.473684210526315
60,1107,1167,18.45
190,162,352,0.8526315789473684
13,625,638,48.07692307692308
9,251,260,27.88888888888889
34,66,100,1.9411764705882353
59,341,400,5.779661016949152
97,29,126,0.29896907216494845
63,422,485,6.698412698412699
11,301,312,27.363636363636363
38,441,479,11.605263157894736
16,362,378,22.625
52,452,504,8.692307692307692
18,843,861,46.833333333333336
174,777,951,4.4655172413793105
131,436,567,3.3282442748091605
368,227,595,0.6168478260869565
9,439,448,48.77777777777778
50,151,201,3.02
2,11,13,5.5
17,90,107,5.294117647058823
11,313,324,28.454545454545453
131,268,399,2.045801526717557
12,148,160,12.333333333333334
575,747,1322,1.2991304347826087
10,140,150,14.0
54,633,687,11.722222222222221
18,148,166,8.222222222222221
232,80,312,0.3448275862068966
22,316,338,14.363636363636363
10,20,30,2.0
28,639,667,22.821428571428573
12,41,53,3.4166666666666665
2139,911,3050,0.42589995324918184
241,352,593,1.4605809128630705
24,30,54,1.25
42,16,58,0.38095238095238093
19,438,457,23.05263157894737
31,281,312,9.064516129032258
145,414,559,2.8551724137931034
192,4,196,0.020833333333333332
14,244,258,17.428571428571427
11,136,147,12.363636363636363
2325,434,2759,0.18666666666666668
37,574,611,15.513513513513514
358,394,752,1.100558659217877
26,97,123,3.730769230769231
16,77,93,4.8125
172,835,1007,4.854651162790698
23,56,79,2.4347826086956523
92,186,278,2.0217391304347827
23,40,63,1.7391304347826086
136,152,288,1.1176470588235294
9,122,131,13.555555555555555
47,375,422,7.9787234042553195
37,608,645,16.43243243243243
1219,709,1928,0.5816242821985234
813,703,1516,0.8646986469864698
33,507,540,15.363636363636363
59,197,256,3.3389830508474576
1353,189,1542,0.13968957871396895
57,751,808,13.175438596491228
706,720,1426,1.019830028328612
331,329,660,0.9939577039274925
48,126,174,2.625
39,32,71,0.8205128205128205
152,15,167,0.09868421052631579
26,112,138,4.3076923076923075
314,758,1072,2.4140127388535033
122,403,525,3.30327868852459
14,98,112,7.0
26,5,31,0.19230769230769232
136,905,1041,6.654411764705882
4,441,445,110.25
72,50,122,0.6944444444444444
127,587,714,4.622047244094488
65,327,392,5.030769230769231
77,364,441,4.7272727272727275
1051,238,1289,0.22645099904852523
110,181,291,1.6454545454545455
251,116,367,0.46215139442231074
352,97,449,0.2755681818181818
13,523,536,40.23076923076923
10,481,491,48.1
5,47,52,9.4
752,185,937,0.24601063829787234
3478,233,3711,0.06699252443933296
36,138,174,3.8333333333333335
41,30,71,0.7317073170731707
24,179,203,7.458333333333333
1221,188,1409,0.15397215397215397
14,249,263,17.785714285714285
150,294,444,1.96
9,298,307,33.111111111111114
33,645,678,19.545454545454547
289,178,467,0.615916955017301
24,434,458,18.083333333333332
8,167,175,20.875
40,357,397,8.925
41,719,760,17.536585365853657
12,460,472,38.333333333333336
31,349,380,11.258064516129032
101,324,425,3.207920792079208
11,256,267,23.272727272727273
9,232,241,25.77777777777778
455,400,855,0.8791208791208791
150,461,611,3.0733333333333333
12,32,44,2.6666666666666665
12,357,369,29.75
31,246,277,7.935483870967742
56,212,268,3.7857142857142856
1641,166,1807,0.10115783059110299
8,128,136,16.0
1147,427,1574,0.3722755013077594
100,561,661,5.61
90,783,873,8.7
1035,198,1233,0.19130434782608696
33,345,378,10.454545454545455
448,411,859,0.9174107142857143
17,541,558,31.823529411764707
495,452,947,0.9131313131313131
28,263,291,9.392857142857142
901,377,1278,0.4184239733629301
87,61,148,0.7011494252873564
105,408,513,3.8857142857142857
773,331,1104,0.4282018111254851
36,416,452,11.555555555555555
624,382,1006,0.6121794871794872
12,36,48,3.0
634,7,641,0.011041009463722398
11,14,25,1.2727272727272727
51,342,393,6.705882352941177
7,32,39,4.571428571428571
670,129,799,0.1925373134328358
12,847,859,70.58333333333333
17,260,277,15.294117647058824
644,799,1443,1.2406832298136645
5,73,78,14.6
52,45,97,0.8653846153846154
33,129,162,3.909090909090909
683,731,1414,1.0702781844802343
22,581,603,26.40909090909091
748,453,1201,0.6056149732620321
21,297,318,14.142857142857142
60,28,88,0.4666666666666667
37,466,503,12.594594594594595
85,111,196,1.3058823529411765
9,185,194,20.555555555555557
30,39,69,1.3
32,127,159,3.96875
47,34,81,0.723404255319149
26,416,442,16.0
125,564,689,4.512
9,70,79,7.777777777777778
10,71,81,7.1
4,11,15,2.75
349,242,591,0.6934097421203438
47,275,322,5.851063829787234
32,85,117,2.65625
19,400,419,21.05263157894737
26,260,286,10.0
11,369,380,33.54545454545455
1470,291,1761,0.19795918367346937
4,191,195,47.75
55,247,302,4.490909090909091
13,184,197,14.153846153846153
191,448,639,2.345549738219895
178,524,702,2.943820224719101
11,36,47,3.272727272727273
53,296,349,5.584905660377358
15,461,476,30.733333333333334
94,359,453,3.8191489361702127
14,57,71,4.071428571428571
226,489,715,2.163716814159292
134,285,419,2.126865671641791
51,438,489,8.588235294117647
4,312,316,78.0
51,22,73,0.43137254901960786
20,349,369,17.45
34,994,1028,29.235294117647058
61,489,550,8.01639344262295
18,315,333,17.5
24,92,116,3.8333333333333335
788,77,865,0.09771573604060914
168,203,371,1.2083333333333333
44,592,636,13.454545454545455
2770,26,2796,0.009386281588447653
5,286,291,57.2
31,943,974,30.419354838709676
47,41,88,0.8723404255319149
8,174,182,21.75
17,18,35,1.0588235294117647
106,42,148,0.39622641509433965
190,135,325,0.7105263157894737
17,102,119,6.0
23,48,71,2.0869565217391304
11,222,233,20.181818181818183
16,7,23,0.4375
22,93,115,4.2272727272727275
14,400,414,28.571428571428573
486,156,642,0.32098765432098764
2843,402,3245,0.14139992965177628
15,512,527,34.13333333333333
1057,623,1680,0.5894039735099338
58,575,633,9.913793103448276
1259,947,2206,0.7521842732327244
120,307,427,2.558333333333333
424,51,475,0.12028301886792453
52,602,654,11.576923076923077
400,129,529,0.3225
13,449,462,34.53846153846154
37,436,473,11.783783783783784
381,319,700,0.8372703412073491
107,924,1031,8.63551401869159
13,29,42,2.230769230769231
3716,95,3811,0.025565123789020452
46,306,352,6.6521739130434785
96,227,323,2.3645833333333335
38,4,42,0.10526315789473684
861,344,1205,0.3995354239256678
1347,56,1403,0.041573867854491464
2021,352,2373,0.17417120237506184
86,585,671,6.8023255813953485
849,274,1123,0.32273262661955243
16,6,22,0.375
24,30,54,1.25
59,15,74,0.2542372881355932
664,696,1360,1.0481927710843373
39,114,153,2.923076923076923
76,99,175,1.3026315789473684
108,380,488,3.5185185185185186
181,400,581,2.2099447513812156
489,148,637,0.30265848670756645
62,440,502,7.096774193548387
8,45,53,5.625
67,73,140,1.0895522388059702
71,355,426,5.0
157,589,746,3.751592356687898
63,368,431,5.841269841269841
576,659,1235,1.1440972222222223
3541,391,3932,0.11042078508895792
127,854,981,6.724409448818897
1516,163,1679,0.10751978891820581
40,662,702,16.55
125,986,1111,7.888
24,596,620,24.833333333333332
50,43,93,0.86
2067,16,2083,0.0077406869859700045
10,215,225,21.5
53,395,448,7.452830188679245
26,338,364,13.0
51,342,393,6.705882352941177
10,295,305,29.5
22,566,588,25.727272727272727
13,424,437,32.61538461538461
701,211,912,0.30099857346647646
670,901,1571,1.344776119402985
2,11,13,5.5
17,909,926,53.470588235294116
188,917,1105,4.877659574468085
1399,941,2340,0.6726233023588277
26,123,149,4.730769230769231
19,694,713,36.526315789473685
1006,478,1484,0.47514910536779326
124,445,569,3.588709677419355
18,936,954,52.0
18,294,312,16.333333333333332
29,901,930,31.06896551724138
36,41,77,1.1388888888888888
30,347,377,11.566666666666666
85,163,248,1.9176470588235295
88,405,493,4.6022727272727275
1787,922,2709,0.5159485170677113
30,823,853,27.433333333333334
31,444,475,14.32258064516129
976,815,1791,0.8350409836065574
105,872,977,8.304761904761905
557,277,834,0.49730700179533216
11,16,27,1.4545454545454546
1381,536,1917,0.388124547429399
13,241,254,18.53846153846154
140,569,709,4.064285714285714
585,17,602,0.02905982905982906
16,382,398,23.875
1478,294,1772,0.19891745602165087
12,223,235,18.583333333333332
37,196,233,5.297297297297297
50,844,894,16.88
542,353,895,0.6512915129151291
37,405,442,10.945945945945946
142,134,276,0.9436619718309859
22,374,396,17.0
8,118,126,14.75
2465,659,3124,0.26734279918864096
39,475,514,12.179487179487179
32,392,424,12.25
161,578,739,3.590062111801242
880,265,1145,0.30113636363636365
13,284,297,21.846153846153847
536,801,1337,1.4944029850746268
45,222,267,4.933333333333334
11,497,508,45.18181818181818
26,346,372,13.307692307692308
12,294,306,24.5
10,175,185,17.5
18,228,246,12.666666666666666
27,168,195,6.222222222222222
5,41,46,8.2
80,583,663,7.2875
26,344,370,13.23076923076923
162,292,454,1.8024691358024691
1539,180,1719,0.11695906432748537
75,387,462,5.16
34,310,344,9.117647058823529
93,310,403,3.3333333333333335
183,438,621,2.3934426229508197
84,474,558,5.642857142857143
817,140,957,0.17135862913096694
14,117,131,8.357142857142858
16,398,414,24.875
54,732,786,13.555555555555555
12,238,250,19.833333333333332
172,803,975,4.6686046511627906
10,104,114,10.4
1233,178,1411,0.14436334144363341
8,26,34,3.25
2079,78,2157,0.03751803751803752
12,378,390,31.5
1680,764,2444,0.45476190476190476
1022,903,1925,0.8835616438356164
18,390,408,21.666666666666668
127,239,366,1.8818897637795275
16,330,346,20.625
11,406,417,36.90909090909091
17,288,305,16.941176470588236
37,69,106,1.864864864864865
91,94,185,1.032967032967033
50,43,93,0.86
9,52,61,5.777777777777778
12,87,99,7.25
133,386,519,2.9022556390977443
8,76,84,9.5
320,205,525,0.640625
952,200,1152,0.21008403361344538
17,389,406,22.88235294117647
22,35,57,1.5909090909090908
16,439,455,27.4375
22,124,146,5.636363636363637
1804,469,2273,0.25997782705099776
29,297,326,10.241379310344827
2788,85,2873,0.03048780487804878
11,300,311,27.272727272727273
27,320,347,11.851851851851851
106,492,598,4.6415094339622645
10,469,479,46.9
389,165,554,0.4241645244215938
1167,865,2032,0.7412167952013711
7,179,186,25.571428571428573
11,478,489,43.45454545454545
931,401,1332,0.43071965628356607
6,215,221,35.833333333333336
50,842,892,16.84
299,739,1038,2.471571906354515
96,655,751,6.822916666666667
2076,248,2324,0.11946050096339114
66,122,188,1.8484848484848484
1198,732,1930,0.6110183639398998
9,316,325,35.111111111111114
8,24,32,3.0
12,41,53,3.4166666666666665
24,199,223,8.291666666666666
76,226,302,2.973684210526316
10,259,269,25.9
276,203,479,0.7355072463768116
126,284,410,2.253968253968254
91,328,419,3.6043956043956045
1456,33,1489,0.022664835164835164
12,328,340,27.333333333333332
1009,988,1997,0.979187314172448
2002,775,2777,0.3871128871128871
68,39,107,0.5735294117647058
7,59,66,8.428571428571429
18,191,209,10.61111111111111
65,762,827,11.723076923076922
13,79,92,6.076923076923077
3416,16,3432,0.00468384074941452
17,652,669,38.35294117647059
11,173,184,15.727272727272727
16,809,825,50.5625
37,437,474,11.81081081081081
81,683,764,8.432098765432098
21,487,508,23.19047619047619
662,343,1005,0.5181268882175226
1301,936,2237,0.7194465795541891
57,188,245,3.2982456140350878
27,31,58,1.1481481481481481
52,577,629,11.096153846153847
11,207,218,18.818181818181817
18,108,126,6.0
14,184,198,13.142857142857142
3,358,361,119.33333333333333
218,92,310,0.42201834862385323
1719,86,1805,0.05002908667830134
46,246,292,5.3478260869565215
73,319,392,4.36986301369863
247,421,668,1.7044534412955465
4,12,16,3.0
21,706,727,33.61904761904762
34,576,610,16.941176470588236
92,532,624,5.782608695652174
163,460,623,2.8220858895705523
44,131,175,2.977272727272727
15,419,434,27.933333333333334
3,112,115,37.333333333333336
1412,432,1844,0.3059490084985836
10,325,335,32.5
504,225,729,0.44642857142857145
13,240,253,18.46153846153846
49,321,370,6.551020408163265
14,144,158,10.285714285714286
13,357,370,27.46153846153846
10,262,272,26.2
13,114,127,8.76923076923077
426,656,1082,1.539906103286385
13,167,180,12.846153846153847
62,197,259,3.1774193548387095
87,728,815,8.367816091954023
71,106,177,1.4929577464788732
16,931,947,58.1875
3,19,22,6.333333333333333
47,13,60,0.2765957446808511
262,63,325,0.24045801526717558
13,246,259,18.923076923076923
989,34,1023,0.034378159757330634
88,63,151,0.7159090909090909
62,241,303,3.8870967741935485
13,280,293,21.53846153846154
1034,984,2018,0.9516441005802708
1735,916,2651,0.5279538904899136
70,196,266,2.8
75,325,400,4.333333333333333
46,614,660,13.347826086956522
37,498,535,13.45945945945946
22,45,67,2.0454545454545454
39,265,304,6.794871794871795
474,414,888,0.8734177215189873
37,317,354,8.567567567567568
17,451,468,26.529411764705884
11,351,362,31.90909090909091
448,411,859,0.9174107142857143
9,348,357,38.666666666666664
75,86,161,1.1466666666666667
12,280,292,23.333333333333332
140,142,282,1.0142857142857142
40,526,566,13.15
16,94,110,5.875
2,25,27,12.5
17,316,333,18.58823529411765
14,335,349,23.928571428571427
22,112,134,5.090909090909091
2,12,14,6.0
39,498,537,12.76923076923077
2234,371,2605,0.16606982990152194
15,201,216,13.4
8,251,259,31.375
12,3,15,0.25
22,655,677,29.772727272727273
7,529,536,75.57142857142857
206,786,992,3.8155339805825244
57,87,144,1.5263157894736843
25,245,270,9.8
304,964,1268,3.1710526315789473
2331,152,2483,0.06520806520806521
2,11,13,5.5
30,337,367,11.233333333333333
617,510,1127,0.826580226904376
9,465,474,51.666666666666664
9,322,331,35.77777777777778
25,527,552,21.08
524,185,709,0.3530534351145038
21,413,434,19.666666666666668
506,340,846,0.6719367588932806
20,98,118,4.9
22,467,489,21.227272727272727
224,540,764,2.4107142857142856
10,140,150,14.0
56,278,334,4.964285714285714
331,692,1023,2.090634441087613
515,120,635,0.23300970873786409
3,12,15,4.0
2241,218,2459,0.09727800089245872
123,338,461,2.747967479674797
3957,3,3960,0.000758150113722517
27,258,285,9.555555555555555
9,32,41,3.5555555555555554
23,31,54,1.3478260869565217
179,322,501,1.7988826815642458
53,262,315,4.943396226415095
350,424,774,1.2114285714285715
10,212,222,21.2
130,136,266,1.0461538461538462
943,194,1137,0.20572640509013787
457,233,690,0.5098468271334792
15,287,302,19.133333333333333
89,259,348,2.9101123595505616
98,111,209,1.1326530612244898
9,418,427,46.44444444444444
21,532,553,25.333333333333332
197,23,220,0.116751269035533
15,262,277,17.466666666666665
16,421,437,26.3125
25,159,184,6.36
77,690,767,8.96103896103896
49,130,179,2.6530612244897958
3,12,15,4.0
3422,92,3514,0.026884862653419054
36,620,656,17.22222222222222
12,327,339,27.25
24,580,604,24.166666666666668
19,453,472,23.842105263157894
540,116,656,0.21481481481481482
251,325,576,1.294820717131474
18,270,288,15.0
17,594,611,34.94117647058823
8,212,220,26.5
20,30,50,1.5
16,178,194,11.125
2805,870,3675,0.31016042780748665
271,17,288,0.06273062730627306
16,124,140,7.75
100,375,475,3.75
13,35,48,2.6923076923076925
25,309,334,12.36
11,49,60,4.454545454545454
450,600,1050,1.3333333333333333
12,319,331,26.583333333333332
18,808,826,44.888888888888886
13,413,426,31.76923076923077
24,476,500,19.833333333333332
112,130,242,1.1607142857142858
7,282,289,40.285714285714285
12,226,238,18.833333333333332
2336,1006,3342,0.4306506849315068
53,425,478,8.018867924528301
26,270,296,10.384615384615385
22,344,366,15.636363636363637
21,376,397,17.904761904761905
7,183,190,26.142857142857142
68,919,987,13.514705882352942
2489,152,2641,0.061068702290076333
800,11,811,0.01375
834,53,887,0.06354916067146282
28,570,598,20.357142857142858
45,623,668,13.844444444444445
58,484,542,8.344827586206897
33,593,626,17.96969696969697
92,398,490,4.326086956521739
22,405,427,18.40909090909091
49,306,355,6.244897959183674
20,375,395,18.75
14,513,527,36.642857142857146
2314,45,2359,0.01944684528954192
2,11,13,5.5
31,495,526,15.96774193548387
260,6,266,0.023076923076923078
298,587,885,1.9697986577181208
15,41,56,2.7333333333333334
73,403,476,5.52054794520548
28,212,240,7.571428571428571
3,318,321,106.0
23,792,815,34.43478260869565
2,15,17,7.5
20,868,888,43.4
52,342,394,6.576923076923077
15,262,277,17.466666666666665
2,12,14,6.0
32,368,400,11.5
13,138,151,10.615384615384615
68,342,410,5.029411764705882
145,521,666,3.593103448275862
21,387,408,18.428571428571427
911,496,1407,0.544456641053787
7,223,230,31.857142857142858
887,807,1694,0.9098083427282976
67,808,875,12.059701492537313
16,60,76,3.75
7,344,351,49.142857142857146
10,251,261,25.1
432,535,967,1.2384259259259258
15,633,648,42.2
185,19,204,0.10270270270270271
890,601,1491,0.6752808988764045
3049,217,3266,0.07117087569694983
166,845,1011,5.090361445783133
191,122,313,0.6387434554973822
670,901,1571,1.344776119402985
82,5,87,0.06097560975609756
17,619,636,36.411764705882355
6,145,151,24.166666666666668
59,339,398,5.745762711864407
32,117,149,3.65625
1276,619,1895,0.48510971786833856
64,391,455,6.109375
25,269,294,10.76
13,285,298,21.923076923076923
27,119,146,4.407407407407407
15,348,363,23.2
26,627,653,24.115384615384617
308,45,353,0.1461038961038961
495,452,947,0.9131313131313131
10,685,695,68.5
72,330,402,4.583333333333333
124,76,200,0.6129032258064516
41,817,858,19.926829268292682
36,294,330,8.166666666666666
55,35,90,0.6363636363636364
1322,791,2113,0.5983358547655068
57,668,725,11.719298245614034
12,328,340,27.333333333333332
177,727,904,4.107344632768362
2,11,13,5.5
35,344,379,9.82857142857143
26,84,110,3.230769230769231
16,180,196,11.25
46,48,94,1.0434782608695652
443,443,886,1.0
76,869,945,11.43421052631579
71,31,102,0.43661971830985913
91,470,561,5.164835164835165
10,29,39,2.9
7,211,218,30.142857142857142
26,318,344,12.23076923076923
116,299,415,2.5775862068965516
10,608,618,60.8
65,196,261,3.0153846153846153
1083,14,1097,0.012927054478301015
10,326,336,32.6
144,479,623,3.326388888888889
36,838,874,23.27777777777778
961,582,1543,0.6056191467221644
6,324,330,54.0
14,118,132,8.428571428571429
94,483,577,5.138297872340425
28,419,447,14.964285714285714
9,153,162,17.0
140,170,310,1.2142857142857142
11,107,118,9.727272727272727
19,282,301,14.842105263157896
39,419,458,10.743589743589743
12,240,252,20.0
2438,190,2628,0.07793273174733388
1040,1060,2100,1.0192307692307692
2,40,42,20.0
253,150,403,0.5928853754940712
18,611,629,33.94444444444444
15,277,292,18.466666666666665
20,128,148,6.4
22,235,257,10.681818181818182
19,173,192,9.105263157894736
36,550,586,15.277777777777779
27,177,204,6.555555555555555
34,292,326,8.588235294117647
14,274,288,19.571428571428573
50,516,566,10.32
58,219,277,3.7758620689655173
12,282,294,23.5
23,738,761,32.08695652173913
14,114,128,8.142857142857142
50,892,942,17.84
58,408,466,7.0344827586206895
47,131,178,2.7872340425531914
1135,107,1242,0.09427312775330396
17,190,207,11.176470588235293
2,11,13,5.5
542,172,714,0.3173431734317343
35,136,171,3.8857142857142857
95,168,263,1.768421052631579
19,5,24,0.2631578947368421
41,479,520,11.682926829268293
71,49,120,0.6901408450704225
10,372,382,37.2
9,395,404,43.888888888888886
29,394,423,13.586206896551724
392,192,584,0.4897959183673469
44,481,525,10.931818181818182
203,331,534,1.6305418719211822
10,244,254,24.4
17,167,184,9.823529411764707
36,98,134,2.7222222222222223
8,457,465,57.125
20,387,407,19.35
15,379,394,25.266666666666666
17,117,134,6.882352941176471
31,285,316,9.193548387096774
23,194,217,8.434782608695652
67,100,167,1.492537313432836
73,503,576,6.890410958904109
86,914,1000,10.627906976744185
89,584,673,6.561797752808989
15,348,363,23.2
13,184,197,14.153846153846153
1355,168,1523,0.12398523985239852
24,269,293,11.208333333333334
371,19,390,0.05121293800539083
4,210,214,52.5
38,252,290,6.631578947368421
18,474,492,26.333333333333332
6,188,194,31.333333333333332
7,313,320,44.714285714285715
32,589,621,18.40625
158,267,425,1.6898734177215189
26,366,392,14.076923076923077
380,735,1115,1.9342105263157894
98,454,552,4.63265306122449
10,441,451,44.1
334,195,529,0.5838323353293413
10,207,217,20.7
162,272,434,1.6790123456790123
487,691,1178,1.4188911704312115
9,172,181,19.11111111111111
24,208,232,8.666666666666666
756,967,1723,1.279100529100529
166,39,205,0.23493975903614459
55,303,358,5.509090909090909
53,447,500,8.433962264150944
4,160,164,40.0
834,38,872,0.045563549160671464
545,316,861,0.5798165137614679
285,470,755,1.6491228070175439
460,34,494,0.07391304347826087
140,244,384,1.7428571428571429
9,686,695,76.22222222222223
77,41,118,0.5324675324675324
109,398,507,3.6513761467889907
14,116,130,8.285714285714286
71,142,213,2.0
19,196,215,10.31578947368421
1859,397,2256,0.21355567509413664
16,60,76,3.75
21,855,876,40.714285714285715
47,477,524,10.148936170212766
115,202,317,1.7565217391304349
682,131,813,0.19208211143695014
26,429,455,16.5
24,420,444,17.5
132,50,182,0.3787878787878788
453,375,828,0.8278145695364238
18,389,407,21.61111111111111
11,88,99,8.0
10,209,219,20.9
162,750,912,4.62962962962963
2461,907,3368,0.3685493701747257
92,264,356,2.869565217391304
52,387,439,7.4423076923076925
13,388,401,29.846153846153847
86,12,98,0.13953488372093023
57,894,951,15.68421052631579
21,185,206,8.80952380952381
2751,57,2808,0.020719738276990186
7,119,126,17.0
29,406,435,14.0
25,332,357,13.28
22,250,272,11.363636363636363
2718,920,3638,0.3384841795437822
151,485,636,3.2119205298013247
2,245,247,122.5
14,417,431,29.785714285714285
46,84,130,1.826086956521739
28,229,257,8.178571428571429
31,22,53,0.7096774193548387
112,235,347,2.0982142857142856
24,476,500,19.833333333333332
21,131,152,6.238095238095238
30,660,690,22.0
10,223,233,22.3
1252,285,1537,0.22763578274760382
19,15,34,0.7894736842105263
24,421,445,17.541666666666668
32,245,277,7.65625
294,9,303,0.030612244897959183
475,181,656,0.38105263157894737
20,275,295,13.75
122,29,151,0.23770491803278687
80,123,203,1.5375
89,415,504,4.662921348314606
187,496,683,2.6524064171122994
105,395,500,3.761904761904762
16,125,141,7.8125
2899,389,3288,0.13418420144877544
88,397,485,4.511363636363637
19,151,170,7.947368421052632
122,480,602,3.9344262295081966
875,225,1100,0.2571428571428571
41,489,530,11.926829268292684
13,326,339,25.076923076923077
1322,791,2113,0.5983358547655068
2,12,14,6.0
466,828,1294,1.7768240343347639
64,276,340,4.3125
2,11,13,5.5
1886,569,2455,0.3016967126193001
1387,666,2053,0.4801730353280461
16,246,262,15.375
45,939,984,20.866666666666667
12,144,156,12.0
546,808,1354,1.47985347985348
271,508,779,1.8745387453874538
57,259,316,4.543859649122807
125,260,385,2.08
21,171,192,8.142857142857142
29,332,361,11.448275862068966
85,244,329,2.8705882352941177
1060,8,1068,0.007547169811320755
32,143,175,4.46875
16,360,376,22.5
122,34,156,0.2786885245901639
54,97,151,1.7962962962962963
1747,882,2629,0.5048654836863194
32,359,391,11.21875
14,125,139,8.928571428571429
119,369,488,3.100840336134454
12,188,200,15.666666666666666
74,85,159,1.1486486486486487
65,58,123,0.8923076923076924
292,628,920,2.1506849315068495
12,339,351,28.25
17,307,324,18.058823529411764
29,39,68,1.3448275862068966
61,576,637,9.442622950819672
108,332,440,3.074074074074074
23,162,185,7.043478260869565
20,105,125,5.25
28,140,168,5.0
135,141,276,1.0444444444444445
10,375,385,37.5
37,87,124,2.3513513513513513
57,306,363,5.368421052631579
7,355,362,50.714285714285715
6,425,431,70.83333333333333
10,462,472,46.2
25,435,460,17.4
2748,57,2805,0.02074235807860262
8,236,244,29.5
24,261,285,10.875
17,14,31,0.8235294117647058
220,262,482,1.190909090909091
335,326,661,0.9731343283582089
258,21,279,0.08139534883720931
11,142,153,12.909090909090908
161,108,269,0.6708074534161491
197,237,434,1.2030456852791878
18,390,408,21.666666666666668
22,367,389,16.681818181818183
499,318,817,0.6372745490981964
813,388,1201,0.47724477244772445
11,138,149,12.545454545454545
468,234,702,0.5
72,622,694,8.63888888888889
19,329,348,17.31578947368421
26,597,623,22.96153846153846
40,271,311,6.775
14,132,146,9.428571428571429
97,453,550,4.670103092783505
82,204,286,2.4878048780487805
223,192,415,0.8609865470852018
18,301,319,16.72222222222222
18,151,169,8.38888888888889
48,74,122,1.5416666666666667
49,294,343,6.0
25,1053,1078,42.12
14,320,334,22.857142857142858
29,608,637,20.96551724137931
894,422,1316,0.4720357941834452
37,780,817,21.08108108108108
47,48,95,1.0212765957446808
292,214,506,0.7328767123287672
110,349,459,3.172727272727273
41,460,501,11.21951219512195
34,395,429,11.617647058823529
9,283,292,31.444444444444443
279,490,769,1.7562724014336917
29,448,477,15.448275862068966
6,738,744,123.0
283,345,628,1.2190812720848057
1228,277,1505,0.2255700325732899
28,72,100,2.5714285714285716
236,5,241,0.0211864406779661
21,356,377,16.952380952380953
11,368,379,33.45454545454545
126,163,289,1.2936507936507937
37,357,394,9.64864864864865
79,328,407,4.151898734177215
92,532,624,5.782608695652174
152,11,163,0.07236842105263158
11,257,268,23.363636363636363
805,204,1009,0.253416149068323
129,40,169,0.31007751937984496
171,238,409,1.391812865497076
17,188,205,11.058823529411764
12,290,302,24.166666666666668
24,658,682,27.416666666666668
94,319,413,3.393617021276596
12,367,379,30.583333333333332
9,62,71,6.888888888888889
51,219,270,4.294117647058823
305,258,563,0.8459016393442623
18,122,140,6.777777777777778
443,122,565,0.27539503386004516
2,11,13,5.5
10,45,55,4.5
40,639,679,15.975
16,86,102,5.375
57,14,71,0.24561403508771928
1218,597,1815,0.49014778325123154
8,336,344,42.0
110,10,120,0.09090909090909091
88,604,692,6.863636363636363
73,460,533,6.301369863013699
248,416,664,1.6774193548387097
22,381,403,17.318181818181817
136,405,541,2.9779411764705883
17,385,402,22.647058823529413
47,281,328,5.9787234042553195
34,375,409,11.029411764705882
95,565,660,5.947368421052632
3,352,355,117.33333333333333
6,152,158,25.333333333333332
16,28,44,1.75
8,356,364,44.5
68,903,971,13.279411764705882
23,859,882,37.34782608695652
348,163,511,0.46839080459770116
157,142,299,0.9044585987261147
57,751,808,13.175438596491228
16,589,605,36.8125
43,431,474,10.023255813953488
134,150,284,1.1194029850746268
1745,217,1962,0.12435530085959885
4,37,41,9.25
4,369,373,92.25
21,520,541,24.761904761904763
17,723,740,42.529411764705884
13,124,137,9.538461538461538
43,473,516,11.0
191,122,313,0.6387434554973822
342,155,497,0.45321637426900585
11,242,253,22.0
2036,168,2204,0.0825147347740668
15,512,527,34.13333333333333
424,908,1332,2.141509433962264
66,59,125,0.8939393939393939
61,508,569,8.327868852459016
332,330,662,0.9939759036144579
49,674,723,13.755102040816327
11,115,126,10.454545454545455
43,342,385,7.953488372093023
48,486,534,10.125
36,345,381,9.583333333333334
500,10,510,0.02
350,846,1196,2.4171428571428573
13,374,387,28.76923076923077
14,231,245,16.5
1230,597,1827,0.4853658536585366
3630,106,3736,0.029201101928374655
11,11,22,1.0
65,72,137,1.1076923076923078
4,30,34,7.5
217,382,599,1.76036866359447
35,374,409,10.685714285714285
304,12,316,0.039473684210526314
455,400,855,0.8791208791208791
83,499,582,6.0120481927710845
20,147,167,7.35
24,291,315,12.125
135,160,295,1.1851851851851851
14,536,550,38.285714285714285
932,323,1255,0.3465665236051502
308,46,354,0.14935064935064934
1223,594,1817,0.4856909239574816
9,18,27,2.0
19,667,686,35.10526315789474
142,91,233,0.6408450704225352
43,114,157,2.6511627906976742
26,425,451,16.346153846153847
93,84,177,0.9032258064516129
11,187,198,17.0
20,263,283,13.15
33,313,346,9.484848484848484
847,327,1174,0.3860684769775679
10,69,79,6.9
16,936,952,58.5
742,33,775,0.0444743935309973
11,213,224,19.363636363636363
87,444,531,5.103448275862069
23,194,217,8.434782608695652
42,211,253,5.023809523809524
371,178,549,0.4797843665768194
13,293,306,22.53846153846154
572,3,575,0.005244755244755245
11,122,133,11.090909090909092
104,833,937,8.009615384615385
560,115,675,0.20535714285714285
681,4,685,0.005873715124816446
485,384,869,0.7917525773195876
13,348,361,26.76923076923077
22,11,33,0.5
41,410,451,10.0
29,91,120,3.1379310344827585
2268,712,2980,0.31393298059964725
32,79,111,2.46875
88,360,448,4.090909090909091
1044,605,1649,0.5795019157088123
107,111,218,1.0373831775700935
20,143,163,7.15
196,136,332,0.6938775510204082
10,103,113,10.3
39,29,68,0.7435897435897436
15,106,121,7.066666666666666
12,87,99,7.25
30,436,466,14.533333333333333
4,20,24,5.0
959,314,1273,0.32742440041710114
14,540,554,38.57142857142857
526,266,792,0.5057034220532319
16,285,301,17.8125
3335,116,3451,0.034782608695652174
47,304,351,6.468085106382978
130,228,358,1.7538461538461538
87,362,449,4.160919540229885
55,44,99,0.8
26,370,396,14.23076923076923
443,367,810,0.8284424379232506
17,33,50,1.9411764705882353
6,286,292,47.666666666666664
25,205,230,8.2
1244,363,1607,0.29180064308681675
13,78,91,6.0
49,74,123,1.510204081632653
6,157,163,26.166666666666668
20,97,117,4.85
30,329,359,10.966666666666667
2094,68,2162,0.03247373447946514
7,119,126,17.0
253,33,286,0.13043478260869565
87,738,825,8.482758620689655
77,560,637,7.2727272727272725
13,79,92,6.076923076923077
11,223,234,20.272727272727273
17,604,621,35.529411764705884
25,36,61,1.44
1204,238,1442,0.19767441860465115
23,332,355,14.434782608695652
11,316,327,28.727272727272727
213,184,397,0.863849765258216
18,527,545,29.27777777777778
47,410,457,8.72340425531915
158,416,574,2.632911392405063
900,427,1327,0.47444444444444445
6,359,365,59.833333333333336
38,616,654,16.210526315789473
20,338,358,16.9
19,492,511,25.894736842105264
41,94,135,2.292682926829268
22,47,69,2.1363636363636362
23,225,248,9.782608695652174
12,258,270,21.5
41,265,306,6.463414634146342
1061,131,1192,0.1234684260131951
29,23,52,0.7931034482758621
17,691,708,40.64705882352941
2,11,13,5.5
11,810,821,73.63636363636364
436,48,484,0.11009174311926606
10,118,128,11.8
2,15,17,7.5
2542,222,2764,0.08733280881195908
24,532,556,22.166666666666668
61,131,192,2.1475409836065573
62,5,67,0.08064516129032258
778,360,1138,0.46272493573264784
15,361,376,24.066666666666666
18,574,592,31.88888888888889
721,449,1170,0.6227461858529819
5,348,353,69.6
12,116,128,9.666666666666666
139,196,335,1.410071942446043
10,267,277,26.7
2,11,13,5.5
9,195,204,21.666666666666668
13,306,319,23.53846153846154
30,822,852,27.4
2215,123,2338,0.05553047404063206
18,118,136,6.555555555555555
23,30,53,1.3043478260869565
8,364,372,45.5
57,467,524,8.192982456140351
537,201,738,0.3743016759776536
13,386,399,29.692307692307693
57,268,325,4.701754385964913
462,833,1295,1.803030303030303
631,433,1064,0.6862123613312203
1553,8,1561,0.0051513200257566
13,267,280,20.53846153846154
18,254,272,14.11111111111111
2989,8,2997,0.0026764804282368685
474,237,711,0.5
182,1017,1199,5.587912087912088
12,239,251,19.916666666666668
1613,5,1618,0.0030998140111593306
10,343,353,34.3
3630,106,3736,0.029201101928374655
468,77,545,0.16452991452991453
24,48,72,2.0
3,11,14,3.6666666666666665
11,51,62,4.636363636363637
195,200,395,1.0256410256410255
13,348,361,26.76923076923077
32,343,375,10.71875
216,95,311,0.4398148148148148
15,277,292,18.466666666666665
20,169,189,8.45
3,11,14,3.6666666666666665
22,428,450,19.454545454545453
2196,613,2809,0.279143897996357
32,501,533,15.65625
10,450,460,45.0
15,175,190,11.666666666666666
31,178,209,5.741935483870968
3784,211,3995,0.05576109936575053
95,49,144,0.5157894736842106
624,382,1006,0.6121794871794872
237,54,291,0.22784810126582278
7,402,409,57.42857142857143
17,121,138,7.117647058823529
6,126,132,21.0
10,229,239,22.9
960,263,1223,0.27395833333333336
12,317,329,26.416666666666668
24,298,322,12.416666666666666
468,47,515,0.10042735042735043
8,428,436,53.5
20,350,370,17.5
6,42,48,7.0
11,287,298,26.09090909090909
192,117,309,0.609375
13,452,465,34.76923076923077
26,340,366,13.076923076923077
114,284,398,2.491228070175439
89,185,274,2.0786516853932584
852,196,1048,0.2300469483568075
240,316,556,1.3166666666666667
24,609,633,25.375
2130,16,2146,0.007511737089201878
526,51,577,0.09695817490494296
1084,208,1292,0.1918819188191882
37,130,167,3.5135135135135136
31,110,141,3.5483870967741935
24,110,134,4.583333333333333
1063,339,1402,0.31890874882408277
62,498,560,8.03225806451613
41,482,523,11.75609756097561
24,649,673,27.041666666666668
239,71,310,0.29707112970711297
258,420,678,1.627906976744186
275,816,1091,2.9672727272727273
16,436,452,27.25
21,55,76,2.619047619047619
21,336,357,16.0
4,315,319,78.75
22,949,971,43.13636363636363
17,790,807,46.470588235294116
1184,252,1436,0.21283783783783783
30,531,561,17.7
325,654,979,2.0123076923076924
9,185,194,20.555555555555557
209,116,325,0.5550239234449761
152,16,168,0.10526315789473684
48,250,298,5.208333333333333
26,540,566,20.76923076923077
16,109,125,6.8125
616,9,625,0.01461038961038961
2,191,193,95.5
1035,198,1233,0.19130434782608696
10,105,115,10.5
19,66,85,3.473684210526316
14,289,303,20.642857142857142
243,301,544,1.2386831275720165
13,349,362,26.846153846153847
292,373,665,1.2773972602739727
14,349,363,24.928571428571427
27,394,421,14.592592592592593
51,120,171,2.3529411764705883
74,415,489,5.608108108108108
14,70,84,5.0
141,198,339,1.4042553191489362
1301,936,2237,0.7194465795541891
16,159,175,9.9375
22,329,351,14.954545454545455
8,175,183,21.875
58,233,291,4.017241379310345
66,200,266,3.0303030303030303
64,427,491,6.671875
392,409,801,1.0433673469387754
144,234,378,1.625
94,158,252,1.6808510638297873
56,687,743,12.267857142857142
38,123,161,3.236842105263158
9,137,146,15.222222222222221
9,281,290,31.22222222222222
45,185,230,4.111111111111111
30,399,429,13.3
20,604,624,30.2
18,310,328,17.22222222222222
9,310,319,34.44444444444444
12,229,241,19.083333333333332
17,269,286,15.823529411764707
19,638,657,33.578947368421055
9,252,261,28.0
195,612,807,3.1384615384615384
14,250,264,17.857142857142858
221,371,592,1.6787330316742082
24,385,409,16.041666666666668
29,780,809,26.896551724137932
86,277,363,3.2209302325581395
21,597,618,28.428571428571427
18,47,65,2.611111111111111
12,348,360,29.0
56,285,341,5.089285714285714
381,319,700,0.8372703412073491
200,23,223,0.115
168,172,340,1.0238095238095237
25,433,458,17.32
248,110,358,0.4435483870967742
10,472,482,47.2
6,173,179,28.833333333333332
58,210,268,3.6206896551724137
38,630,668,16.57894736842105
12,285,297,23.75
19,298,317,15.68421052631579
39,292,331,7.487179487179487
45,338,383,7.511111111111111
16,574,590,35.875
508,56,564,0.11023622047244094
54,365,419,6.7592592592592595
22,303,325,13.772727272727273
30,204,234,6.8
319,490,809,1.536050156739812
20,510,530,25.5
17,25,42,1.4705882352941178
57,140,197,2.456140350877193
11,239,250,21.727272727272727
27,560,587,20.74074074074074
10,562,572,56.2
24,137,161,5.708333333333333
43,290,333,6.744186046511628
1151,187,1338,0.16246741963509992
513,692,1205,1.3489278752436646
15,487,502,32.46666666666667
438,903,1341,2.0616438356164384
11,127,138,11.545454545454545
11,129,140,11.727272727272727
18,39,57,2.1666666666666665
7,347,354,49.57142857142857
22,972,994,44.18181818181818
29,578,607,19.93103448275862
101,401,502,3.9702970297029703
14,200,214,14.285714285714286
12,456,468,38.0
43,353,396,8.209302325581396
3,33,36,11.0
90,67,157,0.7444444444444445
71,504,575,7.098591549295775
17,723,740,42.529411764705884
767,526,1293,0.6857887874837028
17,198,215,11.647058823529411
19,312,331,16.42105263157895
13,385,398,29.615384615384617
25,426,451,17.04
6,138,144,23.0
1375,387,1762,0.28145454545454546
2,11,13,5.5
10,441,451,44.1
25,402,427,16.08
25,236,261,9.44
98,694,792,7.081632653061225
54,577,631,10.685185185185185
30,306,336,10.2
260,81,341,0.31153846153846154
44,304,348,6.909090909090909
6,225,231,37.5
1898,642,2540,0.3382507903055848
15,213,228,14.2
8,140,148,17.5
11,252,263,22.90909090909091
2068,14,2082,0.006769825918762089
11,201,212,18.272727272727273
675,31,706,0.045925925925925926
32,494,526,15.4375
513,912,1425,1.7777777777777777
35,718,753,20.514285714285716
93,84,177,0.9032258064516129
296,128,424,0.43243243243243246
34,399,433,11.735294117647058
7,240,247,34.285714285714285
18,264,282,14.666666666666666
50,363,413,7.26
23,77,100,3.347826086956522
6,36,42,6.0
75,329,404,4.386666666666667
19,215,234,11.31578947368421
7,405,412,57.857142857142854
1159,76,1235,0.06557377049180328
2152,46,2198,0.02137546468401487
327,368,695,1.1253822629969419
4,421,425,105.25
24,346,370,14.416666666666666
10,279,289,27.9
840,8,848,0.009523809523809525
1085,7,1092,0.0064516129032258064
9,113,122,12.555555555555555
126,28,154,0.2222222222222222
50,261,311,5.22
55,944,999,17.163636363636364
17,378,395,22.235294117647058
44,216,260,4.909090909090909
2,384,386,192.0
19,304,323,16.0
138,149,287,1.0797101449275361
7,64,71,9.142857142857142
30,453,483,15.1
29,336,365,11.586206896551724
16,291,307,18.1875
88,246,334,2.7954545454545454
96,196,292,2.0416666666666665
7,23,30,3.2857142857142856
10,152,162,15.2
56,972,1028,17.357142857142858
53,512,565,9.660377358490566
148,349,497,2.358108108108108
51,459,510,9.0
37,517,554,13.972972972972974
35,306,341,8.742857142857142
10,344,354,34.4
138,253,391,1.8333333333333333
3142,143,3285,0.04551241247612985
14,18,32,1.2857142857142858
14,193,207,13.785714285714286
118,497,615,4.211864406779661
6,53,59,8.833333333333334
40,440,480,11.0
31,470,501,15.161290322580646
28,20,48,0.7142857142857143
67,257,324,3.8358208955223883
859,667,1526,0.7764842840512224
28,263,291,9.392857142857142
70,706,776,10.085714285714285
20,65,85,3.25
96,410,506,4.270833333333333
36,98,134,2.7222222222222223
3876,85,3961,0.021929824561403508
2,523,525,261.5
28,300,328,10.714285714285714
8,406,414,50.75
3,12,15,4.0
15,407,422,27.133333333333333
38,220,258,5.7894736842105265
33,282,315,8.545454545454545
22,370,392,16.818181818181817
42,284,326,6.761904761904762
29,218,247,7.517241379310345
8,162,170,20.25
114,324,438,2.8421052631578947
2059,670,2729,0.3254006799417193
168,470,638,2.7976190476190474
158,267,425,1.6898734177215189
23,297,320,12.91304347826087
2026,131,2157,0.06465942744323791
165,190,355,1.1515151515151516
12,330,342,27.5
10,367,377,36.7
15,376,391,25.066666666666666
40,59,99,1.475
33,95,128,2.878787878787879
132,75,207,0.5681818181818182
18,107,125,5.944444444444445
37,141,178,3.810810810810811
68,800,868,11.764705882352942
9,136,145,15.11111111111111
1166,399,1565,0.3421955403087479
360,260,620,0.7222222222222222
13,44,57,3.3846153846153846
36,267,303,7.416666666666667
24,289,313,12.041666666666666
1191,250,1441,0.20990764063811923
1078,169,1247,0.1567717996289425
14,898,912,64.14285714285714
1385,810,2195,0.5848375451263538
15,345,360,23.0
14,31,45,2.2142857142857144
15,388,403,25.866666666666667
37,208,245,5.621621621621622
32,108,140,3.375
3,435,438,145.0
99,957,1056,9.666666666666666
79,327,406,4.139240506329114
16,301,317,18.8125
21,68,89,3.238095238095238
10,851,861,85.1
47,950,997,20.21276595744681
137,479,616,3.4963503649635035
11,443,454,40.27272727272727
139,91,230,0.6546762589928058
71,754,825,10.619718309859154
110,367,477,3.3363636363636364
534,426,960,0.797752808988764
17,101,118,5.9411764705882355
1331,573,1904,0.43050338091660406
7,337,344,48.142857142857146
76,261,337,3.4342105263157894
309,152,461,0.4919093851132686
11,382,393,34.72727272727273
61,142,203,2.3278688524590163
32,172,204,5.375
10,342,352,34.2
6,38,44,6.333333333333333
11,66,77,6.0
57,562,619,9.859649122807017
26,369,395,14.192307692307692
29,300,329,10.344827586206897
26,304,330,11.692307692307692
131,603,734,4.603053435114504
13,85,98,6.538461538461538
9,338,347,37.55555555555556
29,348,377,12.0
1044,463,1507,0.4434865900383142
17,329,346,19.352941176470587
21,555,576,26.428571428571427
19,174,193,9.157894736842104
282,261,543,0.925531914893617
37,256,293,6.918918918918919
21,171,192,8.142857142857142
55,391,446,7.109090909090909
379,644,1023,1.6992084432717678
1167,247,1414,0.21165381319622964
16,500,516,31.25
9,116,125,12.88888888888889
103,274,377,2.6601941747572817
11,344,355,31.272727272727273
2,29,31,14.5
42,233,275,5.5476190476190474
36,27,63,0.75
12,199,211,16.583333333333332
31,299,330,9.64516129032258
44,472,516,10.727272727272727
1781,309,2090,0.17349803481190343
66,311,377,4.712121212121212
3,796,799,265.3333333333333
76,482,558,6.342105263157895
76,267,343,3.513157894736842
40,438,478,10.95
3,1035,1038,345.0
108,363,471,3.361111111111111
28,321,349,11.464285714285714
2264,219,2483,0.09673144876325088
18,938,956,52.111111111111114
560,54,614,0.09642857142857143
13,41,54,3.1538461538461537
18,106,124,5.888888888888889
117,494,611,4.222222222222222
64,555,619,8.671875
746,552,1298,0.739946380697051
93,84,177,0.9032258064516129
15,5,20,0.3333333333333333
91,580,671,6.373626373626373
8,83,91,10.375
14,535,549,38.214285714285715
63,245,308,3.888888888888889
13,20,33,1.5384615384615385
23,728,751,31.652173913043477
41,460,501,11.21951219512195
227,8,235,0.03524229074889868
14,184,198,13.142857142857142
526,67,593,0.12737642585551331
19,651,670,34.26315789473684
5,289,294,57.8
59,8,67,0.13559322033898305
54,701,755,12.981481481481481
40,612,652,15.3
76,253,329,3.3289473684210527
23,82,105,3.5652173913043477
11,115,126,10.454545454545455
417,727,1144,1.7434052757793765
31,943,974,30.419354838709676
62,710,772,11.451612903225806
75,218,293,2.9066666666666667
16,243,259,15.1875
5,271,276,54.2
7,84,91,12.0
262,569,831,2.1717557251908395
21,60,81,2.857142857142857
112,175,287,1.5625
1051,872,1923,0.829686013320647
2456,6,2462,0.0024429967426710096
20,438,458,21.9
39,8,47,0.20512820512820512
6,119,125,19.833333333333332
60,377,437,6.283333333333333
118,140,258,1.1864406779661016
6,22,28,3.6666666666666665
9,294,303,32.666666666666664
11,396,407,36.0
22,471,493,21.40909090909091
9,316,325,35.111111111111114
58,522,580,9.0
10,249,259,24.9
4,367,371,91.75
81,521,602,6.432098765432099
29,208,237,7.172413793103448
53,398,451,7.509433962264151
152,293,445,1.9276315789473684
36,280,316,7.777777777777778
14,706,720,50.42857142857143
89,257,346,2.8876404494382024
32,526,558,16.4375
18,364,382,20.22222222222222
233,607,840,2.6051502145922747
14,815,829,58.214285714285715
13,299,312,23.0
113,569,682,5.035398230088496
3416,16,3432,0.00468384074941452
85,180,265,2.1176470588235294
242,289,531,1.1942148760330578
25,31,56,1.24
469,914,1383,1.9488272921108742
446,302,748,0.6771300448430493
35,324,359,9.257142857142858
322,459,781,1.4254658385093169
177,203,380,1.1468926553672316
5,118,123,23.6
65,204,269,3.1384615384615384
9,18,27,2.0
18,417,435,23.166666666666668
26,64,90,2.4615384615384617
65,879,944,13.523076923076923
27,626,653,23.185185185185187
13,375,388,28.846153846153847
1407,242,1649,0.17199715707178392
12,24,36,2.0
1604,601,2205,0.37468827930174564
12,400,412,33.333333333333336
121,722,843,5.966942148760331
17,338,355,19.88235294117647
8,360,368,45.0
9,154,163,17.11111111111111
22,767,789,34.86363636363637
173,643,816,3.7167630057803467
15,366,381,24.4
3,249,252,83.0
14,368,382,26.285714285714285
703,713,1416,1.0142247510668563
3818,93,3911,0.02435830277632268
411,656,1067,1.5961070559610706
13,314,327,24.153846153846153
32,407,439,12.71875
21,171,192,8.142857142857142
132,964,1096,7.303030303030303
15,247,262,16.466666666666665
32,349,381,10.90625
349,695,1044,1.991404011461318
2,11,13,5.5
8,228,236,28.5
7,512,519,73.14285714285714
10,533,543,53.3
10,97,107,9.7
13,462,475,35.53846153846154
21,157,178,7.476190476190476
9,128,137,14.222222222222221
42,381,423,9.071428571428571
706,720,1426,1.019830028328612
319,889,1208,2.7868338557993733
43,593,636,13.790697674418604
13,43,56,3.3076923076923075
96,10,106,0.10416666666666667
2,11,13,5.5
27,530,557,19.62962962962963
2,11,13,5.5
70,135,205,1.9285714285714286
65,693,758,10.661538461538461
17,294,311,17.294117647058822
22,373,395,16.954545454545453
8,12,20,1.5
1911,1018,2929,0.532705389848247
107,277,384,2.588785046728972
24,350,374,14.583333333333334
9,21,30,2.3333333333333335
36,319,355,8.86111111111111
440,505,945,1.1477272727272727
21,415,436,19.761904761904763
15,151,166,10.066666666666666
8,174,182,21.75
193,488,681,2.528497409326425
1044,374,1418,0.35823754789272033
588,1117,1705,1.8996598639455782
412,139,551,0.33737864077669905
9,225,234,25.0
3202,422,3624,0.13179262960649593
3,32,35,10.666666666666666
17,255,272,15.0
59,868,927,14.711864406779661
32,462,494,14.4375
38,154,192,4.052631578947368
11,243,254,22.09090909090909
50,428,478,8.56
668,170,838,0.25449101796407186
29,176,205,6.068965517241379
2664,24,2688,0.009009009009009009
46,27,73,0.5869565217391305
52,258,310,4.961538461538462
1092,126,1218,0.11538461538461539
422,8,430,0.018957345971563982
470,502,972,1.0680851063829788
37,179,216,4.837837837837838
43,115,158,2.6744186046511627
81,349,430,4.308641975308642
311,71,382,0.2282958199356913
15,312,327,20.8
715,563,1278,0.7874125874125875
154,714,868,4.636363636363637
13,334,347,25.692307692307693
14,181,195,12.928571428571429
513,5,518,0.009746588693957114
236,845,1081,3.580508474576271
16,463,479,28.9375
209,856,1065,4.095693779904306
15,359,374,23.933333333333334
23,329,352,14.304347826086957
74,195,269,2.635135135135135
390,162,552,0.4153846153846154
353,300,653,0.8498583569405099
17,375,392,22.058823529411764
34,403,437,11.852941176470589
14,123,137,8.785714285714286
12,226,238,18.833333333333332
19,128,147,6.7368421052631575
101,411,512,4.069306930693069
7,85,92,12.142857142857142
13,263,276,20.23076923076923
23,582,605,25.304347826086957
23,63,86,2.739130434782609
54,198,252,3.6666666666666665
1956,272,2228,0.1390593047034765
53,140,193,2.641509433962264
124,600,724,4.838709677419355
8,136,144,17.0
10,241,251,24.1
93,70,163,0.7526881720430108
170,366,536,2.152941176470588
16,240,256,15.0
54,450,504,8.333333333333334
15,253,268,16.866666666666667
44,477,521,10.840909090909092
485,478,963,0.9855670103092784
106,196,302,1.849056603773585
78,306,384,3.923076923076923
745,146,891,0.1959731543624161
24,593,617,24.708333333333332
98,45,143,0.45918367346938777
18,298,316,16.555555555555557
31,299,330,9.64516129032258
1177,12,1189,0.010195412064570943
21,415,436,19.761904761904763
19,417,436,21.94736842105263
151,569,720,3.7682119205298013
49,388,437,7.918367346938775
36,152,188,4.222222222222222
61,745,806,12.21311475409836
8,524,532,65.5
131,30,161,0.22900763358778625
86,99,185,1.1511627906976745
389,165,554,0.4241645244215938
260,305,565,1.1730769230769231
15,80,95,5.333333333333333
830,342,1172,0.41204819277108434
2,11,13,5.5
39,459,498,11.76923076923077
32,424,456,13.25
91,268,359,2.9450549450549453
22,488,510,22.181818181818183
26,180,206,6.923076923076923
51,5,56,0.09803921568627451
24,36,60,1.5
49,488,537,9.959183673469388
10,625,635,62.5
186,226,412,1.2150537634408602
211,263,474,1.2464454976303319
12,52,64,4.333333333333333
14,280,294,20.0
18,93,111,5.166666666666667
57,246,303,4.315789473684211
33,488,521,14.787878787878787
265,1036,1301,3.909433962264151
28,546,574,19.5
150,186,336,1.24
15,288,303,19.2
87,979,1066,11.25287356321839
265,556,821,2.09811320754717
8,316,324,39.5
2117,242,2359,0.11431270666036844
22,511,533,23.227272727272727
293,404,697,1.378839590443686
74,454,528,6.135135135135135
552,313,865,0.5670289855072463
11,63,74,5.7272727272727275
34,98,132,2.8823529411764706
8,299,307,37.375
2,11,13,5.5
7,204,211,29.142857142857142
1187,304,1491,0.2561078348778433
315,313,628,0.9936507936507937
169,22,191,0.1301775147928994
18,282,300,15.666666666666666
8,172,180,21.5
167,393,560,2.3532934131736525
241,193,434,0.8008298755186722
8,454,462,56.75
14,345,359,24.642857142857142
55,332,387,6.036363636363636
67,139,206,2.074626865671642
42,446,488,10.619047619047619
241,362,603,1.5020746887966805
33,247,280,7.484848484848484
21,750,771,35.714285714285715
16,207,223,12.9375
9,361,370,40.111111111111114
12,98,110,8.166666666666666
2,11,13,5.5
31,277,308,8.935483870967742
34,421,455,12.382352941176471
10,58,68,5.8
16,170,186,10.625
171,238,409,1.391812865497076
439,288,727,0.6560364464692483
30,53,83,1.7666666666666666
58,612,670,10.551724137931034
9,90,99,10.0
160,207,367,1.29375
21,165,186,7.857142857142857
9,357,366,39.666666666666664
30,600,630,20.0
16,302,318,18.875
19,316,335,16.63157894736842
23,741,764,32.21739130434783
386,368,754,0.9533678756476683
18,477,495,26.5
4,268,272,67.0
32,445,477,13.90625
65,749,814,11.523076923076923
269,68,337,0.2527881040892193
32,321,353,10.03125
686,615,1301,0.8965014577259475
36,133,169,3.6944444444444446
24,369,393,15.375
239,860,1099,3.598326359832636
6,24,30,4.0
51,547,598,10.72549019607843
29,240,269,8.275862068965518
11,290,301,26.363636363636363
62,303,365,4.887096774193548
5,322,327,64.4
19,213,232,11.210526315789474
25,134,159,5.36
116,684,800,5.896551724137931
82,447,529,5.451219512195122
2,11,13,5.5
27,163,190,6.037037037037037
242,241,483,0.9958677685950413
43,29,72,0.6744186046511628
17,419,436,24.647058823529413
24,564,588,23.5
81,296,377,3.654320987654321
52,233,285,4.480769230769231
24,365,389,15.208333333333334
209,769,978,3.6794258373205744
158,217,375,1.3734177215189873
26,375,401,14.423076923076923
39,750,789,19.23076923076923
547,179,726,0.3272394881170018
772,356,1128,0.46113989637305697
229,276,505,1.205240174672489
2088,23,2111,0.011015325670498084
483,168,651,0.34782608695652173
31,399,430,12.870967741935484
35,103,138,2.942857142857143
181,44,225,0.2430939226519337
1221,15,1236,0.012285012285012284
308,45,353,0.1461038961038961
541,1015,1556,1.8761552680221811
9,40,49,4.444444444444445
9,68,77,7.555555555555555
51,201,252,3.9411764705882355
23,424,447,18.434782608695652
31,717,748,23.129032258064516
16,373,389,23.3125
800,562,1362,0.7025
40,182,222,4.55
34,347,381,10.205882352941176
13,266,279,20.46153846153846
56,183,239,3.267857142857143
874,812,1686,0.9290617848970252
45,335,380,7.444444444444445
34,47,81,1.3823529411764706
787,135,922,0.17153748411689962
18,808,826,44.888888888888886
19,253,272,13.31578947368421
408,703,1111,1.7230392156862746
46,498,544,10.826086956521738
27,110,137,4.074074074074074
21,30,51,1.4285714285714286
208,484,692,2.326923076923077
14,321,335,22.928571428571427
11,92,103,8.363636363636363
2231,424,2655,0.19004930524428507
125,643,768,5.144
19,104,123,5.473684210526316
26,326,352,12.538461538461538
21,210,231,10.0
8,327,335,40.875
48,389,437,8.104166666666666
2862,794,3656,0.2774283717679944
1416,517,1933,0.3651129943502825
23,320,343,13.91304347826087
108,332,440,3.074074074074074
13,184,197,14.153846153846153
10,26,36,2.6
88,594,682,6.75
15,506,521,33.733333333333334
20,305,325,15.25
404,175,579,0.43316831683168316
8,142,150,17.75
9,465,474,51.666666666666664
10,595,605,59.5
62,310,372,5.0
9,113,122,12.555555555555555
20,193,213,9.65
12,21,33,1.75
3260,141,3401,0.04325153374233129
79,961,1040,12.164556962025317
12,726,738,60.5
108,318,426,2.9444444444444446
14,314,328,22.428571428571427
14,402,416,28.714285714285715
34,380,414,11.176470588235293
32,831,863,25.96875
3362,249,3611,0.07406305770374777
982,94,1076,0.09572301425661914
34,190,224,5.588235294117647
114,403,517,3.5350877192982457
26,44,70,1.6923076923076923
6,475,481,79.16666666666667
47,319,366,6.787234042553192
105,127,232,1.2095238095238094
34,52,86,1.5294117647058822
4,250,254,62.5
72,181,253,2.513888888888889
57,302,359,5.298245614035087
26,483,509,18.576923076923077
733,334,1067,0.45566166439290584
154,132,286,0.8571428571428571
44,366,410,8.318181818181818
127,639,766,5.031496062992126
11,127,138,11.545454545454545
20,281,301,14.05
178,545,723,3.061797752808989
41,183,224,4.463414634146342
24,439,463,18.291666666666668
36,413,449,11.472222222222221
7,369,376,52.714285714285715
9,49,58,5.444444444444445
2160,296,2456,0.13703703703703704
5,108,113,21.6
98,906,1004,9.244897959183673
3,391,394,130.33333333333334
5,26,31,5.2
33,179,212,5.424242424242424
11,341,352,31.0
59,99,158,1.6779661016949152
40,937,977,23.425
12,137,149,11.416666666666666
9,323,332,35.888888888888886
15,175,190,11.666666666666666
12,39,51,3.25
10,106,116,10.6
15,138,153,9.2
34,616,650,18.11764705882353
83,203,286,2.4457831325301207
23,467,490,20.304347826086957
117,325,442,2.7777777777777777
19,331,350,17.42105263157895
2206,387,2593,0.17543064369900271
27,652,679,24.14814814814815
135,19,154,0.14074074074074075
13,349,362,26.846153846153847
1129,287,1416,0.254207263064659
29,246,275,8.482758620689655
55,303,358,5.509090909090909
243,81,324,0.3333333333333333
10,233,243,23.3
1810,278,2088,0.15359116022099448
294,331,625,1.1258503401360545
2,11,13,5.5
35,358,393,10.228571428571428
99,894,993,9.030303030303031
1463,6,1469,0.004101161995898838
35,393,428,11.228571428571428
35,160,195,4.571428571428571
67,230,297,3.4328358208955225
66,47,113,0.7121212121212122
60,216,276,3.6
27,464,491,17.185185185185187
57,423,480,7.421052631578948
58,644,702,11.10344827586207
1083,14,1097,0.012927054478301015
59,385,444,6.52542372881356
535,689,1224,1.2878504672897195
8,84,92,10.5
13,123,136,9.461538461538462
72,50,122,0.6944444444444444
10,508,518,50.8
40,612,652,15.3
164,358,522,2.182926829268293
13,184,197,14.153846153846153
1392,221,1613,0.15876436781609196
1548,334,1882,0.2157622739018088
49,592,641,12.081632653061224
126,681,807,5.404761904761905
227,8,235,0.03524229074889868
44,240,284,5.454545454545454
397,398,795,1.0025188916876575
45,364,409,8.088888888888889
20,338,358,16.9
5,38,43,7.6
91,428,519,4.7032967032967035
778,219,997,0.2814910025706941
24,237,261,9.875
54,522,576,9.666666666666666
93,160,253,1.7204301075268817
14,156,170,11.142857142857142
8,28,36,3.5
820,1324,2144,1.6146341463414635
50,362,412,7.24
38,282,320,7.421052631578948
8,17,25,2.125
48,185,233,3.8541666666666665
26,252,278,9.692307692307692
1453,195,1648,0.13420509291121818
130,421,551,3.2384615384615385
83,499,582,6.0120481927710845
463,206,669,0.4449244060475162
425,435,860,1.0235294117647058
47,459,506,9.76595744680851
31,201,232,6.483870967741935
6,111,117,18.5
117,604,721,5.162393162393163
30,112,142,3.7333333333333334
30,346,376,11.533333333333333
8,89,97,11.125
52,151,203,2.9038461538461537
11,339,350,30.818181818181817
53,478,531,9.018867924528301
9,259,268,28.77777777777778
2,12,14,6.0
36,380,416,10.555555555555555
73,1008,1081,13.808219178082192
54,470,524,8.703703703703704
10,309,319,30.9
14,515,529,36.785714285714285
412,168,580,0.4077669902912621
658,140,798,0.2127659574468085
4,771,775,192.75
37,183,220,4.945945945945946
7,79,86,11.285714285714286
44,414,458,9.409090909090908
13,467,480,35.92307692307692
67,218,285,3.253731343283582
79,340,419,4.30379746835443
35,340,375,9.714285714285714
103,914,1017,8.87378640776699
7,147,154,21.0
451,289,740,0.6407982261640798
705,520,1225,0.7375886524822695
10,69,79,6.9
22,518,540,23.545454545454547
95,446,541,4.6947368421052635
25,161,186,6.44
13,310,323,23.846153846153847
613,474,1087,0.7732463295269169
20,182,202,9.1
76,188,264,2.473684210526316
46,978,1024,21.26086956521739
38,124,162,3.263157894736842
100,642,742,6.42
25,92,117,3.68
6,596,602,99.33333333333333
70,570,640,8.142857142857142
16,199,215,12.4375
31,634,665,20.451612903225808
119,326,445,2.7394957983193278
70,111,181,1.5857142857142856
26,345,371,13.26923076923077
38,517,555,13.605263157894736
100,5,105,0.05
55,755,810,13.727272727272727
70,72,142,1.0285714285714285
13,420,433,32.30769230769231
18,154,172,8.555555555555555
30,519,549,17.3
2497,515,3012,0.20624749699639566
66,481,547,7.287878787878788
117,113,230,0.9658119658119658
2276,209,2485,0.09182776801405976
70,278,348,3.9714285714285715
2925,601,3526,0.20547008547008547
28,767,795,27.392857142857142
145,126,271,0.8689655172413793
148,426,574,2.8783783783783785
21,271,292,12.904761904761905
16,267,283,16.6875
10,212,222,21.2
15,5,20,0.3333333333333333
35,519,554,14.82857142857143
47,527,574,11.212765957446809
18,151,169,8.38888888888889
1225,292,1517,0.2383673469387755
436,328,764,0.7522935779816514
13,399,412,30.692307692307693
449,182,631,0.4053452115812918
181,56,237,0.30939226519337015
487,289,776,0.5934291581108829
3346,122,3468,0.03646144650328751
508,48,556,0.09448818897637795
130,229,359,1.7615384615384615
499,95,594,0.1903807615230461
6,283,289,47.166666666666664
17,256,273,15.058823529411764
31,416,447,13.419354838709678
23,74,97,3.217391304347826
18,310,328,17.22222222222222
1707,191,1898,0.11189220855301699
166,162,328,0.9759036144578314
73,214,287,2.9315068493150687
123,401,524,3.2601626016260163
17,86,103,5.0588235294117645
17,290,307,17.058823529411764
707,392,1099,0.5544554455445545
475,325,800,0.6842105263157895
210,724,934,3.447619047619048
148,126,274,0.8513513513513513
922,609,1531,0.6605206073752712
65,605,670,9.307692307692308
2238,190,2428,0.08489722966934764
505,399,904,0.7900990099009901
24,369,393,15.375
78,94,172,1.205128205128205
81,429,510,5.296296296296297
131,365,496,2.786259541984733
8,143,151,17.875
27,139,166,5.148148148148148
12,210,222,17.5
1394,37,1431,0.02654232424677188
310,25,335,0.08064516129032258
2337,569,2906,0.24347454000855798
24,347,371,14.458333333333334
15,210,225,14.0
62,26,88,0.41935483870967744
20,433,453,21.65
21,546,567,26.0
263,228,491,0.8669201520912547
3492,396,3888,0.1134020618556701
8,508,516,63.5
585,319,904,0.5452991452991452
24,873,897,36.375
300,85,385,0.2833333333333333
11,318,329,28.90909090909091
55,432,487,7.8545454545454545
11,271,282,24.636363636363637
33,633,666,19.181818181818183
843,1065,1908,1.2633451957295374
63,114,177,1.8095238095238095
22,363,385,16.5
13,123,136,9.461538461538462
96,52,148,0.5416666666666666
49,131,180,2.673469387755102
2084,936,3020,0.4491362763915547
12,191,203,15.916666666666666
18,686,704,38.111111111111114
57,613,670,10.75438596491228
48,85,133,1.7708333333333333
7,233,240,33.285714285714285
24,491,515,20.458333333333332
29,348,377,12.0
11,115,126,10.454545454545455
83,56,139,0.6746987951807228
59,49,108,0.8305084745762712
180,498,678,2.7666666666666666
417,191,608,0.4580335731414868
12,147,159,12.25
16,178,194,11.125
32,356,388,11.125
9,917,926,101.88888888888889
153,120,273,0.7843137254901961
17,188,205,11.058823529411764
17,452,469,26.58823529411765
2225,56,2281,0.025168539325842697
114,455,569,3.991228070175439
284,622,906,2.1901408450704225
15,374,389,24.933333333333334
10,207,217,20.7
324,1091,1415,3.367283950617284
833,929,1762,1.1152460984393757
883,476,1359,0.5390713476783692
83,554,637,6.674698795180723
2680,8,2688,0.0029850746268656717
394,781,1175,1.982233502538071
22,217,239,9.863636363636363
790,4,794,0.005063291139240506
196,61,257,0.3112244897959184
61,178,239,2.918032786885246
56,229,285,4.089285714285714
12,460,472,38.333333333333336
9,401,410,44.55555555555556
596,155,751,0.2600671140939597
94,250,344,2.6595744680851063
3,36,39,12.0
2408,4,2412,0.0016611295681063123
21,31,52,1.4761904761904763
58,270,328,4.655172413793103
69,264,333,3.8260869565217392
63,53,116,0.8412698412698413
30,254,284,8.466666666666667
102,62,164,0.6078431372549019
52,185,237,3.5576923076923075
32,359,391,11.21875
18,200,218,11.11111111111111
16,772,788,48.25
2568,112,2680,0.04361370716510903
19,404,423,21.263157894736842
636,405,1041,0.6367924528301887
1661,80,1741,0.048163756773028296
1153,757,1910,0.6565481352992194
65,126,191,1.9384615384615385
292,175,467,0.5993150684931506
23,39,62,1.6956521739130435
2,11,13,5.5
707,48,755,0.06789250353606789
9,266,275,29.555555555555557
26,499,525,19.192307692307693
24,713,737,29.708333333333332
2,801,803,400.5
14,706,720,50.42857142857143
21,109,130,5.190476190476191
39,863,902,22.128205128205128
81,243,324,3.0
9,292,301,32.44444444444444
27,411,438,15.222222222222221
26,343,369,13.192307692307692
42,297,339,7.071428571428571
1683,22,1705,0.013071895424836602
8,233,241,29.125
404,407,811,1.0074257425742574
78,321,399,4.115384615384615
24,221,245,9.208333333333334
266,909,1175,3.417293233082707
72,410,482,5.694444444444445
41,320,361,7.804878048780488
56,864,920,15.428571428571429
9,256,265,28.444444444444443
174,695,869,3.9942528735632186
18,945,963,52.5
12,502,514,41.833333333333336
1173,146,1319,0.12446717817561807
19,944,963,49.68421052631579
486,781,1267,1.6069958847736625
173,444,617,2.566473988439306
8,136,144,17.0
70,999,1069,14.271428571428572
14,599,613,42.785714285714285
21,245,266,11.666666666666666
57,894,951,15.68421052631579
18,232,250,12.88888888888889
17,259,276,15.235294117647058
46,588,634,12.782608695652174
15,220,235,14.666666666666666
36,424,460,11.777777777777779
12,303,315,25.25
427,8,435,0.01873536299765808
47,374,421,7.957446808510638
67,840,907,12.537313432835822
65,108,173,1.6615384615384616
7,23,30,3.2857142857142856
23,440,463,19.130434782608695
39,480,519,12.307692307692308
881,134,1015,0.15209988649262202
23,275,298,11.956521739130435
6,165,171,27.5
796,877,1673,1.1017587939698492
10,293,303,29.3
15,134,149,8.933333333333334
2554,223,2777,0.08731401722787784
13,160,173,12.307692307692308
588,64,652,0.10884353741496598
1023,255,1278,0.24926686217008798
16,505,521,31.5625
4,312,316,78.0
168,172,340,1.0238095238095237
701,211,912,0.30099857346647646
37,563,600,15.216216216216216
355,662,1017,1.8647887323943662
11,493,504,44.81818181818182
11,20,31,1.8181818181818181
17,76,93,4.470588235294118
295,87,382,0.29491525423728815
17,391,408,23.0
7,394,401,56.285714285714285
12,113,125,9.416666666666666
44,427,471,9.704545454545455
76,28,104,0.3684210526315789
19,533,552,28.05263157894737
10,51,61,5.1
20,451,471,22.55
4,13,17,3.25
16,103,119,6.4375
313,362,675,1.156549520766773
145,482,627,3.3241379310344827
2004,201,2205,0.10029940119760479
63,4,67,0.06349206349206349
15,616,631,41.06666666666667
13,17,30,1.3076923076923077
19,274,293,14.421052631578947
19,487,506,25.63157894736842
186,777,963,4.17741935483871
534,460,994,0.8614232209737828
1001,34,1035,0.03396603396603397
1399,941,2340,0.6726233023588277
39,104,143,2.6666666666666665
115,44,159,0.3826086956521739
792,26,818,0.03282828282828283
52,98,150,1.8846153846153846
10,421,431,42.1
14,190,204,13.571428571428571
13,369,382,28.384615384615383
1838,5,1843,0.002720348204570185
1165,1044,2209,0.896137339055794
38,237,275,6.2368421052631575
94,145,239,1.5425531914893618
4,384,388,96.0
22,33,55,1.5
702,466,1168,0.6638176638176638
25,789,814,31.56
2749,1016,3765,0.36958894143324844
12,278,290,23.166666666666668
15,520,535,34.666666666666664
19,694,713,36.526315789473685
542,705,1247,1.3007380073800738
2210,416,2626,0.18823529411764706
1235,398,1633,0.32226720647773277
56,153,209,2.732142857142857
15,275,290,18.333333333333332
728,71,799,0.09752747252747253
12,83,95,6.916666666666667
16,221,237,13.8125
534,263,797,0.49250936329588013
33,43,76,1.303030303030303
43,770,813,17.906976744186046
8,263,271,32.875
81,683,764,8.432098765432098
17,334,351,19.647058823529413
18,234,252,13.0
70,282,352,4.0285714285714285
571,423,994,0.7408056042031523
64,34,98,0.53125
17,413,430,24.294117647058822
211,358,569,1.6966824644549763
12,303,315,25.25
9,321,330,35.666666666666664
114,284,398,2.491228070175439
161,848,1009,5.267080745341615
1455,67,1522,0.04604810996563574
2213,251,2464,0.11342069588793494
7,20,27,2.857142857142857
20,571,591,28.55
166,863,1029,5.198795180722891
64,378,442,5.90625
28,392,420,14.0
2,11,13,5.5
8,206,214,25.75
22,315,337,14.318181818181818
7,255,262,36.42857142857143
23,320,343,13.91304347826087
596,309,905,0.5184563758389261
165,398,563,2.412121212121212
70,29,99,0.4142857142857143
7,147,154,21.0
63,266,329,4.222222222222222
84,216,300,2.5714285714285716
13,328,341,25.23076923076923
43,483,526,11.232558139534884
16,23,39,1.4375
56,517,573,9.232142857142858
28,276,304,9.857142857142858
991,469,1460,0.47325933400605447
102,602,704,5.901960784313726
13,450,463,34.61538461538461
242,525,767,2.169421487603306
1590,271,1861,0.17044025157232703
286,355,641,1.2412587412587412
29,242,271,8.344827586206897
107,400,507,3.7383177570093458
565,258,823,0.45663716814159294
13,405,418,31.153846153846153
24,281,305,11.708333333333334
83,493,576,5.9397590361445785
17,69,86,4.0588235294117645
116,580,696,5.0
119,102,221,0.8571428571428571
8,38,46,4.75
28,223,251,7.964285714285714
8,279,287,34.875
14,358,372,25.571428571428573
28,421,449,15.035714285714286
23,5,28,0.21739130434782608
871,209,1080,0.2399540757749713
12,601,613,50.083333333333336
14,192,206,13.714285714285714
36,72,108,2.0
12,305,317,25.416666666666668
71,144,215,2.028169014084507
435,640,1075,1.471264367816092
7,311,318,44.42857142857143
100,595,695,5.95
44,340,384,7.7272727272727275
6,152,158,25.333333333333332
22,102,124,4.636363636363637
100,417,517,4.17
28,49,77,1.75
35,102,137,2.914285714285714
18,268,286,14.88888888888889
69,484,553,7.0144927536231885
10,299,309,29.9
287,160,447,0.5574912891986062
2609,113,2722,0.04331161364507474
14,72,86,5.142857142857143
31,267,298,8.612903225806452
273,295,568,1.0805860805860805
18,477,495,26.5
1654,270,1924,0.16324062877871826
52,792,844,15.23076923076923
89,6,95,0.06741573033707865
2032,9,2041,0.0044291338582677165
44,190,234,4.318181818181818
379,903,1282,2.3825857519788918
3867,88,3955,0.022756658908714766
2441,35,2476,0.014338385907414994
15,99,114,6.6
738,431,1169,0.5840108401084011
8,15,23,1.875
5,591,596,118.2
16,376,392,23.5
16,38,54,2.375
14,274,288,19.571428571428573
1386,1067,2453,0.7698412698412699
48,1147,1195,23.895833333333332
10,166,176,16.6
14,379,393,27.071428571428573
471,770,1241,1.634819532908705
1071,541,1612,0.5051353874883286
160,223,383,1.39375
11,238,249,21.636363636363637
19,761,780,40.05263157894737
41,341,382,8.317073170731707
7,142,149,20.285714285714285
75,125,200,1.6666666666666667
42,919,961,21.88095238095238
167,182,349,1.089820359281437
3056,188,3244,0.061518324607329845
42,414,456,9.857142857142858
18,254,272,14.11111111111111
10,126,136,12.6
29,157,186,5.413793103448276
220,32,252,0.14545454545454545
79,454,533,5.746835443037975
59,512,571,8.677966101694915
11,498,509,45.27272727272727
11,262,273,23.818181818181817
21,171,192,8.142857142857142
2011,103,2114,0.051218299353555444
433,353,786,0.815242494226328
94,121,215,1.2872340425531914
509,215,724,0.4223968565815324
149,251,400,1.6845637583892616
353,969,1322,2.745042492917847
19,404,423,21.263157894736842
2,268,270,134.0
100,130,230,1.3
1595,858,2453,0.5379310344827586
18,376,394,20.88888888888889
14,202,216,14.428571428571429
1690,958,2648,0.5668639053254438
13,124,137,9.538461538461538
85,82,167,0.9647058823529412
30,886,916,29.533333333333335
32,71,103,2.21875
82,119,201,1.451219512195122
39,649,688,16.641025641025642
66,474,540,7.181818181818182
56,321,377,5.732142857142857
18,242,260,13.444444444444445
2876,16,2892,0.005563282336578581
11,245,256,22.272727272727273
47,404,451,8.595744680851064
14,122,136,8.714285714285714
7,522,529,74.57142857142857
49,31,80,0.6326530612244898
11,456,467,41.45454545454545
28,282,310,10.071428571428571
11,737,748,67.0
4,106,110,26.5
50,41,91,0.82
118,285,403,2.4152542372881354
15,734,749,48.93333333333333
35,371,406,10.6
137,129,266,0.9416058394160584
340,132,472,0.38823529411764707
28,271,299,9.678571428571429
16,462,478,28.875
115,44,159,0.3826086956521739
15,26,41,1.7333333333333334
10,136,146,13.6
1313,501,1814,0.38156892612338156
7,8,15,1.1428571428571428
19,270,289,14.210526315789474
31,312,343,10.064516129032258
55,299,354,5.4363636363636365
2692,170,2862,0.06315007429420505
113,335,448,2.9646017699115044
14,62,76,4.428571428571429
2,11,13,5.5
1634,34,1668,0.0208078335373317
37,36,73,0.972972972972973
48,551,599,11.479166666666666
357,105,462,0.29411764705882354
19,694,713,36.526315789473685
48,571,619,11.895833333333334
35,288,323,8.228571428571428
320,294,614,0.91875
2469,9,2478,0.0036452004860267314
58,219,277,3.7758620689655173
123,925,1048,7.520325203252033
19,151,170,7.947368421052632
7,247,254,35.285714285714285
15,341,356,22.733333333333334
18,153,171,8.5
10,208,218,20.8
7,195,202,27.857142857142858
1801,881,2682,0.48917268184342033
117,28,145,0.23931623931623933
12,349,361,29.083333333333332
290,811,1101,2.796551724137931
172,684,856,3.9767441860465116
11,308,319,28.0
12,847,859,70.58333333333333
68,221,289,3.25
46,320,366,6.956521739130435
2,11,13,5.5
61,446,507,7.311475409836065
33,413,446,12.515151515151516
47,34,81,0.723404255319149
4,108,112,27.0
70,472,542,6.742857142857143
156,516,672,3.3076923076923075
12,370,382,30.833333333333332
58,279,337,4.810344827586207
14,110,124,7.857142857142857
16,300,316,18.75
114,8,122,0.07017543859649122
163,177,340,1.0858895705521472
51,360,411,7.0588235294117645
12,177,189,14.75
548,785,1333,1.4324817518248176
113,456,569,4.035398230088496
76,174,250,2.289473684210526
12,163,175,13.583333333333334
2919,142,3061,0.048646796848235696
67,382,449,5.701492537313433
15,520,535,34.666666666666664
123,163,286,1.3252032520325203
7,113,120,16.142857142857142
11,271,282,24.636363636363637
4,24,28,6.0
25,94,119,3.76
13,237,250,18.23076923076923
7,38,45,5.428571428571429
25,54,79,2.16
62,710,772,11.451612903225806
12,343,355,28.583333333333332
67,11,78,0.16417910447761194
9,564,573,62.666666666666664
16,640,656,40.0
72,407,479,5.652777777777778
66,82,148,1.2424242424242424
48,191,239,3.9791666666666665
11,421,432,38.27272727272727
76,985,1061,12.960526315789474
39,86,125,2.2051282051282053
12,541,553,45.083333333333336
84,364,448,4.333333333333333
15,382,397,25.466666666666665
461,712,1173,1.5444685466377441
2274,102,2376,0.044854881266490766
657,262,919,0.3987823439878234
50,463,513,9.26
7,337,344,48.142857142857146
25,58,83,2.32
52,177,229,3.4038461538461537
1140,82,1222,0.07192982456140351
2336,1008,3344,0.4315068493150685
101,192,293,1.900990099009901
314,375,689,1.194267515923567
142,477,619,3.359154929577465
13,26,39,2.0
2013,59,2072,0.029309488325881768
7,59,66,8.428571428571429
20,83,103,4.15
558,4,562,0.007168458781362007
1087,742,1829,0.6826126954921803
8,283,291,35.375
108,208,316,1.9259259259259258
37,6,43,0.16216216216216217
11,477,488,43.36363636363637
7,300,307,42.857142857142854
33,633,666,19.181818181818183
29,608,637,20.96551724137931
1202,8,1210,0.0066555740432612314
24,697,721,29.041666666666668
1966,139,2105,0.07070193285859613
27,121,148,4.481481481481482
18,564,582,31.333333333333332
43,363,406,8.44186046511628
23,169,192,7.3478260869565215
24,155,179,6.458333333333333
100,477,577,4.77
21,422,443,20.095238095238095
34,467,501,13.735294117647058
8,25,33,3.125
7,6,13,0.8571428571428571
48,5,53,0.10416666666666667
124,305,429,2.4596774193548385
8,187,195,23.375
207,792,999,3.8260869565217392
56,782,838,13.964285714285714
11,311,322,28.272727272727273
20,769,789,38.45
94,198,292,2.106382978723404
43,497,540,11.55813953488372
496,921,1417,1.8568548387096775
33,348,381,10.545454545454545
2504,319,2823,0.1273961661341853
10,271,281,27.1
19,245,264,12.894736842105264
184,1041,1225,5.657608695652174
10,931,941,93.1
78,398,476,5.102564102564102
54,954,1008,17.666666666666668
43,6,49,0.13953488372093023
16,291,307,18.1875
28,590,618,21.071428571428573
208,588,796,2.826923076923077
317,709,1026,2.2365930599369084
19,219,238,11.526315789473685
12,519,531,43.25
10,124,134,12.4
7,276,283,39.42857142857143
2,351,353,175.5
10,343,353,34.3
35,1122,1157,32.05714285714286
178,215,393,1.2078651685393258
516,573,1089,1.1104651162790697
16,227,243,14.1875
2276,187,2463,0.08216168717047452
19,274,293,14.421052631578947
21,79,100,3.761904761904762
8,204,212,25.5
11,148,159,13.454545454545455
25,51,76,2.04
36,382,418,10.61111111111111
588,501,1089,0.8520408163265306
434,121,555,0.27880184331797236
21,462,483,22.0
10,462,472,46.2
38,378,416,9.947368421052632
17,446,463,26.235294117647058
23,219,242,9.521739130434783
135,661,796,4.896296296296296
671,438,1109,0.6527570789865872
59,551,610,9.338983050847459
78,954,1032,12.23076923076923
34,378,412,11.117647058823529
22,122,144,5.545454545454546
23,596,619,25.91304347826087
244,574,818,2.3524590163934427
261,215,476,0.8237547892720306
6,108,114,18.0
7,157,164,22.428571428571427
121,457,578,3.7768595041322315
13,417,430,32.07692307692308
1448,4,1452,0.0027624309392265192
10,121,131,12.1
163,297,460,1.822085889570552
2423,18,2441,0.007428807263722658
34,511,545,15.029411764705882
1937,5,1942,0.002581311306143521
80,107,187,1.3375
13,319,332,24.53846153846154
13,596,609,45.84615384615385
13,374,387,28.76923076923077
10,733,743,73.3
64,292,356,4.5625
25,117,142,4.68
9,33,42,3.6666666666666665
8,535,543,66.875
875,72,947,0.08228571428571428
54,527,581,9.75925925925926
174,162,336,0.9310344827586207
15,49,64,3.2666666666666666
234,192,426,0.8205128205128205
7,216,223,30.857142857142858
730,563,1293,0.7712328767123288
176,63,239,0.35795454545454547
66,59,125,0.8939393939393939
33,444,477,13.454545454545455
42,193,235,4.595238095238095
6,250,256,41.666666666666664
11,233,244,21.181818181818183
31,204,235,6.580645161290323
17,330,347,19.41176470588235
15,534,549,35.6
10,124,134,12.4
50,795,845,15.9
21,968,989,46.095238095238095
38,20,58,0.5263157894736842
18,47,65,2.611111111111111
112,268,380,2.392857142857143
22,487,509,22.136363636363637
58,230,288,3.9655172413793105
105,11,116,0.10476190476190476
316,492,808,1.5569620253164558
324,240,564,0.7407407407407407
386,386,772,1.0
56,442,498,7.892857142857143
62,326,388,5.258064516129032
13,989,1002,76.07692307692308
64,292,356,4.5625
20,604,624,30.2
13,180,193,13.846153846153847
41,600,641,14.634146341463415
15,343,358,22.866666666666667
35,24,59,0.6857142857142857
24,609,633,25.375
23,79,102,3.4347826086956523
452,606,1058,1.3407079646017699
126,276,402,2.1904761904761907
39,353,392,9.051282051282051
1253,817,2070,0.6520351157222666
140,149,289,1.0642857142857143
12,441,453,36.75
18,388,406,21.555555555555557
33,668,701,20.242424242424242
27,329,356,12.185185185185185
637,648,1285,1.0172684458398744
222,7,229,0.03153153153153153
1325,592,1917,0.4467924528301887
651,92,743,0.141321044546851
40,655,695,16.375
7,91,98,13.0
25,161,186,6.44
2238,777,3015,0.34718498659517427
84,564,648,6.714285714285714
14,173,187,12.357142857142858
24,420,444,17.5
1276,873,2149,0.6841692789968652
1463,6,1469,0.004101161995898838
9,254,263,28.22222222222222
21,442,463,21.047619047619047
11,47,58,4.2727272727272725
350,115,465,0.32857142857142857
26,249,275,9.576923076923077
14,394,408,28.142857142857142
3,12,15,4.0
215,275,490,1.2790697674418605
90,316,406,3.511111111111111
43,95,138,2.2093023255813953
1423,117,1540,0.08222066057624737
32,132,164,4.125
50,427,477,8.54
85,404,489,4.752941176470588
242,289,531,1.1942148760330578
12,85,97,7.083333333333333
251,325,576,1.294820717131474
422,944,1366,2.2369668246445498
10,638,648,63.8
1010,168,1178,0.16633663366336635
10,47,57,4.7
448,858,1306,1.9151785714285714
34,213,247,6.264705882352941
126,582,708,4.619047619047619
11,237,248,21.545454545454547
14,296,310,21.142857142857142
75,287,362,3.8266666666666667
684,132,816,0.19298245614035087
3025,598,3623,0.19768595041322315
43,196,239,4.558139534883721
443,452,895,1.020316027088036
27,38,65,1.4074074074074074
348,5,353,0.014367816091954023
16,362,378,22.625
74,807,881,10.905405405405405
2598,387,2985,0.1489607390300231
5,205,210,41.0
128,357,485,2.7890625
220,993,1213,4.513636363636364
12,110,122,9.166666666666666
102,43,145,0.4215686274509804
424,402,826,0.9481132075471698
77,112,189,1.4545454545454546
80,352,432,4.4
106,111,217,1.0471698113207548
46,65,111,1.4130434782608696
42,59,101,1.4047619047619047
1171,506,1677,0.43210930828351835
39,383,422,9.820512820512821
16,305,321,19.0625
257,478,735,1.859922178988327
32,586,618,18.3125
1394,82,1476,0.058823529411764705
318,46,364,0.14465408805031446
103,91,194,0.883495145631068
57,551,608,9.666666666666666
94,650,744,6.914893617021277
98,805,903,8.214285714285714
581,691,1272,1.189328743545611
13,418,431,32.15384615384615
20,130,150,6.5
21,464,485,22.095238095238095
14,342,356,24.428571428571427
464,259,723,0.5581896551724138
23,502,525,21.82608695652174
14,194,208,13.857142857142858
9,252,261,28.0
22,266,288,12.090909090909092
57,25,82,0.43859649122807015
21,419,440,19.952380952380953
147,97,244,0.6598639455782312
42,938,980,22.333333333333332
12,278,290,23.166666666666668
107,633,740,5.91588785046729
46,621,667,13.5
21,438,459,20.857142857142858
6,117,123,19.5
15,464,479,30.933333333333334
87,187,274,2.1494252873563218
117,204,321,1.7435897435897436
3957,3,3960,0.000758150113722517
1327,512,1839,0.3858327053504145
14,102,116,7.285714285714286
8,289,297,36.125
100,417,517,4.17
35,189,224,5.4
52,258,310,4.961538461538462
4,37,41,9.25
23,766,789,33.30434782608695
788,28,816,0.03553299492385787
26,681,707,26.192307692307693
23,277,300,12.043478260869565
10,53,63,5.3
62,181,243,2.9193548387096775
3705,84,3789,0.022672064777327937
41,150,191,3.658536585365854
10,86,96,8.6
28,275,303,9.821428571428571
8,109,117,13.625
74,89,163,1.2027027027027026
8,94,102,11.75
209,856,1065,4.095693779904306
60,512,572,8.533333333333333
1965,757,2722,0.3852417302798982
32,239,271,7.46875
21,186,207,8.857142857142858
14,468,482,33.42857142857143
36,574,610,15.944444444444445
10,255,265,25.5
44,318,362,7.2272727272727275
11,123,134,11.181818181818182
20,375,395,18.75
3,42,45,14.0
72,321,393,4.458333333333333
8,77,85,9.625
32,407,439,12.71875
623,382,1005,0.6131621187800963
20,340,360,17.0
194,65,259,0.33505154639175255
10,250,260,25.0
10,221,231,22.1
1452,353,1805,0.24311294765840222
11,546,557,49.63636363636363
1257,730,1987,0.5807478122513922
46,499,545,10.847826086956522
32,342,374,10.6875
3,11,14,3.6666666666666665
111,422,533,3.8018018018018016
776,284,1060,0.36597938144329895
86,223,309,2.5930232558139537
81,175,256,2.1604938271604937
16,221,237,13.8125
136,309,445,2.2720588235294117
26,239,265,9.192307692307692
9,558,567,62.0
19,66,85,3.473684210526316
33,743,776,22.515151515151516
1648,294,1942,0.1783980582524272
22,607,629,27.59090909090909
15,495,510,33.0
1049,153,1202,0.14585319351763584
2869,803,3672,0.27988846287905195
41,26,67,0.6341463414634146
326,636,962,1.950920245398773
48,128,176,2.6666666666666665
610,410,1020,0.6721311475409836
50,463,513,9.26
3634,298,3932,0.08200330214639516
28,207,235,7.392857142857143
12,132,144,11.0
17,253,270,14.882352941176471
14,303,317,21.642857142857142
9,238,247,26.444444444444443
22,467,489,21.227272727272727
2,11,13,5.5
7,49,56,7.0
1012,582,1594,0.575098814229249
20,185,205,9.25
162,802,964,4.950617283950617
17,259,276,15.235294117647058
21,356,377,16.952380952380953
2,12,14,6.0
116,102,218,0.8793103448275862
21,356,377,16.952380952380953
627,181,808,0.2886762360446571
23,289,312,12.565217391304348
173,643,816,3.7167630057803467
14,342,356,24.428571428571427
85,235,320,2.764705882352941
75,49,124,0.6533333333333333
38,664,702,17.473684210526315
60,583,643,9.716666666666667
22,482,504,21.90909090909091
18,437,455,24.27777777777778
22,5,27,0.22727272727272727
14,168,182,12.0
43,372,415,8.651162790697674
20,537,557,26.85
131,22,153,0.16793893129770993
484,150,634,0.30991735537190085
15,416,431,27.733333333333334
6,296,302,49.333333333333336
29,640,669,22.06896551724138
17,924,941,54.35294117647059
186,313,499,1.6827956989247312
28,680,708,24.285714285714285
45,645,690,14.333333333333334
142,566,708,3.9859154929577465
9,53,62,5.888888888888889
1296,505,1801,0.3896604938271605
859,667,1526,0.7764842840512224
145,482,627,3.3241379310344827
51,32,83,0.6274509803921569
85,280,365,3.2941176470588234
12,525,537,43.75
59,44,103,0.7457627118644068
7,854,861,122.0
45,346,391,7.688888888888889
19,651,670,34.26315789473684
345,331,676,0.9594202898550724
40,159,199,3.975
9,12,21,1.3333333333333333
26,260,286,10.0
3010,650,3660,0.2159468438538206
15,283,298,18.866666666666667
392,539,931,1.375
463,798,1261,1.7235421166306695
1033,33,1066,0.031945788964181994
22,221,243,10.045454545454545
36,792,828,22.0
94,650,744,6.914893617021277
48,765,813,15.9375
9,165,174,18.333333333333332
51,102,153,2.0
35,70,105,2.0
24,179,203,7.458333333333333
15,279,294,18.6
18,686,704,38.111111111111114
15,124,139,8.266666666666667
488,38,526,0.0778688524590164
13,125,138,9.615384615384615
20,310,330,15.5
38,1032,1070,27.157894736842106
29,394,423,13.586206896551724
11,248,259,22.545454545454547
2051,492,2543,0.23988298391028767
10,115,125,11.5
2644,17,2661,0.006429652042360061
21,329,350,15.666666666666666
15,265,280,17.666666666666668
26,311,337,11.961538461538462
135,348,483,2.577777777777778
82,25,107,0.3048780487804878
102,142,244,1.392156862745098
135,348,483,2.577777777777778
837,428,1265,0.5113500597371565
386,670,1056,1.7357512953367875
3422,92,3514,0.026884862653419054
19,280,299,14.736842105263158
10,336,346,33.6
103,36,139,0.34951456310679613
25,461,486,18.44
16,23,39,1.4375
16,73,89,4.5625
20,230,250,11.5
28,764,792,27.285714285714285
11,397,408,36.09090909090909
14,357,371,25.5
46,522,568,11.347826086956522
7,134,141,19.142857142857142
18,455,473,25.27777777777778
144,87,231,0.6041666666666666
73,222,295,3.041095890410959
10,343,353,34.3
685,282,967,0.4116788321167883
80,463,543,5.7875
44,427,471,9.704545454545455
158,793,951,5.018987341772152
2,11,13,5.5
8,248,256,31.0
215,84,299,0.39069767441860465
10,365,375,36.5
687,454,1141,0.660844250363901
12,715,727,59.583333333333336
261,215,476,0.8237547892720306
10,232,242,23.2
40,401,441,10.025
27,110,137,4.074074074074074
152,697,849,4.5855263157894735
14,535,549,38.214285714285715
8,104,112,13.0
171,362,533,2.1169590643274856
241,280,521,1.161825726141079
9,449,458,49.888888888888886
37,252,289,6.8108108108108105
9,345,354,38.333333333333336
14,264,278,18.857142857142858
22,255,277,11.590909090909092
437,320,757,0.7322654462242563
2,11,13,5.5
33,129,162,3.909090909090909
285,925,1210,3.245614035087719
34,56,90,1.6470588235294117
786,299,1085,0.38040712468193383
1145,190,1335,0.16593886462882096
8,36,44,4.5
19,428,447,22.526315789473685
959,159,1118,0.16579770594369134
31,395,426,12.741935483870968
16,213,229,13.3125
13,510,523,39.23076923076923
8,245,253,30.625
58,18,76,0.3103448275862069
16,982,998,61.375
829,995,1824,1.2002412545235224
47,488,535,10.382978723404255
108,350,458,3.240740740740741
30,349,379,11.633333333333333
11,378,389,34.36363636363637
123,548,671,4.455284552845528
2428,61,2489,0.02512355848434926
29,171,200,5.896551724137931
830,310,1140,0.37349397590361444
94,283,377,3.0106382978723403
487,616,1103,1.264887063655031
422,359,781,0.8507109004739336
22,211,233,9.590909090909092
654,200,854,0.3058103975535168
62,139,201,2.2419354838709675
35,43,78,1.2285714285714286
12,201,213,16.75
7,531,538,75.85714285714286
42,358,400,8.523809523809524
35,313,348,8.942857142857143
883,910,1793,1.030577576443941
22,403,425,18.318181818181817
25,363,388,14.52
518,123,641,0.23745173745173745
69,868,937,12.579710144927537
12,268,280,22.333333333333332
1432,906,2338,0.63268156424581
29,140,169,4.827586206896552
19,263,282,13.842105263157896
28,247,275,8.821428571428571
25,213,238,8.52
180,452,632,2.511111111111111
15,469,484,31.266666666666666
29,189,218,6.517241379310345
63,86,149,1.3650793650793651
41,491,532,11.975609756097562
23,328,351,14.26086956521739
5,107,112,21.4
3879,185,4064,0.047692704305233306
21,453,474,21.571428571428573
8,172,180,21.5
26,380,406,14.615384615384615
14,22,36,1.5714285714285714
889,482,1371,0.5421822272215973
8,106,114,13.25
22,316,338,14.363636363636363
3493,53,3546,0.015173203549957057
1714,14,1728,0.008168028004667444
36,211,247,5.861111111111111
247,99,346,0.4008097165991903
15,198,213,13.2
9,29,38,3.2222222222222223
10,243,253,24.3
32,17,49,0.53125
86,15,101,0.1744186046511628
8,494,502,61.75
19,141,160,7.421052631578948
55,359,414,6.527272727272727
8,457,465,57.125
39,99,138,2.5384615384615383
108,512,620,4.7407407407407405
1894,387,2281,0.20432946145723338
11,280,291,25.454545454545453
22,448,470,20.363636363636363
153,292,445,1.908496732026144
92,8,100,0.08695652173913043
670,17,687,0.025373134328358207
24,498,522,20.75
51,107,158,2.0980392156862746
567,547,1114,0.9647266313932981
17,180,197,10.588235294117647
1369,139,1508,0.10153396639883126
5,155,160,31.0
108,61,169,0.5648148148148148
86,511,597,5.941860465116279
11,107,118,9.727272727272727
12,613,625,51.083333333333336
78,379,457,4.858974358974359
15,698,713,46.53333333333333
14,345,359,24.642857142857142
17,347,364,20.41176470588235
24,434,458,18.083333333333332
100,170,270,1.7
304,195,499,0.6414473684210527
4,224,228,56.0
20,365,385,18.25
37,278,315,7.513513513513513
9,80,89,8.88888888888889
18,363,381,20.166666666666668
36,138,174,3.8333333333333335
27,947,974,35.074074074074076
16,246,262,15.375
75,357,432,4.76
82,29,111,0.35365853658536583
76,188,264,2.473684210526316
7,141,148,20.142857142857142
76,670,746,8.81578947368421
16,370,386,23.125
7,247,254,35.285714285714285
239,545,784,2.280334728033473
654,377,1031,0.5764525993883792
38,21,59,0.5526315789473685
24,192,216,8.0
123,106,229,0.8617886178861789
568,565,1133,0.9947183098591549
327,756,1083,2.311926605504587
931,144,1075,0.15467239527389903
4,13,17,3.25
460,191,651,0.4152173913043478
17,43,60,2.5294117647058822
107,484,591,4.5233644859813085
18,261,279,14.5
1326,612,1938,0.46153846153846156
25,299,324,11.96
25,197,222,7.88
21,213,234,10.142857142857142
30,197,227,6.566666666666666
11,175,186,15.909090909090908
99,586,685,5.91919191919192
6,226,232,37.666666666666664
1355,46,1401,0.03394833948339483
316,1104,1420,3.4936708860759493
48,337,385,7.020833333333333
78,45,123,0.5769230769230769
68,644,712,9.470588235294118
123,734,857,5.967479674796748
65,81,146,1.2461538461538462
283,194,477,0.6855123674911661
143,98,241,0.6853146853146853
14,387,401,27.642857142857142
27,384,411,14.222222222222221
658,694,1352,1.0547112462006079
3205,111,3316,0.034633385335413415
159,313,472,1.9685534591194969
36,276,312,7.666666666666667
25,26,51,1.04
20,690,710,34.5
41,141,182,3.4390243902439024
35,471,506,13.457142857142857
775,5,780,0.0064516129032258064
45,311,356,6.911111111111111
16,288,304,18.0
581,164,745,0.2822719449225473
87,86,173,0.9885057471264368
27,582,609,21.555555555555557
51,332,383,6.509803921568627
12,223,235,18.583333333333332
10,878,888,87.8
301,909,1210,3.0199335548172757
17,89,106,5.235294117647059
12,300,312,25.0
992,822,1814,0.8286290322580645
117,467,584,3.9914529914529915
209,127,336,0.6076555023923444
1363,771,2134,0.5656639765223771
38,306,344,8.052631578947368
166,238,404,1.4337349397590362
34,254,288,7.470588235294118
17,55,72,3.235294117647059
5,26,31,5.2
203,244,447,1.2019704433497538
8,232,240,29.0
12,85,97,7.083333333333333
94,650,744,6.914893617021277
520,422,942,0.8115384615384615
261,171,432,0.6551724137931034
19,524,543,27.57894736842105
102,278,380,2.7254901960784315
28,455,483,16.25
1773,56,1829,0.03158488437676255
107,517,624,4.831775700934579
545,8,553,0.014678899082568808
13,539,552,41.46153846153846
3,11,14,3.6666666666666665
86,321,407,3.7325581395348837
15,772,787,51.46666666666667
55,484,539,8.8
7,371,378,53.0
45,64,109,1.4222222222222223
11,169,180,15.363636363636363
17,351,368,20.647058823529413
1228,277,1505,0.2255700325732899
2319,798,3117,0.34411384217335056
22,325,347,14.772727272727273
2,11,13,5.5
242,436,678,1.8016528925619835
9,428,437,47.55555555555556
87,673,760,7.735632183908046
19,361,380,19.0
234,525,759,2.2435897435897436
3164,344,3508,0.10872313527180784
1235,602,1837,0.4874493927125506
8,539,547,67.375
9,29,38,3.2222222222222223
17,33,50,1.9411764705882353
12,269,281,22.416666666666668
12,397,409,33.083333333333336
40,24,64,0.6
21,232,253,11.047619047619047
10,162,172,16.2
35,156,191,4.457142857142857
21,418,439,19.904761904761905
18,308,326,17.11111111111111
175,312,487,1.782857142857143
16,389,405,24.3125
106,92,198,0.8679245283018868
312,295,607,0.9455128205128205
571,169,740,0.29597197898423816
18,38,56,2.111111111111111
1277,156,1433,0.12216131558339859
576,344,920,0.5972222222222222
18,222,240,12.333333333333334
15,45,60,3.0
36,695,731,19.305555555555557
8,27,35,3.375
457,233,690,0.5098468271334792
16,76,92,4.75
81,402,483,4.962962962962963
111,682,793,6.1441441441441444
2,11,13,5.5
804,291,1095,0.3619402985074627
132,946,1078,7.166666666666667
14,301,315,21.5
2,11,13,5.5
24,280,304,11.666666666666666
133,247,380,1.8571428571428572
357,107,464,0.29971988795518206
95,38,133,0.4
40,509,549,12.725
23,392,415,17.043478260869566
37,127,164,3.4324324324324325
615,369,984,0.6
377,386,763,1.023872679045093
10,98,108,9.8
348,5,353,0.014367816091954023
16,240,256,15.0
63,513,576,8.142857142857142
35,199,234,5.685714285714286
32,442,474,13.8125
177,177,354,1.0
4,34,38,8.5
3,31,34,10.333333333333334
6,298,304,49.666666666666664
72,319,391,4.430555555555555
11,431,442,39.18181818181818
2371,52,2423,0.021931674398987768
36,210,246,5.833333333333333
226,166,392,0.7345132743362832
146,473,619,3.23972602739726
8,91,99,11.375
20,170,190,8.5
205,230,435,1.1219512195121952
47,950,997,20.21276595744681
186,48,234,0.25806451612903225
17,134,151,7.882352941176471
14,221,235,15.785714285714286
373,699,1072,1.873994638069705
978,1372,2350,1.4028629856850716
76,404,480,5.315789473684211
127,162,289,1.2755905511811023
12,179,191,14.916666666666666
55,45,100,0.8181818181818182
72,81,153,1.125
59,326,385,5.52542372881356
221,173,394,0.7828054298642534
47,661,708,14.063829787234043
56,157,213,2.8035714285714284
155,457,612,2.9483870967741934
14,408,422,29.142857142857142
81,125,206,1.5432098765432098
68,136,204,2.0
215,32,247,0.14883720930232558
23,120,143,5.217391304347826
59,385,444,6.52542372881356
175,255,430,1.457142857142857
784,59,843,0.07525510204081633
26,4,30,0.15384615384615385
22,300,322,13.636363636363637
39,99,138,2.5384615384615383
328,139,467,0.42378048780487804
433,261,694,0.6027713625866051
12,23,35,1.9166666666666667
273,870,1143,3.1868131868131866
78,321,399,4.115384615384615
1856,248,2104,0.1336206896551724
29,170,199,5.862068965517241
72,1021,1093,14.180555555555555
231,513,744,2.220779220779221
18,108,126,6.0
34,186,220,5.470588235294118
20,276,296,13.8
66,226,292,3.4242424242424243
8,387,395,48.375
584,964,1548,1.6506849315068493
15,360,375,24.0
12,22,34,1.8333333333333333
1262,328,1590,0.25990491283676703
61,557,618,9.131147540983607
68,286,354,4.205882352941177
9,174,183,19.333333333333332
197,441,638,2.238578680203046
7,26,33,3.7142857142857144
6,336,342,56.0
9,392,401,43.55555555555556
13,375,388,28.846153846153847
21,335,356,15.952380952380953
25,264,289,10.56
23,162,185,7.043478260869565
93,925,1018,9.946236559139784
15,115,130,7.666666666666667
28,440,468,15.714285714285714
401,338,739,0.8428927680798005
863,207,1070,0.2398609501738123
96,10,106,0.10416666666666667
44,681,725,15.477272727272727
29,578,607,19.93103448275862
22,260,282,11.818181818181818
31,344,375,11.096774193548388
169,127,296,0.7514792899408284
36,891,927,24.75
361,366,727,1.0138504155124655
153,201,354,1.3137254901960784
16,415,431,25.9375
10,59,69,5.9
444,586,1030,1.3198198198198199
29,560,589,19.310344827586206
6,540,546,90.0
22,301,323,13.681818181818182
83,359,442,4.325301204819277
25,1053,1078,42.12
5,362,367,72.4
11,310,321,28.181818181818183
1218,597,1815,0.49014778325123154
22,33,55,1.5
38,30,68,0.7894736842105263
6,165,171,27.5
35,97,132,2.7714285714285714
304,153,457,0.5032894736842105
34,682,716,20.058823529411764
45,416,461,9.244444444444444
34,275,309,8.088235294117647
27,773,800,28.62962962962963
40,336,376,8.4
2,11,13,5.5
244,990,1234,4.057377049180328
691,367,1058,0.5311143270622286
122,306,428,2.5081967213114753
65,619,684,9.523076923076923
686,117,803,0.17055393586005832
11,1055,1066,95.9090909090909
117,113,230,0.9658119658119658
24,161,185,6.708333333333333
94,154,248,1.6382978723404256
220,7,227,0.031818181818181815
14,247,261,17.642857142857142
27,307,334,11.37037037037037
13,149,162,11.461538461538462
9,111,120,12.333333333333334
90,9,99,0.1
2479,14,2493,0.005647438483259379
13,326,339,25.076923076923077
50,86,136,1.72
16,983,999,61.4375
26,318,344,12.23076923076923
23,141,164,6.130434782608695
24,132,156,5.5
361,873,1234,2.418282548476454
16,278,294,17.375
390,382,772,0.9794871794871794
42,16,58,0.38095238095238093
2598,387,2985,0.1489607390300231
22,426,448,19.363636363636363
54,365,419,6.7592592592592595
56,33,89,0.5892857142857143
6,717,723,119.5
11,578,589,52.54545454545455
11,187,198,17.0
1597,77,1674,0.048215403882279274
925,273,1198,0.2951351351351351
17,581,598,34.1764705882353
35,234,269,6.685714285714286
22,351,373,15.954545454545455
561,36,597,0.06417112299465241
34,48,82,1.411764705882353
308,702,1010,2.279220779220779
68,602,670,8.852941176470589
381,387,768,1.015748031496063
10,150,160,15.0
11,280,291,25.454545454545453
2570,372,2942,0.14474708171206227
675,31,706,0.045925925925925926
25,566,591,22.64
1394,88,1482,0.06312769010043041
2880,117,2997,0.040625
27,455,482,16.85185185185185
25,764,789,30.56
12,52,64,4.333333333333333
18,108,126,6.0
1011,37,1048,0.036597428288822946
7,27,34,3.857142857142857
54,580,634,10.74074074074074
8,145,153,18.125
34,551,585,16.205882352941178
3,449,452,149.66666666666666
20,314,334,15.7
142,86,228,0.6056338028169014
23,283,306,12.304347826086957
70,282,352,4.0285714285714285
8,447,455,55.875
20,204,224,10.2
16,331,347,20.6875
45,177,222,3.933333333333333
81,39,120,0.48148148148148145
76,332,408,4.368421052631579
20,535,555,26.75
1256,949,2205,0.7555732484076433
18,560,578,31.11111111111111
30,301,331,10.033333333333333
70,137,207,1.957142857142857
826,100,926,0.12106537530266344
200,193,393,0.965
34,92,126,2.7058823529411766
50,421,471,8.42
10,210,220,21.0
193,332,525,1.7202072538860103
26,526,552,20.23076923076923
1886,569,2455,0.3016967126193001
28,66,94,2.357142857142857
9,253,262,28.11111111111111
221,30,251,0.13574660633484162
11,110,121,10.0
15,1003,1018,66.86666666666666
8,185,193,23.125
44,59,103,1.3409090909090908
55,148,203,2.690909090909091
101,488,589,4.8316831683168315
2366,318,2684,0.13440405748098055
49,278,327,5.673469387755102
83,489,572,5.891566265060241
48,211,259,4.395833333333333
298,327,625,1.0973154362416107
121,356,477,2.9421487603305785
2433,258,2691,0.1060419235511714
68,93,161,1.3676470588235294
61,286,347,4.688524590163935
1957,26,1983,0.013285641287685232
20,410,430,20.5
48,546,594,11.375
1412,467,1879,0.3307365439093484
175,641,816,3.662857142857143
27,332,359,12.296296296296296
34,542,576,15.941176470588236
2,396,398,198.0
101,192,293,1.900990099009901
472,420,892,0.8898305084745762
1553,8,1561,0.0051513200257566
14,45,59,3.2142857142857144
23,783,806,34.04347826086956
668,5,673,0.0074850299401197605
9,18,27,2.0
22,395,417,17.954545454545453
8,875,883,109.375
707,392,1099,0.5544554455445545
23,353,376,15.347826086956522
92,73,165,0.7934782608695652
54,617,671,11.425925925925926
1994,187,2181,0.09378134403209629
8,275,283,34.375
25,130,155,5.2
20,524,544,26.2
33,390,423,11.818181818181818
437,436,873,0.9977116704805492
10,175,185,17.5
138,50,188,0.36231884057971014
97,684,781,7.051546391752577
8,38,46,4.75
112,6,118,0.05357142857142857
961,24,985,0.02497398543184183
18,199,217,11.055555555555555
11,41,52,3.727272727272727
18,241,259,13.38888888888889
27,483,510,17.88888888888889
10,31,41,3.1
13,597,610,45.92307692307692
34,667,701,19.61764705882353
390,613,1003,1.5717948717948718
1231,169,1400,0.1372867587327376
24,234,258,9.75
3473,267,3740,0.07687877915346962
16,254,270,15.875
5,156,161,31.2
13,467,480,35.92307692307692
18,149,167,8.277777777777779
10,146,156,14.6
186,336,522,1.8064516129032258
6,204,210,34.0
180,295,475,1.6388888888888888
10,25,35,2.5
2993,429,3422,0.14333444704310055
9,125,134,13.88888888888889
12,142,154,11.833333333333334
20,275,295,13.75
2,582,584,291.0
131,268,399,2.045801526717557
70,421,491,6.014285714285714
34,116,150,3.411764705882353
16,298,314,18.625
13,398,411,30.615384615384617
45,222,267,4.933333333333334
43,14,57,0.32558139534883723
18,874,892,48.55555555555556
280,809,1089,2.8892857142857142
17,424,441,24.941176470588236
14,536,550,38.285714285714285
14,93,107,6.642857142857143
1845,210,2055,0.11382113821138211
8,521,529,65.125
161,305,466,1.8944099378881987
109,102,211,0.9357798165137615
109,54,163,0.4954128440366973
22,256,278,11.636363636363637
25,136,161,5.44
21,319,340,15.19047619047619
21,257,278,12.238095238095237
16,30,46,1.875
389,953,1342,2.44987146529563
769,192,961,0.24967490247074123
27,181,208,6.703703703703703
393,5,398,0.01272264631043257
69,445,514,6.449275362318841
38,68,106,1.7894736842105263
1503,423,1926,0.281437125748503
43,89,132,2.0697674418604652
46,657,703,14.282608695652174
18,748,766,41.55555555555556
21,172,193,8.19047619047619
665,230,895,0.3458646616541353
60,30,90,0.5
18,236,254,13.11111111111111
23,475,498,20.652173913043477
261,221,482,0.8467432950191571
2598,387,2985,0.1489607390300231
706,720,1426,1.019830028328612
16,330,346,20.625
9,458,467,50.888888888888886
14,411,425,29.357142857142858
191,663,854,3.4712041884816753
2,26,28,13.0
97,210,307,2.1649484536082473
485,340,825,0.7010309278350515
104,151,255,1.4519230769230769
143,217,360,1.5174825174825175
27,607,634,22.48148148148148
249,244,493,0.9799196787148594
487,669,1156,1.373716632443532
38,306,344,8.052631578947368
97,427,524,4.402061855670103
12,866,878,72.16666666666667
16,68,84,4.25
15,416,431,27.733333333333334
2,368,370,184.0
425,1035,1460,2.4352941176470586
16,148,164,9.25
9,270,279,30.0
52,582,634,11.192307692307692
1131,424,1555,0.3748894783377542
157,589,746,3.751592356687898
15,283,298,18.866666666666667
22,145,167,6.590909090909091
8,213,221,26.625
41,360,401,8.78048780487805
58,233,291,4.017241379310345
454,4,458,0.00881057268722467
26,529,555,20.346153846153847
144,531,675,3.6875
23,266,289,11.565217391304348
314,375,689,1.194267515923567
31,717,748,23.129032258064516
10,81,91,8.1
75,323,398,4.306666666666667
923,829,1752,0.8981581798483207
2857,232,3089,0.08120406020301014
63,502,565,7.968253968253968
216,364,580,1.6851851851851851
242,97,339,0.40082644628099173
55,431,486,7.836363636363636
16,195,211,12.1875
201,145,346,0.7213930348258707
21,184,205,8.761904761904763
1275,847,2122,0.6643137254901961
3,11,14,3.6666666666666665
32,124,156,3.875
43,30,73,0.6976744186046512
89,348,437,3.9101123595505616
1071,292,1363,0.2726423902894491
22,396,418,18.0
6,13,19,2.1666666666666665
32,42,74,1.3125
35,472,507,13.485714285714286
40,360,400,9.0
28,338,366,12.071428571428571
21,283,304,13.476190476190476
15,247,262,16.466666666666665
67,26,93,0.3880597014925373
328,758,1086,2.3109756097560976
10,375,385,37.5
9,107,116,11.88888888888889
12,336,348,28.0
22,56,78,2.5454545454545454
40,628,668,15.7
958,435,1393,0.45407098121085593
830,342,1172,0.41204819277108434
27,437,464,16.185185185185187
22,437,459,19.863636363636363
9,269,278,29.88888888888889
42,166,208,3.9523809523809526
478,698,1176,1.4602510460251046
21,117,138,5.571428571428571
112,235,347,2.0982142857142856
15,552,567,36.8
92,411,503,4.467391304347826
29,627,656,21.620689655172413
2959,285,3244,0.09631632308212233
128,306,434,2.390625
125,123,248,0.984
46,197,243,4.282608695652174
58,408,466,7.0344827586206895
790,314,1104,0.39746835443037976
80,363,443,4.5375
540,1031,1571,1.9092592592592592
14,193,207,13.785714285714286
7,268,275,38.285714285714285
9,181,190,20.11111111111111
128,795,923,6.2109375
9,173,182,19.22222222222222
12,581,593,48.416666666666664
1310,219,1529,0.16717557251908396
121,551,672,4.553719008264463
251,116,367,0.46215139442231074
8,300,308,37.5
109,101,210,0.926605504587156
103,76,179,0.7378640776699029
19,97,116,5.105263157894737
22,194,216,8.818181818181818
28,399,427,14.25
91,395,486,4.34065934065934
70,432,502,6.171428571428572
51,63,114,1.2352941176470589
25,351,376,14.04
16,358,374,22.375
13,171,184,13.153846153846153
46,320,366,6.956521739130435
631,769,1400,1.2187004754358162
20,986,1006,49.3
10,114,124,11.4
76,30,106,0.39473684210526316
661,333,994,0.5037821482602118
9,182,191,20.22222222222222
69,384,453,5.565217391304348
137,442,579,3.2262773722627736
7,92,99,13.142857142857142
2305,47,2352,0.020390455531453362
28,450,478,16.071428571428573
12,141,153,11.75
35,768,803,21.942857142857143
25,318,343,12.72
1040,1060,2100,1.0192307692307692
50,326,376,6.52
33,565,598,17.12121212121212
473,357,830,0.7547568710359408
402,154,556,0.38308457711442784
1571,82,1653,0.052196053469127944
369,256,625,0.6937669376693767
416,842,1258,2.0240384615384617
16,68,84,4.25
8,347,355,43.375
2,48,50,24.0
6,725,731,120.83333333333333
29,196,225,6.758620689655173
19,454,473,23.894736842105264
3,151,154,50.333333333333336
1098,921,2019,0.8387978142076503
13,41,54,3.1538461538461537
22,675,697,30.681818181818183
276,349,625,1.2644927536231885
35,358,393,10.228571428571428
841,515,1356,0.6123662306777645
1187,191,1378,0.16090985678180286
107,213,320,1.9906542056074767
10,372,382,37.2
23,71,94,3.0869565217391304
12,413,425,34.416666666666664
89,302,391,3.393258426966292
15,190,205,12.666666666666666
48,188,236,3.9166666666666665
812,181,993,0.2229064039408867
14,181,195,12.928571428571429
14,363,377,25.928571428571427
162,343,505,2.117283950617284
1270,330,1600,0.25984251968503935
14,328,342,23.428571428571427
10,217,227,21.7
2172,161,2333,0.07412523020257827
10,368,378,36.8
248,61,309,0.24596774193548387
13,331,344,25.46153846153846
15,552,567,36.8
9,870,879,96.66666666666667
41,30,71,0.7317073170731707
4,71,75,17.75
15,209,224,13.933333333333334
22,261,283,11.863636363636363
2004,819,2823,0.4086826347305389
8,5,13,0.625
464,152,616,0.3275862068965517
8,226,234,28.25
74,434,508,5.864864864864865
34,393,427,11.558823529411764
54,413,467,7.648148148148148
227,318,545,1.4008810572687225
36,299,335,8.305555555555555
59,413,472,7.0
63,311,374,4.936507936507937
54,53,107,0.9814814814814815
53,672,725,12.679245283018869
6,15,21,2.5
2203,140,2343,0.06354970494779846
20,158,178,7.9
32,462,494,14.4375
50,122,172,2.44
8,97,105,12.125
9,165,174,18.333333333333332
333,329,662,0.987987987987988
20,66,86,3.3
71,754,825,10.619718309859154
36,519,555,14.416666666666666
26,363,389,13.961538461538462
167,146,313,0.874251497005988
18,11,29,0.6111111111111112
6,168,174,28.0
10,397,407,39.7
53,395,448,7.452830188679245
2520,36,2556,0.014285714285714285
38,760,798,20.0
21,301,322,14.333333333333334
7,351,358,50.142857142857146
20,497,517,24.85
21,109,130,5.190476190476191
15,1039,1054,69.26666666666667
149,494,643,3.315436241610738
22,450,472,20.454545454545453
21,171,192,8.142857142857142
113,324,437,2.8672566371681416
57,560,617,9.824561403508772
70,13,83,0.18571428571428572
68,311,379,4.573529411764706
1223,748,1971,0.6116107931316435
98,322,420,3.2857142857142856
10,257,267,25.7
40,407,447,10.175
14,572,586,40.857142857142854
3,11,14,3.6666666666666665
44,481,525,10.931818181818182
68,976,1044,14.352941176470589
45,412,457,9.155555555555555
21,361,382,17.19047619047619
763,326,1089,0.4272608125819135
23,548,571,23.82608695652174
23,288,311,12.521739130434783
911,496,1407,0.544456641053787
245,636,881,2.595918367346939
359,475,834,1.3231197771587744
64,739,803,11.546875
18,298,316,16.555555555555557
1129,20,1149,0.01771479185119575
2970,268,3238,0.09023569023569024
262,106,368,0.40458015267175573
770,26,796,0.033766233766233764
519,393,912,0.7572254335260116
35,189,224,5.4
13,349,362,26.846153846153847
17,94,111,5.529411764705882
1221,101,1322,0.08271908271908272
1049,47,1096,0.044804575786463297
203,481,684,2.3694581280788176
2832,309,3141,0.10911016949152542
17,82,99,4.823529411764706
25,454,479,18.16
2,33,35,16.5
18,293,311,16.27777777777778
576,344,920,0.5972222222222222
29,164,193,5.655172413793103
8,144,152,18.0
16,386,402,24.125
9,409,418,45.44444444444444
42,423,465,10.071428571428571
8,821,829,102.625
704,574,1278,0.8153409090909091
16,243,259,15.1875
369,224,593,0.6070460704607046
16,48,64,3.0
25,22,47,0.88
2,11,13,5.5
70,588,658,8.4
11,75,86,6.818181818181818
27,621,648,23.0
9,40,49,4.444444444444445
7,241,248,34.42857142857143
20,66,86,3.3
3,560,563,186.66666666666666
103,328,431,3.1844660194174756
15,194,209,12.933333333333334
293,202,495,0.689419795221843
96,227,323,2.3645833333333335
36,391,427,10.86111111111111
21,305,326,14.523809523809524
78,37,115,0.47435897435897434
78,208,286,2.6666666666666665
25,78,103,3.12
122,193,315,1.5819672131147542
18,298,316,16.555555555555557
14,226,240,16.142857142857142
73,403,476,5.52054794520548
90,122,212,1.3555555555555556
10,85,95,8.5
56,193,249,3.4464285714285716
436,374,810,0.8577981651376146
3415,199,3614,0.058272327964860905
9,307,316,34.111111111111114
60,153,213,2.55
46,8,54,0.17391304347826086
55,391,446,7.109090909090909
21,646,667,30.761904761904763
6,212,218,35.333333333333336
17,183,200,10.764705882352942
13,31,44,2.3846153846153846
7,197,204,28.142857142857142
840,304,1144,0.3619047619047619
84,502,586,5.976190476190476
15,488,503,32.53333333333333
383,141,524,0.3681462140992167
214,397,611,1.855140186915888
21,77,98,3.6666666666666665
11,225,236,20.454545454545453
894,597,1491,0.6677852348993288
24,51,75,2.125
112,446,558,3.982142857142857
9,111,120,12.333333333333334
1879,716,2595,0.38105375199574243
220,360,580,1.6363636363636365
19,243,262,12.789473684210526
28,177,205,6.321428571428571
64,276,340,4.3125
15,90,105,6.0
22,305,327,13.863636363636363
29,408,437,14.068965517241379
15,13,28,0.8666666666666667
63,4,67,0.06349206349206349
15,753,768,50.2
111,147,258,1.3243243243243243
80,427,507,5.3375
170,256,426,1.5058823529411764
33,498,531,15.090909090909092
11,442,453,40.18181818181818
203,210,413,1.0344827586206897
3,96,99,32.0
31,409,440,13.193548387096774
100,674,774,6.74
42,485,527,11.547619047619047
2,11,13,5.5
110,352,462,3.2
614,800,1414,1.3029315960912051
1154,315,1469,0.2729636048526863
738,253,991,0.3428184281842818
5,12,17,2.4
92,303,395,3.2934782608695654
69,563,632,8.159420289855072
12,451,463,37.583333333333336
183,143,326,0.7814207650273224
116,210,326,1.8103448275862069
25,350,375,14.0
75,456,531,6.08
21,518,539,24.666666666666668
130,534,664,4.107692307692307
54,55,109,1.0185185185185186
8,292,300,36.5
8,269,277,33.625
2503,114,2617,0.045545345585297645
12,89,101,7.416666666666667
49,216,265,4.408163265306122
12,848,860,70.66666666666667
150,294,444,1.96
69,441,510,6.391304347826087
304,195,499,0.6414473684210527
16,321,337,20.0625
82,283,365,3.451219512195122
5,12,17,2.4
52,182,234,3.5
1093,303,1396,0.27721866422689845
127,494,621,3.8897637795275593
8,409,417,51.125
353,531,884,1.5042492917847026
259,92,351,0.3552123552123552
31,306,337,9.870967741935484
26,129,155,4.961538461538462
55,755,810,13.727272727272727
2,128,130,64.0
33,519,552,15.727272727272727
56,978,1034,17.464285714285715
95,937,1032,9.863157894736842
6,41,47,6.833333333333333
21,414,435,19.714285714285715
1146,215,1361,0.18760907504363003
15,938,953,62.53333333333333
2676,307,2983,0.11472346786248132
16,568,584,35.5
23,171,194,7.434782608695652
489,327,816,0.6687116564417178
6,171,177,28.5
469,656,1125,1.3987206823027718
29,39,68,1.3448275862068966
22,785,807,35.68181818181818
2,240,242,120.0
65,129,194,1.9846153846153847
345,331,676,0.9594202898550724
114,632,746,5.543859649122807
77,112,189,1.4545454545454546
37,466,503,12.594594594594595
93,76,169,0.8172043010752689
369,143,512,0.3875338753387534
25,324,349,12.96
190,321,511,1.6894736842105262
54,317,371,5.87037037037037
12,223,235,18.583333333333332
14,90,104,6.428571428571429
8,70,78,8.75
37,147,184,3.972972972972973
15,823,838,54.86666666666667
381,103,484,0.27034120734908135
21,546,567,26.0
10,82,92,8.2
55,354,409,6.4363636363636365
37,164,201,4.4324324324324325
73,248,321,3.3972602739726026
10,634,644,63.4
602,651,1253,1.0813953488372092
25,309,334,12.36
53,34,87,0.6415094339622641
5,253,258,50.6
104,91,195,0.875
125,1099,1224,8.792
152,16,168,0.10526315789473684
26,320,346,12.307692307692308
54,954,1008,17.666666666666668
50,99,149,1.98
25,242,267,9.68
8,193,201,24.125
10,146,156,14.6
8,210,218,26.25
68,452,520,6.647058823529412
100,48,148,0.48
7,16,23,2.2857142857142856
6,92,98,15.333333333333334
23,324,347,14.08695652173913
29,602,631,20.75862068965517
270,112,382,0.4148148148148148
144,33,177,0.22916666666666666
12,342,354,28.5
81,521,602,6.432098765432099
3764,206,3970,0.05472901168969182
385,204,589,0.5298701298701298
2094,68,2162,0.03247373447946514
17,288,305,16.941176470588236
91,163,254,1.7912087912087913
16,77,93,4.8125
19,339,358,17.842105263157894
103,261,364,2.533980582524272
45,763,808,16.955555555555556
35,684,719,19.542857142857144
42,390,432,9.285714285714286
697,393,1090,0.563845050215208
10,330,340,33.0
1532,179,1711,0.11684073107049608
18,839,857,46.611111111111114
1948,171,2119,0.087782340862423
12,167,179,13.916666666666666
186,226,412,1.2150537634408602
35,299,334,8.542857142857143
18,285,303,15.833333333333334
14,398,412,28.428571428571427
11,290,301,26.363636363636363
34,578,612,17.0
51,64,115,1.2549019607843137
62,13,75,0.20967741935483872
7,309,316,44.142857142857146
30,144,174,4.8
59,920,979,15.59322033898305
24,939,963,39.125
32,356,388,11.125
197,833,1030,4.228426395939087
1514,193,1707,0.12747688243064728
6,315,321,52.5
71,357,428,5.028169014084507
368,374,742,1.016304347826087
213,15,228,0.07042253521126761
113,17,130,0.1504424778761062
57,720,777,12.631578947368421
41,812,853,19.804878048780488
704,225,929,0.3196022727272727
28,546,574,19.5
21,498,519,23.714285714285715
249,189,438,0.7590361445783133
6,666,672,111.0
6,91,97,15.166666666666666
4,108,112,27.0
15,519,534,34.6
14,205,219,14.642857142857142
1458,286,1744,0.19615912208504802
1656,107,1763,0.0646135265700483
7,221,228,31.571428571428573
19,905,924,47.63157894736842
33,836,869,25.333333333333332
16,492,508,30.75
36,110,146,3.0555555555555554
244,258,502,1.0573770491803278
25,262,287,10.48
96,11,107,0.11458333333333333
22,700,722,31.818181818181817
17,203,220,11.941176470588236
632,557,1189,0.8813291139240507
34,293,327,8.617647058823529
146,106,252,0.726027397260274
103,419,522,4.067961165048544
13,327,340,25.153846153846153
222,45,267,0.20270270270270271
89,9,98,0.10112359550561797
23,275,298,11.956521739130435
2754,163,2917,0.059186637618010164
11,618,629,56.18181818181818
262,560,822,2.1374045801526718
16,350,366,21.875
19,271,290,14.263157894736842
25,750,775,30.0
22,527,549,23.954545454545453
63,736,799,11.682539682539682
1325,138,1463,0.10415094339622641
10,762,772,76.2
1269,146,1415,0.11505122143420016
370,582,952,1.572972972972973
22,341,363,15.5
12,237,249,19.75
15,859,874,57.266666666666666
8,125,133,15.625
17,137,154,8.058823529411764
812,181,993,0.2229064039408867
17,85,102,5.0
728,71,799,0.09752747252747253
16,285,301,17.8125
21,214,235,10.19047619047619
29,390,419,13.448275862068966
10,10,20,1.0
20,336,356,16.8
298,327,625,1.0973154362416107
5,235,240,47.0
7,159,166,22.714285714285715
634,7,641,0.011041009463722398
52,120,172,2.3076923076923075
9,102,111,11.333333333333334
23,30,53,1.3043478260869565
17,163,180,9.588235294117647
14,96,110,6.857142857142857
20,563,583,28.15
17,316,333,18.58823529411765
70,270,340,3.857142857142857
20,433,453,21.65
15,303,318,20.2
41,331,372,8.073170731707316
38,259,297,6.815789473684211
24,223,247,9.291666666666666
81,24,105,0.2962962962962963
6,59,65,9.833333333333334
50,974,1024,19.48
11,328,339,29.818181818181817
15,221,236,14.733333333333333
26,4,30,0.15384615384615385
1315,937,2252,0.7125475285171102
12,23,35,1.9166666666666667
14,66,80,4.714285714285714
96,178,274,1.8541666666666667
74,74,148,1.0
48,471,519,9.8125
12,430,442,35.833333333333336
16,544,560,34.0
299,183,482,0.6120401337792643
1530,263,1793,0.1718954248366013
19,73,92,3.8421052631578947
22,617,639,28.045454545454547
12,231,243,19.25
66,628,694,9.515151515151516
1033,33,1066,0.031945788964181994
1145,536,1681,0.46812227074235807
127,376,503,2.9606299212598426
965,709,1674,0.7347150259067358
5,623,628,124.6
32,666,698,20.8125
34,261,295,7.676470588235294
190,851,1041,4.478947368421053
629,790,1419,1.2559618441971383
15,133,148,8.866666666666667
899,77,976,0.08565072302558398
68,644,712,9.470588235294118
71,579,650,8.154929577464788
18,390,408,21.666666666666668
361,296,657,0.8199445983379502
15,511,526,34.06666666666667
669,684,1353,1.0224215246636772
29,676,705,23.310344827586206
313,362,675,1.156549520766773
29,412,441,14.206896551724139
881,248,1129,0.2814982973893303
2849,622,3471,0.21832221832221832
10,98,108,9.8
450,600,1050,1.3333333333333333
22,393,415,17.863636363636363
18,363,381,20.166666666666668
155,280,435,1.8064516129032258
11,332,343,30.181818181818183
545,316,861,0.5798165137614679
8,131,139,16.375
14,321,335,22.928571428571427
9,200,209,22.22222222222222
24,223,247,9.291666666666666
51,289,340,5.666666666666667
249,177,426,0.7108433734939759
27,422,449,15.62962962962963
21,39,60,1.8571428571428572
2631,924,3555,0.35119726339794755
88,381,469,4.329545454545454
37,132,169,3.5675675675675675
108,332,440,3.074074074074074
23,654,677,28.434782608695652
42,778,820,18.523809523809526
326,309,635,0.9478527607361963
13,115,128,8.846153846153847
549,136,685,0.24772313296903462
8,23,31,2.875
9,53,62,5.888888888888889
171,312,483,1.8245614035087718
125,45,170,0.36
29,201,230,6.931034482758621
484,150,634,0.30991735537190085
150,450,600,3.0
29,366,395,12.620689655172415
35,161,196,4.6
38,169,207,4.447368421052632
4,12,16,3.0
35,800,835,22.857142857142858
50,353,403,7.06
2983,185,3168,0.062018102581294
139,249,388,1.79136690647482
37,37,74,1.0
1509,712,2221,0.47183565275016565
22,472,494,21.454545454545453
14,377,391,26.928571428571427
8,341,349,42.625
22,267,289,12.136363636363637
24,239,263,9.958333333333334
19,28,47,1.4736842105263157
1012,466,1478,0.46047430830039526
409,383,792,0.9364303178484108
116,579,695,4.991379310344827
411,656,1067,1.5961070559610706
430,479,909,1.113953488372093
12,812,824,67.66666666666667
23,691,714,30.043478260869566
3876,85,3961,0.021929824561403508
2068,14,2082,0.006769825918762089
15,226,241,15.066666666666666
25,210,235,8.4
1283,139,1422,0.1083398285268901
29,142,171,4.896551724137931
6,33,39,5.5
367,389,756,1.0599455040871935
288,796,1084,2.763888888888889
13,381,394,29.307692307692307
17,99,116,5.823529411764706
71,189,260,2.6619718309859155
14,330,344,23.571428571428573
53,242,295,4.566037735849057
23,5,28,0.21739130434782608
39,221,260,5.666666666666667
129,149,278,1.1550387596899225
12,450,462,37.5
102,142,244,1.392156862745098
36,660,696,18.333333333333332
54,328,382,6.074074074074074
73,355,428,4.863013698630137
7,837,844,119.57142857142857
37,467,504,12.621621621621621
120,697,817,5.808333333333334
12,590,602,49.166666666666664
15,186,201,12.4
19,798,817,42.0
26,395,421,15.192307692307692
20,468,488,23.4
12,285,297,23.75
9,388,397,43.111111111111114
299,64,363,0.2140468227424749
274,544,818,1.9854014598540146
22,313,335,14.227272727272727
27,366,393,13.555555555555555
4,11,15,2.75
50,465,515,9.3
36,117,153,3.25
164,177,341,1.079268292682927
350,531,881,1.5171428571428571
19,129,148,6.7894736842105265
29,676,705,23.310344827586206
27,493,520,18.25925925925926
13,151,164,11.615384615384615
493,104,597,0.21095334685598377
19,349,368,18.36842105263158
44,238,282,5.409090909090909
6,449,455,74.83333333333333
159,256,415,1.610062893081761
22,99,121,4.5
6,272,278,45.333333333333336
776,342,1118,0.44072164948453607
3804,180,3984,0.0473186119873817
117,373,490,3.1880341880341883
18,323,341,17.944444444444443
29,177,206,6.103448275862069
1237,27,1264,0.021827000808407437
12,255,267,21.25
15,265,280,17.666666666666668
35,907,942,25.914285714285715
27,159,186,5.888888888888889
55,432,487,7.8545454545454545
101,24,125,0.2376237623762376
137,246,383,1.7956204379562044
37,469,506,12.675675675675675
978,858,1836,0.8773006134969326
141,183,324,1.297872340425532
928,1014,1942,1.0926724137931034
1166,4,1170,0.003430531732418525
15,249,264,16.6
20,404,424,20.2
64,345,409,5.390625
6,58,64,9.666666666666666
1961,411,2372,0.20958694543600204
51,502,553,9.843137254901961
907,634,1541,0.6990077177508269
52,367,419,7.0576923076923075
41,337,378,8.21951219512195
13,916,929,70.46153846153847
11,283,294,25.727272727272727
36,396,432,11.0
152,647,799,4.256578947368421
15,296,311,19.733333333333334
44,481,525,10.931818181818182
96,144,240,1.5
367,50,417,0.1362397820163488
12,30,42,2.5
16,575,591,35.9375
104,230,334,2.2115384615384617
2,38,40,19.0
22,40,62,1.8181818181818181
11,255,266,23.181818181818183
81,536,617,6.617283950617284
28,568,596,20.285714285714285
332,950,1282,2.86144578313253
15,314,329,20.933333333333334
2540,50,2590,0.01968503937007874
19,267,286,14.052631578947368
8,301,309,37.625
47,35,82,0.7446808510638298
359,1020,1379,2.8412256267409473
10,279,289,27.9
96,613,709,6.385416666666667
32,349,381,10.90625
38,179,217,4.7105263157894735
41,900,941,21.951219512195124
151,485,636,3.2119205298013247
98,547,645,5.581632653061225
9,256,265,28.444444444444443
270,646,916,2.3925925925925924
149,374,523,2.51006711409396
12,416,428,34.666666666666664
132,178,310,1.3484848484848484
35,76,111,2.1714285714285713
554,119,673,0.2148014440433213
20,260,280,13.0
9,181,190,20.11111111111111
63,171,234,2.7142857142857144
36,720,756,20.0
1067,46,1113,0.04311152764761012
16,470,486,29.375
97,535,632,5.515463917525773
121,222,343,1.834710743801653
21,167,188,7.9523809523809526
2176,76,2252,0.034926470588235295
66,935,1001,14.166666666666666
1474,11,1485,0.007462686567164179
95,487,582,5.126315789473685
10,294,304,29.4
46,167,213,3.630434782608696
249,301,550,1.2088353413654618
11,307,318,27.90909090909091
8,90,98,11.25
13,572,585,44.0
19,116,135,6.105263157894737
178,766,944,4.303370786516854
16,401,417,25.0625
33,321,354,9.727272727272727
485,4,489,0.008247422680412371
29,406,435,14.0
1555,129,1684,0.08295819935691319
208,138,346,0.6634615384615384
1003,762,1765,0.7597208374875374
261,176,437,0.6743295019157088
138,653,791,4.731884057971015
11,274,285,24.90909090909091
110,440,550,4.0
728,285,1013,0.3914835164835165
17,123,140,7.235294117647059
39,269,308,6.897435897435898
12,252,264,21.0
12,101,113,8.416666666666666
224,1014,1238,4.526785714285714
35,757,792,21.62857142857143
947,194,1141,0.20485744456177402
2048,1120,3168,0.546875
9,76,85,8.444444444444445
40,237,277,5.925
1034,984,2018,0.9516441005802708
90,90,180,1.0
14,156,170,11.142857142857142
8,26,34,3.25
1629,134,1763,0.08225905463474524
79,44,123,0.5569620253164557
24,382,406,15.916666666666666
3818,93,3911,0.02435830277632268
14,361,375,25.785714285714285
115,454,569,3.9478260869565216
667,413,1080,0.6191904047976012
14,916,930,65.42857142857143
255,223,478,0.8745098039215686
2030,298,2328,0.14679802955665025
2722,25,2747,0.009184423218221896
20,986,1006,49.3
70,263,333,3.757142857142857
28,227,255,8.107142857142858
1260,305,1565,0.24206349206349206
86,223,309,2.5930232558139537
35,454,489,12.971428571428572
117,113,230,0.9658119658119658
25,427,452,17.08
6,336,342,56.0
6,234,240,39.0
23,192,215,8.347826086956522
14,624,638,44.57142857142857
454,163,617,0.3590308370044053
98,381,479,3.8877551020408165
53,60,113,1.1320754716981132
167,364,531,2.179640718562874
36,437,473,12.13888888888889
24,199,223,8.291666666666666
23,171,194,7.434782608695652
22,216,238,9.818181818181818
39,403,442,10.333333333333334
562,257,819,0.45729537366548045
5,133,138,26.6
103,352,455,3.4174757281553396
910,113,1023,0.12417582417582418
186,447,633,2.403225806451613
18,183,201,10.166666666666666
152,340,492,2.236842105263158
94,154,248,1.6382978723404256
37,129,166,3.4864864864864864
4,11,15,2.75
15,186,201,12.4
8,131,139,16.375
16,77,93,4.8125
9,146,155,16.22222222222222
10,691,701,69.1
1009,273,1282,0.2705649157581764
2,11,13,5.5
1985,8,1993,0.004030226700251889
25,236,261,9.44
77,607,684,7.883116883116883
1952,311,2263,0.15932377049180327
33,182,215,5.515151515151516
50,311,361,6.22
52,151,203,2.9038461538461537
19,444,463,23.36842105263158
25,401,426,16.04
41,324,365,7.902439024390244
467,449,916,0.961456102783726
604,181,785,0.2996688741721854
1975,672,2647,0.34025316455696203
16,262,278,16.375
26,205,231,7.884615384615385
10,487,497,48.7
180,498,678,2.7666666666666666
12,54,66,4.5
25,385,410,15.4
51,149,200,2.9215686274509802
52,40,92,0.7692307692307693
17,87,104,5.117647058823529
85,69,154,0.8117647058823529
83,386,469,4.650602409638554
13,194,207,14.923076923076923
136,449,585,3.301470588235294
804,276,1080,0.34328358208955223
12,334,346,27.833333333333332
47,162,209,3.4468085106382977
152,11,163,0.07236842105263158
182,87,269,0.47802197802197804
7,70,77,10.0
6,252,258,42.0
168,918,1086,5.464285714285714
206,452,658,2.1941747572815533
5,99,104,19.8
1229,410,1639,0.3336045565500407
20,268,288,13.4
22,221,243,10.045454545454545
115,11,126,0.09565217391304348
14,83,97,5.928571428571429
13,41,54,3.1538461538461537
14,288,302,20.571428571428573
457,213,670,0.4660831509846827
13,523,536,40.23076923076923
171,239,410,1.3976608187134503
87,569,656,6.540229885057471
1001,146,1147,0.14585414585414586
39,295,334,7.564102564102564
33,830,863,25.151515151515152
890,469,1359,0.5269662921348315
18,57,75,3.1666666666666665
10,69,79,6.9
8,83,91,10.375
1323,5,1328,0.003779289493575208
17,244,261,14.352941176470589
113,510,623,4.513274336283186
40,706,746,17.65
14,478,492,34.142857142857146
47,168,215,3.574468085106383
997,165,1162,0.16549648946840523
6,73,79,12.166666666666666
41,5,46,0.12195121951219512
148,388,536,2.6216216216216215
13,327,340,25.153846153846153
64,39,103,0.609375
16,373,389,23.3125
47,504,551,10.72340425531915
23,146,169,6.3478260869565215
368,85,453,0.23097826086956522
8,79,87,9.875
159,286,445,1.79874213836478
46,94,140,2.0434782608695654
29,408,437,14.068965517241379
59,385,444,6.52542372881356
5,331,336,66.2
2,11,13,5.5
47,950,997,20.21276595744681
1766,45,1811,0.02548131370328426
28,272,300,9.714285714285714
25,228,253,9.12
10,441,451,44.1
24,385,409,16.041666666666668
15,389,404,25.933333333333334
20,89,109,4.45
46,614,660,13.347826086956522
25,40,65,1.6
6,191,197,31.833333333333332
27,38,65,1.4074074074074074
10,878,888,87.8
11,196,207,17.818181818181817
109,291,400,2.669724770642202
22,458,480,20.818181818181817
103,616,719,5.980582524271845
19,132,151,6.947368421052632
33,97,130,2.9393939393939394
44,46,90,1.0454545454545454
16,474,490,29.625
9,387,396,43.0
16,213,229,13.3125
217,1010,1227,4.654377880184332
1040,142,1182,0.13653846153846153
1744,35,1779,0.020068807339449542
48,211,259,4.395833333333333
167,167,334,1.0
267,711,978,2.662921348314607
156,100,256,0.6410256410256411
2867,337,3204,0.11754447157307289
565,258,823,0.45663716814159294
10,22,32,2.2
9,273,282,30.333333333333332
24,32,56,1.3333333333333333
30,358,388,11.933333333333334
106,78,184,0.7358490566037735
162,587,749,3.623456790123457
280,181,461,0.6464285714285715
13,361,374,27.76923076923077
20,933,953,46.65
1467,42,1509,0.028629856850715747
4,281,285,70.25
9,388,397,43.111111111111114
748,286,1034,0.38235294117647056
9,283,292,31.444444444444443
8,82,90,10.25
236,88,324,0.3728813559322034
12,390,402,32.5
38,307,345,8.078947368421053
98,349,447,3.561224489795918
24,635,659,26.458333333333332
4,280,284,70.0
184,8,192,0.043478260869565216
183,86,269,0.46994535519125685
64,38,102,0.59375
3287,439,3726,0.1335564344386979
74,451,525,6.094594594594595
45,368,413,8.177777777777777
27,367,394,13.592592592592593
15,246,261,16.4
120,417,537,3.475
24,170,194,7.083333333333333
25,239,264,9.56
2328,132,2460,0.05670103092783505
20,173,193,8.65
33,635,668,19.242424242424242
14,427,441,30.5
29,177,206,6.103448275862069
21,288,309,13.714285714285714
57,200,257,3.508771929824561
1221,101,1322,0.08271908271908272
34,258,292,7.588235294117647
13,548,561,42.15384615384615
169,485,654,2.8698224852071004
69,237,306,3.4347826086956523
19,221,240,11.631578947368421
47,319,366,6.787234042553192
175,423,598,2.4171428571428573
61,787,848,12.901639344262295
31,31,62,1.0
18,116,134,6.444444444444445
53,380,433,7.169811320754717
13,408,421,31.384615384615383
19,33,52,1.736842105263158
742,198,940,0.2668463611859838
23,784,807,34.08695652173913
8,527,535,65.875
22,81,103,3.6818181818181817
35,344,379,9.82857142857143
29,91,120,3.1379310344827585
2056,159,2215,0.07733463035019456
18,188,206,10.444444444444445
8,16,24,2.0
89,185,274,2.0786516853932584
73,276,349,3.780821917808219
26,90,116,3.4615384615384617
2305,270,2575,0.11713665943600868
919,8,927,0.008705114254624592
27,407,434,15.074074074074074
208,120,328,0.5769230769230769
17,374,391,22.0
244,868,1112,3.557377049180328
12,38,50,3.1666666666666665
10,325,335,32.5
250,195,445,0.78
251,249,500,0.9920318725099602
6,23,29,3.8333333333333335
10,144,154,14.4
10,139,149,13.9
63,217,280,3.4444444444444446
20,227,247,11.35
29,767,796,26.448275862068964
92,285,377,3.097826086956522
49,436,485,8.89795918367347
12,317,329,26.416666666666668
15,657,672,43.8
22,115,137,5.2272727272727275
8,106,114,13.25
232,235,467,1.0129310344827587
17,956,973,56.23529411764706
14,341,355,24.357142857142858
18,610,628,33.888888888888886
11,265,276,24.09090909090909
42,213,255,5.071428571428571
11,104,115,9.454545454545455
1322,841,2163,0.6361573373676248
234,756,990,3.230769230769231
84,57,141,0.6785714285714286
432,193,625,0.44675925925925924
131,102,233,0.7786259541984732
45,237,282,5.266666666666667
13,485,498,37.30769230769231
588,475,1063,0.8078231292517006
50,506,556,10.12
45,64,109,1.4222222222222223
31,333,364,10.741935483870968
502,190,692,0.3784860557768924
19,354,373,18.63157894736842
74,598,672,8.08108108108108
3492,280,3772,0.08018327605956473
74,456,530,6.162162162162162
11,189,200,17.181818181818183
35,962,997,27.485714285714284
10,344,354,34.4
49,208,257,4.244897959183674
16,190,206,11.875
21,346,367,16.476190476190474
10,139,149,13.9
2353,195,2548,0.08287292817679558
58,582,640,10.03448275862069
100,380,480,3.8
27,411,438,15.222222222222221
180,498,678,2.7666666666666666
35,80,115,2.2857142857142856
139,67,206,0.48201438848920863
161,191,352,1.186335403726708
3362,249,3611,0.07406305770374777
1131,424,1555,0.3748894783377542
25,402,427,16.08
18,816,834,45.333333333333336
9,497,506,55.22222222222222
13,297,310,22.846153846153847
12,847,859,70.58333333333333
106,493,599,4.650943396226415
9,59,68,6.555555555555555
44,949,993,21.568181818181817
107,323,430,3.0186915887850465
52,40,92,0.7692307692307693
34,53,87,1.5588235294117647
10,274,284,27.4
11,584,595,53.09090909090909
8,275,283,34.375
13,43,56,3.3076923076923075
41,23,64,0.5609756097560976
17,212,229,12.470588235294118
18,341,359,18.944444444444443
23,886,909,38.52173913043478
90,29,119,0.32222222222222224
92,229,321,2.489130434782609
89,119,208,1.3370786516853932
6,65,71,10.833333333333334
16,207,223,12.9375
609,13,622,0.021346469622331693
68,919,987,13.514705882352942
10,133,143,13.3
81,417,498,5.148148148148148
112,295,407,2.6339285714285716
12,47,59,3.9166666666666665
136,597,733,4.389705882352941
16,168,184,10.5
29,280,309,9.655172413793103
385,798,1183,2.0727272727272728
15,286,301,19.066666666666666
55,300,355,5.454545454545454
129,632,761,4.89922480620155
4,217,221,54.25
25,203,228,8.12
18,849,867,47.166666666666664
10,298,308,29.8
13,454,467,34.92307692307692
16,131,147,8.1875
25,28,53,1.12
39,320,359,8.205128205128204
126,412,538,3.2698412698412698
23,291,314,12.652173913043478
1442,208,1650,0.14424410540915394
139,814,953,5.856115107913669
10,210,220,21.0
11,237,248,21.545454545454547
38,666,704,17.526315789473685
383,364,747,0.9503916449086162
627,181,808,0.2886762360446571
12,49,61,4.083333333333333
3300,142,3442,0.04303030303030303
379,432,811,1.1398416886543536
3,11,14,3.6666666666666665
2590,71,2661,0.027413127413127413
12,278,290,23.166666666666668
40,291,331,7.275
18,56,74,3.111111111111111
15,429,444,28.6
31,428,459,13.806451612903226
32,140,172,4.375
24,272,296,11.333333333333334
123,641,764,5.211382113821138
252,206,458,0.8174603174603174
942,215,1157,0.22823779193205945
453,422,875,0.9315673289183223
19,298,317,15.68421052631579
570,98,668,0.17192982456140352
39,760,799,19.487179487179485
168,918,1086,5.464285714285714
20,537,557,26.85
28,613,641,21.892857142857142
146,299,445,2.047945205479452
570,305,875,0.5350877192982456
718,176,894,0.24512534818941503
464,198,662,0.4267241379310345
30,105,135,3.5
4,24,28,6.0
24,564,588,23.5
8,401,409,50.125
9,176,185,19.555555555555557
16,447,463,27.9375
1527,80,1607,0.05239030779305828
1398,98,1496,0.07010014306151645
1408,322,1730,0.22869318181818182
2758,526,3284,0.19071791153009426
14,185,199,13.214285714285714
105,842,947,8.019047619047619
2082,181,2263,0.08693563880883766
2129,264,2393,0.1240018788163457
82,12,94,0.14634146341463414
485,207,692,0.4268041237113402
30,478,508,15.933333333333334
8,371,379,46.375
124,18,142,0.14516129032258066
21,877,898,41.76190476190476
157,192,349,1.2229299363057324
19,203,222,10.68421052631579
23,14,37,0.6086956521739131
19,152,171,8.0
12,302,314,25.166666666666668
19,449,468,23.63157894736842
10,390,400,39.0
811,590,1401,0.7274969173859432
22,386,408,17.545454545454547
10,159,169,15.9
33,257,290,7.787878787878788
10,415,425,41.5
2,425,427,212.5
472,304,776,0.6440677966101694
14,92,106,6.571428571428571
58,262,320,4.517241379310345
13,549,562,42.23076923076923
156,314,470,2.0128205128205128
19,602,621,31.68421052631579
57,246,303,4.315789473684211
57,141,198,2.473684210526316
26,745,771,28.653846153846153
763,152,915,0.19921363040629095
24,179,203,7.458333333333333
15,199,214,13.266666666666667
301,214,515,0.7109634551495017
41,138,179,3.3658536585365852
12,314,326,26.166666666666668
52,275,327,5.288461538461538
2517,105,2622,0.041716328963051254
9,206,215,22.88888888888889
1865,47,1912,0.02520107238605898
7,174,181,24.857142857142858
13,1002,1015,77.07692307692308
8,276,284,34.5
11,403,414,36.63636363636363
68,384,452,5.647058823529412
18,453,471,25.166666666666668
363,179,542,0.4931129476584022
471,189,660,0.4012738853503185
101,22,123,0.21782178217821782
15,995,1010,66.33333333333333
102,70,172,0.6862745098039216
320,142,462,0.44375
22,417,439,18.954545454545453
20,323,343,16.15
22,428,450,19.454545454545453
1075,519,1594,0.4827906976744186
25,382,407,15.28
3439,273,3712,0.07938354172724629
83,768,851,9.25301204819277
11,213,224,19.363636363636363
9,188,197,20.88888888888889
3,164,167,54.666666666666664
7,120,127,17.142857142857142
26,195,221,7.5
80,23,103,0.2875
955,284,1239,0.2973821989528796
61,25,86,0.4098360655737705
10,90,100,9.0
142,289,431,2.035211267605634
10,51,61,5.1
16,85,101,5.3125
121,870,991,7.190082644628099
33,486,519,14.727272727272727
5,74,79,14.8
3,13,16,4.333333333333333
1756,4,1760,0.002277904328018223
245,1009,1254,4.118367346938776
2017,143,2160,0.07089737233515121
10,832,842,83.2
36,189,225,5.25
11,253,264,23.0
195,98,293,0.5025641025641026
11,360,371,32.72727272727273
1093,203,1296,0.18572735590118938
12,253,265,21.083333333333332
194,481,675,2.479381443298969
8,134,142,16.75
34,225,259,6.617647058823529
209,138,347,0.6602870813397129
333,648,981,1.945945945945946
9,961,970,106.77777777777777
19,487,506,25.63157894736842
18,170,188,9.444444444444445
175,280,455,1.6
18,91,109,5.055555555555555
291,286,577,0.9828178694158075
13,327,340,25.153846153846153
16,296,312,18.5
1237,258,1495,0.2085691188358933
27,715,742,26.48148148148148
200,86,286,0.43
12,339,351,28.25
18,79,97,4.388888888888889
92,98,190,1.065217391304348
65,280,345,4.3076923076923075
7,12,19,1.7142857142857142
155,792,947,5.109677419354838
35,76,111,2.1714285714285713
1240,568,1808,0.45806451612903226
37,348,385,9.405405405405405
39,968,1007,24.82051282051282
21,739,760,35.19047619047619
37,320,357,8.64864864864865
8,152,160,19.0
72,983,1055,13.652777777777779
25,454,479,18.16
48,421,469,8.770833333333334
239,55,294,0.2301255230125523
7,213,220,30.428571428571427
13,317,330,24.384615384615383
18,652,670,36.22222222222222
7,181,188,25.857142857142858
75,84,159,1.12
45,21,66,0.4666666666666667
40,290,330,7.25
136,67,203,0.49264705882352944
128,583,711,4.5546875
632,33,665,0.05221518987341772
17,86,103,5.0588235294117645
108,273,381,2.5277777777777777
16,299,315,18.6875
10,1021,1031,102.1
139,211,350,1.5179856115107915
38,4,42,0.10526315789473684
824,26,850,0.03155339805825243
42,185,227,4.404761904761905
1409,238,1647,0.16891412349183818
11,27,38,2.4545454545454546
14,306,320,21.857142857142858
10,639,649,63.9
18,645,663,35.833333333333336
106,585,691,5.518867924528302
679,14,693,0.020618556701030927
3011,353,3364,0.11723679840584524
10,355,365,35.5
123,256,379,2.0813008130081303
108,275,383,2.5462962962962963
63,31,94,0.49206349206349204
7,327,334,46.714285714285715
96,609,705,6.34375
659,6,665,0.009104704097116844
19,67,86,3.526315789473684
39,540,579,13.846153846153847
536,397,933,0.7406716417910447
106,998,1104,9.415094339622641
14,841,855,60.07142857142857
34,266,300,7.823529411764706
1762,47,1809,0.026674233825198637
13,405,418,31.153846153846153
386,62,448,0.16062176165803108
56,159,215,2.8392857142857144
24,163,187,6.791666666666667
11,309,320,28.09090909090909
124,420,544,3.3870967741935485
8,307,315,38.375
77,112,189,1.4545454545454546
977,983,1960,1.0061412487205732
12,321,333,26.75
81,34,115,0.41975308641975306
520,112,632,0.2153846153846154
12,475,487,39.583333333333336
20,345,365,17.25
25,391,416,15.64
16,174,190,10.875
86,523,609,6.0813953488372094
31,109,140,3.5161290322580645
19,488,507,25.68421052631579
860,390,1250,0.45348837209302323
4,497,501,124.25
129,828,957,6.4186046511627906
11,224,235,20.363636363636363
47,162,209,3.4468085106382977
76,479,555,6.302631578947368
38,444,482,11.68421052631579
28,422,450,15.071428571428571
265,245,510,0.9245283018867925
9,38,47,4.222222222222222
164,541,705,3.298780487804878
155,521,676,3.361290322580645
10,27,37,2.7
19,314,333,16.526315789473685
68,136,204,2.0
9,283,292,31.444444444444443
106,9,115,0.08490566037735849
105,11,116,0.10476190476190476
693,465,1158,0.670995670995671
33,977,1010,29.606060606060606
16,242,258,15.125
664,413,1077,0.6219879518072289
50,842,892,16.84
14,272,286,19.428571428571427
23,62,85,2.6956521739130435
38,114,152,3.0
42,311,353,7.404761904761905
33,412,445,12.484848484848484
29,253,282,8.724137931034482
15,24,39,1.6
290,172,462,0.593103448275862
1022,903,1925,0.8835616438356164
12,265,277,22.083333333333332
186,12,198,0.06451612903225806
15,361,376,24.066666666666666
2,8,10,4.0
13,245,258,18.846153846153847
9,206,215,22.88888888888889
54,157,211,2.9074074074074074
61,394,455,6.459016393442623
4,30,34,7.5
90,300,390,3.3333333333333335
17,359,376,21.11764705882353
43,104,147,2.4186046511627906
38,259,297,6.815789473684211
15,90,105,6.0
31,285,316,9.193548387096774
25,402,427,16.08
247,133,380,0.5384615384615384
9,245,254,27.22222222222222
198,274,472,1.3838383838383839
25,430,455,17.2
436,252,688,0.5779816513761468
15,83,98,5.533333333333333
1183,249,1432,0.21048182586644126
282,248,530,0.8794326241134752
6,181,187,30.166666666666668
18,211,229,11.722222222222221
17,385,402,22.647058823529413
93,132,225,1.4193548387096775
24,102,126,4.25
357,384,741,1.0756302521008403
34,190,224,5.588235294117647
14,94,108,6.714285714285714
78,5,83,0.0641025641025641
800,1040,1840,1.3
562,808,1370,1.4377224199288257
144,128,272,0.8888888888888888
19,148,167,7.7894736842105265
12,397,409,33.083333333333336
896,944,1840,1.0535714285714286
189,396,585,2.0952380952380953
20,309,329,15.45
197,122,319,0.6192893401015228
269,68,337,0.2527881040892193
1037,450,1487,0.4339440694310511
33,321,354,9.727272727272727
61,272,333,4.459016393442623
7,60,67,8.571428571428571
17,840,857,49.411764705882355
2312,402,2714,0.17387543252595156
229,338,567,1.4759825327510918
42,47,89,1.119047619047619
17,402,419,23.647058823529413
103,93,196,0.9029126213592233
33,479,512,14.515151515151516
6,111,117,18.5
9,88,97,9.777777777777779
349,161,510,0.46131805157593125
17,54,71,3.176470588235294
15,154,169,10.266666666666667
109,414,523,3.7981651376146788
13,298,311,22.923076923076923
39,35,74,0.8974358974358975
6,171,177,28.5
22,250,272,11.363636363636363
170,655,825,3.8529411764705883
2,11,13,5.5
11,357,368,32.45454545454545
6,354,360,59.0
81,460,541,5.679012345679013
20,899,919,44.95
13,237,250,18.23076923076923
37,127,164,3.4324324324324325
1141,375,1516,0.32865907099035935
28,231,259,8.25
75,905,980,12.066666666666666
49,391,440,7.979591836734694
78,229,307,2.9358974358974357
80,107,187,1.3375
7,346,353,49.42857142857143
13,345,358,26.53846153846154
16,601,617,37.5625
18,420,438,23.333333333333332
50,244,294,4.88
1927,823,2750,0.4270887389724961
186,96,282,0.5161290322580645
9,56,65,6.222222222222222
728,285,1013,0.3914835164835165
243,411,654,1.691358024691358
35,434,469,12.4
232,235,467,1.0129310344827587
47,458,505,9.74468085106383
998,1123,2121,1.125250501002004
32,140,172,4.375
2993,429,3422,0.14333444704310055
2700,331,3031,0.12259259259259259
225,477,702,2.12
28,569,597,20.321428571428573
2,11,13,5.5
69,269,338,3.898550724637681
269,737,1006,2.7397769516728623
35,94,129,2.6857142857142855
10,32,42,3.2
25,234,259,9.36
2,430,432,215.0
9,266,275,29.555555555555557
17,37,54,2.176470588235294
8,364,372,45.5
3,151,154,50.333333333333336
1228,482,1710,0.3925081433224756
104,86,190,0.8269230769230769
417,191,608,0.4580335731414868
362,269,631,0.7430939226519337
22,482,504,21.90909090909091
34,541,575,15.911764705882353
1432,5,1437,0.0034916201117318434
341,190,531,0.5571847507331378
135,102,237,0.7555555555555555
9,283,292,31.444444444444443
69,477,546,6.913043478260869
1375,418,1793,0.304
586,100,686,0.17064846416382254
70,194,264,2.7714285714285714
8,182,190,22.75
17,385,402,22.647058823529413
10,361,371,36.1
25,155,180,6.2
398,30,428,0.07537688442211055
120,374,494,3.1166666666666667
23,482,505,20.956521739130434
251,159,410,0.6334661354581673
10,208,218,20.8
1648,294,1942,0.1783980582524272
63,857,920,13.603174603174603
3205,33,3238,0.01029641185647426
134,548,682,4.08955223880597
15,946,961,63.06666666666667
14,318,332,22.714285714285715
18,165,183,9.166666666666666
11,97,108,8.818181818181818
11,110,121,10.0
11,968,979,88.0
44,213,257,4.840909090909091
225,525,750,2.3333333333333335
27,136,163,5.037037037037037
33,315,348,9.545454545454545
501,105,606,0.20958083832335328
264,134,398,0.5075757575757576
12,218,230,18.166666666666668
14,219,233,15.642857142857142
27,725,752,26.85185185185185
17,430,447,25.294117647058822
19,164,183,8.631578947368421
63,816,879,12.952380952380953
10,266,276,26.6
118,214,332,1.8135593220338984
14,186,200,13.285714285714286
52,105,157,2.019230769230769
14,402,416,28.714285714285715
1489,275,1764,0.18468770987239758
813,388,1201,0.47724477244772445
25,189,214,7.56
20,363,383,18.15
48,265,313,5.520833333333333
12,606,618,50.5
10,173,183,17.3
22,150,172,6.818181818181818
10,128,138,12.8
37,104,141,2.810810810810811
36,549,585,15.25
18,411,429,22.833333333333332
1172,556,1728,0.47440273037542663
765,275,1040,0.35947712418300654
41,1018,1059,24.829268292682926
378,120,498,0.31746031746031744
846,19,865,0.022458628841607566
19,89,108,4.684210526315789
13,445,458,34.23076923076923
936,308,1244,0.32905982905982906
972,398,1370,0.4094650205761317
16,281,297,17.5625
13,794,807,61.07692307692308
11,315,326,28.636363636363637
13,467,480,35.92307692307692
367,16,383,0.043596730245231606
81,107,188,1.3209876543209877
29,202,231,6.9655172413793105
1183,249,1432,0.21048182586644126
394,49,443,0.12436548223350254
34,287,321,8.441176470588236
17,69,86,4.0588235294117645
413,915,1328,2.2154963680387407
87,73,160,0.8390804597701149
97,637,734,6.56701030927835
1088,263,1351,0.2417279411764706
35,47,82,1.3428571428571427
17,307,324,18.058823529411764
8,114,122,14.25
96,687,783,7.15625
1932,317,2249,0.16407867494824016
659,8,667,0.012139605462822459
2305,270,2575,0.11713665943600868
15,93,108,6.2
530,682,1212,1.2867924528301886
93,318,411,3.4193548387096775
684,226,910,0.3304093567251462
8,213,221,26.625
10,212,222,21.2
188,255,443,1.3563829787234043
397,398,795,1.0025188916876575
117,6,123,0.05128205128205128
111,19,130,0.17117117117117117
19,451,470,23.736842105263158
19,382,401,20.105263157894736
3369,440,3809,0.13060255268625706
117,449,566,3.8376068376068377
262,107,369,0.4083969465648855
18,188,206,10.444444444444445
17,206,223,12.117647058823529
10,534,544,53.4
101,310,411,3.0693069306930694
75,14,89,0.18666666666666668
1171,176,1347,0.1502988898377455
354,503,857,1.42090395480226
16,531,547,33.1875
169,22,191,0.1301775147928994
12,625,637,52.083333333333336
19,354,373,18.63157894736842
15,404,419,26.933333333333334
8,305,313,38.125
12,328,340,27.333333333333332
24,883,907,36.791666666666664
11,385,396,35.0
17,147,164,8.647058823529411
89,23,112,0.25842696629213485
21,16,37,0.7619047619047619
7,82,89,11.714285714285714
30,292,322,9.733333333333333
20,364,384,18.2
739,6,745,0.008119079837618403
20,248,268,12.4
103,86,189,0.8349514563106796
12,110,122,9.166666666666666
19,188,207,9.894736842105264
2,43,45,21.5
55,25,80,0.45454545454545453
129,423,552,3.2790697674418605
3630,106,3736,0.029201101928374655
194,491,685,2.5309278350515463
36,341,377,9.472222222222221
6,468,474,78.0
20,666,686,33.3
91,402,493,4.417582417582418
384,104,488,0.2708333333333333
13,936,949,72.0
89,323,412,3.6292134831460676
1600,12,1612,0.0075
10,496,506,49.6
28,391,419,13.964285714285714
12,52,64,4.333333333333333
18,421,439,23.38888888888889
83,299,382,3.602409638554217
7,286,293,40.857142857142854
29,252,281,8.689655172413794
76,99,175,1.3026315789473684
7,378,385,54.0
76,196,272,2.5789473684210527
7,372,379,53.142857142857146
9,785,794,87.22222222222223
1022,224,1246,0.2191780821917808
20,762,782,38.1
145,340,485,2.3448275862068964
105,71,176,0.6761904761904762
91,806,897,8.857142857142858
17,293,310,17.235294117647058
188,196,384,1.0425531914893618
57,68,125,1.1929824561403508
127,470,597,3.7007874015748032
8,251,259,31.375
87,395,482,4.540229885057471
176,106,282,0.6022727272727273
43,100,143,2.3255813953488373
66,440,506,6.666666666666667
1505,1023,2528,0.6797342192691029
242,241,483,0.9958677685950413
31,525,556,16.93548387096774
51,328,379,6.431372549019608
29,412,441,14.206896551724139
11,203,214,18.454545454545453
10,662,672,66.2
36,289,325,8.027777777777779
25,924,949,36.96
234,71,305,0.3034188034188034
17,188,205,11.058823529411764
9,202,211,22.444444444444443
13,487,500,37.46153846153846
80,107,187,1.3375
899,447,1346,0.4972191323692992
68,242,310,3.5588235294117645
9,16,25,1.7777777777777777
12,241,253,20.083333333333332
735,622,1357,0.8462585034013606
501,105,606,0.20958083832335328
6,12,18,2.0
27,523,550,19.37037037037037
2302,161,2463,0.06993918331885317
2297,239,2536,0.10404875925119722
13,201,214,15.461538461538462
320,440,760,1.375
1003,271,1274,0.27018943170488535
568,565,1133,0.9947183098591549
1001,463,1464,0.46253746253746253
30,182,212,6.066666666666666
18,271,289,15.055555555555555
11,261,272,23.727272727272727
23,136,159,5.913043478260869
14,375,389,26.785714285714285
8,324,332,40.5
7,41,48,5.857142857142857
13,115,128,8.846153846153847
3,762,765,254.0
279,415,694,1.4874551971326164
15,50,65,3.3333333333333335
9,595,604,66.11111111111111
27,105,132,3.888888888888889
8,96,104,12.0
165,190,355,1.1515151515151516
3,560,563,186.66666666666666
102,610,712,5.980392156862745
9,272,281,30.22222222222222
152,697,849,4.5855263157894735
2,11,13,5.5
1999,286,2285,0.14307153576788395
769,231,1000,0.30039011703511054
13,50,63,3.8461538461538463
77,447,524,5.805194805194805
175,556,731,3.177142857142857
7,199,206,28.428571428571427
80,1039,1119,12.9875
1954,392,2346,0.20061412487205732
34,508,542,14.941176470588236
39,584,623,14.974358974358974
81,159,240,1.962962962962963
101,464,565,4.594059405940594
13,343,356,26.384615384615383
21,567,588,27.0
41,831,872,20.26829268292683
28,151,179,5.392857142857143
22,131,153,5.954545454545454
23,310,333,13.478260869565217
34,261,295,7.676470588235294
260,194,454,0.7461538461538462
652,819,1471,1.2561349693251533
25,136,161,5.44
3130,395,3525,0.12619808306709265
296,74,370,0.25
194,972,1166,5.010309278350515
26,279,305,10.73076923076923
883,48,931,0.05436013590033975
787,28,815,0.035578144853875476
169,384,553,2.272189349112426
91,332,423,3.6483516483516483
48,655,703,13.645833333333334
202,861,1063,4.262376237623762
545,316,861,0.5798165137614679
706,650,1356,0.9206798866855525
7,241,248,34.42857142857143
1544,115,1659,0.0744818652849741
62,35,97,0.5645161290322581
250,11,261,0.044
18,69,87,3.8333333333333335
243,351,594,1.4444444444444444
313,822,1135,2.626198083067093
22,245,267,11.136363636363637
13,888,901,68.3076923076923
2,568,570,284.0
23,395,418,17.17391304347826
51,365,416,7.1568627450980395
223,342,565,1.5336322869955157
21,422,443,20.095238095238095
182,1017,1199,5.587912087912088
11,314,325,28.545454545454547
18,157,175,8.722222222222221
7,82,89,11.714285714285714
24,473,497,19.708333333333332
268,229,497,0.8544776119402985
134,58,192,0.43283582089552236
20,427,447,21.35
33,306,339,9.272727272727273
16,375,391,23.4375
5,41,46,8.2
15,276,291,18.4
54,497,551,9.203703703703704
375,5,380,0.013333333333333334
36,602,638,16.72222222222222
50,192,242,3.84
22,60,82,2.727272727272727
1505,169,1674,0.1122923588039867
2570,372,2942,0.14474708171206227
15,271,286,18.066666666666666
15,333,348,22.2
8,27,35,3.375
1519,23,1542,0.015141540487162607
530,170,700,0.32075471698113206
14,238,252,17.0
131,409,540,3.122137404580153
14,10,24,0.7142857142857143
10,832,842,83.2
4,353,357,88.25
29,105,134,3.6206896551724137
142,452,594,3.183098591549296
9,366,375,40.666666666666664
8,128,136,16.0
159,597,756,3.7547169811320753
857,393,1250,0.45857642940490084
175,175,350,1.0
279,5,284,0.017921146953405017
8,357,365,44.625
2,11,13,5.5
114,359,473,3.1491228070175437
51,120,171,2.3529411764705883
174,80,254,0.45977011494252873
6,102,108,17.0
2718,920,3638,0.3384841795437822
59,199,258,3.3728813559322033
27,574,601,21.25925925925926
47,294,341,6.25531914893617
2,42,44,21.0
35,56,91,1.6
36,602,638,16.72222222222222
49,177,226,3.6122448979591835
330,1043,1373,3.1606060606060606
106,98,204,0.9245283018867925
49,254,303,5.183673469387755
12,241,253,20.083333333333332
9,241,250,26.77777777777778
1063,902,1965,0.8485418626528692
165,132,297,0.8
21,474,495,22.571428571428573
153,201,354,1.3137254901960784
3250,154,3404,0.047384615384615386
46,25,71,0.5434782608695652
48,781,829,16.270833333333332
9,269,278,29.88888888888889
892,687,1579,0.7701793721973094
58,434,492,7.482758620689655
149,765,914,5.134228187919463
92,8,100,0.08695652173913043
2636,625,3261,0.23710166919575112
109,75,184,0.6880733944954128
41,229,270,5.585365853658536
25,299,324,11.96
8,91,99,11.375
5,156,161,31.2
401,338,739,0.8428927680798005
3416,484,3900,0.14168618266978922
716,867,1583,1.2108938547486034
18,392,410,21.77777777777778
28,812,840,29.0
719,208,927,0.28929068150208626
26,116,142,4.461538461538462
55,214,269,3.890909090909091
11,259,270,23.545454545454547
13,62,75,4.769230769230769
25,259,284,10.36
16,96,112,6.0
67,280,347,4.17910447761194
35,43,78,1.2285714285714286
30,557,587,18.566666666666666
37,147,184,3.972972972972973
71,612,683,8.619718309859154
18,288,306,16.0
20,189,209,9.45
100,170,270,1.7
3015,227,3242,0.07529021558872305
278,155,433,0.5575539568345323
38,246,284,6.473684210526316
89,57,146,0.6404494382022472
321,633,954,1.97196261682243
71,605,676,8.52112676056338
21,447,468,21.285714285714285
324,70,394,0.21604938271604937
35,733,768,20.942857142857143
1786,181,1967,0.1013437849944009
241,272,513,1.1286307053941909
133,354,487,2.661654135338346
114,399,513,3.5
117,338,455,2.888888888888889
4,164,168,41.0
83,221,304,2.6626506024096384
79,44,123,0.5569620253164557
284,447,731,1.573943661971831
74,64,138,0.8648648648648649
29,863,892,29.75862068965517
34,262,296,7.705882352941177
12,163,175,13.583333333333334
14,328,342,23.428571428571427
14,305,319,21.785714285714285
126,276,402,2.1904761904761907
82,343,425,4.182926829268292
159,508,667,3.1949685534591197
58,148,206,2.5517241379310347
143,740,883,5.174825174825175
28,684,712,24.428571428571427
72,82,154,1.1388888888888888
3245,8,3253,0.002465331278890601
1976,210,2186,0.1062753036437247
60,193,253,3.216666666666667
529,156,685,0.2948960302457467
143,415,558,2.902097902097902
15,894,909,59.6
315,313,628,0.9936507936507937
22,350,372,15.909090909090908
31,575,606,18.548387096774192
23,411,434,17.869565217391305
24,289,313,12.041666666666666
75,329,404,4.386666666666667
2489,152,2641,0.061068702290076333
46,447,493,9.717391304347826
31,72,103,2.3225806451612905
238,195,433,0.819327731092437
221,355,576,1.6063348416289593
35,55,90,1.5714285714285714
12,442,454,36.833333333333336
3,12,15,4.0
3,268,271,89.33333333333333
72,50,122,0.6944444444444444
10,209,219,20.9
47,921,968,19.595744680851062
23,369,392,16.043478260869566
52,367,419,7.0576923076923075
189,396,585,2.0952380952380953
12,33,45,2.75
9,136,145,15.11111111111111
15,376,391,25.066666666666666
65,261,326,4.015384615384615
3,34,37,11.333333333333334
57,267,324,4.684210526315789
40,108,148,2.7
8,162,170,20.25
20,304,324,15.2
2,11,13,5.5
66,57,123,0.8636363636363636
140,587,727,4.192857142857143
11,92,103,8.363636363636363
22,697,719,31.681818181818183
6,102,108,17.0
7,318,325,45.42857142857143
18,568,586,31.555555555555557
92,158,250,1.7173913043478262
15,218,233,14.533333333333333
232,385,617,1.6594827586206897
270,551,821,2.0407407407407407
71,762,833,10.732394366197184
3,262,265,87.33333333333333
82,298,380,3.6341463414634148
493,748,1241,1.5172413793103448
6,52,58,8.666666666666666
899,447,1346,0.4972191323692992
259,5,264,0.019305019305019305
113,458,571,4.053097345132743
81,365,446,4.506172839506172
10,595,605,59.5
12,241,253,20.083333333333332
36,730,766,20.27777777777778
1792,237,2029,0.13225446428571427
4,39,43,9.75
7,872,879,124.57142857142857
81,688,769,8.493827160493828
213,476,689,2.2347417840375585
60,220,280,3.6666666666666665
2,11,13,5.5
29,63,92,2.1724137931034484
195,5,200,0.02564102564102564
1178,8,1186,0.006791171477079796
26,401,427,15.423076923076923
108,275,383,2.5462962962962963
27,399,426,14.777777777777779
260,45,305,0.17307692307692307
24,240,264,10.0
1109,302,1411,0.2723174030658251
589,628,1217,1.066213921901528
53,106,159,2.0
4,284,288,71.0
14,168,182,12.0
1155,531,1686,0.4597402597402597
40,323,363,8.075
19,410,429,21.57894736842105
9,342,351,38.0
65,375,440,5.769230769230769
1923,46,1969,0.02392095683827353
21,36,57,1.7142857142857142
22,124,146,5.636363636363637
65,471,536,7.246153846153846
10,219,229,21.9
210,724,934,3.447619047619048
53,419,472,7.90566037735849
375,385,760,1.0266666666666666
1405,652,2057,0.46405693950177934
397,268,665,0.6750629722921915
25,36,61,1.44
17,322,339,18.941176470588236
46,614,660,13.347826086956522
56,159,215,2.8392857142857144
22,339,361,15.409090909090908
37,286,323,7.72972972972973
184,195,379,1.059782608695652
37,268,305,7.243243243243243
12,937,949,78.08333333333333
278,145,423,0.5215827338129496
479,726,1205,1.5156576200417538
14,354,368,25.285714285714285
41,150,191,3.658536585365854
357,384,741,1.0756302521008403
6,39,45,6.5
7,97,104,13.857142857142858
203,249,452,1.2266009852216748
25,4,29,0.16
271,17,288,0.06273062730627306
554,811,1365,1.463898916967509
20,357,377,17.85
20,248,268,12.4
24,224,248,9.333333333333334
26,366,392,14.076923076923077
17,499,516,29.352941176470587
28,259,287,9.25
419,622,1041,1.4844868735083532
18,403,421,22.38888888888889
849,357,1206,0.4204946996466431
65,90,155,1.3846153846153846
293,250,543,0.8532423208191127
78,404,482,5.17948717948718
2160,416,2576,0.1925925925925926
20,137,157,6.85
183,736,919,4.021857923497268
4,112,116,28.0
210,92,302,0.4380952380952381
48,256,304,5.333333333333333
8,35,43,4.375
9,24,33,2.6666666666666665
12,343,355,28.583333333333332
241,271,512,1.1244813278008299
45,29,74,0.6444444444444445
15,421,436,28.066666666666666
455,413,868,0.9076923076923077
38,559,597,14.710526315789474
8,192,200,24.0
7,282,289,40.285714285714285
388,318,706,0.8195876288659794
24,545,569,22.708333333333332
80,315,395,3.9375
11,464,475,42.18181818181818
2231,424,2655,0.19004930524428507
292,492,784,1.6849315068493151
2,11,13,5.5
159,216,375,1.3584905660377358
50,841,891,16.82
18,616,634,34.22222222222222
1708,46,1754,0.026932084309133488
21,685,706,32.61904761904762
276,627,903,2.2717391304347827
51,450,501,8.823529411764707
28,333,361,11.892857142857142
36,444,480,12.333333333333334
147,71,218,0.48299319727891155
13,625,638,48.07692307692308
7,326,333,46.57142857142857
40,158,198,3.95
113,874,987,7.734513274336283
1383,640,2023,0.462762111352133
12,547,559,45.583333333333336
1899,46,1945,0.02422327540810953
36,151,187,4.194444444444445
7,370,377,52.857142857142854
459,505,964,1.1002178649237473
21,369,390,17.571428571428573
4,64,68,16.0
47,491,538,10.446808510638299
15,110,125,7.333333333333333
20,101,121,5.05
48,96,144,2.0
35,667,702,19.057142857142857
47,265,312,5.638297872340425
53,296,349,5.584905660377358
537,203,740,0.3780260707635009
98,15,113,0.15306122448979592
1353,189,1542,0.13968957871396895
11,29,40,2.6363636363636362
20,356,376,17.8
964,147,1111,0.1524896265560166
31,525,556,16.93548387096774
15,134,149,8.933333333333334
38,294,332,7.7368421052631575
503,67,570,0.13320079522862824
9,125,134,13.88888888888889
57,28,85,0.49122807017543857
79,245,324,3.1012658227848102
17,312,329,18.352941176470587
9,227,236,25.22222222222222
16,205,221,12.8125
3,157,160,52.333333333333336
14,279,293,19.928571428571427
56,411,467,7.339285714285714
2,11,13,5.5
5,5,10,1.0
132,132,264,1.0
10,14,24,1.4
17,410,427,24.11764705882353
1645,190,1835,0.11550151975683891
383,740,1123,1.9321148825065275
10,169,179,16.9
427,833,1260,1.9508196721311475
15,46,61,3.066666666666667
22,278,300,12.636363636363637
35,252,287,7.2
11,251,262,22.818181818181817
77,533,610,6.922077922077922
1479,894,2373,0.6044624746450304
30,246,276,8.2
10,292,302,29.2
125,398,523,3.184
355,233,588,0.6563380281690141
124,347,471,2.7983870967741935
1067,46,1113,0.04311152764761012
32,106,138,3.3125
2184,309,2493,0.14148351648351648
22,386,408,17.545454545454547
2881,193,3074,0.06699062825407845
227,8,235,0.03524229074889868
10,371,381,37.1
68,5,73,0.07352941176470588
8,30,38,3.75
15,733,748,48.86666666666667
61,104,165,1.7049180327868851
617,984,1601,1.5948136142625609
935,677,1612,0.7240641711229947
95,284,379,2.9894736842105263
39,425,464,10.897435897435898
265,467,732,1.7622641509433963
23,292,315,12.695652173913043
46,753,799,16.369565217391305
1845,210,2055,0.11382113821138211
53,376,429,7.09433962264151
3630,106,3736,0.029201101928374655
26,160,186,6.153846153846154
11,425,436,38.63636363636363
262,107,369,0.4083969465648855
242,66,308,0.2727272727272727
74,249,323,3.364864864864865
24,280,304,11.666666666666666
12,442,454,36.833333333333336
48,459,507,9.5625
101,386,487,3.8217821782178216
348,163,511,0.46839080459770116
31,314,345,10.129032258064516
14,203,217,14.5
1358,125,1483,0.09204712812960236
2709,1173,3882,0.4330011074197121
17,290,307,17.058823529411764
19,616,635,32.421052631578945
102,787,889,7.715686274509804
13,266,279,20.46153846153846
750,514,1264,0.6853333333333333
28,455,483,16.25
76,277,353,3.6447368421052633
894,597,1491,0.6677852348993288
12,315,327,26.25
29,645,674,22.24137931034483
38,91,129,2.3947368421052633
13,85,98,6.538461538461538
14,357,371,25.5
19,268,287,14.105263157894736
225,525,750,2.3333333333333335
35,933,968,26.65714285714286
140,80,220,0.5714285714285714
6,21,27,3.5
9,475,484,52.77777777777778
124,499,623,4.024193548387097
37,464,501,12.54054054054054
27,675,702,25.0
24,325,349,13.541666666666666
26,251,277,9.653846153846153
61,4,65,0.06557377049180328
900,33,933,0.03666666666666667
110,349,459,3.172727272727273
60,379,439,6.316666666666666
49,618,667,12.612244897959183
20,430,450,21.5
18,81,99,4.5
22,330,352,15.0
16,138,154,8.625
302,333,635,1.1026490066225165
172,361,533,2.0988372093023258
614,70,684,0.11400651465798045
34,315,349,9.264705882352942
25,228,253,9.12
21,421,442,20.047619047619047
36,246,282,6.833333333333333
55,278,333,5.054545454545455
6,32,38,5.333333333333333
17,410,427,24.11764705882353
118,466,584,3.9491525423728815
35,341,376,9.742857142857142
11,68,79,6.181818181818182
9,382,391,42.44444444444444
198,395,593,1.994949494949495
11,189,200,17.181818181818183
13,9,22,0.6923076923076923
149,783,932,5.25503355704698
2392,247,2639,0.10326086956521739
18,190,208,10.555555555555555
113,324,437,2.8672566371681416
14,471,485,33.642857142857146
33,39,72,1.1818181818181819
81,358,439,4.419753086419753
15,104,119,6.933333333333334
3287,439,3726,0.1335564344386979
20,19,39,0.95
11,134,145,12.181818181818182
3175,208,3383,0.06551181102362205
148,907,1055,6.128378378378378
218,412,630,1.889908256880734
1295,124,1419,0.09575289575289575
15,321,336,21.4
13,125,138,9.615384615384615
15,403,418,26.866666666666667
15,149,164,9.933333333333334
31,475,506,15.32258064516129
17,325,342,19.11764705882353
15,305,320,20.333333333333332
162,172,334,1.0617283950617284
206,249,455,1.2087378640776698
17,407,424,23.941176470588236
12,727,739,60.583333333333336
21,306,327,14.571428571428571
14,314,328,22.428571428571427
46,448,494,9.73913043478261
10,201,211,20.1
83,322,405,3.8795180722891565
13,177,190,13.615384615384615
55,181,236,3.290909090909091
13,343,356,26.384615384615383
10,208,218,20.8
11,365,376,33.18181818181818
12,267,279,22.25
703,41,744,0.05832147937411095
2507,660,3167,0.26326286398085363
13,739,752,56.84615384615385
28,629,657,22.464285714285715
15,1039,1054,69.26666666666667
434,429,863,0.988479262672811
28,497,525,17.75
35,156,191,4.457142857142857
49,321,370,6.551020408163265
37,405,442,10.945945945945946
54,204,258,3.7777777777777777
18,786,804,43.666666666666664
46,454,500,9.869565217391305
579,335,914,0.5785837651122625
26,242,268,9.307692307692308
103,93,196,0.9029126213592233
280,379,659,1.3535714285714286
95,339,434,3.568421052631579
36,617,653,17.13888888888889
74,218,292,2.945945945945946
45,24,69,0.5333333333333333
130,98,228,0.7538461538461538
248,269,517,1.0846774193548387
12,416,428,34.666666666666664
20,787,807,39.35
183,582,765,3.180327868852459
20,137,157,6.85
28,341,369,12.178571428571429
66,315,381,4.7727272727272725
20,65,85,3.25
10,851,861,85.1
118,430,548,3.6440677966101696
48,32,80,0.6666666666666666
1362,960,2322,0.7048458149779736
13,632,645,48.61538461538461
839,941,1780,1.1215733015494636
2,11,13,5.5
926,798,1724,0.8617710583153347
69,464,533,6.72463768115942
32,385,417,12.03125
14,27,41,1.9285714285714286
16,507,523,31.6875
1466,5,1471,0.0034106412005457027
7,283,290,40.42857142857143
76,253,329,3.3289473684210527
312,443,755,1.419871794871795
2008,766,2774,0.38147410358565736
17,116,133,6.823529411764706
17,293,310,17.235294117647058
12,43,55,3.5833333333333335
24,280,304,11.666666666666666
3,44,47,14.666666666666666
93,822,915,8.838709677419354
14,536,550,38.285714285714285
871,319,1190,0.36624569460390355
10,851,861,85.1
7,5,12,0.7142857142857143
28,775,803,27.678571428571427
23,317,340,13.782608695652174
139,188,327,1.3525179856115108
36,645,681,17.916666666666668
6,182,188,30.333333333333332
72,15,87,0.20833333333333334
265,1036,1301,3.909433962264151
16,215,231,13.4375
55,45,100,0.8181818181818182
257,173,430,0.6731517509727627
48,854,902,17.791666666666668
118,214,332,1.8135593220338984
542,471,1013,0.8690036900369004
12,315,327,26.25
27,332,359,12.296296296296296
6,29,35,4.833333333333333
89,140,229,1.5730337078651686
17,173,190,10.176470588235293
35,201,236,5.742857142857143
2032,9,2041,0.0044291338582677165
6,17,23,2.8333333333333335
29,242,271,8.344827586206897
52,705,757,13.557692307692308
1060,8,1068,0.007547169811320755
280,120,400,0.42857142857142855
19,427,446,22.473684210526315
29,336,365,11.586206896551724
1175,107,1282,0.09106382978723404
3046,484,3530,0.15889691398555483
12,298,310,24.833333333333332
14,221,235,15.785714285714286
63,757,820,12.015873015873016
482,422,904,0.8755186721991701
97,45,142,0.4639175257731959
19,850,869,44.73684210526316
13,226,239,17.384615384615383
26,51,77,1.9615384615384615
34,343,377,10.088235294117647
28,212,240,7.571428571428571
14,261,275,18.642857142857142
946,227,1173,0.23995771670190275
26,314,340,12.076923076923077
17,818,835,48.11764705882353
21,313,334,14.904761904761905
108,284,392,2.6296296296296298
13,331,344,25.46153846153846
172,235,407,1.3662790697674418
62,953,1015,15.370967741935484
15,277,292,18.466666666666665
1544,1012,2556,0.655440414507772
64,27,91,0.421875
22,543,565,24.681818181818183
20,346,366,17.3
466,990,1456,2.124463519313305
13,527,540,40.53846153846154
6,7,13,1.1666666666666667
20,340,360,17.0
26,77,103,2.9615384615384617
292,650,942,2.2260273972602738
19,357,376,18.789473684210527
741,960,1701,1.2955465587044535
443,141,584,0.3182844243792325
112,68,180,0.6071428571428571
35,400,435,11.428571428571429
14,95,109,6.785714285714286
21,346,367,16.476190476190474
34,369,403,10.852941176470589
12,161,173,13.416666666666666
438,117,555,0.2671232876712329
3,77,80,25.666666666666668
83,424,507,5.108433734939759
6,262,268,43.666666666666664
1897,146,2043,0.07696362677912494
7,120,127,17.142857142857142
18,115,133,6.388888888888889
16,670,686,41.875
18,18,36,1.0
2308,347,2655,0.1503466204506066
10,123,133,12.3
69,182,251,2.63768115942029
2919,142,3061,0.048646796848235696
829,80,909,0.09650180940892641
563,1175,1738,2.0870337477797514
16,70,86,4.375
33,355,388,10.757575757575758
40,106,146,2.65
320,294,614,0.91875
442,81,523,0.1832579185520362
193,286,479,1.4818652849740932
7,311,318,44.42857142857143
37,405,442,10.945945945945946
76,80,156,1.0526315789473684
36,456,492,12.666666666666666
8,161,169,20.125
224,273,497,1.21875
15,210,225,14.0
332,137,469,0.4126506024096386
669,117,786,0.17488789237668162
3,91,94,30.333333333333332
10,487,497,48.7
10,508,518,50.8
35,684,719,19.542857142857144
29,502,531,17.310344827586206
93,210,303,2.2580645161290325
169,46,215,0.27218934911242604
52,50,102,0.9615384615384616
34,875,909,25.735294117647058
21,398,419,18.952380952380953
135,160,295,1.1851851851851851
10,319,329,31.9
48,41,89,0.8541666666666666
290,495,785,1.706896551724138
2,36,38,18.0
22,159,181,7.2272727272727275
523,139,662,0.26577437858508607
23,299,322,13.0
324,30,354,0.09259259259259259
20,296,316,14.8
41,96,137,2.341463414634146
57,87,144,1.5263157894736843
17,604,621,35.529411764705884
25,128,153,5.12
9,239,248,26.555555555555557
24,302,326,12.583333333333334
34,770,804,22.647058823529413
424,65,489,0.15330188679245282
193,796,989,4.124352331606218
565,1029,1594,1.8212389380530973
66,52,118,0.7878787878787878
16,19,35,1.1875
911,325,1236,0.3567508232711306
172,361,533,2.0988372093023258
11,274,285,24.90909090909091
85,96,181,1.1294117647058823
81,619,700,7.6419753086419755
50,125,175,2.5
19,662,681,34.8421052631579
3,41,44,13.666666666666666
50,27,77,0.54
29,194,223,6.689655172413793
74,64,138,0.8648648648648649
29,188,217,6.482758620689655
334,638,972,1.910179640718563
1118,53,1171,0.04740608228980322
41,410,451,10.0
21,165,186,7.857142857142857
7,255,262,36.42857142857143
18,204,222,11.333333333333334
894,872,1766,0.9753914988814317
350,423,773,1.2085714285714286
19,389,408,20.473684210526315
1760,531,2291,0.30170454545454545
15,50,65,3.3333333333333335
29,367,396,12.655172413793103
281,56,337,0.199288256227758
194,864,1058,4.453608247422681
92,415,507,4.510869565217392
23,446,469,19.391304347826086
48,126,174,2.625
220,7,227,0.031818181818181815
8,387,395,48.375
31,379,410,12.225806451612904
35,519,554,14.82857142857143
28,898,926,32.07142857142857
397,99,496,0.24937027707808565
96,613,709,6.385416666666667
32,239,271,7.46875
186,48,234,0.25806451612903225
30,740,770,24.666666666666668
1003,762,1765,0.7597208374875374
22,378,400,17.181818181818183
12,489,501,40.75
5,112,117,22.4
203,129,332,0.6354679802955665
23,228,251,9.91304347826087
31,265,296,8.548387096774194
1873,232,2105,0.12386545648691938
14,325,339,23.214285714285715
16,125,141,7.8125
5,17,22,3.4
17,127,144,7.470588235294118
1489,275,1764,0.18468770987239758
9,26,35,2.888888888888889
5,101,106,20.2
51,102,153,2.0
128,398,526,3.109375
14,306,320,21.857142857142858
14,93,107,6.642857142857143
17,84,101,4.9411764705882355
502,190,692,0.3784860557768924
18,252,270,14.0
19,123,142,6.473684210526316
14,755,769,53.92857142857143
9,283,292,31.444444444444443
19,262,281,13.789473684210526
92,890,982,9.673913043478262
13,794,807,61.07692307692308
33,560,593,16.96969696969697
297,690,987,2.323232323232323
1781,451,2232,0.253228523301516
10,582,592,58.2
47,47,94,1.0
11,254,265,23.09090909090909
124,99,223,0.7983870967741935
1242,820,2062,0.6602254428341385
19,190,209,10.0
137,5,142,0.0364963503649635
916,767,1683,0.8373362445414847
19,152,171,8.0
32,97,129,3.03125
319,60,379,0.18808777429467086
41,274,315,6.682926829268292
84,751,835,8.94047619047619
15,508,523,33.86666666666667
15,494,509,32.93333333333333
1100,178,1278,0.1618181818181818
22,137,159,6.2272727272727275
24,635,659,26.458333333333332
11,181,192,16.454545454545453
2384,110,2494,0.04614093959731544
368,161,529,0.4375
13,214,227,16.46153846153846
14,153,167,10.928571428571429
73,390,463,5.342465753424658
56,105,161,1.875
22,365,387,16.59090909090909
562,685,1247,1.2188612099644127
11,445,456,40.45454545454545
495,145,640,0.29292929292929293
304,310,614,1.019736842105263
120,166,286,1.3833333333333333
17,256,273,15.058823529411764
1443,48,1491,0.033264033264033266
58,334,392,5.758620689655173
471,349,820,0.7409766454352441
145,521,666,3.593103448275862
9,60,69,6.666666666666667
416,376,792,0.9038461538461539
14,187,201,13.357142857142858
12,856,868,71.33333333333333
19,100,119,5.2631578947368425
19,247,266,13.0
137,512,649,3.7372262773722627
37,401,438,10.837837837837839
62,31,93,0.5
13,68,81,5.230769230769231
7,554,561,79.14285714285714
1197,423,1620,0.3533834586466165
28,135,163,4.821428571428571
10,762,772,76.2
29,314,343,10.827586206896552
19,472,491,24.842105263157894
63,246,309,3.9047619047619047
5,208,213,41.6
2,12,14,6.0
36,269,305,7.472222222222222
107,321,428,3.0
121,722,843,5.966942148760331
12,89,101,7.416666666666667
200,790,990,3.95
22,919,941,41.77272727272727
38,493,531,12.973684210526315
371,378,749,1.0188679245283019
8,252,260,31.5
1078,169,1247,0.1567717996289425
9,79,88,8.777777777777779
24,101,125,4.208333333333333
56,261,317,4.660714285714286
172,189,361,1.0988372093023255
248,138,386,0.5564516129032258
57,145,202,2.543859649122807
8,468,476,58.5
13,112,125,8.615384615384615
21,380,401,18.095238095238095
134,385,519,2.873134328358209
58,219,277,3.7758620689655173
830,310,1140,0.37349397590361444
16,267,283,16.6875
29,408,437,14.068965517241379
455,319,774,0.701098901098901
926,205,1131,0.22138228941684665
1740,143,1883,0.08218390804597701
52,120,172,2.3076923076923075
15,106,121,7.066666666666666
29,307,336,10.586206896551724
56,397,453,7.089285714285714
496,123,619,0.24798387096774194
20,140,160,7.0
10,462,472,46.2
8,363,371,45.375
85,607,692,7.141176470588236
130,312,442,2.4
85,482,567,5.670588235294118
50,408,458,8.16
3826,205,4031,0.05358076319916362
30,295,325,9.833333333333334
113,264,377,2.336283185840708
14,298,312,21.285714285714285
34,122,156,3.588235294117647
27,466,493,17.25925925925926
2,11,13,5.5
390,382,772,0.9794871794871794
6,16,22,2.6666666666666665
129,88,217,0.6821705426356589
12,71,83,5.916666666666667
199,12,211,0.06030150753768844
142,439,581,3.091549295774648
9,295,304,32.77777777777778
36,289,325,8.027777777777779
16,37,53,2.3125
91,598,689,6.571428571428571
58,180,238,3.103448275862069
25,964,989,38.56
19,373,392,19.63157894736842
259,22,281,0.08494208494208494
18,358,376,19.88888888888889
31,191,222,6.161290322580645
83,247,330,2.9759036144578315
464,322,786,0.6939655172413793
11,30,41,2.727272727272727
9,172,181,19.11111111111111
22,363,385,16.5
24,232,256,9.666666666666666
3474,606,4080,0.17443868739205526
25,48,73,1.92
9,15,24,1.6666666666666667
32,552,584,17.25
16,19,35,1.1875
103,765,868,7.427184466019417
20,172,192,8.6
9,435,444,48.333333333333336
53,397,450,7.490566037735849
16,114,130,7.125
108,417,525,3.861111111111111
12,36,48,3.0
8,196,204,24.5
17,199,216,11.705882352941176
29,252,281,8.689655172413794
385,51,436,0.13246753246753246
34,644,678,18.941176470588236
22,371,393,16.863636363636363
7,100,107,14.285714285714286
16,301,317,18.8125
2947,244,3191,0.08279606379368849
9,197,206,21.88888888888889
9,350,359,38.888888888888886
917,1143,2060,1.2464558342420937
345,386,731,1.1188405797101448
221,673,894,3.0452488687782804
31,542,573,17.483870967741936
14,29,43,2.0714285714285716
5,396,401,79.2
11,280,291,25.454545454545453
539,189,728,0.35064935064935066
2137,626,2763,0.2929340196537202
15,321,336,21.4
8,198,206,24.75
40,674,714,16.85
832,546,1378,0.65625
41,138,179,3.3658536585365852
1238,676,1914,0.5460420032310178
24,33,57,1.375
12,267,279,22.25
32,627,659,19.59375
1327,512,1839,0.3858327053504145
664,37,701,0.05572289156626506
5,333,338,66.6
51,38,89,0.7450980392156863
2411,217,2628,0.09000414765657404
124,958,1082,7.725806451612903
21,783,804,37.285714285714285
2857,232,3089,0.08120406020301014
59,175,234,2.9661016949152543
40,264,304,6.6
1415,152,1567,0.10742049469964664
37,340,377,9.18918918918919
40,289,329,7.225
20,353,373,17.65
24,321,345,13.375
96,597,693,6.21875
175,556,731,3.177142857142857
2863,138,3001,0.048201187565490744
93,255,348,2.7419354838709675
7,174,181,24.857142857142858
22,816,838,37.09090909090909
14,411,425,29.357142857142858
19,346,365,18.210526315789473
2,11,13,5.5
10,118,128,11.8
13,932,945,71.6923076923077
16,397,413,24.8125
19,197,216,10.368421052631579
128,12,140,0.09375
19,396,415,20.842105263157894
1409,467,1876,0.33144073811213626
12,187,199,15.583333333333334
19,39,58,2.0526315789473686
23,275,298,11.956521739130435
29,283,312,9.758620689655173
2,11,13,5.5
496,123,619,0.24798387096774194
513,437,950,0.8518518518518519
837,428,1265,0.5113500597371565
100,66,166,0.66
999,945,1944,0.9459459459459459
2650,903,3553,0.3407547169811321
23,187,210,8.130434782608695
160,402,562,2.5125
83,489,572,5.891566265060241
24,93,117,3.875
592,269,861,0.4543918918918919
45,37,82,0.8222222222222222
1902,4,1906,0.002103049421661409
17,702,719,41.294117647058826
88,132,220,1.5
11,506,517,46.0
24,238,262,9.916666666666666
35,80,115,2.2857142857142856
15,144,159,9.6
313,332,645,1.060702875399361
15,165,180,11.0
167,167,334,1.0
101,422,523,4.178217821782178
16,250,266,15.625
13,337,350,25.923076923076923
23,158,181,6.869565217391305
18,376,394,20.88888888888889
18,379,397,21.055555555555557
2402,801,3203,0.3334721065778518
18,358,376,19.88888888888889
165,205,370,1.2424242424242424
2,11,13,5.5
11,187,198,17.0
309,895,1204,2.896440129449838
97,31,128,0.31958762886597936
216,297,513,1.375
76,457,533,6.0131578947368425
46,322,368,7.0
75,232,307,3.0933333333333333
15,275,290,18.333333333333332
93,70,163,0.7526881720430108
13,182,195,14.0
84,38,122,0.4523809523809524
688,424,1112,0.6162790697674418
98,192,290,1.9591836734693877
12,145,157,12.083333333333334
77,571,648,7.415584415584416
28,153,181,5.464285714285714
9,14,23,1.5555555555555556
8,21,29,2.625
31,237,268,7.645161290322581
11,122,133,11.090909090909092
74,381,455,5.148648648648648
1042,234,1276,0.22456813819577734
7,12,19,1.7142857142857142
1328,37,1365,0.02786144578313253
13,91,104,7.0
7,381,388,54.42857142857143
14,572,586,40.857142857142854
1191,250,1441,0.20990764063811923
25,823,848,32.92
74,480,554,6.486486486486487
57,483,540,8.473684210526315
81,133,214,1.6419753086419753
25,292,317,11.68
16,328,344,20.5
13,280,293,21.53846153846154
16,226,242,14.125
22,591,613,26.863636363636363
653,940,1593,1.439509954058193
14,214,228,15.285714285714286
36,266,302,7.388888888888889
18,145,163,8.055555555555555
103,229,332,2.2233009708737863
2,33,35,16.5
19,206,225,10.842105263157896
765,533,1298,0.6967320261437908
1199,420,1619,0.3502919099249375
22,343,365,15.590909090909092
21,200,221,9.523809523809524
77,62,139,0.8051948051948052
2,11,13,5.5
41,426,467,10.390243902439025
13,497,510,38.23076923076923
39,277,316,7.102564102564102
290,5,295,0.017241379310344827
15,531,546,35.4
1132,188,1320,0.16607773851590105
260,348,608,1.3384615384615384
2999,498,3497,0.16605535178392797
3608,190,3798,0.05266075388026607
58,235,293,4.051724137931035
602,505,1107,0.8388704318936877
62,91,153,1.467741935483871
122,350,472,2.8688524590163933
2,11,13,5.5
12,543,555,45.25
101,4,105,0.039603960396039604
309,322,631,1.0420711974110033
9,323,332,35.888888888888886
15,461,476,30.733333333333334
15,20,35,1.3333333333333333
8,93,101,11.625
37,129,166,3.4864864864864864
48,758,806,15.791666666666666
25,204,229,8.16
58,230,288,3.9655172413793105
1367,1022,2389,0.747622531089978
2030,298,2328,0.14679802955665025
22,707,729,32.13636363636363
33,353,386,10.696969696969697
72,68,140,0.9444444444444444
24,164,188,6.833333333333333
17,702,719,41.294117647058826
23,15,38,0.6521739130434783
8,140,148,17.5
68,602,670,8.852941176470589
614,274,888,0.44625407166123776
84,38,122,0.4523809523809524
1148,432,1580,0.37630662020905925
664,656,1320,0.9879518072289156
2834,133,2967,0.04693013408609739
13,20,33,1.5384615384615385
10,27,37,2.7
12,120,132,10.0
660,141,801,0.21363636363636362
3,36,39,12.0
50,326,376,6.52
1092,524,1616,0.47985347985347987
17,552,569,32.470588235294116
6,23,29,3.8333333333333335
23,120,143,5.217391304347826
70,374,444,5.3428571428571425
20,656,676,32.8
10,9,19,0.9
11,975,986,88.63636363636364
15,322,337,21.466666666666665
7,212,219,30.285714285714285
17,357,374,21.0
17,100,117,5.882352941176471
12,1123,1135,93.58333333333333
16,278,294,17.375
9,173,182,19.22222222222222
14,274,288,19.571428571428573
76,30,106,0.39473684210526316
5,243,248,48.6
288,116,404,0.4027777777777778
33,801,834,24.272727272727273
692,45,737,0.06502890173410404
138,122,260,0.8840579710144928
226,300,526,1.3274336283185841
301,472,773,1.5681063122923589
52,37,89,0.7115384615384616
640,748,1388,1.16875
19,28,47,1.4736842105263157
36,165,201,4.583333333333333
916,284,1200,0.31004366812227074
1196,48,1244,0.04013377926421405
44,332,376,7.545454545454546
438,903,1341,2.0616438356164384
262,406,668,1.549618320610687
47,275,322,5.851063829787234
27,152,179,5.62962962962963
19,404,423,21.263157894736842
2099,418,2517,0.1991424487851358
10,186,196,18.6
18,484,502,26.88888888888889
140,170,310,1.2142857142857142
14,243,257,17.357142857142858
890,469,1359,0.5269662921348315
36,182,218,5.055555555555555
104,145,249,1.3942307692307692
45,498,543,11.066666666666666
55,35,90,0.6363636363636364
9,167,176,18.555555555555557
266,6,272,0.022556390977443608
165,93,258,0.5636363636363636
25,370,395,14.8
26,123,149,4.730769230769231
89,12,101,0.1348314606741573
54,260,314,4.814814814814815
7,262,269,37.42857142857143
14,208,222,14.857142857142858
138,343,481,2.4855072463768115
9,125,134,13.88888888888889
6,122,128,20.333333333333332
73,109,182,1.4931506849315068
8,132,140,16.5
20,209,229,10.45
23,422,445,18.347826086956523
16,184,200,11.5
3,11,14,3.6666666666666665
86,61,147,0.7093023255813954
134,548,682,4.08955223880597
106,244,350,2.30188679245283
265,206,471,0.7773584905660378
14,844,858,60.285714285714285
56,171,227,3.0535714285714284
1009,506,1515,0.5014866204162537
15,39,54,2.6
135,210,345,1.5555555555555556
129,12,141,0.09302325581395349
109,102,211,0.9357798165137615
41,198,239,4.829268292682927
663,139,802,0.2096530920060332
24,553,577,23.041666666666668
54,253,307,4.685185185185185
31,430,461,13.870967741935484
19,240,259,12.631578947368421
13,351,364,27.0
64,178,242,2.78125
9,69,78,7.666666666666667
186,12,198,0.06451612903225806
4,386,390,96.5
7,992,999,141.71428571428572
13,245,258,18.846153846153847
17,715,732,42.05882352941177
262,106,368,0.40458015267175573
40,639,679,15.975
56,99,155,1.7678571428571428
104,120,224,1.1538461538461537
134,622,756,4.641791044776119
438,903,1341,2.0616438356164384
31,120,151,3.870967741935484
2496,425,2921,0.1702724358974359
18,363,381,20.166666666666668
120,158,278,1.3166666666666667
95,938,1033,9.873684210526315
3368,518,3886,0.15380047505938244
14,196,210,14.0
32,392,424,12.25
23,242,265,10.521739130434783
11,151,162,13.727272727272727
247,99,346,0.4008097165991903
7,122,129,17.428571428571427
17,414,431,24.352941176470587
8,267,275,33.375
11,182,193,16.545454545454547
25,243,268,9.72
14,384,398,27.428571428571427
10,246,256,24.6
17,312,329,18.352941176470587
100,934,1034,9.34
227,516,743,2.2731277533039647
12,15,27,1.25
3173,249,3422,0.07847462968799243
2689,607,3296,0.22573447378207512
69,632,701,9.159420289855072
23,409,432,17.782608695652176
49,487,536,9.938775510204081
1161,604,1765,0.5202411714039621
2,440,442,220.0
536,397,933,0.7406716417910447
6,387,393,64.5
10,221,231,22.1
1256,435,1691,0.3463375796178344
15,272,287,18.133333333333333
29,39,68,1.3448275862068966
24,181,205,7.541666666666667
1947,498,2445,0.25577812018489987
544,8,552,0.014705882352941176
19,329,348,17.31578947368421
37,354,391,9.567567567567568
91,232,323,2.5494505494505493
1321,299,1620,0.22634367903103708
26,376,402,14.461538461538462
23,225,248,9.782608695652174
217,375,592,1.728110599078341
45,368,413,8.177777777777777
2314,45,2359,0.01944684528954192
21,372,393,17.714285714285715
129,542,671,4.2015503875969
1837,171,2008,0.09308655416439847
24,321,345,13.375
29,847,876,29.20689655172414
46,553,599,12.021739130434783
38,634,672,16.68421052631579
18,1111,1129,61.72222222222222
355,281,636,0.7915492957746478
10,220,230,22.0
20,567,587,28.35
2,363,365,181.5
24,148,172,6.166666666666667
32,757,789,23.65625
52,96,148,1.8461538461538463
2,11,13,5.5
32,794,826,24.8125
593,95,688,0.16020236087689713
30,411,441,13.7
262,135,397,0.5152671755725191
660,60,720,0.09090909090909091
118,835,953,7.076271186440678
30,128,158,4.266666666666667
41,200,241,4.878048780487805
25,328,353,13.12
47,532,579,11.319148936170214
389,395,784,1.0154241645244215
1792,237,2029,0.13225446428571427
1033,188,1221,0.1819941916747338
383,180,563,0.4699738903394256
12,462,474,38.5
22,368,390,16.727272727272727
222,553,775,2.490990990990991
21,321,342,15.285714285714286
18,500,518,27.77777777777778
49,738,787,15.061224489795919
14,114,128,8.142857142857142
16,117,133,7.3125
88,878,966,9.977272727272727
114,703,817,6.166666666666667
174,80,254,0.45977011494252873
767,366,1133,0.4771838331160365
19,131,150,6.894736842105263
12,395,407,32.916666666666664
15,404,419,26.933333333333334
65,129,194,1.9846153846153847
179,307,486,1.7150837988826815
99,136,235,1.3737373737373737
9,146,155,16.22222222222222
120,30,150,0.25
12,242,254,20.166666666666668
1185,77,1262,0.06497890295358649
240,583,823,2.4291666666666667
388,424,812,1.092783505154639
73,907,980,12.424657534246576
28,162,190,5.785714285714286
32,385,417,12.03125
29,213,242,7.344827586206897
11,85,96,7.7272727272727275
2,33,35,16.5
200,98,298,0.49
26,100,126,3.8461538461538463
18,255,273,14.166666666666666
101,42,143,0.4158415841584158
79,322,401,4.075949367088608
16,260,276,16.25
39,654,693,16.76923076923077
1017,181,1198,0.17797443461160276
133,352,485,2.6466165413533833
5,194,199,38.8
110,440,550,4.0
16,241,257,15.0625
32,653,685,20.40625
36,295,331,8.194444444444445
37,283,320,7.648648648648648
32,377,409,11.78125
27,346,373,12.814814814814815
41,545,586,13.292682926829269
701,291,992,0.41512125534950073
28,146,174,5.214285714285714
335,450,785,1.3432835820895523
9,76,85,8.444444444444445
17,579,596,34.05882352941177
2999,106,3105,0.035345115038346114
135,889,1024,6.5851851851851855
34,104,138,3.0588235294117645
9,158,167,17.555555555555557
14,311,325,22.214285714285715
8,230,238,28.75
42,161,203,3.8333333333333335
51,100,151,1.9607843137254901
10,33,43,3.3
102,696,798,6.823529411764706
19,127,146,6.684210526315789
20,23,43,1.15
142,394,536,2.7746478873239435
20,364,384,18.2
496,425,921,0.8568548387096774
134,198,332,1.4776119402985075
10,118,128,11.8
61,745,806,12.21311475409836
90,280,370,3.111111111111111
181,411,592,2.270718232044199
13,35,48,2.6923076923076925
6,270,276,45.0
57,663,720,11.631578947368421
8,70,78,8.75
1336,783,2119,0.5860778443113772
18,488,506,27.11111111111111
200,373,573,1.865
101,902,1003,8.930693069306932
5,665,670,133.0
13,450,463,34.61538461538461
35,752,787,21.485714285714284
192,962,1154,5.010416666666667
13,147,160,11.307692307692308
12,333,345,27.75
19,239,258,12.578947368421053
54,275,329,5.092592592592593
59,441,500,7.47457627118644
11,82,93,7.454545454545454
2082,181,2263,0.08693563880883766
57,137,194,2.4035087719298245
23,322,345,14.0
13,438,451,33.69230769230769
7,43,50,6.142857142857143
1342,513,1855,0.38226527570789864
17,233,250,13.705882352941176
40,52,92,1.3
133,386,519,2.9022556390977443
14,149,163,10.642857142857142
47,298,345,6.340425531914893
56,272,328,4.857142857142857
76,332,408,4.368421052631579
57,200,257,3.508771929824561
24,84,108,3.5
997,139,1136,0.13941825476429287
11,234,245,21.272727272727273
1,593,594,593.0
15,403,418,26.866666666666667
12,489,501,40.75
109,305,414,2.7981651376146788
15,537,552,35.8
61,142,203,2.3278688524590163
19,724,743,38.10526315789474
374,7,381,0.01871657754010695
118,135,253,1.1440677966101696
48,886,934,18.458333333333332
1899,381,2280,0.20063191153238547
13,131,144,10.076923076923077
40,30,70,0.75
78,404,482,5.17948717948718
10,118,128,11.8
9,497,506,55.22222222222222
17,451,468,26.529411764705884
8,319,327,39.875
19,771,790,40.578947368421055
61,745,806,12.21311475409836
59,624,683,10.576271186440678
100,640,740,6.4
517,28,545,0.05415860735009671
16,156,172,9.75
14,83,97,5.928571428571429
61,236,297,3.8688524590163933
28,137,165,4.892857142857143
615,369,984,0.6
16,95,111,5.9375
308,46,354,0.14935064935064934
109,427,536,3.9174311926605503
55,174,229,3.1636363636363636
30,938,968,31.266666666666666
16,164,180,10.25
59,112,171,1.8983050847457628
5,228,233,45.6
74,456,530,6.162162162162162
18,199,217,11.055555555555555
43,373,416,8.674418604651162
9,220,229,24.444444444444443
9,507,516,56.333333333333336
19,373,392,19.63157894736842
445,433,878,0.9730337078651685
14,315,329,22.5
11,356,367,32.36363636363637
12,214,226,17.833333333333332
2107,39,2146,0.018509729473184623
12,244,256,20.333333333333332
15,112,127,7.466666666666667
105,728,833,6.933333333333334
48,105,153,2.1875
78,210,288,2.6923076923076925
318,369,687,1.1603773584905661
250,396,646,1.584
7,118,125,16.857142857142858
3,19,22,6.333333333333333
7,231,238,33.0
8,136,144,17.0
322,404,726,1.2546583850931676
9,529,538,58.77777777777778
447,431,878,0.9642058165548099
1529,111,1640,0.07259646827992151
18,656,674,36.44444444444444
186,420,606,2.2580645161290325
11,86,97,7.818181818181818
3458,521,3979,0.15066512434933488
706,720,1426,1.019830028328612
14,156,170,11.142857142857142
28,107,135,3.8214285714285716
2174,138,2312,0.06347746090156393
706,645,1351,0.9135977337110481
67,548,615,8.17910447761194
177,133,310,0.751412429378531
16,331,347,20.6875
50,8,58,0.16
15,421,436,28.066666666666666
5,146,151,29.2
1546,303,1849,0.19598965071151359
15,324,339,21.6
7,202,209,28.857142857142858
12,559,571,46.583333333333336
16,236,252,14.75
19,349,368,18.36842105263158
18,351,369,19.5
10,400,410,40.0
305,258,563,0.8459016393442623
19,346,365,18.210526315789473
2130,16,2146,0.007511737089201878
6,17,23,2.8333333333333335
11,242,253,22.0
343,117,460,0.34110787172011664
99,49,148,0.494949494949495
17,462,479,27.176470588235293
18,342,360,19.0
42,251,293,5.976190476190476
13,422,435,32.46153846153846
8,405,413,50.625
11,110,121,10.0
21,479,500,22.80952380952381
45,19,64,0.4222222222222222
153,27,180,0.17647058823529413
1466,5,1471,0.0034106412005457027
288,860,1148,2.986111111111111
421,123,544,0.2921615201900237
15,207,222,13.8
75,1012,1087,13.493333333333334
106,131,237,1.2358490566037736
10,223,233,22.3
96,609,705,6.34375
1150,500,1650,0.43478260869565216
20,5,25,0.25
37,123,160,3.324324324324324
22,284,306,12.909090909090908
4,98,102,24.5
16,552,568,34.5
43,356,399,8.279069767441861
838,263,1101,0.3138424821002387
25,371,396,14.84
17,55,72,3.235294117647059
100,203,303,2.03
12,560,572,46.666666666666664
11,387,398,35.18181818181818
41,270,311,6.585365853658536
84,216,300,2.5714285714285716
41,1018,1059,24.829268292682926
504,14,518,0.027777777777777776
11,285,296,25.90909090909091
877,392,1269,0.4469783352337514
324,264,588,0.8148148148148148
8,9,17,1.125
5,136,141,27.2
25,160,185,6.4
143,110,253,0.7692307692307693
134,548,682,4.08955223880597
2770,74,2844,0.026714801444043323
25,273,298,10.92
12,386,398,32.166666666666664
360,182,542,0.5055555555555555
62,241,303,3.8870967741935485
402,154,556,0.38308457711442784
34,262,296,7.705882352941177
14,391,405,27.928571428571427
10,292,302,29.2
92,459,551,4.989130434782608
45,46,91,1.0222222222222221
835,909,1744,1.0886227544910179
217,101,318,0.46543778801843316
1274,42,1316,0.03296703296703297
19,461,480,24.263157894736842
26,66,92,2.5384615384615383
325,277,602,0.8523076923076923
138,24,162,0.17391304347826086
15,578,593,38.53333333333333
33,433,466,13.121212121212121
205,278,483,1.3560975609756099
201,349,550,1.736318407960199
18,840,858,46.666666666666664
23,349,372,15.173913043478262
1093,748,1841,0.6843549862763038
15,331,346,22.066666666666666
237,137,374,0.5780590717299579
12,257,269,21.416666666666668
509,6,515,0.011787819253438114
1004,442,1446,0.4402390438247012
18,389,407,21.61111111111111
73,312,385,4.273972602739726
238,270,508,1.134453781512605
757,797,1554,1.0528401585204756
4,298,302,74.5
102,304,406,2.980392156862745
27,705,732,26.11111111111111
470,182,652,0.3872340425531915
66,226,292,3.4242424242424243
40,289,329,7.225
109,171,280,1.5688073394495412
1632,196,1828,0.12009803921568628
22,223,245,10.136363636363637
9,356,365,39.55555555555556
15,234,249,15.6
23,857,880,37.26086956521739
30,31,61,1.0333333333333334
22,387,409,17.59090909090909
140,422,562,3.0142857142857142
105,45,150,0.42857142857142855
7,347,354,49.57142857142857
47,532,579,11.319148936170214
85,347,432,4.08235294117647
446,556,1002,1.2466367713004485
38,528,566,13.894736842105264
12,45,57,3.75
137,630,767,4.598540145985401
29,285,314,9.827586206896552
41,1067,1108,26.024390243902438
13,361,374,27.76923076923077
23,182,205,7.913043478260869
48,51,99,1.0625
171,461,632,2.695906432748538
48,758,806,15.791666666666666
42,43,85,1.0238095238095237
1708,804,2512,0.4707259953161593
25,224,249,8.96
20,416,436,20.8
122,373,495,3.057377049180328
8,83,91,10.375
19,194,213,10.210526315789474
72,721,793,10.01388888888889
17,163,180,9.588235294117647
20,132,152,6.6
45,200,245,4.444444444444445
5,888,893,177.6
143,62,205,0.43356643356643354
87,88,175,1.0114942528735633
82,509,591,6.2073170731707314
2633,28,2661,0.010634257500949488
101,422,523,4.178217821782178
313,566,879,1.8083067092651757
43,463,506,10.767441860465116
2107,39,2146,0.018509729473184623
64,253,317,3.953125
32,829,861,25.90625
18,333,351,18.5
44,692,736,15.727272727272727
25,305,330,12.2
92,160,252,1.7391304347826086
172,455,627,2.645348837209302
113,537,650,4.752212389380531
21,30,51,1.4285714285714286
39,353,392,9.051282051282051
81,37,118,0.4567901234567901
43,710,753,16.511627906976745
2354,159,2513,0.0675446049277825
30,70,100,2.3333333333333335
90,49,139,0.5444444444444444
1156,227,1383,0.19636678200692043
12,116,128,9.666666666666666
96,170,266,1.7708333333333333
108,332,440,3.074074074074074
24,326,350,13.583333333333334
1344,37,1381,0.027529761904761904
387,5,392,0.012919896640826873
21,64,85,3.0476190476190474
34,453,487,13.323529411764707
34,886,920,26.058823529411764
15,37,52,2.466666666666667
3,368,371,122.66666666666667
71,612,683,8.619718309859154
2055,10,2065,0.004866180048661801
13,182,195,14.0
22,543,565,24.681818181818183
10,140,150,14.0
1224,667,1891,0.5449346405228758
255,423,678,1.6588235294117648
92,85,177,0.9239130434782609
42,112,154,2.6666666666666665
30,370,400,12.333333333333334
9,212,221,23.555555555555557
7,235,242,33.57142857142857
51,22,73,0.43137254901960786
25,26,51,1.04
122,229,351,1.8770491803278688
19,611,630,32.1578947368421
191,25,216,0.13089005235602094
9,99,108,11.0
138,116,254,0.8405797101449275
1093,428,1521,0.39158279963403475
155,778,933,5.019354838709678
71,415,486,5.845070422535211
10,424,434,42.4
4,117,121,29.25
10,139,149,13.9
84,858,942,10.214285714285714
10,69,79,6.9
11,153,164,13.909090909090908
17,358,375,21.058823529411764
38,531,569,13.973684210526315
28,282,310,10.071428571428571
310,696,1006,2.2451612903225806
8,254,262,31.75
18,112,130,6.222222222222222
61,133,194,2.180327868852459
44,878,922,19.954545454545453
10,102,112,10.2
24,266,290,11.083333333333334
76,376,452,4.947368421052632
24,883,907,36.791666666666664
839,78,917,0.09296781883194279
158,205,363,1.2974683544303798
1163,261,1424,0.2244196044711952
10,218,228,21.8
23,352,375,15.304347826086957
8,361,369,45.125
10,415,425,41.5
1252,192,1444,0.15335463258785942
198,855,1053,4.318181818181818
8,20,28,2.5
209,127,336,0.6076555023923444
21,210,231,10.0
19,101,120,5.315789473684211
10,212,222,21.2
15,290,305,19.333333333333332
31,161,192,5.193548387096774
18,719,737,39.94444444444444
29,441,470,15.206896551724139
2,32,34,16.0
140,96,236,0.6857142857142857
177,235,412,1.3276836158192091
156,365,521,2.33974358974359
8,145,153,18.125
61,347,408,5.688524590163935
9,314,323,34.888888888888886
14,115,129,8.214285714285714
46,503,549,10.934782608695652
64,34,98,0.53125
25,566,591,22.64
103,36,139,0.34951456310679613
11,37,48,3.3636363636363638
714,444,1158,0.6218487394957983
13,467,480,35.92307692307692
21,387,408,18.428571428571427
348,241,589,0.6925287356321839
40,568,608,14.2
1862,392,2254,0.21052631578947367
20,85,105,4.25
23,259,282,11.26086956521739
28,901,929,32.17857142857143
14,258,272,18.428571428571427
137,239,376,1.7445255474452555
17,341,358,20.058823529411764
13,228,241,17.53846153846154
84,258,342,3.0714285714285716
29,421,450,14.517241379310345
18,342,360,19.0
34,141,175,4.147058823529412
13,305,318,23.46153846153846
5,8,13,1.6
36,500,536,13.88888888888889
24,613,637,25.541666666666668
715,470,1185,0.6573426573426573
52,503,555,9.673076923076923
152,697,849,4.5855263157894735
17,380,397,22.352941176470587
1525,28,1553,0.018360655737704918
8,136,144,17.0
19,411,430,21.63157894736842
13,611,624,47.0
9,82,91,9.11111111111111
31,949,980,30.612903225806452
14,233,247,16.642857142857142
7,195,202,27.857142857142858
19,348,367,18.31578947368421
29,374,403,12.89655172413793
42,287,329,6.833333333333333
10,458,468,45.8
77,30,107,0.38961038961038963
39,226,265,5.794871794871795
46,434,480,9.434782608695652
21,476,497,22.666666666666668
2,12,14,6.0
50,826,876,16.52
67,1019,1086,15.208955223880597
26,564,590,21.692307692307693
39,39,78,1.0
56,667,723,11.910714285714286
16,52,68,3.25
911,274,1185,0.300768386388584
3412,243,3655,0.07121922626025791
395,330,725,0.8354430379746836
49,876,925,17.877551020408163
893,656,1549,0.734602463605823
130,5,135,0.038461538461538464
127,587,714,4.622047244094488
52,145,197,2.7884615384615383
1362,960,2322,0.7048458149779736
17,373,390,21.941176470588236
22,58,80,2.6363636363636362
39,358,397,9.179487179487179
30,386,416,12.866666666666667
106,208,314,1.9622641509433962
15,210,225,14.0
17,116,133,6.823529411764706
13,284,297,21.846153846153847
17,377,394,22.176470588235293
105,94,199,0.8952380952380953
133,26,159,0.19548872180451127
55,110,165,2.0
226,300,526,1.3274336283185841
39,63,102,1.6153846153846154
1054,379,1433,0.35958254269449713
14,286,300,20.428571428571427
2,11,13,5.5
3,130,133,43.333333333333336
41,420,461,10.24390243902439
105,230,335,2.1904761904761907
262,118,380,0.45038167938931295
10,287,297,28.7
9,101,110,11.222222222222221
547,144,691,0.263254113345521
1855,866,2721,0.4668463611859838
84,145,229,1.7261904761904763
78,37,115,0.47435897435897434
29,300,329,10.344827586206897
9,176,185,19.555555555555557
55,148,203,2.690909090909091
104,149,253,1.4326923076923077
17,339,356,19.941176470588236
23,138,161,6.0
324,1091,1415,3.367283950617284
22,440,462,20.0
15,331,346,22.066666666666666
30,389,419,12.966666666666667
32,965,997,30.15625
526,266,792,0.5057034220532319
26,274,300,10.538461538461538
56,4,60,0.07142857142857142
70,455,525,6.5
177,329,506,1.8587570621468927
17,139,156,8.176470588235293
2423,18,2441,0.007428807263722658
50,472,522,9.44
15,115,130,7.666666666666667
15,120,135,8.0
36,445,481,12.36111111111111
184,136,320,0.7391304347826086
40,155,195,3.875
52,316,368,6.076923076923077
377,398,775,1.0557029177718833
19,219,238,11.526315789473685
43,215,258,5.0
27,240,267,8.88888888888889
3973,11,3984,0.0027686886483765417
20,399,419,19.95
9,134,143,14.88888888888889
5,156,161,31.2
132,313,445,2.371212121212121
259,273,532,1.054054054054054
19,261,280,13.736842105263158
9,290,299,32.22222222222222
8,103,111,12.875
53,321,374,6.056603773584905
33,309,342,9.363636363636363
209,91,300,0.4354066985645933
32,520,552,16.25
31,500,531,16.129032258064516
99,81,180,0.8181818181818182
296,20,316,0.06756756756756757
23,689,712,29.956521739130434
501,322,823,0.6427145708582834
18,121,139,6.722222222222222
59,197,256,3.3389830508474576
19,277,296,14.578947368421053
14,386,400,27.571428571428573
82,108,190,1.3170731707317074
11,102,113,9.272727272727273
7,497,504,71.0
26,523,549,20.115384615384617
11,249,260,22.636363636363637
11,339,350,30.818181818181817
13,344,357,26.46153846153846
26,444,470,17.076923076923077
37,183,220,4.945945945945946
56,432,488,7.714285714285714
118,497,615,4.211864406779661
2,11,13,5.5
217,375,592,1.728110599078341
1926,167,2093,0.08670820353063344
128,996,1124,7.78125
35,273,308,7.8
900,33,933,0.03666666666666667
47,186,233,3.9574468085106385
3251,16,3267,0.00492156259612427
63,274,337,4.349206349206349
117,804,921,6.871794871794871
374,31,405,0.08288770053475936
25,218,243,8.72
318,46,364,0.14465408805031446
843,767,1610,0.9098457888493475
126,46,172,0.36507936507936506
9,190,199,21.11111111111111
1792,788,2580,0.43973214285714285
49,130,179,2.6530612244897958
18,38,56,2.111111111111111
2,11,13,5.5
22,134,156,6.090909090909091
544,8,552,0.014705882352941176
82,601,683,7.329268292682927
114,869,983,7.62280701754386
150,114,264,0.76
35,707,742,20.2
201,498,699,2.4776119402985075
15,348,363,23.2
31,969,1000,31.258064516129032
13,764,777,58.76923076923077
8,336,344,42.0
9,194,203,21.555555555555557
227,408,635,1.7973568281938326
9,105,114,11.666666666666666
238,351,589,1.4747899159663866
2616,91,2707,0.034785932721712536
12,370,382,30.833333333333332
738,253,991,0.3428184281842818
16,367,383,22.9375
14,375,389,26.785714285714285
7,79,86,11.285714285714286
343,355,698,1.0349854227405249
213,353,566,1.6572769953051643
11,268,279,24.363636363636363
274,276,550,1.0072992700729928
12,334,346,27.833333333333332
17,105,122,6.176470588235294
11,179,190,16.272727272727273
17,338,355,19.88235294117647
24,257,281,10.708333333333334
23,164,187,7.130434782608695
6,301,307,50.166666666666664
9,222,231,24.666666666666668
1532,34,1566,0.022193211488250653
2919,142,3061,0.048646796848235696
3,12,15,4.0
404,643,1047,1.5915841584158417
39,533,572,13.666666666666666
8,238,246,29.75
7,261,268,37.285714285714285
23,193,216,8.391304347826088
86,321,407,3.7325581395348837
40,65,105,1.625
2,49,51,24.5
514,234,748,0.45525291828793774
15,383,398,25.533333333333335
26,100,126,3.8461538461538463
32,304,336,9.5
91,596,687,6.549450549450549
80,104,184,1.3
10,208,218,20.8
34,126,160,3.7058823529411766
589,538,1127,0.9134125636672326
168,196,364,1.1666666666666667
13,167,180,12.846153846153847
38,951,989,25.026315789473685
295,405,700,1.3728813559322033
462,1329,1791,2.8766233766233764
19,415,434,21.842105263157894
3,663,666,221.0
79,920,999,11.645569620253164
8,193,201,24.125
125,119,244,0.952
15,243,258,16.2
9,444,453,49.333333333333336
63,484,547,7.682539682539683
154,128,282,0.8311688311688312
5,12,17,2.4
28,392,420,14.0
9,313,322,34.77777777777778
261,762,1023,2.9195402298850577
1924,281,2205,0.14604989604989604
20,294,314,14.7
6,209,215,34.833333333333336
15,520,535,34.666666666666664
371,19,390,0.05121293800539083
8,814,822,101.75
19,201,220,10.578947368421053
496,123,619,0.24798387096774194
22,83,105,3.772727272727273
222,45,267,0.20270270270270271
209,508,717,2.430622009569378
949,320,1269,0.33719704952581664
20,80,100,4.0
1902,4,1906,0.002103049421661409
14,368,382,26.285714285714285
1401,750,2151,0.5353319057815846
15,938,953,62.53333333333333
13,41,54,3.1538461538461537
1803,242,2045,0.13422074320576816
28,364,392,13.0
11,122,133,11.090909090909092
655,238,893,0.36335877862595417
45,690,735,15.333333333333334
973,625,1598,0.6423432682425488
11,327,338,29.727272727272727
34,313,347,9.205882352941176
96,506,602,5.270833333333333
296,323,619,1.0912162162162162
13,213,226,16.384615384615383
110,65,175,0.5909090909090909
53,8,61,0.1509433962264151
9,421,430,46.77777777777778
87,326,413,3.7471264367816093
576,29,605,0.050347222222222224
9,46,55,5.111111111111111
501,105,606,0.20958083832335328
24,294,318,12.25
345,971,1316,2.8144927536231883
20,176,196,8.8
21,484,505,23.047619047619047
1071,541,1612,0.5051353874883286
64,297,361,4.640625
12,78,90,6.5
31,893,924,28.806451612903224
3294,38,3332,0.01153612629022465
2,5,7,2.5
25,210,235,8.4
74,248,322,3.3513513513513513
34,866,900,25.470588235294116
33,417,450,12.636363636363637
19,97,116,5.105263157894737
19,30,49,1.5789473684210527
26,44,70,1.6923076923076923
1008,168,1176,0.16666666666666666
102,248,350,2.4313725490196076
29,473,502,16.310344827586206
152,500,652,3.289473684210526
48,650,698,13.541666666666666
21,226,247,10.761904761904763
29,375,404,12.931034482758621
217,339,556,1.5622119815668203
1956,715,2671,0.36554192229038857
1576,410,1986,0.26015228426395937
1266,658,1924,0.5197472353870458
17,339,356,19.941176470588236
127,38,165,0.2992125984251969
21,605,626,28.80952380952381
16,174,190,10.875
25,349,374,13.96
21,73,94,3.4761904761904763
13,596,609,45.84615384615385
947,333,1280,0.35163674762407604
13,185,198,14.23076923076923
32,565,597,17.65625
681,837,1518,1.2290748898678414
1337,298,1635,0.22288706058339566
253,438,691,1.7312252964426877
94,145,239,1.5425531914893618
173,355,528,2.052023121387283
17,234,251,13.764705882352942
1530,263,1793,0.1718954248366013
118,135,253,1.1440677966101696
28,182,210,6.5
2463,782,3245,0.3174989849776695
30,215,245,7.166666666666667
8,519,527,64.875
1334,228,1562,0.17091454272863568
104,709,813,6.8173076923076925
855,30,885,0.03508771929824561
152,697,849,4.5855263157894735
10,266,276,26.6
30,296,326,9.866666666666667
30,248,278,8.266666666666667
22,330,352,15.0
1153,447,1600,0.3876843018213356
49,295,344,6.020408163265306
893,158,1051,0.1769316909294513
92,404,496,4.391304347826087
91,470,561,5.164835164835165
25,157,182,6.28
706,314,1020,0.4447592067988669
12,580,592,48.333333333333336
11,416,427,37.81818181818182
56,283,339,5.053571428571429
15,272,287,18.133333333333333
30,504,534,16.8
30,105,135,3.5
452,330,782,0.7300884955752213
17,374,391,22.0
56,237,293,4.232142857142857
23,291,314,12.652173913043478
30,415,445,13.833333333333334
8,322,330,40.25
890,205,1095,0.2303370786516854
24,36,60,1.5
23,240,263,10.434782608695652
3332,288,3620,0.08643457382953182
70,168,238,2.4
611,374,985,0.6121112929623568
44,279,323,6.340909090909091
54,732,786,13.555555555555555
103,860,963,8.349514563106796
17,231,248,13.588235294117647
15,245,260,16.333333333333332
71,415,486,5.845070422535211
546,223,769,0.4084249084249084
26,450,476,17.307692307692307
31,67,98,2.161290322580645
17,326,343,19.176470588235293
2,11,13,5.5
1083,21,1104,0.019390581717451522
14,204,218,14.571428571428571
54,388,442,7.185185185185185
2,11,13,5.5
38,595,633,15.657894736842104
1363,771,2134,0.5656639765223771
41,5,46,0.12195121951219512
11,173,184,15.727272727272727
35,746,781,21.314285714285713
31,376,407,12.129032258064516
13,331,344,25.46153846153846
158,77,235,0.4873417721518987
28,756,784,27.0
702,466,1168,0.6638176638176638
21,413,434,19.666666666666668
44,893,937,20.295454545454547
81,11,92,0.13580246913580246
14,847,861,60.5
2,16,18,8.0
67,56,123,0.835820895522388
24,497,521,20.708333333333332
85,459,544,5.4
53,268,321,5.056603773584905
16,425,441,26.5625
43,135,178,3.13953488372093
53,40,93,0.7547169811320755
23,103,126,4.478260869565218
26,499,525,19.192307692307693
681,552,1233,0.8105726872246696
122,43,165,0.3524590163934426
57,751,808,13.175438596491228
44,404,448,9.181818181818182
8,30,38,3.75
96,702,798,7.3125
226,300,526,1.3274336283185841
152,383,535,2.5197368421052633
74,417,491,5.635135135135135
33,97,130,2.9393939393939394
53,454,507,8.566037735849056
24,866,890,36.083333333333336
46,397,443,8.630434782608695
17,371,388,21.823529411764707
19,20,39,1.0526315789473684
36,218,254,6.055555555555555
24,22,46,0.9166666666666666
132,808,940,6.121212121212121
10,222,232,22.2
107,197,304,1.841121495327103
2610,417,3027,0.15977011494252874
11,263,274,23.90909090909091
713,628,1341,0.8807854137447405
8,189,197,23.625
15,519,534,34.6
31,772,803,24.903225806451612
7,69,76,9.857142857142858
17,475,492,27.941176470588236
31,72,103,2.3225806451612905
732,520,1252,0.7103825136612022
47,595,642,12.659574468085106
10,58,68,5.8
318,577,895,1.8144654088050314
27,106,133,3.925925925925926
1767,64,1831,0.03621958121109225
136,238,374,1.75
4,132,136,33.0
106,776,882,7.320754716981132
38,111,149,2.9210526315789473
113,842,955,7.451327433628318
35,244,279,6.9714285714285715
61,351,412,5.754098360655738
225,118,343,0.5244444444444445
22,275,297,12.5
15,321,336,21.4
97,315,412,3.247422680412371
142,871,1013,6.133802816901408
39,324,363,8.307692307692308
217,262,479,1.207373271889401
19,72,91,3.789473684210526
13,527,540,40.53846153846154
79,1032,1111,13.063291139240507
41,600,641,14.634146341463415
58,657,715,11.327586206896552
22,124,146,5.636363636363637
58,966,1024,16.655172413793103
519,55,574,0.10597302504816955
2285,711,2996,0.3111597374179431
57,407,464,7.140350877192983
22,247,269,11.227272727272727
21,422,443,20.095238095238095
97,31,128,0.31958762886597936
12,456,468,38.0
8,136,144,17.0
12,284,296,23.666666666666668
25,106,131,4.24
14,72,86,5.142857142857143
15,86,101,5.733333333333333
35,691,726,19.742857142857144
50,244,294,4.88
95,703,798,7.4
32,503,535,15.71875
76,23,99,0.3026315789473684
2,11,13,5.5
1146,215,1361,0.18760907504363003
509,620,1129,1.218074656188605
165,366,531,2.2181818181818183
8,139,147,17.375
204,941,1145,4.612745098039215
24,549,573,22.875
16,544,560,34.0
42,919,961,21.88095238095238
14,170,184,12.142857142857142
850,791,1641,0.9305882352941176
122,480,602,3.9344262295081966
79,570,649,7.215189873417722
209,856,1065,4.095693779904306
17,581,598,34.1764705882353
12,460,472,38.333333333333336
85,244,329,2.8705882352941177
13,39,52,3.0
16,296,312,18.5
1605,206,1811,0.12834890965732088
1533,8,1541,0.005218525766470972
79,609,688,7.708860759493671
21,217,238,10.333333333333334
195,377,572,1.9333333333333333
14,284,298,20.285714285714285
17,313,330,18.41176470588235
1600,123,1723,0.076875
152,11,163,0.07236842105263158
1835,159,1994,0.08664850136239782
48,585,633,12.1875
21,365,386,17.38095238095238
70,230,300,3.2857142857142856
458,366,824,0.7991266375545851
17,845,862,49.705882352941174
13,162,175,12.461538461538462
60,153,213,2.55
112,29,141,0.25892857142857145
45,396,441,8.8
3,12,15,4.0
1568,15,1583,0.009566326530612245
928,180,1108,0.1939655172413793
15,307,322,20.466666666666665
11,294,305,26.727272727272727
103,329,432,3.1941747572815533
97,43,140,0.44329896907216493
6,89,95,14.833333333333334
42,487,529,11.595238095238095
1357,745,2102,0.5490051584377302
10,180,190,18.0
39,418,457,10.717948717948717
25,312,337,12.48
77,44,121,0.5714285714285714
223,293,516,1.3139013452914798
51,817,868,16.019607843137255
89,430,519,4.831460674157303
123,194,317,1.5772357723577235
17,405,422,23.823529411764707
390,262,652,0.6717948717948717
38,358,396,9.421052631578947
16,313,329,19.5625
51,357,408,7.0
38,287,325,7.552631578947368
29,194,223,6.689655172413793
19,533,552,28.05263157894737
1708,131,1839,0.07669789227166277
17,194,211,11.411764705882353
28,432,460,15.428571428571429
10,123,133,12.3
84,598,682,7.119047619047619
8,327,335,40.875
106,63,169,0.5943396226415094
482,147,629,0.3049792531120332
218,423,641,1.9403669724770642
71,44,115,0.6197183098591549
20,265,285,13.25
1349,471,1820,0.3491475166790215
76,238,314,3.1315789473684212
14,133,147,9.5
10,267,277,26.7
1363,771,2134,0.5656639765223771
6,433,439,72.16666666666667
252,669,921,2.6547619047619047
18,589,607,32.72222222222222
11,144,155,13.090909090909092
10,97,107,9.7
47,47,94,1.0
18,535,553,29.72222222222222
13,208,221,16.0
70,538,608,7.685714285714286
23,21,44,0.9130434782608695
21,92,113,4.380952380952381
486,680,1166,1.3991769547325104
11,285,296,25.90909090909091
37,269,306,7.27027027027027
15,497,512,33.13333333333333
315,344,659,1.092063492063492
355,662,1017,1.8647887323943662
34,451,485,13.264705882352942
192,417,609,2.171875
12,1055,1067,87.91666666666667
9,38,47,4.222222222222222
77,507,584,6.584415584415584
23,253,276,11.0
180,452,632,2.511111111111111
53,489,542,9.226415094339623
324,30,354,0.09259259259259259
15,84,99,5.6
14,47,61,3.357142857142857
11,285,296,25.90909090909091
2632,48,2680,0.0182370820668693
17,204,221,12.0
4,352,356,88.0
6,193,199,32.166666666666664
23,68,91,2.9565217391304346
342,227,569,0.6637426900584795
2074,14,2088,0.006750241080038573
3133,61,3194,0.01947015639961698
21,188,209,8.952380952380953
97,89,186,0.9175257731958762
54,633,687,11.722222222222221
85,381,466,4.482352941176471
21,509,530,24.238095238095237
36,500,536,13.88888888888889
47,275,322,5.851063829787234
59,339,398,5.745762711864407
114,419,533,3.675438596491228
261,284,545,1.0881226053639848
83,950,1033,11.44578313253012
40,655,695,16.375
1923,46,1969,0.02392095683827353
114,34,148,0.2982456140350877
57,308,365,5.4035087719298245
11,287,298,26.09090909090909
16,82,98,5.125
19,493,512,25.94736842105263
14,189,203,13.5
18,233,251,12.944444444444445
10,437,447,43.7
11,333,344,30.272727272727273
10,297,307,29.7
21,382,403,18.19047619047619
20,933,953,46.65
377,386,763,1.023872679045093
3205,33,3238,0.01029641185647426
793,335,1128,0.4224464060529634
7,326,333,46.57142857142857
17,88,105,5.176470588235294
280,307,587,1.0964285714285715
122,538,660,4.409836065573771
21,394,415,18.761904761904763
66,146,212,2.212121212121212
786,884,1670,1.1246819338422391
14,458,472,32.714285714285715
3,11,14,3.6666666666666665
15,324,339,21.6
44,414,458,9.409090909090908
50,151,201,3.02
57,751,808,13.175438596491228
69,124,193,1.7971014492753623
71,104,175,1.4647887323943662
22,458,480,20.818181818181817
69,585,654,8.478260869565217
700,934,1634,1.3342857142857143
42,469,511,11.166666666666666
8,335,343,41.875
15,209,224,13.933333333333334
5,64,69,12.8
24,30,54,1.25
26,420,446,16.153846153846153
11,316,327,28.727272727272727
95,285,380,3.0
10,280,290,28.0
20,563,583,28.15
50,43,93,0.86
15,407,422,27.133333333333333
65,83,148,1.2769230769230768
43,822,865,19.11627906976744
1243,234,1477,0.18825422365245373
1203,286,1489,0.23773898586866168
1815,407,2222,0.22424242424242424
31,610,641,19.677419354838708
320,209,529,0.653125
16,245,261,15.3125
36,368,404,10.222222222222221
128,169,297,1.3203125
110,159,269,1.4454545454545455
23,58,81,2.5217391304347827
90,455,545,5.055555555555555
12,714,726,59.5
10,285,295,28.5
17,21,38,1.2352941176470589
24,148,172,6.166666666666667
20,351,371,17.55
120,275,395,2.2916666666666665
99,427,526,4.313131313131313
24,432,456,18.0
20,256,276,12.8
521,201,722,0.3857965451055662
1598,128,1726,0.08010012515644556
62,326,388,5.258064516129032
11,187,198,17.0
20,98,118,4.9
64,27,91,0.421875
15,246,261,16.4
27,670,697,24.814814814814813
17,391,408,23.0
45,205,250,4.555555555555555
43,30,73,0.6976744186046512
46,176,222,3.8260869565217392
4,233,237,58.25
11,305,316,27.727272727272727
68,450,518,6.617647058823529
15,520,535,34.666666666666664
13,315,328,24.23076923076923
51,58,109,1.1372549019607843
13,142,155,10.923076923076923
78,296,374,3.7948717948717947
13,437,450,33.61538461538461
13,359,372,27.615384615384617
3020,220,3240,0.0728476821192053
23,162,185,7.043478260869565
23,71,94,3.0869565217391304
655,602,1257,0.9190839694656489
99,894,993,9.030303030303031
8,306,314,38.25
11,500,511,45.45454545454545
1463,268,1731,0.18318523581681476
34,158,192,4.647058823529412
7,130,137,18.571428571428573
39,548,587,14.051282051282051
45,346,391,7.688888888888889
178,146,324,0.8202247191011236
47,92,139,1.9574468085106382
17,155,172,9.117647058823529
39,59,98,1.5128205128205128
16,183,199,11.4375
169,605,774,3.5798816568047336
161,237,398,1.4720496894409938
116,461,577,3.9741379310344827
9,395,404,43.888888888888886
18,207,225,11.5
9,410,419,45.55555555555556
2952,137,3089,0.046409214092140924
47,41,88,0.8723404255319149
74,415,489,5.608108108108108
15,616,631,41.06666666666667
40,46,86,1.15
22,390,412,17.727272727272727
22,622,644,28.272727272727273
17,471,488,27.705882352941178
14,10,24,0.7142857142857143
2,41,43,20.5
38,535,573,14.078947368421053
2223,504,2727,0.22672064777327935
62,413,475,6.661290322580645
90,300,390,3.3333333333333335
16,126,142,7.875
1973,830,2803,0.42067916877850986
21,257,278,12.238095238095237
23,307,330,13.347826086956522
99,177,276,1.7878787878787878
253,787,1040,3.110671936758893
35,535,570,15.285714285714286
2115,474,2589,0.22411347517730495
9,348,357,38.666666666666664
26,370,396,14.23076923076923
7,325,332,46.42857142857143
76,453,529,5.9605263157894735
17,111,128,6.529411764705882
125,436,561,3.488
24,36,60,1.5
9,103,112,11.444444444444445
44,640,684,14.545454545454545
42,96,138,2.2857142857142856
1035,198,1233,0.19130434782608696
8,98,106,12.25
27,19,46,0.7037037037037037
1312,7,1319,0.005335365853658537
17,471,488,27.705882352941178
21,29,50,1.380952380952381
9,277,286,30.77777777777778
36,421,457,11.694444444444445
20,398,418,19.9
5,206,211,41.2
11,368,379,33.45454545454545
19,438,457,23.05263157894737
26,13,39,0.5
12,280,292,23.333333333333332
21,86,107,4.095238095238095
20,209,229,10.45
13,566,579,43.53846153846154
1428,523,1951,0.36624649859943975
813,517,1330,0.6359163591635917
175,317,492,1.8114285714285714
16,416,432,26.0
24,111,135,4.625
41,341,382,8.317073170731707
85,69,154,0.8117647058823529
7,283,290,40.42857142857143
34,257,291,7.5588235294117645
70,465,535,6.642857142857143
8,230,238,28.75
51,58,109,1.1372549019607843
78,954,1032,12.23076923076923
46,978,1024,21.26086956521739
18,686,704,38.111111111111114
218,318,536,1.4587155963302751
18,326,344,18.11111111111111
1921,116,2037,0.06038521603331598
17,813,830,47.8235294117647
1651,928,2579,0.562083585705633
25,299,324,11.96
1744,80,1824,0.045871559633027525
11,75,86,6.818181818181818
57,467,524,8.192982456140351
12,65,77,5.416666666666667
1683,22,1705,0.013071895424836602
27,389,416,14.407407407407407
2571,760,3331,0.2956048230260599
88,295,383,3.352272727272727
17,326,343,19.176470588235293
3009,190,3199,0.06314390162844799
61,204,265,3.3442622950819674
4,86,90,21.5
19,502,521,26.42105263157895
17,240,257,14.117647058823529
38,165,203,4.342105263157895
10,125,135,12.5
95,38,133,0.4
14,53,67,3.7857142857142856
126,163,289,1.2936507936507937
1487,1117,2604,0.7511768661735037
4,7,11,1.75
305,318,623,1.042622950819672
77,526,603,6.8311688311688314
429,364,793,0.8484848484848485
78,269,347,3.448717948717949
12,727,739,60.583333333333336
29,396,425,13.655172413793103
20,141,161,7.05
19,461,480,24.263157894736842
810,239,1049,0.29506172839506173
51,313,364,6.137254901960785
24,155,179,6.458333333333333
757,25,782,0.03302509907529723
106,421,527,3.9716981132075473
40,61,101,1.525
36,73,109,2.0277777777777777
115,954,1069,8.295652173913043
321,687,1008,2.1401869158878504
100,88,188,0.88
10,120,130,12.0
11,125,136,11.363636363636363
25,299,324,11.96
3071,327,3398,0.10647997394985347
78,214,292,2.7435897435897436
34,343,377,10.088235294117647
30,260,290,8.666666666666666
10,852,862,85.2
26,252,278,9.692307692307692
8,50,58,6.25
11,171,182,15.545454545454545
138,475,613,3.4420289855072466
364,331,695,0.9093406593406593
56,709,765,12.660714285714286
148,75,223,0.5067567567567568
48,489,537,10.1875
14,199,213,14.214285714285714
36,440,476,12.222222222222221
12,214,226,17.833333333333332
15,582,597,38.8
248,164,412,0.6612903225806451
13,95,108,7.3076923076923075
23,245,268,10.652173913043478
38,21,59,0.5526315789473685
129,849,978,6.5813953488372094
126,97,223,0.7698412698412699
39,458,497,11.743589743589743
65,129,194,1.9846153846153847
97,327,424,3.3711340206185567
649,445,1094,0.6856702619414484
92,241,333,2.619565217391304
16,331,347,20.6875
20,166,186,8.3
67,142,209,2.1194029850746268
6,163,169,27.166666666666668
26,384,410,14.76923076923077
82,313,395,3.817073170731707
879,345,1224,0.3924914675767918
657,221,878,0.3363774733637747
9,392,401,43.55555555555556
100,103,203,1.03
7,837,844,119.57142857142857
15,331,346,22.066666666666666
87,313,400,3.5977011494252875
11,334,345,30.363636363636363
81,376,457,4.6419753086419755
7,81,88,11.571428571428571
756,967,1723,1.279100529100529
1061,359,1420,0.3383600377002828
42,385,427,9.166666666666666
3,494,497,164.66666666666666
1067,224,1291,0.2099343955014058
120,617,737,5.141666666666667
20,266,286,13.3
704,505,1209,0.7173295454545454
12,377,389,31.416666666666668
28,341,369,12.178571428571429
28,343,371,12.25
46,8,54,0.17391304347826086
26,635,661,24.423076923076923
8,379,387,47.375
17,87,104,5.117647058823529
148,546,694,3.689189189189189
132,667,799,5.053030303030303
266,105,371,0.39473684210526316
20,242,262,12.1
8,120,128,15.0
10,36,46,3.6
26,25,51,0.9615384615384616
12,161,173,13.416666666666666
56,49,105,0.875
11,456,467,41.45454545454545
2,11,13,5.5
607,247,854,0.40691927512355847
94,121,215,1.2872340425531914
24,883,907,36.791666666666664
526,195,721,0.37072243346007605
42,515,557,12.261904761904763
892,169,1061,0.18946188340807174
12,353,365,29.416666666666668
23,451,474,19.608695652173914
12,21,33,1.75
89,12,101,0.1348314606741573
79,492,571,6.227848101265823
27,159,186,5.888888888888889
15,134,149,8.933333333333334
1087,295,1382,0.27138914443422263
570,152,722,0.26666666666666666
4,1035,1039,258.75
76,151,227,1.986842105263158
427,182,609,0.4262295081967213
45,766,811,17.022222222222222
13,239,252,18.384615384615383
15,76,91,5.066666666666666
386,142,528,0.36787564766839376
154,463,617,3.0064935064935066
13,162,175,12.461538461538462
10,493,503,49.3
15,438,453,29.2
2461,907,3368,0.3685493701747257
13,123,136,9.461538461538462
1088,338,1426,0.31066176470588236
54,147,201,2.7222222222222223
58,457,515,7.879310344827586
14,37,51,2.642857142857143
21,340,361,16.19047619047619
3,734,737,244.66666666666666
2,11,13,5.5
1226,489,1715,0.398858075040783
130,100,230,0.7692307692307693
411,656,1067,1.5961070559610706
22,67,89,3.0454545454545454
14,241,255,17.214285714285715
15,340,355,22.666666666666668
12,224,236,18.666666666666668
253,150,403,0.5928853754940712
4,424,428,106.0
279,766,1045,2.7455197132616487
5,680,685,136.0
15,946,961,63.06666666666667
6,228,234,38.0
1100,202,1302,0.18363636363636363
8,241,249,30.125
101,284,385,2.8118811881188117
22,328,350,14.909090909090908
18,610,628,33.888888888888886
505,368,873,0.7287128712871287
50,704,754,14.08
334,537,871,1.6077844311377245
2508,354,2862,0.14114832535885166
24,374,398,15.583333333333334
26,355,381,13.653846153846153
377,386,763,1.023872679045093
46,535,581,11.630434782608695
461,282,743,0.6117136659436009
14,287,301,20.5
2500,792,3292,0.3168
20,265,285,13.25
43,412,455,9.581395348837209
21,392,413,18.666666666666668
59,323,382,5.47457627118644
227,162,389,0.7136563876651982
2062,198,2260,0.09602327837051407
7,10,17,1.4285714285714286
58,196,254,3.3793103448275863
29,364,393,12.551724137931034
132,465,597,3.522727272727273
11,363,374,33.0
85,235,320,2.764705882352941
18,410,428,22.77777777777778
12,77,89,6.416666666666667
1230,470,1700,0.3821138211382114
6,517,523,86.16666666666667
3178,820,3998,0.2580239144115796
18,165,183,9.166666666666666
108,95,203,0.8796296296296297
60,969,1029,16.15
83,842,925,10.144578313253012
118,432,550,3.6610169491525424
34,218,252,6.411764705882353
19,650,669,34.21052631578947
2,11,13,5.5
226,626,852,2.769911504424779
12,285,297,23.75
29,324,353,11.172413793103448
312,443,755,1.419871794871795
118,146,264,1.2372881355932204
1744,80,1824,0.045871559633027525
217,316,533,1.456221198156682
14,568,582,40.57142857142857
2794,101,2895,0.03614889047959914
8,96,104,12.0
1673,436,2109,0.26060968320382544
12,302,314,25.166666666666668
6,210,216,35.0
96,196,292,2.0416666666666665
459,251,710,0.5468409586056645
26,33,59,1.2692307692307692
12,168,180,14.0
51,438,489,8.588235294117647
117,6,123,0.05128205128205128
8,10,18,1.25
67,382,449,5.701492537313433
20,257,277,12.85
76,30,106,0.39473684210526316
57,232,289,4.0701754385964914
8,390,398,48.75
80,142,222,1.775
9,184,193,20.444444444444443
28,377,405,13.464285714285714
15,533,548,35.53333333333333
20,215,235,10.75
166,457,623,2.753012048192771
85,244,329,2.8705882352941177
21,343,364,16.333333333333332
734,579,1313,0.7888283378746594
75,387,462,5.16
526,6,532,0.011406844106463879
14,348,362,24.857142857142858
31,157,188,5.064516129032258
38,420,458,11.052631578947368
696,598,1294,0.8591954022988506
19,838,857,44.10526315789474
13,17,30,1.3076923076923077
93,123,216,1.3225806451612903
14,98,112,7.0
66,324,390,4.909090909090909
1789,418,2207,0.23365008384572386
18,326,344,18.11111111111111
2328,132,2460,0.05670103092783505
433,261,694,0.6027713625866051
126,28,154,0.2222222222222222
112,187,299,1.6696428571428572
60,68,128,1.1333333333333333
15,519,534,34.6
36,276,312,7.666666666666667
25,101,126,4.04
30,35,65,1.1666666666666667
56,281,337,5.017857142857143
356,127,483,0.35674157303370785
36,479,515,13.305555555555555
29,5,34,0.1724137931034483
31,351,382,11.32258064516129
85,77,162,0.9058823529411765
20,399,419,19.95
22,377,399,17.136363636363637
186,90,276,0.4838709677419355
8,473,481,59.125
51,278,329,5.450980392156863
17,310,327,18.235294117647058
94,483,577,5.138297872340425
1877,381,2258,0.20298348428343102
34,532,566,15.647058823529411
18,276,294,15.333333333333334
239,439,678,1.8368200836820083
5,51,56,10.2
97,193,290,1.9896907216494846
509,620,1129,1.218074656188605
396,303,699,0.7651515151515151
51,252,303,4.9411764705882355
101,141,242,1.396039603960396
5,11,16,2.2
320,440,760,1.375
15,309,324,20.6
350,778,1128,2.222857142857143
22,358,380,16.272727272727273
48,296,344,6.166666666666667
866,41,907,0.04734411085450346
2,11,13,5.5
20,96,116,4.8
138,343,481,2.4855072463768115
298,587,885,1.9697986577181208
955,284,1239,0.2973821989528796
5,115,120,23.0
69,130,199,1.8840579710144927
20,749,769,37.45
22,253,275,11.5
142,269,411,1.8943661971830985
22,71,93,3.227272727272727
84,368,452,4.380952380952381
9,63,72,7.0
21,555,576,26.428571428571427
51,213,264,4.176470588235294
2,11,13,5.5
1234,497,1731,0.4027552674230146
2108,257,2365,0.12191650853889943
79,977,1056,12.367088607594937
5,28,33,5.6
27,255,282,9.444444444444445
19,517,536,27.210526315789473
46,960,1006,20.869565217391305
28,898,926,32.07142857142857
43,237,280,5.511627906976744
19,112,131,5.894736842105263
27,331,358,12.25925925925926
57,41,98,0.7192982456140351
40,38,78,0.95
1039,211,1250,0.2030798845043311
74,44,118,0.5945945945945946
144,531,675,3.6875
54,54,108,1.0
1226,489,1715,0.398858075040783
29,295,324,10.172413793103448
1580,193,1773,0.12215189873417721
10,28,38,2.8
44,544,588,12.363636363636363
3,40,43,13.333333333333334
17,448,465,26.352941176470587
25,24,49,0.96
12,255,267,21.25
23,264,287,11.478260869565217
19,502,521,26.42105263157895
374,304,678,0.8128342245989305
19,60,79,3.1578947368421053
25,154,179,6.16
70,307,377,4.385714285714286
8,238,246,29.75
32,216,248,6.75
84,236,320,2.8095238095238093
23,248,271,10.782608695652174
493,104,597,0.21095334685598377
23,1150,1173,50.0
9,70,79,7.777777777777778
24,266,290,11.083333333333334
1512,134,1646,0.08862433862433862
26,296,322,11.384615384615385
186,260,446,1.3978494623655915
496,425,921,0.8568548387096774
1434,23,1457,0.01603905160390516
9,75,84,8.333333333333334
7,129,136,18.428571428571427
9,124,133,13.777777777777779
13,129,142,9.923076923076923
79,54,133,0.6835443037974683
16,76,92,4.75
24,781,805,32.541666666666664
841,823,1664,0.9785969084423306
2192,1051,3243,0.479470802919708
23,137,160,5.956521739130435
23,109,132,4.739130434782608
1151,344,1495,0.2988705473501303
18,289,307,16.055555555555557
6,128,134,21.333333333333332
36,416,452,11.555555555555555
18,235,253,13.055555555555555
6,163,169,27.166666666666668
14,339,353,24.214285714285715
2366,318,2684,0.13440405748098055
129,632,761,4.89922480620155
12,189,201,15.75
7,336,343,48.0
652,774,1426,1.187116564417178
308,992,1300,3.220779220779221
25,427,452,17.08
8,111,119,13.875
20,242,262,12.1
41,24,65,0.5853658536585366
620,479,1099,0.7725806451612903
39,533,572,13.666666666666666
184,1041,1225,5.657608695652174
19,204,223,10.736842105263158
19,392,411,20.63157894736842
118,105,223,0.8898305084745762
597,869,1466,1.4556113902847572
2451,187,2638,0.0762953896368829
115,861,976,7.48695652173913
455,400,855,0.8791208791208791
14,443,457,31.642857142857142
5,12,17,2.4
6,212,218,35.333333333333336
73,754,827,10.32876712328767
765,145,910,0.1895424836601307
51,351,402,6.882352941176471
8,193,201,24.125
91,395,486,4.34065934065934
11,466,477,42.36363636363637
5,92,97,18.4
1152,8,1160,0.006944444444444444
39,110,149,2.8205128205128207
226,532,758,2.353982300884956
29,105,134,3.6206896551724137
32,605,637,18.90625
311,147,458,0.47266881028938906
27,307,334,11.37037037037037
17,65,82,3.823529411764706
3294,38,3332,0.01153612629022465
6,407,413,67.83333333333333
2,271,273,135.5
252,26,278,0.10317460317460317
159,313,472,1.9685534591194969
1778,26,1804,0.014623172103487065
3,19,22,6.333333333333333
16,925,941,57.8125
821,105,926,0.1278928136419001
156,95,251,0.6089743589743589
46,114,160,2.4782608695652173
221,390,611,1.7647058823529411
12,247,259,20.583333333333332
258,531,789,2.058139534883721
31,57,88,1.8387096774193548
917,431,1348,0.47001090512540894
188,255,443,1.3563829787234043
15,117,132,7.8
5,680,685,136.0
28,288,316,10.285714285714286
20,348,368,17.4
62,5,67,0.08064516129032258
58,441,499,7.603448275862069
25,404,429,16.16
45,269,314,5.977777777777778
434,102,536,0.2350230414746544
1409,238,1647,0.16891412349183818
15,50,65,3.3333333333333335
26,23,49,0.8846153846153846
3,11,14,3.6666666666666665
24,26,50,1.0833333333333333
2181,81,2262,0.037138927097661624
11,253,264,23.0
1973,209,2182,0.10593005575266093
14,223,237,15.928571428571429
13,281,294,21.615384615384617
162,292,454,1.8024691358024691
25,385,410,15.4
219,26,245,0.1187214611872146
61,489,550,8.01639344262295
2,26,28,13.0
4,12,16,3.0
206,14,220,0.06796116504854369
76,752,828,9.894736842105264
19,55,74,2.8947368421052633
28,247,275,8.821428571428571
114,8,122,0.07017543859649122
15,27,42,1.8
27,359,386,13.296296296296296
11,123,134,11.181818181818182
40,509,549,12.725
531,105,636,0.1977401129943503
18,431,449,23.944444444444443
18,362,380,20.11111111111111
78,233,311,2.9871794871794872
303,469,772,1.5478547854785478
16,439,455,27.4375
22,848,870,38.54545454545455
11,77,88,7.0
25,328,353,13.12
2392,83,2475,0.03469899665551839
90,58,148,0.6444444444444445
13,542,555,41.69230769230769
12,365,377,30.416666666666668
100,312,412,3.12
17,269,286,15.823529411764707
20,445,465,22.25
143,909,1052,6.356643356643357
44,404,448,9.181818181818182
18,282,300,15.666666666666666
17,59,76,3.4705882352941178
8,40,48,5.0
9,36,45,4.0
90,8,98,0.08888888888888889
19,425,444,22.36842105263158
12,176,188,14.666666666666666
50,559,609,11.18
67,125,192,1.8656716417910448
2305,429,2734,0.18611713665943602
2107,39,2146,0.018509729473184623
210,724,934,3.447619047619048
47,190,237,4.042553191489362
23,470,493,20.434782608695652
19,108,127,5.684210526315789
94,181,275,1.925531914893617
1061,359,1420,0.3383600377002828
8,172,180,21.5
74,454,528,6.135135135135135
766,149,915,0.19451697127937337
17,270,287,15.882352941176471
119,154,273,1.2941176470588236
30,211,241,7.033333333333333
11,181,192,16.454545454545453
6,343,349,57.166666666666664
556,210,766,0.3776978417266187
21,470,491,22.38095238095238
523,24,547,0.045889101338432124
610,140,750,0.22950819672131148
26,304,330,11.692307692307692
167,191,358,1.1437125748502994
756,503,1259,0.6653439153439153
8,406,414,50.75
319,343,662,1.0752351097178683
94,26,120,0.2765957446808511
6,105,111,17.5
16,283,299,17.6875
2,11,13,5.5
23,297,320,12.91304347826087
230,348,578,1.5130434782608695
36,254,290,7.055555555555555
132,699,831,5.295454545454546
26,478,504,18.384615384615383
64,445,509,6.953125
22,768,790,34.90909090909091
9,144,153,16.0
17,311,328,18.294117647058822
28,432,460,15.428571428571429
15,372,387,24.8
20,240,260,12.0
15,335,350,22.333333333333332
8,277,285,34.625
389,444,833,1.141388174807198
9,326,335,36.22222222222222
26,237,263,9.115384615384615
9,148,157,16.444444444444443
80,322,402,4.025
1548,16,1564,0.0103359173126615
55,277,332,5.036363636363636
10,493,503,49.3
38,951,989,25.026315789473685
47,492,539,10.46808510638298
2,14,16,7.0
14,243,257,17.357142857142858
336,904,1240,2.6904761904761907
23,162,185,7.043478260869565
73,969,1042,13.273972602739725
23,689,712,29.956521739130434
13,385,398,29.615384615384617
63,23,86,0.36507936507936506
260,81,341,0.31153846153846154
14,328,342,23.428571428571427
9,408,417,45.333333333333336
50,657,707,13.14
9,314,323,34.888888888888886
123,181,304,1.4715447154471544
61,500,561,8.19672131147541
646,930,1576,1.4396284829721362
9,133,142,14.777777777777779
14,383,397,27.357142857142858
17,541,558,31.823529411764707
59,365,424,6.186440677966102
12,227,239,18.916666666666668
24,454,478,18.916666666666668
6,51,57,8.5
757,797,1554,1.0528401585204756
5,368,373,73.6
8,58,66,7.25
8,90,98,11.25
8,446,454,55.75
10,366,376,36.6
71,262,333,3.6901408450704225
116,210,326,1.8103448275862069
7,27,34,3.857142857142857
73,907,980,12.424657534246576
1209,289,1498,0.23904052936311002
11,86,97,7.818181818181818
24,684,708,28.5
7,110,117,15.714285714285714
29,772,801,26.620689655172413
48,334,382,6.958333333333333
575,358,933,0.6226086956521739
14,98,112,7.0
2,255,257,127.5
18,157,175,8.722222222222221
9,137,146,15.222222222222221
985,186,1171,0.18883248730964466
28,601,629,21.464285714285715
28,144,172,5.142857142857143
64,60,124,0.9375
190,380,570,2.0
40,213,253,5.325
14,279,293,19.928571428571427
337,299,636,0.887240356083086
5,251,256,50.2
33,733,766,22.21212121212121
15,239,254,15.933333333333334
77,260,337,3.3766233766233764
53,8,61,0.1509433962264151
11,310,321,28.181818181818183
7,26,33,3.7142857142857144
2678,329,3007,0.12285287528005974
99,162,261,1.6363636363636365
15,238,253,15.866666666666667
32,189,221,5.90625
19,311,330,16.36842105263158
1185,505,1690,0.42616033755274263
41,265,306,6.463414634146342
111,422,533,3.8018018018018016
34,558,592,16.41176470588235
11,127,138,11.545454545454545
21,193,214,9.19047619047619
1708,131,1839,0.07669789227166277
40,267,307,6.675
2,11,13,5.5
1003,201,1204,0.20039880358923232
6,16,22,2.6666666666666665
16,256,272,16.0
14,363,377,25.928571428571427
1196,48,1244,0.04013377926421405
81,184,265,2.271604938271605
50,796,846,15.92
10,7,17,0.7
736,351,1087,0.47690217391304346
1365,457,1822,0.3347985347985348
8,88,96,11.0
62,610,672,9.838709677419354
99,350,449,3.5353535353535355
60,902,962,15.033333333333333
26,523,549,20.115384615384617
17,176,193,10.352941176470589
15,194,209,12.933333333333334
148,687,835,4.641891891891892
11,169,180,15.363636363636363
143,235,378,1.6433566433566433
1259,947,2206,0.7521842732327244
36,565,601,15.694444444444445
86,83,169,0.9651162790697675
102,208,310,2.0392156862745097
149,495,644,3.3221476510067114
73,221,294,3.0273972602739727
7,23,30,3.2857142857142856
24,283,307,11.791666666666666
1257,260,1517,0.20684168655529037
23,510,533,22.17391304347826
13,486,499,37.38461538461539
3,11,14,3.6666666666666665
17,191,208,11.235294117647058
500,10,510,0.02
63,266,329,4.222222222222222
70,761,831,10.871428571428572
1402,383,1785,0.2731811697574893
19,66,85,3.473684210526316
93,173,266,1.8602150537634408
10,271,281,27.1
10,239,249,23.9
19,392,411,20.63157894736842
46,8,54,0.17391304347826086
2350,296,2646,0.12595744680851065
126,543,669,4.309523809523809
151,604,755,4.0
73,495,568,6.780821917808219
52,151,203,2.9038461538461537
148,570,718,3.8513513513513513
14,446,460,31.857142857142858
4,401,405,100.25
79,383,462,4.848101265822785
9,724,733,80.44444444444444
25,304,329,12.16
90,166,256,1.8444444444444446
2,11,13,5.5
21,435,456,20.714285714285715
16,131,147,8.1875
22,295,317,13.409090909090908
23,109,132,4.739130434782608
134,72,206,0.5373134328358209
28,377,405,13.464285714285714
20,34,54,1.7
106,476,582,4.490566037735849
169,127,296,0.7514792899408284
64,467,531,7.296875
13,287,300,22.076923076923077
14,96,110,6.857142857142857
241,16,257,0.06639004149377593
149,204,353,1.3691275167785235
14,298,312,21.285714285714285
43,907,950,21.093023255813954
17,246,263,14.470588235294118
15,544,559,36.266666666666666
37,286,323,7.72972972972973
11,329,340,29.90909090909091
22,147,169,6.681818181818182
492,35,527,0.07113821138211382
22,317,339,14.409090909090908
212,367,579,1.7311320754716981
15,448,463,29.866666666666667
139,41,180,0.2949640287769784
13,141,154,10.846153846153847
44,444,488,10.090909090909092
2085,5,2090,0.002398081534772182
445,178,623,0.4
17,25,42,1.4705882352941178
120,432,552,3.6
41,389,430,9.487804878048781
6,283,289,47.166666666666664
10,208,218,20.8
13,277,290,21.307692307692307
15,262,277,17.466666666666665
128,886,1014,6.921875
20,399,419,19.95
10,146,156,14.6
742,198,940,0.2668463611859838
28,346,374,12.357142857142858
16,265,281,16.5625
42,610,652,14.523809523809524
13,399,412,30.692307692307693
11,362,373,32.90909090909091
1474,278,1752,0.18860244233378562
24,734,758,30.583333333333332
24,279,303,11.625
462,1329,1791,2.8766233766233764
6,80,86,13.333333333333334
11,445,456,40.45454545454545
413,302,715,0.7312348668280871
17,325,342,19.11764705882353
23,171,194,7.434782608695652
13,241,254,18.53846153846154
124,917,1041,7.395161290322581
18,276,294,15.333333333333334
30,320,350,10.666666666666666
22,355,377,16.136363636363637
32,41,73,1.28125
105,195,300,1.8571428571428572
22,967,989,43.95454545454545
439,590,1029,1.3439635535307517
149,349,498,2.3422818791946307
1067,224,1291,0.2099343955014058
82,343,425,4.182926829268292
252,180,432,0.7142857142857143
19,403,422,21.210526315789473
5,13,18,2.6
181,31,212,0.1712707182320442
32,458,490,14.3125
10,156,166,15.6
25,549,574,21.96
12,856,868,71.33333333333333
8,782,790,97.75
171,160,331,0.935672514619883
15,360,375,24.0
2488,871,3359,0.35008038585209006
11,145,156,13.181818181818182
38,85,123,2.236842105263158
16,95,111,5.9375
27,697,724,25.814814814814813
283,345,628,1.2190812720848057
193,334,527,1.7305699481865284
8,283,291,35.375
565,1029,1594,1.8212389380530973
448,166,614,0.3705357142857143
14,374,388,26.714285714285715
20,209,229,10.45
761,503,1264,0.6609724047306176
156,531,687,3.4038461538461537
8,91,99,11.375
15,515,530,34.333333333333336
31,385,416,12.419354838709678
422,329,751,0.7796208530805687
13,275,288,21.153846153846153
17,911,928,53.588235294117645
148,72,220,0.4864864864864865
489,524,1013,1.0715746421267893
211,263,474,1.2464454976303319
38,472,510,12.421052631578947
2,11,13,5.5
49,538,587,10.979591836734693
14,275,289,19.642857142857142
23,1018,1041,44.26086956521739
25,404,429,16.16
11,325,336,29.545454545454547
767,366,1133,0.4771838331160365
9,290,299,32.22222222222222
707,23,730,0.03253182461103253
1772,35,1807,0.019751693002257337
37,45,82,1.2162162162162162
14,266,280,19.0
11,235,246,21.363636363636363
423,635,1058,1.5011820330969268
68,367,435,5.397058823529412
12,85,97,7.083333333333333
1102,544,1646,0.49364791288566245
13,232,245,17.846153846153847
24,239,263,9.958333333333334
10,255,265,25.5
27,545,572,20.185185185185187
18,272,290,15.11111111111111
697,830,1527,1.1908177905308466
85,603,688,7.094117647058823
2,11,13,5.5
27,384,411,14.222222222222221
413,401,814,0.9709443099273608
13,903,916,69.46153846153847
86,20,106,0.23255813953488372
8,45,53,5.625
14,380,394,27.142857142857142
11,627,638,57.0
27,469,496,17.37037037037037
127,444,571,3.4960629921259843
2,11,13,5.5
121,525,646,4.338842975206612
834,5,839,0.005995203836930456
90,225,315,2.5
471,225,696,0.47770700636942676
2461,246,2707,0.09995936611133685
28,34,62,1.2142857142857142
6,76,82,12.666666666666666
27,56,83,2.074074074074074
13,130,143,10.0
430,129,559,0.3
2711,70,2781,0.02582073035780155
727,681,1408,0.936726272352132
20,168,188,8.4
83,341,424,4.108433734939759
2664,24,2688,0.009009009009009009
72,138,210,1.9166666666666667
29,246,275,8.482758620689655
15,265,280,17.666666666666668
67,230,297,3.4328358208955225
624,382,1006,0.6121794871794872
629,101,730,0.16057233704292528
45,108,153,2.4
19,4,23,0.21052631578947367
68,407,475,5.985294117647059
1514,193,1707,0.12747688243064728
145,340,485,2.3448275862068964
23,294,317,12.782608695652174
144,416,560,2.888888888888889
37,22,59,0.5945945945945946
109,935,1044,8.577981651376147
12,302,314,25.166666666666668
46,175,221,3.8043478260869565
175,45,220,0.2571428571428571
19,39,58,2.0526315789473686
86,969,1055,11.267441860465116
30,488,518,16.266666666666666
61,576,637,9.442622950819672
15,301,316,20.066666666666666
26,242,268,9.307692307692308
32,233,265,7.28125
73,276,349,3.780821917808219
134,254,388,1.8955223880597014
86,37,123,0.43023255813953487
28,97,125,3.4642857142857144
25,1053,1078,42.12
11,227,238,20.636363636363637
15,1039,1054,69.26666666666667
20,415,435,20.75
10,496,506,49.6
394,356,750,0.9035532994923858
290,811,1101,2.796551724137931
1392,431,1823,0.30962643678160917
319,159,478,0.49843260188087773
40,680,720,17.0
121,633,754,5.231404958677686
52,267,319,5.134615384615385
77,926,1003,12.025974025974026
2794,101,2895,0.03614889047959914
209,30,239,0.14354066985645933
57,308,365,5.4035087719298245
2,11,13,5.5
38,386,424,10.157894736842104
18,405,423,22.5
1508,936,2444,0.6206896551724138
16,362,378,22.625
34,328,362,9.647058823529411
39,277,316,7.102564102564102
9,140,149,15.555555555555555
77,54,131,0.7012987012987013
9,544,553,60.44444444444444
31,305,336,9.838709677419354
46,409,455,8.891304347826088
904,241,1145,0.2665929203539823
17,228,245,13.411764705882353
1805,403,2208,0.22326869806094182
110,31,141,0.2818181818181818
11,20,31,1.8181818181818181
48,546,594,11.375
58,577,635,9.948275862068966
44,59,103,1.3409090909090908
91,587,678,6.450549450549451
25,308,333,12.32
20,21,41,1.05
22,938,960,42.63636363636363
13,238,251,18.307692307692307
39,8,47,0.20512820512820512
38,169,207,4.447368421052632
377,386,763,1.023872679045093
5,219,224,43.8
199,516,715,2.592964824120603
98,392,490,4.0
9,71,80,7.888888888888889
3,26,29,8.666666666666666
117,339,456,2.8974358974358974
37,972,1009,26.27027027027027
16,381,397,23.8125
20,356,376,17.8
778,516,1294,0.6632390745501285
870,270,1140,0.3103448275862069
17,215,232,12.647058823529411
54,174,228,3.2222222222222223
97,652,749,6.721649484536083
470,666,1136,1.4170212765957446
23,1018,1041,44.26086956521739
123,504,627,4.097560975609756
14,318,332,22.714285714285715
10,173,183,17.3
2,11,13,5.5
12,1031,1043,85.91666666666667
800,1040,1840,1.3
140,422,562,3.0142857142857142
10,64,74,6.4
46,49,95,1.065217391304348
81,335,416,4.135802469135802
2019,410,2429,0.20307082714214958
37,563,600,15.216216216216216
117,113,230,0.9658119658119658
35,273,308,7.8
944,698,1642,0.739406779661017
9,232,241,25.77777777777778
44,203,247,4.613636363636363
3091,390,3481,0.1261727596247169
147,97,244,0.6598639455782312
34,378,412,11.117647058823529
1044,605,1649,0.5795019157088123
67,956,1023,14.26865671641791
86,168,254,1.9534883720930232
23,29,52,1.2608695652173914
52,473,525,9.096153846153847
56,312,368,5.571428571428571
8,386,394,48.25
1474,932,2406,0.6322930800542741
18,149,167,8.277777777777779
39,165,204,4.230769230769231
32,361,393,11.28125
41,61,102,1.4878048780487805
13,449,462,34.53846153846154
15,298,313,19.866666666666667
208,100,308,0.4807692307692308
30,323,353,10.766666666666667
137,362,499,2.6423357664233578
1244,363,1607,0.29180064308681675
168,291,459,1.7321428571428572
2,165,167,82.5
67,435,502,6.492537313432836
314,73,387,0.23248407643312102
11,414,425,37.63636363636363
16,936,952,58.5
182,359,541,1.9725274725274726
36,145,181,4.027777777777778
455,400,855,0.8791208791208791
2127,49,2176,0.0230371415138693
298,143,441,0.4798657718120805
21,605,626,28.80952380952381
24,538,562,22.416666666666668
16,196,212,12.25
13,98,111,7.538461538461538
10,136,146,13.6
16,266,282,16.625
5,36,41,7.2
1093,748,1841,0.6843549862763038
65,32,97,0.49230769230769234
13,384,397,29.53846153846154
17,280,297,16.470588235294116
20,171,191,8.55
13,50,63,3.8461538461538463
151,608,759,4.026490066225166
33,111,144,3.3636363636363638
229,338,567,1.4759825327510918
172,112,284,0.6511627906976745
23,410,433,17.82608695652174
11,203,214,18.454545454545453
444,646,1090,1.454954954954955
10,149,159,14.9
685,473,1158,0.6905109489051094
17,21,38,1.2352941176470589
532,953,1485,1.7913533834586466
10,199,209,19.9
296,74,370,0.25
224,882,1106,3.9375
7,222,229,31.714285714285715
4,98,102,24.5
101,260,361,2.5742574257425743
60,583,643,9.716666666666667
2,12,14,6.0
436,183,619,0.4197247706422018
617,372,989,0.6029173419773096
10,207,217,20.7
95,540,635,5.684210526315789
17,259,276,15.235294117647058
2656,289,2945,0.10881024096385543
21,457,478,21.761904761904763
25,549,574,21.96
32,174,206,5.4375
119,112,231,0.9411764705882353
8,51,59,6.375
1225,241,1466,0.19673469387755102
131,853,984,6.511450381679389
26,386,412,14.846153846153847
33,128,161,3.878787878787879
3458,521,3979,0.15066512434933488
51,89,140,1.7450980392156863
212,364,576,1.7169811320754718
18,262,280,14.555555555555555
13,357,370,27.46153846153846
430,240,670,0.5581395348837209
39,533,572,13.666666666666666
54,160,214,2.962962962962963
101,211,312,2.089108910891089
1355,262,1617,0.19335793357933578
10,39,49,3.9
29,198,227,6.827586206896552
161,396,557,2.459627329192547
209,252,461,1.2057416267942584
160,402,562,2.5125
13,769,782,59.15384615384615
3,12,15,4.0
55,593,648,10.781818181818181
38,688,726,18.105263157894736
12,51,63,4.25
63,271,334,4.301587301587301
15,229,244,15.266666666666667
19,463,482,24.36842105263158
290,222,512,0.7655172413793103
47,569,616,12.106382978723405
55,755,810,13.727272727272727
28,967,995,34.535714285714285
415,204,619,0.491566265060241
146,38,184,0.2602739726027397
82,469,551,5.719512195121951
1107,793,1900,0.7163504968383018
15,320,335,21.333333333333332
20,438,458,21.9
90,138,228,1.5333333333333334
20,257,277,12.85
10,216,226,21.6
50,53,103,1.06
12,396,408,33.0
669,322,991,0.4813153961136024
46,8,54,0.17391304347826086
18,185,203,10.277777777777779
89,286,375,3.2134831460674156
1512,283,1795,0.18716931216931218
23,346,369,15.043478260869565
415,842,1257,2.0289156626506024
9,16,25,1.7777777777777777
4,12,16,3.0
11,123,134,11.181818181818182
6,25,31,4.166666666666667
13,332,345,25.53846153846154
7,284,291,40.57142857142857
1455,67,1522,0.04604810996563574
604,153,757,0.2533112582781457
76,453,529,5.9605263157894735
296,20,316,0.06756756756756757
106,156,262,1.471698113207547
451,413,864,0.9157427937915743
39,72,111,1.8461538461538463
2,166,168,83.0
39,213,252,5.461538461538462
30,249,279,8.3
12,209,221,17.416666666666668
7,837,844,119.57142857142857
14,134,148,9.571428571428571
71,461,532,6.492957746478873
60,297,357,4.95
134,548,682,4.08955223880597
461,395,856,0.8568329718004338
9,330,339,36.666666666666664
24,432,456,18.0
18,363,381,20.166666666666668
26,173,199,6.653846153846154
22,119,141,5.409090909090909
47,319,366,6.787234042553192
33,389,422,11.787878787878787
120,165,285,1.375
9,428,437,47.55555555555556
384,104,488,0.2708333333333333
7,121,128,17.285714285714285
22,322,344,14.636363636363637
17,366,383,21.529411764705884
12,215,227,17.916666666666668
12,103,115,8.583333333333334
16,76,92,4.75
19,417,436,21.94736842105263
16,34,50,2.125
45,359,404,7.977777777777778
48,724,772,15.083333333333334
16,257,273,16.0625
22,287,309,13.045454545454545
8,90,98,11.25
38,43,81,1.131578947368421
20,171,191,8.55
59,520,579,8.813559322033898
15,421,436,28.066666666666666
334,195,529,0.5838323353293413
16,266,282,16.625
195,594,789,3.046153846153846
11,358,369,32.54545454545455
24,561,585,23.375
20,176,196,8.8
15,331,346,22.066666666666666
1131,475,1606,0.41998231653404067
1264,12,1276,0.00949367088607595
2,11,13,5.5
109,509,618,4.669724770642202
46,163,209,3.5434782608695654
651,515,1166,0.7910906298003072
45,280,325,6.222222222222222
743,267,1010,0.35935397039030953
2008,671,2679,0.3341633466135458
961,582,1543,0.6056191467221644
25,152,177,6.08
8,127,135,15.875
17,400,417,23.529411764705884
17,294,311,17.294117647058822
10,66,76,6.6
120,718,838,5.983333333333333
345,471,816,1.3652173913043477
61,48,109,0.7868852459016393
22,607,629,27.59090909090909
22,283,305,12.863636363636363
149,204,353,1.3691275167785235
116,399,515,3.439655172413793
15,879,894,58.6
9,198,207,22.0
993,563,1556,0.5669687814702921
11,477,488,43.36363636363637
120,237,357,1.975
9,106,115,11.777777777777779
18,260,278,14.444444444444445
841,515,1356,0.6123662306777645
17,237,254,13.941176470588236
2238,777,3015,0.34718498659517427
19,196,215,10.31578947368421
28,338,366,12.071428571428571
1088,322,1410,0.2959558823529412
31,710,741,22.903225806451612
13,206,219,15.846153846153847
11,179,190,16.272727272727273
88,560,648,6.363636363636363
23,89,112,3.869565217391304
11,301,312,27.363636363636363
18,438,456,24.333333333333332
27,298,325,11.037037037037036
167,333,500,1.9940119760479043
13,242,255,18.615384615384617
17,154,171,9.058823529411764
174,454,628,2.6091954022988504
8,439,447,54.875
1139,1087,2226,0.9543459174714662
78,208,286,2.6666666666666665
310,221,531,0.7129032258064516
150,111,261,0.74
269,17,286,0.06319702602230483
58,575,633,9.913793103448276
109,888,997,8.146788990825687
12,328,340,27.333333333333332
6,113,119,18.833333333333332
499,218,717,0.43687374749499
2706,427,3133,0.15779748706577976
24,434,458,18.083333333333332
9,14,23,1.5555555555555556
50,479,529,9.58
15,159,174,10.6
27,132,159,4.888888888888889
7,286,293,40.857142857142854
8,325,333,40.625
16,109,125,6.8125
901,843,1744,0.9356270810210877
13,402,415,30.923076923076923
141,712,853,5.049645390070922
26,152,178,5.846153846153846
308,633,941,2.0551948051948052
15,355,370,23.666666666666668
7,70,77,10.0
123,256,379,2.0813008130081303
99,350,449,3.5353535353535355
24,541,565,22.541666666666668
25,363,388,14.52
22,235,257,10.681818181818182
1352,349,1701,0.2581360946745562
19,429,448,22.57894736842105
2306,189,2495,0.08196010407632263
41,256,297,6.2439024390243905
2708,82,2790,0.030280649926144758
69,42,111,0.6086956521739131
74,321,395,4.337837837837838
161,670,831,4.161490683229814
23,392,415,17.043478260869566
15,544,559,36.266666666666666
24,201,225,8.375
41,277,318,6.7560975609756095
26,458,484,17.615384615384617
228,269,497,1.1798245614035088
20,537,557,26.85
77,926,1003,12.025974025974026
10,279,289,27.9
55,279,334,5.072727272727272
211,293,504,1.3886255924170616
13,327,340,25.153846153846153
41,97,138,2.3658536585365852
20,549,569,27.45
51,317,368,6.215686274509804
12,597,609,49.75
162,587,749,3.623456790123457
114,632,746,5.543859649122807
251,346,597,1.3784860557768925
60,76,136,1.2666666666666666
69,303,372,4.391304347826087
211,263,474,1.2464454976303319
81,296,377,3.654320987654321
543,462,1005,0.850828729281768
9,330,339,36.666666666666664
222,553,775,2.490990990990991
30,38,68,1.2666666666666666
97,451,548,4.649484536082475
22,191,213,8.681818181818182
42,203,245,4.833333333333333
140,57,197,0.40714285714285714
74,69,143,0.9324324324324325
36,252,288,7.0
66,97,163,1.4696969696969697
244,472,716,1.9344262295081966
2215,123,2338,0.05553047404063206
87,426,513,4.896551724137931
80,818,898,10.225
39,507,546,13.0
42,469,511,11.166666666666666
55,772,827,14.036363636363637
101,243,344,2.405940594059406
169,193,362,1.1420118343195267
32,106,138,3.3125
27,228,255,8.444444444444445
2478,249,2727,0.10048426150121065
371,378,749,1.0188679245283019
68,26,94,0.38235294117647056
2540,475,3015,0.18700787401574803
88,671,759,7.625
34,301,335,8.852941176470589
12,116,128,9.666666666666666
242,241,483,0.9958677685950413
14,275,289,19.642857142857142
179,976,1155,5.4525139664804465
33,486,519,14.727272727272727
139,918,1057,6.60431654676259
39,882,921,22.615384615384617
609,59,668,0.09688013136288999
31,691,722,22.29032258064516
11,226,237,20.545454545454547
317,375,692,1.1829652996845426
68,138,206,2.0294117647058822
14,294,308,21.0
25,482,507,19.28
1093,203,1296,0.18572735590118938
21,446,467,21.238095238095237
34,73,107,2.1470588235294117
311,665,976,2.1382636655948555
5,34,39,6.8
262,106,368,0.40458015267175573
178,957,1135,5.376404494382022
116,289,405,2.4913793103448274
116,399,515,3.439655172413793
16,153,169,9.5625
241,1069,1310,4.435684647302905
12,252,264,21.0
97,684,781,7.051546391752577
2463,5,2468,0.0020300446609825416
66,794,860,12.030303030303031
10,98,108,9.8
24,495,519,20.625
32,981,1013,30.65625
20,268,288,13.4
16,104,120,6.5
23,125,148,5.434782608695652
179,138,317,0.770949720670391
26,54,80,2.076923076923077
17,434,451,25.529411764705884
156,510,666,3.269230769230769
12,166,178,13.833333333333334
842,132,974,0.15676959619952494
20,702,722,35.1
43,509,552,11.837209302325581
48,343,391,7.145833333333333
557,247,804,0.44344703770197486
108,65,173,0.6018518518518519
306,318,624,1.0392156862745099
498,341,839,0.6847389558232931
40,70,110,1.75
22,353,375,16.045454545454547
20,261,281,13.05
194,237,431,1.2216494845360826
39,91,130,2.3333333333333335
1849,19,1868,0.010275824770146024
794,737,1531,0.9282115869017632
324,652,976,2.0123456790123457
15,148,163,9.866666666666667
19,454,473,23.894736842105264
12,151,163,12.583333333333334
78,328,406,4.205128205128205
10,28,38,2.8
4,104,108,26.0
15,321,336,21.4
41,867,908,21.146341463414632
133,507,640,3.81203007518797
25,633,658,25.32
15,331,346,22.066666666666666
7,28,35,4.0
44,361,405,8.204545454545455
350,424,774,1.2114285714285715
1135,107,1242,0.09427312775330396
13,243,256,18.692307692307693
2235,398,2633,0.17807606263982104
514,401,915,0.7801556420233463
405,337,742,0.8320987654320988
4,11,15,2.75
140,537,677,3.835714285714286
3,42,45,14.0
217,208,425,0.9585253456221198
1138,949,2087,0.8339191564147628
1267,963,2230,0.7600631412786109
13,449,462,34.53846153846154
9,671,680,74.55555555555556
325,733,1058,2.2553846153846155
372,111,483,0.29838709677419356
110,382,492,3.4727272727272727
20,80,100,4.0
5,115,120,23.0
15,405,420,27.0
330,948,1278,2.8727272727272726
1187,304,1491,0.2561078348778433
16,288,304,18.0
12,84,96,7.0
45,64,109,1.4222222222222223
1175,107,1282,0.09106382978723404
17,378,395,22.235294117647058
76,143,219,1.881578947368421
40,439,479,10.975
336,54,390,0.16071428571428573
1767,60,1827,0.03395585738539898
19,176,195,9.263157894736842
2568,112,2680,0.04361370716510903
53,106,159,2.0
1394,82,1476,0.058823529411764705
18,141,159,7.833333333333333
2164,60,2224,0.027726432532347505
8,214,222,26.75
8,196,204,24.5
10,377,387,37.7
100,686,786,6.86
27,361,388,13.37037037037037
451,479,930,1.0620842572062084
1274,42,1316,0.03296703296703297
2,15,17,7.5
8,207,215,25.875
11,284,295,25.818181818181817
69,470,539,6.811594202898551
19,106,125,5.578947368421052
102,43,145,0.4215686274509804
27,280,307,10.37037037037037
9,347,356,38.55555555555556
12,406,418,33.833333333333336
33,603,636,18.272727272727273
13,51,64,3.923076923076923
129,845,974,6.550387596899225
16,294,310,18.375
14,105,119,7.5
8,330,338,41.25
17,435,452,25.58823529411765
22,36,58,1.6363636363636365
5,481,486,96.2
39,188,227,4.82051282051282
25,324,349,12.96
11,398,409,36.18181818181818
38,125,163,3.289473684210526
580,790,1370,1.3620689655172413
22,250,272,11.363636363636363
118,430,548,3.6440677966101696
682,668,1350,0.9794721407624634
20,92,112,4.6
105,206,311,1.9619047619047618
11,350,361,31.818181818181817
39,29,68,0.7435897435897436
209,55,264,0.2631578947368421
9,615,624,68.33333333333333
566,364,930,0.6431095406360424
342,452,794,1.3216374269005848
1213,46,1259,0.03792250618301731
16,329,345,20.5625
12,108,120,9.0
12,101,113,8.416666666666666
111,228,339,2.054054054054054
21,138,159,6.571428571428571
96,393,489,4.09375
145,153,298,1.0551724137931036
20,195,215,9.75
65,326,391,5.015384615384615
206,358,564,1.7378640776699028
62,19,81,0.3064516129032258
53,149,202,2.811320754716981
49,360,409,7.346938775510204
56,460,516,8.214285714285714
17,14,31,0.8235294117647058
19,281,300,14.789473684210526
22,326,348,14.818181818181818
95,339,434,3.568421052631579
18,78,96,4.333333333333333
25,241,266,9.64
10,620,630,62.0
7,410,417,58.57142857142857
763,448,1211,0.5871559633027523
13,489,502,37.61538461538461
2210,14,2224,0.006334841628959276
71,138,209,1.943661971830986
8,363,371,45.375
253,150,403,0.5928853754940712
32,501,533,15.65625
20,246,266,12.3
98,476,574,4.857142857142857
204,629,833,3.0833333333333335
3,180,183,60.0
55,96,151,1.7454545454545454
49,92,141,1.8775510204081634
11,344,355,31.272727272727273
161,578,739,3.590062111801242
1259,217,1476,0.17235901509134233
165,205,370,1.2424242424242424
7,345,352,49.285714285714285
58,26,84,0.4482758620689655
200,931,1131,4.655
25,39,64,1.56
709,396,1105,0.5585331452750353
54,90,144,1.6666666666666667
105,297,402,2.8285714285714287
154,441,595,2.8636363636363638
108,127,235,1.1759259259259258
2137,626,2763,0.2929340196537202
139,275,414,1.9784172661870503
208,328,536,1.5769230769230769
75,318,393,4.24
10,305,315,30.5
1379,175,1554,0.12690355329949238
30,747,777,24.9
1001,91,1092,0.09090909090909091
842,226,1068,0.2684085510688836
58,216,274,3.7241379310344827
66,290,356,4.393939393939394
6,171,177,28.5
15,213,228,14.2
17,323,340,19.0
10,84,94,8.4
15,351,366,23.4
18,47,65,2.611111111111111
8,313,321,39.125
5,505,510,101.0
14,468,482,33.42857142857143
22,514,536,23.363636363636363
12,105,117,8.75
35,136,171,3.8857142857142857
2,40,42,20.0
12,463,475,38.583333333333336
134,122,256,0.9104477611940298
4,260,264,65.0
57,47,104,0.8245614035087719
206,334,540,1.6213592233009708
24,285,309,11.875
2268,712,2980,0.31393298059964725
349,548,897,1.5702005730659025
244,990,1234,4.057377049180328
1158,227,1385,0.19602763385146804
7,464,471,66.28571428571429
19,24,43,1.263157894736842
165,371,536,2.2484848484848485
15,217,232,14.466666666666667
1173,93,1266,0.0792838874680307
95,540,635,5.684210526315789
56,281,337,5.017857142857143
13,328,341,25.23076923076923
32,33,65,1.03125
13,243,256,18.692307692307693
22,118,140,5.363636363636363
181,121,302,0.6685082872928176
710,351,1061,0.4943661971830986
189,140,329,0.7407407407407407
12,175,187,14.583333333333334
19,303,322,15.947368421052632
497,611,1108,1.2293762575452716
116,299,415,2.5775862068965516
188,980,1168,5.212765957446808
264,140,404,0.5303030303030303
11,318,329,28.90909090909091
16,401,417,25.0625
35,76,111,2.1714285714285713
1957,732,2689,0.37404190086867656
43,431,474,10.023255813953488
64,586,650,9.15625
93,477,570,5.129032258064516
265,18,283,0.06792452830188679
14,515,529,36.785714285714285
940,197,1137,0.20957446808510638
89,193,282,2.168539325842697
448,256,704,0.5714285714285714
9,348,357,38.666666666666664
8,115,123,14.375
12,176,188,14.666666666666666
14,276,290,19.714285714285715
457,233,690,0.5098468271334792
578,11,589,0.01903114186851211
26,146,172,5.615384615384615
27,20,47,0.7407407407407407
471,224,695,0.47558386411889597
247,364,611,1.4736842105263157
2,36,38,18.0
41,513,554,12.512195121951219
53,115,168,2.169811320754717
4,84,88,21.0
360,279,639,0.775
130,339,469,2.6076923076923078
8,316,324,39.5
23,15,38,0.6521739130434783
684,237,921,0.34649122807017546
1328,687,2015,0.5173192771084337
11,949,960,86.27272727272727
20,251,271,12.55
1392,125,1517,0.08979885057471264
37,265,302,7.162162162162162
32,441,473,13.78125
32,274,306,8.5625
56,147,203,2.625
1148,106,1254,0.09233449477351917
22,635,657,28.863636363636363
67,374,441,5.582089552238806
383,164,547,0.4281984334203655
17,195,212,11.470588235294118
17,381,398,22.41176470588235
196,61,257,0.3112244897959184
11,415,426,37.72727272727273
150,501,651,3.34
8,112,120,14.0
32,356,388,11.125
1753,420,2173,0.23958927552766685
52,170,222,3.269230769230769
3,164,167,54.666666666666664
102,281,383,2.7549019607843137
93,68,161,0.7311827956989247
29,768,797,26.482758620689655
9,35,44,3.888888888888889
94,650,744,6.914893617021277
2045,264,2309,0.12909535452322737
8,228,236,28.5
65,327,392,5.030769230769231
22,368,390,16.727272727272727
270,69,339,0.25555555555555554
117,494,611,4.222222222222222
12,82,94,6.833333333333333
12,452,464,37.666666666666664
1817,665,2482,0.3659878921298844
9,222,231,24.666666666666668
40,796,836,19.9
23,353,376,15.347826086956522
274,229,503,0.8357664233576643
44,295,339,6.704545454545454
54,87,141,1.6111111111111112
7,79,86,11.285714285714286
25,750,775,30.0
23,465,488,20.217391304347824
33,374,407,11.333333333333334
115,905,1020,7.869565217391305
96,420,516,4.375
24,322,346,13.416666666666666
129,632,761,4.89922480620155
19,128,147,6.7368421052631575
57,194,251,3.4035087719298245
17,341,358,20.058823529411764
49,461,510,9.408163265306122
9,73,82,8.11111111111111
64,200,264,3.125
432,38,470,0.08796296296296297
19,498,517,26.210526315789473
548,346,894,0.6313868613138686
23,289,312,12.565217391304348
11,455,466,41.36363636363637
26,345,371,13.26923076923077
36,299,335,8.305555555555555
44,435,479,9.886363636363637
2,11,13,5.5
2,13,15,6.5
3820,141,3961,0.03691099476439791
81,235,316,2.9012345679012346
19,690,709,36.31578947368421
142,45,187,0.31690140845070425
11,261,272,23.727272727272727
9,465,474,51.666666666666664
22,145,167,6.590909090909091
894,597,1491,0.6677852348993288
54,949,1003,17.574074074074073
1590,271,1861,0.17044025157232703
7,126,133,18.0
153,188,341,1.2287581699346406
157,181,338,1.1528662420382165
396,289,685,0.7297979797979798
294,97,391,0.3299319727891156
7,255,262,36.42857142857143
71,28,99,0.39436619718309857
1223,748,1971,0.6116107931316435
31,387,418,12.483870967741936
636,405,1041,0.6367924528301887
99,218,317,2.202020202020202
44,135,179,3.0681818181818183
14,274,288,19.571428571428573
20,249,269,12.45
49,461,510,9.408163265306122
31,201,232,6.483870967741935
19,277,296,14.578947368421053
76,111,187,1.4605263157894737
33,151,184,4.575757575757576
25,225,250,9.0
98,640,738,6.530612244897959
59,247,306,4.186440677966102
14,706,720,50.42857142857143
21,68,89,3.238095238095238
2,11,13,5.5
47,344,391,7.319148936170213
25,597,622,23.88
15,86,101,5.733333333333333
66,257,323,3.893939393939394
14,227,241,16.214285714285715
134,127,261,0.9477611940298507
8,252,260,31.5
384,512,896,1.3333333333333333
396,351,747,0.8863636363636364
5,89,94,17.8
1058,36,1094,0.034026465028355386
52,928,980,17.846153846153847
17,301,318,17.705882352941178
44,315,359,7.159090909090909
84,376,460,4.476190476190476
1468,179,1647,0.12193460490463215
900,33,933,0.03666666666666667
11,356,367,32.36363636363637
27,27,54,1.0
17,165,182,9.705882352941176
12,522,534,43.5
6,138,144,23.0
2176,207,2383,0.09512867647058823
870,843,1713,0.9689655172413794
12,179,191,14.916666666666666
21,287,308,13.666666666666666
70,137,207,1.957142857142857
98,349,447,3.561224489795918
576,29,605,0.050347222222222224
91,688,779,7.56043956043956
348,559,907,1.6063218390804597
24,558,582,23.25
50,362,412,7.24
2223,504,2727,0.22672064777327935
375,364,739,0.9706666666666667
460,34,494,0.07391304347826087
55,322,377,5.8545454545454545
39,429,468,11.0
103,91,194,0.883495145631068
8,99,107,12.375
27,697,724,25.814814814814813
229,397,626,1.7336244541484715
60,969,1029,16.15
9,207,216,23.0
19,331,350,17.42105263157895
54,253,307,4.685185185185185
23,40,63,1.7391304347826086
2,11,13,5.5
23,236,259,10.26086956521739
41,328,369,8.0
21,294,315,14.0
857,315,1172,0.367561260210035
2,12,14,6.0
54,334,388,6.185185185185185
9,270,279,30.0
12,224,236,18.666666666666668
19,482,501,25.36842105263158
721,770,1491,1.0679611650485437
61,78,139,1.278688524590164
124,564,688,4.548387096774194
24,345,369,14.375
21,632,653,30.095238095238095
18,280,298,15.555555555555555
12,98,110,8.166666666666666
43,819,862,19.046511627906977
27,315,342,11.666666666666666
38,420,458,11.052631578947368
61,133,194,2.180327868852459
14,368,382,26.285714285714285
8,306,314,38.25
54,273,327,5.055555555555555
1391,39,1430,0.028037383177570093
11,76,87,6.909090909090909
18,152,170,8.444444444444445
17,404,421,23.764705882352942
412,38,450,0.09223300970873786
32,346,378,10.8125
58,219,277,3.7758620689655173
9,224,233,24.88888888888889
18,122,140,6.777777777777778
17,434,451,25.529411764705884
52,430,482,8.26923076923077
20,334,354,16.7
85,68,153,0.8
688,334,1022,0.48546511627906974
10,294,304,29.4
1468,179,1647,0.12193460490463215
250,396,646,1.584
23,106,129,4.608695652173913
1175,121,1296,0.10297872340425532
2168,14,2182,0.006457564575645757
20,454,474,22.7
7,37,44,5.285714285714286
29,63,92,2.1724137931034484
142,213,355,1.5
318,296,614,0.9308176100628931
54,328,382,6.074074074074074
38,296,334,7.7894736842105265
10,317,327,31.7
248,218,466,0.8790322580645161
12,279,291,23.25
11,136,147,12.363636363636363
10,58,68,5.8
20,426,446,21.3
39,219,258,5.615384615384615
368,85,453,0.23097826086956522
31,130,161,4.193548387096774
2107,23,2130,0.010915994304698624
8,103,111,12.875
30,728,758,24.266666666666666
12,168,180,14.0
3,31,34,10.333333333333334
542,267,809,0.492619926199262
6,179,185,29.833333333333332
221,103,324,0.4660633484162896
2,334,336,167.0
15,300,315,20.0
11,134,145,12.181818181818182
462,349,811,0.7554112554112554
4,159,163,39.75
3,83,86,27.666666666666668
2470,135,2605,0.05465587044534413
33,46,79,1.393939393939394
35,246,281,7.0285714285714285
32,566,598,17.6875
145,65,210,0.4482758620689655
51,37,88,0.7254901960784313
75,339,414,4.52
17,377,394,22.176470588235293
4,20,24,5.0
249,286,535,1.1485943775100402
26,363,389,13.961538461538462
15,97,112,6.466666666666667
26,530,556,20.384615384615383
71,190,261,2.676056338028169
952,84,1036,0.08823529411764706
92,297,389,3.2282608695652173
317,464,781,1.4637223974763407
9,165,174,18.333333333333332
10,51,61,5.1
20,220,240,11.0
108,86,194,0.7962962962962963
81,142,223,1.7530864197530864
83,512,595,6.168674698795181
19,239,258,12.578947368421053
220,354,574,1.6090909090909091
54,459,513,8.5
1082,126,1208,0.11645101663585952
191,207,398,1.0837696335078535
10,641,651,64.1
10,694,704,69.4
22,547,569,24.863636363636363
172,1043,1215,6.063953488372093
143,110,253,0.7692307692307693
91,428,519,4.7032967032967035
15,632,647,42.13333333333333
1736,339,2075,0.19527649769585254
23,271,294,11.782608695652174
282,248,530,0.8794326241134752
624,4,628,0.00641025641025641
3658,361,4019,0.09868780754510662
127,255,382,2.0078740157480315
3630,106,3736,0.029201101928374655
112,91,203,0.8125
12,334,346,27.833333333333332
46,531,577,11.543478260869565
100,642,742,6.42
77,201,278,2.6103896103896105
182,897,1079,4.928571428571429
240,248,488,1.0333333333333334
13,725,738,55.76923076923077
7,309,316,44.142857142857146
1891,212,2103,0.1121099947117927
495,140,635,0.2828282828282828
39,511,550,13.102564102564102
36,319,355,8.86111111111111
21,442,463,21.047619047619047
8,80,88,10.0
2442,1050,3492,0.42997542997543
489,282,771,0.5766871165644172
20,971,991,48.55
340,132,472,0.38823529411764707
16,349,365,21.8125
102,937,1039,9.186274509803921
10,102,112,10.2
98,935,1033,9.540816326530612
316,918,1234,2.9050632911392404
370,218,588,0.5891891891891892
55,18,73,0.32727272727272727
183,233,416,1.273224043715847
17,669,686,39.35294117647059
23,87,110,3.782608695652174
5,256,261,51.2
200,10,210,0.05
12,97,109,8.083333333333334
187,369,556,1.9732620320855614
134,150,284,1.1194029850746268
514,191,705,0.3715953307392996
13,133,146,10.23076923076923
510,149,659,0.29215686274509806
36,461,497,12.805555555555555
10,812,822,81.2
21,418,439,19.904761904761905
16,124,140,7.75
283,184,467,0.6501766784452296
2,11,13,5.5
9,361,370,40.111111111111114
10,940,950,94.0
31,497,528,16.032258064516128
72,68,140,0.9444444444444444
339,18,357,0.05309734513274336
13,351,364,27.0
77,487,564,6.324675324675325
74,128,202,1.7297297297297298
10,299,309,29.9
635,147,782,0.231496062992126
182,206,388,1.1318681318681318
48,95,143,1.9791666666666667
23,700,723,30.434782608695652
180,99,279,0.55
87,728,815,8.367816091954023
17,437,454,25.705882352941178
260,569,829,2.1884615384615387
85,538,623,6.329411764705882
43,583,626,13.55813953488372
10,108,118,10.8
43,581,624,13.511627906976743
23,294,317,12.782608695652174
1266,683,1949,0.5394944707740916
1811,817,2628,0.451131971286582
20,236,256,11.8
20,454,474,22.7
20,567,587,28.35
288,642,930,2.2291666666666665
6,586,592,97.66666666666667
39,222,261,5.6923076923076925
11,535,546,48.63636363636363
8,461,469,57.625
59,520,579,8.813559322033898
321,55,376,0.17133956386292834
6,163,169,27.166666666666668
17,111,128,6.529411764705882
3,12,15,4.0
10,118,128,11.8
17,453,470,26.647058823529413
33,485,518,14.696969696969697
12,461,473,38.416666666666664
10,382,392,38.2
88,720,808,8.181818181818182
610,410,1020,0.6721311475409836
905,105,1010,0.11602209944751381
1065,267,1332,0.2507042253521127
254,560,814,2.204724409448819
132,207,339,1.5681818181818181
562,781,1343,1.3896797153024911
15,315,330,21.0
88,295,383,3.352272727272727
2058,130,2188,0.06316812439261418
530,300,830,0.5660377358490566
20,409,429,20.45
41,88,129,2.1463414634146343
48,181,229,3.7708333333333335
2866,39,2905,0.01360781577110956
236,416,652,1.7627118644067796
407,37,444,0.09090909090909091
9,387,396,43.0
15,360,375,24.0
26,301,327,11.576923076923077
21,321,342,15.285714285714286
74,69,143,0.9324324324324325
75,318,393,4.24
42,592,634,14.095238095238095
20,726,746,36.3
21,265,286,12.619047619047619
703,100,803,0.1422475106685633
12,257,269,21.416666666666668
29,666,695,22.96551724137931
103,378,481,3.6699029126213594
156,460,616,2.948717948717949
46,105,151,2.282608695652174
991,469,1460,0.47325933400605447
32,283,315,8.84375
58,388,446,6.689655172413793
23,214,237,9.304347826086957
10,14,24,1.4
13,128,141,9.846153846153847
20,268,288,13.4
9,24,33,2.6666666666666665
71,30,101,0.4225352112676056
13,284,297,21.846153846153847
11,120,131,10.909090909090908
13,462,475,35.53846153846154
26,466,492,17.923076923076923
16,329,345,20.5625
24,300,324,12.5
51,127,178,2.4901960784313726
8,245,253,30.625
321,15,336,0.04672897196261682
509,661,1170,1.2986247544204321
12,372,384,31.0
11,346,357,31.454545454545453
20,265,285,13.25
96,149,245,1.5520833333333333
182,359,541,1.9725274725274726
10,280,290,28.0
234,951,1185,4.064102564102564
8,498,506,62.25
26,38,64,1.4615384615384615
796,6,802,0.007537688442211055
18,376,394,20.88888888888889
20,403,423,20.15
840,8,848,0.009523809523809525
7,47,54,6.714285714285714
207,588,795,2.8405797101449277
233,144,377,0.6180257510729614
107,633,740,5.91588785046729
103,91,194,0.883495145631068
1229,354,1583,0.28803905614320585
21,859,880,40.904761904761905
72,622,694,8.63888888888889
57,268,325,4.701754385964913
1064,344,1408,0.3233082706766917
22,53,75,2.409090909090909
12,244,256,20.333333333333332
976,330,1306,0.33811475409836067
70,677,747,9.67142857142857
586,172,758,0.2935153583617747
57,171,228,3.0
18,315,333,17.5
458,196,654,0.4279475982532751
15,94,109,6.266666666666667
1,593,594,593.0
926,798,1724,0.8617710583153347
662,343,1005,0.5181268882175226
11,381,392,34.63636363636363
25,102,127,4.08
994,176,1170,0.17706237424547283
79,560,639,7.0886075949367084
51,469,520,9.196078431372548
204,904,1108,4.431372549019608
6,137,143,22.833333333333332
45,491,536,10.911111111111111
11,224,235,20.363636363636363
22,329,351,14.954545454545455
40,61,101,1.525
1049,529,1578,0.5042897998093422
71,31,102,0.43661971830985913
13,270,283,20.76923076923077
9,421,430,46.77777777777778
3,182,185,60.666666666666664
14,218,232,15.571428571428571
9,71,80,7.888888888888889
33,508,541,15.393939393939394
15,372,387,24.8
18,281,299,15.61111111111111
143,291,434,2.034965034965035
100,459,559,4.59
2,11,13,5.5
38,91,129,2.3947368421052633
26,181,207,6.961538461538462
29,277,306,9.551724137931034
9,65,74,7.222222222222222
12,106,118,8.833333333333334
308,283,591,0.9188311688311688
1259,217,1476,0.17235901509134233
23,519,542,22.565217391304348
12,125,137,10.416666666666666
177,5,182,0.02824858757062147
85,766,851,9.011764705882353
75,566,641,7.546666666666667
896,944,1840,1.0535714285714286
73,438,511,6.0
48,28,76,0.5833333333333334
80,107,187,1.3375
39,62,101,1.5897435897435896
15,169,184,11.266666666666667
3039,859,3898,0.2826587693320171
26,23,49,0.8846153846153846
43,231,274,5.372093023255814
67,210,277,3.1343283582089554
18,37,55,2.0555555555555554
205,284,489,1.3853658536585365
43,410,453,9.534883720930232
44,692,736,15.727272727272727
10,181,191,18.1
144,431,575,2.9930555555555554
68,267,335,3.926470588235294
36,189,225,5.25
53,898,951,16.943396226415093
5,246,251,49.2
34,158,192,4.647058823529412
8,22,30,2.75
30,357,387,11.9
16,48,64,3.0
20,360,380,18.0
35,216,251,6.171428571428572
2511,458,2969,0.1823974512146555
47,41,88,0.8723404255319149
113,197,310,1.7433628318584071
240,947,1187,3.9458333333333333
28,767,795,27.392857142857142
13,216,229,16.615384615384617
10,111,121,11.1
11,169,180,15.363636363636363
1617,184,1801,0.11379097093382808
119,112,231,0.9411764705882353
23,189,212,8.217391304347826
384,350,734,0.9114583333333334
12,245,257,20.416666666666668
8,168,176,21.0
248,218,466,0.8790322580645161
9,529,538,58.77777777777778
167,372,539,2.2275449101796405
2056,294,2350,0.14299610894941633
384,3,387,0.0078125
145,548,693,3.779310344827586
14,49,63,3.5
12,263,275,21.916666666666668
2788,85,2873,0.03048780487804878
24,409,433,17.041666666666668
60,370,430,6.166666666666667
3458,521,3979,0.15066512434933488
6,117,123,19.5
12,238,250,19.833333333333332
22,365,387,16.59090909090909
839,335,1174,0.399284862932062
22,133,155,6.045454545454546
703,41,744,0.05832147937411095
16,992,1008,62.0
423,119,542,0.28132387706855794
434,121,555,0.27880184331797236
37,130,167,3.5135135135135136
8,5,13,0.625
25,418,443,16.72
140,435,575,3.107142857142857
37,87,124,2.3513513513513513
12,847,859,70.58333333333333
56,257,313,4.589285714285714
19,523,542,27.526315789473685
464,85,549,0.18318965517241378
100,201,301,2.01
11,260,271,23.636363636363637
8,251,259,31.375
151,333,484,2.205298013245033
32,5,37,0.15625
13,111,124,8.538461538461538
15,446,461,29.733333333333334
11,416,427,37.81818181818182
44,180,224,4.090909090909091
11,320,331,29.09090909090909
309,123,432,0.39805825242718446
4,21,25,5.25
4,164,168,41.0
7,70,77,10.0
3,34,37,11.333333333333334
178,235,413,1.3202247191011236
38,339,377,8.921052631578947
212,46,258,0.2169811320754717
17,329,346,19.352941176470587
24,562,586,23.416666666666668
33,560,593,16.96969696969697
50,856,906,17.12
1636,381,2017,0.23288508557457213
45,498,543,11.066666666666666
76,33,109,0.4342105263157895
2629,245,2874,0.09319132750095094
2065,138,2203,0.06682808716707021
6,741,747,123.5
25,46,71,1.84
17,425,442,25.0
252,669,921,2.6547619047619047
55,279,334,5.072727272727272
10,205,215,20.5
69,124,193,1.7971014492753623
78,172,250,2.2051282051282053
22,582,604,26.454545454545453
15,970,985,64.66666666666667
166,332,498,2.0
13,400,413,30.76923076923077
9,298,307,33.111111111111114
21,140,161,6.666666666666667
9,479,488,53.22222222222222
16,59,75,3.6875
7,4,11,0.5714285714285714
3887,98,3985,0.0252122459480319
35,42,77,1.2
45,185,230,4.111111111111111
1750,587,2337,0.3354285714285714
47,186,233,3.9574468085106385
12,515,527,42.916666666666664
17,715,732,42.05882352941177
6,15,21,2.5
34,571,605,16.794117647058822
188,347,535,1.8457446808510638
64,433,497,6.765625
25,116,141,4.64
31,246,277,7.935483870967742
100,251,351,2.51
404,585,989,1.448019801980198
78,294,372,3.769230769230769
107,575,682,5.373831775700935
56,357,413,6.375
12,597,609,49.75
18,288,306,16.0
6,32,38,5.333333333333333
25,643,668,25.72
8,339,347,42.375
73,110,183,1.5068493150684932
3,932,935,310.6666666666667
13,31,44,2.3846153846153846
95,565,660,5.947368421052632
9,260,269,28.88888888888889
414,147,561,0.35507246376811596
3,122,125,40.666666666666664
3,577,580,192.33333333333334
101,171,272,1.693069306930693
9,671,680,74.55555555555556
18,307,325,17.055555555555557
52,746,798,14.346153846153847
24,164,188,6.833333333333333
3251,9,3260,0.0027683789603199014
2106,472,2578,0.2241215574548908
234,434,668,1.8547008547008548
12,160,172,13.333333333333334
14,176,190,12.571428571428571
12,40,52,3.3333333333333335
65,72,137,1.1076923076923078
3239,5,3244,0.0015436863229391787
13,114,127,8.76923076923077
53,268,321,5.056603773584905
122,43,165,0.3524590163934426
22,383,405,17.40909090909091
617,707,1324,1.1458670988654782
95,213,308,2.2421052631578946
13,363,376,27.923076923076923
1119,333,1452,0.2975871313672922
138,333,471,2.4130434782608696
67,100,167,1.492537313432836
40,573,613,14.325
11,222,233,20.181818181818183
325,43,368,0.13230769230769232
2,11,13,5.5
1706,18,1724,0.010550996483001172
169,22,191,0.1301775147928994
17,297,314,17.470588235294116
261,215,476,0.8237547892720306
14,259,273,18.5
39,294,333,7.538461538461538
17,391,408,23.0
7,837,844,119.57142857142857
5,132,137,26.4
711,400,1111,0.5625879043600562
23,465,488,20.217391304347824
2,11,13,5.5
410,472,882,1.1512195121951219
22,67,89,3.0454545454545454
8,269,277,33.625
100,88,188,0.88
28,187,215,6.678571428571429
21,92,113,4.380952380952381
18,608,626,33.77777777777778
2,40,42,20.0
8,330,338,41.25
514,401,915,0.7801556420233463
15,336,351,22.4
52,9,61,0.17307692307692307
23,417,440,18.130434782608695
960,27,987,0.028125
14,25,39,1.7857142857142858
22,405,427,18.40909090909091
40,105,145,2.625
17,181,198,10.647058823529411
22,116,138,5.2727272727272725
15,169,184,11.266666666666667
37,467,504,12.621621621621621
106,42,148,0.39622641509433965
21,542,563,25.80952380952381
220,147,367,0.6681818181818182
18,602,620,33.44444444444444
39,459,498,11.76923076923077
1385,619,2004,0.4469314079422383
10,65,75,6.5
489,38,527,0.07770961145194274
409,763,1172,1.8655256723716382
57,695,752,12.192982456140351
12,422,434,35.166666666666664
220,128,348,0.5818181818181818
90,231,321,2.566666666666667
27,365,392,13.518518518518519
85,704,789,8.282352941176471
1102,924,2026,0.838475499092559
46,1017,1063,22.108695652173914
19,273,292,14.368421052631579
1174,145,1319,0.12350936967632027
38,48,86,1.263157894736842
37,51,88,1.3783783783783783
363,275,638,0.7575757575757576
86,285,371,3.313953488372093
19,107,126,5.631578947368421
1130,550,1680,0.48672566371681414
50,475,525,9.5
124,901,1025,7.266129032258065
31,299,330,9.64516129032258
25,275,300,11.0
25,511,536,20.44
369,256,625,0.6937669376693767
27,221,248,8.185185185185185
56,426,482,7.607142857142857
852,857,1709,1.005868544600939
21,347,368,16.523809523809526
136,680,816,5.0
203,238,441,1.1724137931034482
23,647,670,28.130434782608695
317,402,719,1.2681388012618298
8,16,24,2.0
19,773,792,40.68421052631579
227,8,235,0.03524229074889868
41,209,250,5.097560975609756
10,28,38,2.8
9,16,25,1.7777777777777777
23,180,203,7.826086956521739
136,305,441,2.2426470588235294
15,519,534,34.6
51,365,416,7.1568627450980395
20,157,177,7.85
46,775,821,16.847826086956523
36,73,109,2.0277777777777777
123,163,286,1.3252032520325203
25,46,71,1.84
21,92,113,4.380952380952381
304,310,614,1.019736842105263
10,105,115,10.5
39,533,572,13.666666666666666
34,579,613,17.029411764705884
23,750,773,32.608695652173914
4,82,86,20.5
284,388,672,1.3661971830985915
23,153,176,6.6521739130434785
692,8,700,0.011560693641618497
14,384,398,27.428571428571427
82,419,501,5.109756097560975
16,130,146,8.125
38,237,275,6.2368421052631575
9,13,22,1.4444444444444444
56,404,460,7.214285714285714
62,710,772,11.451612903225806
31,435,466,14.03225806451613
1066,294,1360,0.275797373358349
1250,4,1254,0.0032
6,192,198,32.0
79,291,370,3.6835443037974684
19,50,69,2.6315789473684212
14,548,562,39.142857142857146
33,29,62,0.8787878787878788
1155,88,1243,0.0761904761904762
15,374,389,24.933333333333334
26,615,641,23.653846153846153
657,7,664,0.0106544901065449
10,252,262,25.2
28,244,272,8.714285714285714
623,797,1420,1.2792937399678972
34,660,694,19.41176470588235
134,150,284,1.1194029850746268
88,541,629,6.1477272727272725
50,225,275,4.5
3,11,14,3.6666666666666665
73,580,653,7.945205479452055
1472,86,1558,0.058423913043478264
33,84,117,2.5454545454545454
168,196,364,1.1666666666666667
20,245,265,12.25
27,678,705,25.11111111111111
12,120,132,10.0
1898,642,2540,0.3382507903055848
134,150,284,1.1194029850746268
86,277,363,3.2209302325581395
15,352,367,23.466666666666665
335,5,340,0.014925373134328358
20,173,193,8.65
21,469,490,22.333333333333332
211,645,856,3.056872037914692
7,268,275,38.285714285714285
31,24,55,0.7741935483870968
15,281,296,18.733333333333334
1034,984,2018,0.9516441005802708
115,416,531,3.617391304347826
36,133,169,3.6944444444444446
168,877,1045,5.220238095238095
22,387,409,17.59090909090909
38,41,79,1.0789473684210527
9,309,318,34.333333333333336
48,471,519,9.8125
12,355,367,29.583333333333332
21,276,297,13.142857142857142
15,304,319,20.266666666666666
9,189,198,21.0
18,277,295,15.38888888888889
2654,259,2913,0.09758854559155991
108,86,194,0.7962962962962963
1670,454,2124,0.2718562874251497
23,264,287,11.478260869565217
231,114,345,0.4935064935064935
357,105,462,0.29411764705882354
33,118,151,3.5757575757575757
102,37,139,0.3627450980392157
73,812,885,11.123287671232877
28,137,165,4.892857142857143
20,104,124,5.2
117,105,222,0.8974358974358975
175,409,584,2.337142857142857
372,184,556,0.4946236559139785
513,437,950,0.8518518518518519
7,176,183,25.142857142857142
1423,399,1822,0.2803935347856641
24,593,617,24.708333333333332
106,950,1056,8.962264150943396
43,410,453,9.534883720930232
27,300,327,11.11111111111111
128,747,875,5.8359375
65,283,348,4.3538461538461535
241,505,746,2.095435684647303
4,103,107,25.75
18,286,304,15.88888888888889
1010,784,1794,0.7762376237623763
43,89,132,2.0697674418604652
24,347,371,14.458333333333334
3251,16,3267,0.00492156259612427
39,427,466,10.948717948717949
20,224,244,11.2
77,376,453,4.883116883116883
8,15,23,1.875
159,831,990,5.226415094339623
41,207,248,5.048780487804878
62,411,473,6.629032258064516
368,128,496,0.34782608695652173
8,37,45,4.625
2028,174,2202,0.08579881656804733
6,16,22,2.6666666666666665
146,573,719,3.9246575342465753
57,367,424,6.43859649122807
16,77,93,4.8125
267,348,615,1.303370786516854
5,79,84,15.8
2879,206,3085,0.07155262243834665
47,357,404,7.595744680851064
698,824,1522,1.180515759312321
447,405,852,0.9060402684563759
17,604,621,35.529411764705884
47,145,192,3.0851063829787235
26,96,122,3.6923076923076925
87,220,307,2.528735632183908
8,129,137,16.125
45,337,382,7.488888888888889
216,168,384,0.7777777777777778
30,226,256,7.533333333333333
662,370,1032,0.5589123867069486
10,191,201,19.1
800,1040,1840,1.3
17,254,271,14.941176470588236
121,125,246,1.0330578512396693
213,410,623,1.9248826291079812
18,282,300,15.666666666666666
10,136,146,13.6
21,347,368,16.523809523809526
13,127,140,9.76923076923077
14,127,141,9.071428571428571
42,397,439,9.452380952380953
1571,82,1653,0.052196053469127944
35,233,268,6.6571428571428575
252,771,1023,3.0595238095238093
8,490,498,61.25
10,136,146,13.6
23,513,536,22.304347826086957
8,72,80,9.0
45,183,228,4.066666666666666
301,419,720,1.3920265780730896
8,313,321,39.125
75,524,599,6.986666666666666
103,36,139,0.34951456310679613
32,794,826,24.8125
8,154,162,19.25
1195,330,1525,0.27615062761506276
12,30,42,2.5
17,300,317,17.647058823529413
37,169,206,4.5675675675675675
2,145,147,72.5
11,378,389,34.36363636363637
1670,454,2124,0.2718562874251497
10,390,400,39.0
28,272,300,9.714285714285714
208,899,1107,4.322115384615385
16,366,382,22.875
3,29,32,9.666666666666666
66,261,327,3.9545454545454546
30,606,636,20.2
15,272,287,18.133333333333333
20,220,240,11.0
2,11,13,5.5
293,884,1177,3.0170648464163823
26,436,462,16.76923076923077
18,466,484,25.88888888888889
16,243,259,15.1875
13,286,299,22.0
437,392,829,0.897025171624714
30,422,452,14.066666666666666
927,192,1119,0.20711974110032363
34,694,728,20.41176470588235
592,296,888,0.5
132,461,593,3.492424242424242
25,633,658,25.32
66,221,287,3.3484848484848486
26,551,577,21.192307692307693
459,33,492,0.0718954248366013
10,949,959,94.9
3,111,114,37.0
11,14,25,1.2727272727272727
12,286,298,23.833333333333332
26,549,575,21.115384615384617
89,591,680,6.640449438202247
14,169,183,12.071428571428571
786,299,1085,0.38040712468193383
17,119,136,7.0
7,15,22,2.142857142857143
68,160,228,2.3529411764705883
69,270,339,3.9130434782608696
328,234,562,0.7134146341463414
32,923,955,28.84375
63,738,801,11.714285714285714
2863,138,3001,0.048201187565490744
29,1025,1054,35.3448275862069
93,319,412,3.4301075268817205
13,184,197,14.153846153846153
171,296,467,1.7309941520467835
14,24,38,1.7142857142857142
24,966,990,40.25
996,253,1249,0.2540160642570281
22,264,286,12.0
7,255,262,36.42857142857143
17,608,625,35.76470588235294
127,45,172,0.3543307086614173
3,544,547,181.33333333333334
2,11,13,5.5
38,310,348,8.157894736842104
71,754,825,10.619718309859154
15,126,141,8.4
25,261,286,10.44
45,716,761,15.911111111111111
36,601,637,16.694444444444443
1093,428,1521,0.39158279963403475
754,122,876,0.16180371352785147
185,9,194,0.04864864864864865
123,194,317,1.5772357723577235
46,753,799,16.369565217391305
23,56,79,2.4347826086956523
2598,359,2957,0.13818321785989224
20,353,373,17.65
37,199,236,5.378378378378378
1313,501,1814,0.38156892612338156
29,631,660,21.75862068965517
7,106,113,15.142857142857142
16,395,411,24.6875
13,103,116,7.923076923076923
19,330,349,17.36842105263158
24,142,166,5.916666666666667
58,322,380,5.551724137931035
101,243,344,2.405940594059406
41,583,624,14.21951219512195
440,113,553,0.25681818181818183
33,366,399,11.090909090909092
16,575,591,35.9375
58,469,527,8.086206896551724
83,803,886,9.674698795180722
20,270,290,13.5
91,15,106,0.16483516483516483
11,227,238,20.636363636363637
6,274,280,45.666666666666664
723,466,1189,0.6445366528354081
53,395,448,7.452830188679245
13,349,362,26.846153846153847
67,170,237,2.537313432835821
686,615,1301,0.8965014577259475
5,496,501,99.2
30,424,454,14.133333333333333
159,150,309,0.9433962264150944
95,393,488,4.136842105263158
51,111,162,2.176470588235294
27,20,47,0.7407407407407407
9,22,31,2.4444444444444446
35,839,874,23.97142857142857
24,484,508,20.166666666666668
13,284,297,21.846153846153847
10,393,403,39.3
19,110,129,5.7894736842105265
29,578,607,19.93103448275862
63,810,873,12.857142857142858
2,11,13,5.5
10,324,334,32.4
9,395,404,43.888888888888886
15,404,419,26.933333333333334
9,256,265,28.444444444444443
31,395,426,12.741935483870968
1148,678,1826,0.5905923344947736
725,356,1081,0.4910344827586207
16,22,38,1.375
17,376,393,22.11764705882353
46,697,743,15.152173913043478
42,293,335,6.976190476190476
20,726,746,36.3
4,72,76,18.0
29,473,502,16.310344827586206
14,275,289,19.642857142857142
13,282,295,21.692307692307693
25,451,476,18.04
344,159,503,0.4622093023255814
17,313,330,18.41176470588235
87,352,439,4.045977011494253
56,333,389,5.946428571428571
47,298,345,6.340425531914893
22,445,467,20.227272727272727
47,118,165,2.5106382978723403
1308,255,1563,0.19495412844036697
95,264,359,2.778947368421053
117,416,533,3.5555555555555554
46,105,151,2.282608695652174
33,568,601,17.21212121212121
16,151,167,9.4375
18,310,328,17.22222222222222
16,250,266,15.625
19,45,64,2.3684210526315788
93,210,303,2.2580645161290325
134,40,174,0.29850746268656714
4,70,74,17.5
460,924,1384,2.008695652173913
255,222,477,0.8705882352941177
121,244,365,2.0165289256198347
11,318,329,28.90909090909091
233,376,609,1.613733905579399
156,332,488,2.128205128205128
7,119,126,17.0
34,43,77,1.2647058823529411
4,312,316,78.0
1483,56,1539,0.037761294672960216
234,442,676,1.8888888888888888
400,658,1058,1.645
9,41,50,4.555555555555555
17,1039,1056,61.11764705882353
9,990,999,110.0
107,368,475,3.439252336448598
848,164,1012,0.19339622641509435
20,708,728,35.4
124,132,256,1.064516129032258
31,929,960,29.967741935483872
68,338,406,4.970588235294118
68,721,789,10.602941176470589
781,592,1373,0.7580025608194623
106,493,599,4.650943396226415
11,399,410,36.27272727272727
837,428,1265,0.5113500597371565
545,126,671,0.23119266055045873
127,239,366,1.8818897637795275
5,12,17,2.4
3316,71,3387,0.02141133896260555
309,38,347,0.12297734627831715
24,220,244,9.166666666666666
22,135,157,6.136363636363637
46,54,100,1.173913043478261
28,497,525,17.75
9,83,92,9.222222222222221
10,179,189,17.9
830,48,878,0.05783132530120482
34,352,386,10.352941176470589
23,407,430,17.695652173913043
7,135,142,19.285714285714285
45,29,74,0.6444444444444445
155,457,612,2.9483870967741934
10,201,211,20.1
45,56,101,1.2444444444444445
10,527,537,52.7
86,300,386,3.488372093023256
19,616,635,32.421052631578945
14,369,383,26.357142857142858
24,272,296,11.333333333333334
23,240,263,10.434782608695652
290,123,413,0.4241379310344828
63,426,489,6.761904761904762
14,233,247,16.642857142857142
31,416,447,13.419354838709678
807,182,989,0.2255266418835192
992,399,1391,0.4022177419354839
24,72,96,3.0
39,47,86,1.205128205128205
47,319,366,6.787234042553192
51,102,153,2.0
33,633,666,19.181818181818183
23,437,460,19.0
17,228,245,13.411764705882353
46,66,112,1.434782608695652
8,113,121,14.125
44,23,67,0.5227272727272727
30,265,295,8.833333333333334
15,389,404,25.933333333333334
14,347,361,24.785714285714285
9,102,111,11.333333333333334
7,231,238,33.0
30,316,346,10.533333333333333
2638,19,2657,0.007202426080363912
1961,411,2372,0.20958694543600204
21,43,64,2.0476190476190474
62,823,885,13.274193548387096
56,333,389,5.946428571428571
24,87,111,3.625
12,33,45,2.75
29,160,189,5.517241379310345
12,139,151,11.583333333333334
2887,213,3100,0.07377900935226879
11,403,414,36.63636363636363
103,678,781,6.58252427184466
27,225,252,8.333333333333334
7,105,112,15.0
14,270,284,19.285714285714285
322,154,476,0.4782608695652174
504,352,856,0.6984126984126984
106,32,138,0.3018867924528302
72,15,87,0.20833333333333334
363,400,763,1.1019283746556474
777,18,795,0.023166023166023165
1097,259,1356,0.23609845031905197
9,535,544,59.44444444444444
11,69,80,6.2727272727272725
36,551,587,15.305555555555555
12,36,48,3.0
22,467,489,21.227272727272727
11,203,214,18.454545454545453
757,25,782,0.03302509907529723
31,344,375,11.096774193548388
26,395,421,15.192307692307692
74,76,150,1.027027027027027
29,124,153,4.275862068965517
733,334,1067,0.45566166439290584
18,422,440,23.444444444444443
701,143,844,0.20399429386590584
1373,284,1657,0.20684632192279678
35,385,420,11.0
12,114,126,9.5
32,677,709,21.15625
37,446,483,12.054054054054054
12,603,615,50.25
486,156,642,0.32098765432098764
11,378,389,34.36363636363637
9,124,133,13.777777777777779
25,328,353,13.12
14,57,71,4.071428571428571
21,219,240,10.428571428571429
15,216,231,14.4
368,374,742,1.016304347826087
18,143,161,7.944444444444445
126,157,283,1.246031746031746
179,976,1155,5.4525139664804465
11,358,369,32.54545454545455
13,170,183,13.076923076923077
13,491,504,37.76923076923077
22,454,476,20.636363636363637
2,11,13,5.5
80,824,904,10.3
63,23,86,0.36507936507936506
25,1053,1078,42.12
33,189,222,5.7272727272727275
105,407,512,3.876190476190476
982,8,990,0.008146639511201629
25,404,429,16.16
229,289,518,1.262008733624454
537,5,542,0.00931098696461825
16,201,217,12.5625
60,155,215,2.5833333333333335
25,275,300,11.0
30,685,715,22.833333333333332
202,430,632,2.128712871287129
11,162,173,14.727272727272727
8,581,589,72.625
22,47,69,2.1363636363636362
621,673,1294,1.0837359098228663
36,350,386,9.722222222222221
9,102,111,11.333333333333334
9,358,367,39.77777777777778
10,92,102,9.2
89,182,271,2.044943820224719
27,152,179,5.62962962962963
1148,106,1254,0.09233449477351917
46,25,71,0.5434782608695652
55,318,373,5.781818181818182
14,341,355,24.357142857142858
42,222,264,5.285714285714286
35,273,308,7.8
16,510,526,31.875
713,797,1510,1.11781206171108
35,142,177,4.057142857142857
15,995,1010,66.33333333333333
7,33,40,4.714285714285714
20,129,149,6.45
10,356,366,35.6
6,36,42,6.0
15,192,207,12.8
31,232,263,7.483870967741935
50,657,707,13.14
25,1060,1085,42.4
23,346,369,15.043478260869565
15,266,281,17.733333333333334
148,349,497,2.358108108108108
136,981,1117,7.213235294117647
61,144,205,2.360655737704918
243,306,549,1.2592592592592593
1943,1042,2985,0.5362840967575914
19,610,629,32.10526315789474
122,570,692,4.672131147540983
9,671,680,74.55555555555556
8,226,234,28.25
544,774,1318,1.4227941176470589
15,213,228,14.2
90,380,470,4.222222222222222
1505,87,1592,0.05780730897009967
3178,649,3827,0.2042164883574575
52,503,555,9.673076923076923
398,913,1311,2.2939698492462313
14,60,74,4.285714285714286
9,465,474,51.666666666666664
7,82,89,11.714285714285714
92,163,255,1.7717391304347827
6,717,723,119.5
85,276,361,3.2470588235294118
1484,8,1492,0.005390835579514825
31,130,161,4.193548387096774
10,167,177,16.7
7,262,269,37.42857142857143
584,125,709,0.21404109589041095
181,121,302,0.6685082872928176
12,127,139,10.583333333333334
10,37,47,3.7
16,681,697,42.5625
17,281,298,16.529411764705884
45,337,382,7.488888888888889
92,3,95,0.03260869565217391
49,110,159,2.2448979591836733
64,579,643,9.046875
107,280,387,2.616822429906542
58,53,111,0.9137931034482759
414,26,440,0.06280193236714976
19,520,539,27.36842105263158
19,276,295,14.526315789473685
556,210,766,0.3776978417266187
661,524,1185,0.7927382753403933
42,162,204,3.857142857142857
14,298,312,21.285714285714285
12,21,33,1.75
27,149,176,5.518518518518518
334,725,1059,2.1706586826347305
339,18,357,0.05309734513274336
12,793,805,66.08333333333333
29,769,798,26.517241379310345
58,60,118,1.0344827586206897
13,640,653,49.23076923076923
23,792,815,34.43478260869565
345,207,552,0.6
37,304,341,8.216216216216216
19,104,123,5.473684210526316
40,456,496,11.4
30,660,690,22.0
8,817,825,102.125
24,540,564,22.5
11,408,419,37.09090909090909
11,504,515,45.81818181818182
233,401,634,1.7210300429184548
425,792,1217,1.8635294117647059
14,152,166,10.857142857142858
27,594,621,22.0
9,134,143,14.88888888888889
266,909,1175,3.417293233082707
58,296,354,5.103448275862069
12,322,334,26.833333333333332
14,250,264,17.857142857142858
24,248,272,10.333333333333334
1199,270,1469,0.22518765638031693
548,20,568,0.0364963503649635
15,702,717,46.8
14,664,678,47.42857142857143
39,708,747,18.153846153846153
11,39,50,3.5454545454545454
10,60,70,6.0
15,68,83,4.533333333333333
300,844,1144,2.8133333333333335
106,977,1083,9.216981132075471
83,512,595,6.168674698795181
8,45,53,5.625
79,163,242,2.0632911392405062
12,272,284,22.666666666666668
22,60,82,2.727272727272727
124,172,296,1.3870967741935485
160,613,773,3.83125
21,369,390,17.571428571428573
679,219,898,0.3225331369661267
112,128,240,1.1428571428571428
2730,246,2976,0.09010989010989011
10,356,366,35.6
11,517,528,47.0
134,252,386,1.8805970149253732
167,133,300,0.7964071856287425
7,266,273,38.0
30,347,377,11.566666666666666
79,684,763,8.658227848101266
47,145,192,3.0851063829787235
9,145,154,16.11111111111111
11,187,198,17.0
47,319,366,6.787234042553192
21,1082,1103,51.523809523809526
2082,12,2094,0.005763688760806916
53,422,475,7.962264150943396
16,403,419,25.1875
182,497,679,2.730769230769231
118,13,131,0.11016949152542373
12,189,201,15.75
4,42,46,10.5
144,98,242,0.6805555555555556
54,57,111,1.0555555555555556
21,72,93,3.4285714285714284
5,378,383,75.6
77,112,189,1.4545454545454546
55,354,409,6.4363636363636365
6,356,362,59.333333333333336
23,5,28,0.21739130434782608
125,436,561,3.488
30,136,166,4.533333333333333
12,583,595,48.583333333333336
211,671,882,3.1800947867298577
15,212,227,14.133333333333333
9,65,74,7.222222222222222
253,41,294,0.16205533596837945
299,274,573,0.9163879598662207
14,99,113,7.071428571428571
745,41,786,0.05503355704697987
68,490,558,7.205882352941177
18,268,286,14.88888888888889
55,732,787,13.309090909090909
9,491,500,54.55555555555556
12,313,325,26.083333333333332
149,663,812,4.449664429530201
1453,360,1813,0.2477632484514797
13,435,448,33.46153846153846
95,938,1033,9.873684210526315
27,177,204,6.555555555555555
22,806,828,36.63636363636363
2,39,41,19.5
580,191,771,0.3293103448275862
2980,394,3374,0.13221476510067115
24,886,910,36.916666666666664
17,207,224,12.176470588235293
16,334,350,20.875
17,361,378,21.235294117647058
152,16,168,0.10526315789473684
87,212,299,2.4367816091954024
87,445,532,5.114942528735632
204,255,459,1.25
101,302,403,2.99009900990099
445,134,579,0.30112359550561796
12,513,525,42.75
9,107,116,11.88888888888889
335,104,439,0.31044776119402984
37,287,324,7.756756756756757
34,176,210,5.176470588235294
8,1057,1065,132.125
17,294,311,17.294117647058822
7,413,420,59.0
9,371,380,41.22222222222222
11,66,77,6.0
26,31,57,1.1923076923076923
27,546,573,20.22222222222222
10,81,91,8.1
2382,17,2399,0.007136859781696054
9,308,317,34.22222222222222
26,76,102,2.923076923076923
6,32,38,5.333333333333333
272,709,981,2.6066176470588234
36,87,123,2.4166666666666665
102,43,145,0.4215686274509804
1167,865,2032,0.7412167952013711
39,53,92,1.358974358974359
18,288,306,16.0
100,417,517,4.17
8,259,267,32.375
2360,285,2645,0.12076271186440678
7,57,64,8.142857142857142
887,32,919,0.036076662908680945
504,225,729,0.44642857142857145
1561,969,2530,0.6207559256886611
16,281,297,17.5625
18,124,142,6.888888888888889
31,97,128,3.129032258064516
51,22,73,0.43137254901960786
10,260,270,26.0
22,548,570,24.90909090909091
18,536,554,29.77777777777778
23,330,353,14.347826086956522
488,441,929,0.9036885245901639
6,23,29,3.8333333333333335
4,284,288,71.0
19,348,367,18.31578947368421
26,25,51,0.9615384615384616
3369,440,3809,0.13060255268625706
185,102,287,0.5513513513513514
126,744,870,5.904761904761905
39,222,261,5.6923076923076925
18,128,146,7.111111111111111
104,91,195,0.875
11,476,487,43.27272727272727
13,146,159,11.23076923076923
10,27,37,2.7
58,1067,1125,18.396551724137932
14,260,274,18.571428571428573
25,364,389,14.56
33,619,652,18.757575757575758
16,26,42,1.625
4,36,40,9.0
10,94,104,9.4
49,337,386,6.877551020408164
40,568,608,14.2
23,1014,1037,44.08695652173913
578,136,714,0.23529411764705882
13,219,232,16.846153846153847
545,958,1503,1.7577981651376147
1407,242,1649,0.17199715707178392
231,645,876,2.792207792207792
81,388,469,4.790123456790123
107,924,1031,8.63551401869159
14,45,59,3.2142857142857144
21,479,500,22.80952380952381
14,208,222,14.857142857142858
90,374,464,4.155555555555556
425,237,662,0.5576470588235294
64,60,124,0.9375
16,23,39,1.4375
33,444,477,13.454545454545455
14,126,140,9.0
916,284,1200,0.31004366812227074
12,45,57,3.75
248,416,664,1.6774193548387097
151,607,758,4.0198675496688745
357,329,686,0.9215686274509803
45,34,79,0.7555555555555555
8,109,117,13.625
15,89,104,5.933333333333334
13,166,179,12.76923076923077
1228,277,1505,0.2255700325732899
10,397,407,39.7
206,25,231,0.12135922330097088
15,431,446,28.733333333333334
9,21,30,2.3333333333333335
15,151,166,10.066666666666666
123,305,428,2.4796747967479673
62,253,315,4.080645161290323
45,133,178,2.9555555555555557
12,913,925,76.08333333333333
610,410,1020,0.6721311475409836
39,389,428,9.974358974358974
40,344,384,8.6
46,531,577,11.543478260869565
28,30,58,1.0714285714285714
13,473,486,36.38461538461539
6,147,153,24.5
51,469,520,9.196078431372548
54,171,225,3.1666666666666665
421,484,905,1.149643705463183
68,29,97,0.4264705882352941
19,188,207,9.894736842105264
56,5,61,0.08928571428571429
229,272,501,1.1877729257641922
79,476,555,6.025316455696203
19,193,212,10.157894736842104
145,785,930,5.413793103448276
23,184,207,8.0
35,5,40,0.14285714285714285
95,90,185,0.9473684210526315
966,563,1529,0.582815734989648
100,170,270,1.7
114,8,122,0.07017543859649122
39,533,572,13.666666666666666
409,400,809,0.9779951100244498
23,40,63,1.7391304347826086
167,304,471,1.8203592814371257
15,272,287,18.133333333333333
100,523,623,5.23
21,842,863,40.095238095238095
14,347,361,24.785714285714285
65,1011,1076,15.553846153846154
117,416,533,3.5555555555555554
49,56,105,1.1428571428571428
14,623,637,44.5
24,199,223,8.291666666666666
102,281,383,2.7549019607843137
1398,63,1461,0.045064377682403435
5,298,303,59.6
2,37,39,18.5
182,363,545,1.9945054945054945
89,6,95,0.06741573033707865
191,365,556,1.9109947643979057
40,319,359,7.975
114,256,370,2.245614035087719
213,713,926,3.347417840375587
70,111,181,1.5857142857142856
57,62,119,1.087719298245614
507,179,686,0.3530571992110454
15,228,243,15.2
29,223,252,7.689655172413793
2467,317,2784,0.1284961491690312
57,663,720,11.631578947368421
89,1032,1121,11.595505617977528
19,272,291,14.31578947368421
87,266,353,3.057471264367816
15,374,389,24.933333333333334
132,207,339,1.5681818181818181
9,158,167,17.555555555555557
10,263,273,26.3
7,393,400,56.142857142857146
512,87,599,0.169921875
350,121,471,0.3457142857142857
5,385,390,77.0
35,459,494,13.114285714285714
1756,316,2072,0.17995444191343962
18,226,244,12.555555555555555
27,395,422,14.62962962962963
76,373,449,4.907894736842105
14,368,382,26.285714285714285
2,11,13,5.5
165,190,355,1.1515151515151516
23,475,498,20.652173913043477
44,14,58,0.3181818181818182
67,324,391,4.835820895522388
19,281,300,14.789473684210526
195,91,286,0.4666666666666667
5,931,936,186.2
55,317,372,5.763636363636364
33,186,219,5.636363636363637
52,342,394,6.576923076923077
331,139,470,0.4199395770392749
138,583,721,4.22463768115942
3266,8,3274,0.002449479485609308
22,123,145,5.590909090909091
14,325,339,23.214285714285715
9,194,203,21.555555555555557
277,627,904,2.2635379061371843
57,137,194,2.4035087719298245
769,32,801,0.04161248374512354
196,198,394,1.010204081632653
8,141,149,17.625
8,264,272,33.0
1799,715,2514,0.39744302390216785
28,14,42,0.5
1949,14,1963,0.007183170856849667
14,44,58,3.142857142857143
422,8,430,0.018957345971563982
162,233,395,1.4382716049382716
234,26,260,0.1111111111111111
134,314,448,2.343283582089552
13,343,356,26.384615384615383
155,225,380,1.4516129032258065
20,128,148,6.4
8,80,88,10.0
76,373,449,4.907894736842105
22,698,720,31.727272727272727
51,336,387,6.588235294117647
13,374,387,28.76923076923077
86,316,402,3.6744186046511627
202,130,332,0.6435643564356436
74,128,202,1.7297297297297298
11,144,155,13.090909090909092
127,854,981,6.724409448818897
49,56,105,1.1428571428571428
385,86,471,0.22337662337662337
248,40,288,0.16129032258064516
44,38,82,0.8636363636363636
4,268,272,67.0
235,569,804,2.421276595744681
66,355,421,5.378787878787879
158,170,328,1.0759493670886076
679,42,721,0.061855670103092786
131,727,858,5.549618320610687
21,362,383,17.238095238095237
9,277,286,30.77777777777778
1985,256,2241,0.12896725440806045
195,91,286,0.4666666666666667
19,354,373,18.63157894736842
56,176,232,3.142857142857143
2083,5,2088,0.002400384061449832
27,515,542,19.074074074074073
29,207,236,7.137931034482759
97,908,1005,9.360824742268042
363,478,841,1.3168044077134986
17,480,497,28.235294117647058
11,332,343,30.181818181818183
1011,478,1489,0.47279920870425324
722,30,752,0.04155124653739612
22,222,244,10.090909090909092
22,418,440,19.0
35,55,90,1.5714285714285714
1270,330,1600,0.25984251968503935
99,743,842,7.505050505050505
3784,211,3995,0.05576109936575053
8,241,249,30.125
33,449,482,13.606060606060606
10,193,203,19.3
724,576,1300,0.7955801104972375
28,40,68,1.4285714285714286
7,25,32,3.5714285714285716
42,778,820,18.523809523809526
483,168,651,0.34782608695652173
1508,1014,2522,0.6724137931034483
1055,480,1535,0.4549763033175355
36,350,386,9.722222222222221
10,226,236,22.6
21,597,618,28.428571428571427
21,159,180,7.571428571428571
10,747,757,74.7
32,415,447,12.96875
25,81,106,3.24
16,492,508,30.75
12,310,322,25.833333333333332
3,25,28,8.333333333333334
15,108,123,7.2
154,279,433,1.8116883116883118
16,417,433,26.0625
76,472,548,6.2105263157894735
37,109,146,2.945945945945946
182,136,318,0.7472527472527473
161,566,727,3.515527950310559
40,383,423,9.575
27,675,702,25.0
20,503,523,25.15
18,703,721,39.05555555555556
82,412,494,5.024390243902439
37,509,546,13.756756756756756
15,117,132,7.8
683,340,1023,0.4978038067349927
432,535,967,1.2384259259259258
149,126,275,0.8456375838926175
4,405,409,101.25
14,279,293,19.928571428571427
308,283,591,0.9188311688311688
12,455,467,37.916666666666664
464,322,786,0.6939655172413793
164,561,725,3.4207317073170733
6,1016,1022,169.33333333333334
20,408,428,20.4
15,201,216,13.4
48,532,580,11.083333333333334
96,47,143,0.4895833333333333
23,888,911,38.608695652173914
64,76,140,1.1875
54,753,807,13.944444444444445
84,368,452,4.380952380952381
33,290,323,8.787878787878787
145,283,428,1.9517241379310344
80,181,261,2.2625
25,34,59,1.36
79,336,415,4.253164556962025
514,401,915,0.7801556420233463
11,493,504,44.81818181818182
8,716,724,89.5
38,714,752,18.789473684210527
36,212,248,5.888888888888889
42,190,232,4.523809523809524
311,665,976,2.1382636655948555
13,916,929,70.46153846153847
32,503,535,15.71875
23,336,359,14.608695652173912
271,508,779,1.8745387453874538
72,471,543,6.541666666666667
149,494,643,3.315436241610738
11,249,260,22.636363636363637
5,13,18,2.6
14,194,208,13.857142857142858
22,22,44,1.0
47,275,322,5.851063829787234
1223,748,1971,0.6116107931316435
7,63,70,9.0
1105,207,1312,0.18733031674208145
693,460,1153,0.6637806637806638
36,23,59,0.6388888888888888
50,23,73,0.46
10,277,287,27.7
867,299,1166,0.34486735870818913
1185,271,1456,0.22869198312236286
61,103,164,1.6885245901639345
377,365,742,0.9681697612732095
15,50,65,3.3333333333333335
37,568,605,15.35135135135135
95,568,663,5.978947368421053
43,202,245,4.6976744186046515
13,243,256,18.692307692307693
49,359,408,7.326530612244898
7,67,74,9.571428571428571
957,1025,1982,1.071055381400209
18,625,643,34.72222222222222
461,712,1173,1.5444685466377441
424,619,1043,1.4599056603773586
19,455,474,23.94736842105263
35,241,276,6.885714285714286
12,207,219,17.25
18,142,160,7.888888888888889
59,535,594,9.067796610169491
10,953,963,95.3
2035,724,2759,0.35577395577395576
1448,349,1797,0.24102209944751382
11,589,600,53.54545454545455
233,157,390,0.6738197424892703
19,167,186,8.789473684210526
42,236,278,5.619047619047619
8,212,220,26.5
10,25,35,2.5
14,114,128,8.142857142857142
180,63,243,0.35
10,272,282,27.2
6,351,357,58.5
12,193,205,16.083333333333332
1067,46,1113,0.04311152764761012
50,53,103,1.06
105,407,512,3.876190476190476
1102,544,1646,0.49364791288566245
85,278,363,3.2705882352941176
31,495,526,15.96774193548387
1568,128,1696,0.08163265306122448
27,705,732,26.11111111111111
79,291,370,3.6835443037974684
560,54,614,0.09642857142857143
12,724,736,60.333333333333336
843,281,1124,0.3333333333333333
31,31,62,1.0
21,686,707,32.666666666666664
12,198,210,16.5
622,268,890,0.43086816720257237
14,525,539,37.5
15,459,474,30.6
9,420,429,46.666666666666664
55,401,456,7.290909090909091
7,191,198,27.285714285714285
1060,269,1329,0.2537735849056604
62,61,123,0.9838709677419355
1209,275,1484,0.22746071133167908
11,217,228,19.727272727272727
25,236,261,9.44
85,671,756,7.894117647058824
11,374,385,34.0
55,393,448,7.1454545454545455
242,340,582,1.4049586776859504
559,559,1118,1.0
1003,256,1259,0.25523429710867396
29,104,133,3.586206896551724
18,21,39,1.1666666666666667
110,367,477,3.3363636363636364
15,507,522,33.8
26,5,31,0.19230769230769232
498,662,1160,1.3293172690763053
841,141,982,0.16765755053507728
4,386,390,96.5
8,296,304,37.0
103,93,196,0.9029126213592233
264,177,441,0.6704545454545454
162,170,332,1.0493827160493827
79,377,456,4.772151898734177
225,525,750,2.3333333333333335
268,352,620,1.3134328358208955
468,47,515,0.10042735042735043
42,216,258,5.142857142857143
9,293,302,32.55555555555556
9,81,90,9.0
530,688,1218,1.2981132075471697
163,177,340,1.0858895705521472
2,12,14,6.0
7,255,262,36.42857142857143
19,401,420,21.105263157894736
37,467,504,12.621621621621621
1744,80,1824,0.045871559633027525
40,266,306,6.65
191,870,1061,4.554973821989528
12,142,154,11.833333333333334
12,364,376,30.333333333333332
16,89,105,5.5625
2,11,13,5.5
10,104,114,10.4
37,273,310,7.378378378378378
12,948,960,79.0
46,1000,1046,21.73913043478261
1665,747,2412,0.4486486486486487
93,479,572,5.150537634408602
19,228,247,12.0
16,367,383,22.9375
10,65,75,6.5
95,520,615,5.473684210526316
13,381,394,29.307692307692307
69,735,804,10.652173913043478
20,592,612,29.6
1304,995,2299,0.7630368098159509
213,119,332,0.5586854460093896
12,19,31,1.5833333333333333
32,95,127,2.96875
825,361,1186,0.43757575757575756
431,332,763,0.7703016241299304
22,40,62,1.8181818181818181
41,139,180,3.3902439024390243
28,259,287,9.25
3,42,45,14.0
32,49,81,1.53125
68,491,559,7.220588235294118
13,368,381,28.307692307692307
10,140,150,14.0
283,407,690,1.4381625441696113
26,526,552,20.23076923076923
887,345,1232,0.38895152198421645
85,68,153,0.8
22,384,406,17.454545454545453
14,497,511,35.5
24,987,1011,41.125
14,341,355,24.357142857142858
765,275,1040,0.35947712418300654
1225,292,1517,0.2383673469387755
23,228,251,9.91304347826087
43,196,239,4.558139534883721
27,152,179,5.62962962962963
1028,421,1449,0.4095330739299611
9,298,307,33.111111111111114
19,471,490,24.789473684210527
18,222,240,12.333333333333334
172,1043,1215,6.063953488372093
8,384,392,48.0
53,734,787,13.849056603773585
53,535,588,10.09433962264151
20,709,729,35.45
6,152,158,25.333333333333332
7,111,118,15.857142857142858
2046,347,2393,0.16959921798631475
5,235,240,47.0
32,233,265,7.28125
2711,74,2785,0.02729620066396164
2,25,27,12.5
992,822,1814,0.8286290322580645
40,561,601,14.025
1217,82,1299,0.06737880032867707
661,5,666,0.007564296520423601
27,102,129,3.7777777777777777
76,479,555,6.302631578947368
6,52,58,8.666666666666666
26,96,122,3.6923076923076925
57,408,465,7.157894736842105
623,974,1597,1.5634028892455858
14,303,317,21.642857142857142
17,909,926,53.470588235294116
30,224,254,7.466666666666667
21,416,437,19.80952380952381
16,66,82,4.125
3957,3,3960,0.000758150113722517
97,684,781,7.051546391752577
11,115,126,10.454545454545455
10,773,783,77.3
338,113,451,0.3343195266272189
2,11,13,5.5
19,84,103,4.421052631578948
24,194,218,8.083333333333334
23,448,471,19.47826086956522
11,131,142,11.909090909090908
13,306,319,23.53846153846154
751,639,1390,0.8508655126498003
23,237,260,10.304347826086957
267,300,567,1.1235955056179776
26,351,377,13.5
21,744,765,35.42857142857143
109,502,611,4.605504587155964
3,42,45,14.0
19,75,94,3.9473684210526314
31,309,340,9.96774193548387
21,421,442,20.047619047619047
11,309,320,28.09090909090909
7,187,194,26.714285714285715
11,40,51,3.6363636363636362
24,106,130,4.416666666666667
9,516,525,57.333333333333336
26,377,403,14.5
62,630,692,10.161290322580646
113,534,647,4.725663716814159
12,760,772,63.333333333333336
64,142,206,2.21875
214,524,738,2.4485981308411215
56,602,658,10.75
86,372,458,4.325581395348837
2356,882,3238,0.37436332767402375
13,275,288,21.153846153846153
18,267,285,14.833333333333334
377,120,497,0.3183023872679045
35,332,367,9.485714285714286
13,572,585,44.0
427,329,756,0.7704918032786885
54,370,424,6.851851851851852
30,295,325,9.833333333333334
18,311,329,17.27777777777778
372,292,664,0.7849462365591398
36,98,134,2.7222222222222223
12,48,60,4.0
37,197,234,5.324324324324325
12,559,571,46.583333333333336
18,156,174,8.666666666666666
25,478,503,19.12
13,275,288,21.153846153846153
34,317,351,9.323529411764707
379,432,811,1.1398416886543536
1411,889,2300,0.630049610205528
340,130,470,0.38235294117647056
41,360,401,8.78048780487805
35,434,469,12.4
277,550,827,1.9855595667870036
374,42,416,0.11229946524064172
11,66,77,6.0
28,392,420,14.0
24,873,897,36.375
978,1372,2350,1.4028629856850716
17,351,368,20.647058823529413
596,1064,1660,1.7852348993288591
15,378,393,25.2
31,475,506,15.32258064516129
20,534,554,26.7
526,6,532,0.011406844106463879
25,30,55,1.2
225,462,687,2.0533333333333332
24,467,491,19.458333333333332
389,395,784,1.0154241645244215
2,12,14,6.0
25,312,337,12.48
24,658,682,27.416666666666668
29,284,313,9.793103448275861
2,318,320,159.0
17,347,364,20.41176470588235
1067,633,1700,0.5932521087160263
40,113,153,2.825
1157,302,1459,0.2610198789974071
286,355,641,1.2412587412587412
6,301,307,50.166666666666664
27,392,419,14.518518518518519
6,41,47,6.833333333333333
50,383,433,7.66
38,494,532,13.0
341,190,531,0.5571847507331378
22,411,433,18.681818181818183
44,342,386,7.7727272727272725
70,449,519,6.414285714285715
41,600,641,14.634146341463415
9,113,122,12.555555555555555
12,224,236,18.666666666666668
712,101,813,0.14185393258426968
33,920,953,27.87878787878788
40,399,439,9.975
76,326,402,4.2894736842105265
101,875,976,8.663366336633663
32,677,709,21.15625
26,25,51,0.9615384615384616
210,263,473,1.2523809523809524
1281,710,1991,0.5542544886807181
28,348,376,12.428571428571429
282,686,968,2.4326241134751774
13,414,427,31.846153846153847
186,48,234,0.25806451612903225
22,133,155,6.045454545454546
10,210,220,21.0
4,12,16,3.0
19,300,319,15.789473684210526
22,36,58,1.6363636363636365
711,153,864,0.21518987341772153
12,116,128,9.666666666666666
334,375,709,1.122754491017964
9,468,477,52.0
1483,13,1496,0.008766014834794335
18,566,584,31.444444444444443
3752,276,4028,0.07356076759061833
14,275,289,19.642857142857142
14,328,342,23.428571428571427
27,163,190,6.037037037037037
110,798,908,7.254545454545455
29,448,477,15.448275862068966
12,371,383,30.916666666666668
509,620,1129,1.218074656188605
199,55,254,0.27638190954773867
74,95,169,1.2837837837837838
44,131,175,2.977272727272727
543,176,719,0.3241252302025783
14,373,387,26.642857142857142
159,286,445,1.79874213836478
14,377,391,26.928571428571427
87,191,278,2.1954022988505746
16,376,392,23.5
30,436,466,14.533333333333333
53,487,540,9.18867924528302
2,11,13,5.5
35,414,449,11.82857142857143
1888,996,2884,0.527542372881356
9,56,65,6.222222222222222
624,879,1503,1.4086538461538463
60,124,184,2.066666666666667
18,188,206,10.444444444444445
5,102,107,20.4
1743,403,2146,0.23121055651176134
202,612,814,3.0297029702970297
8,588,596,73.5
15,230,245,15.333333333333334
158,364,522,2.3037974683544302
7,97,104,13.857142857142858
30,286,316,9.533333333333333
26,255,281,9.807692307692308
25,227,252,9.08
8,108,116,13.5
7,52,59,7.428571428571429
9,83,92,9.222222222222221
19,581,600,30.57894736842105
264,342,606,1.2954545454545454
45,415,460,9.222222222222221
517,176,693,0.3404255319148936
33,125,158,3.787878787878788
17,674,691,39.64705882352941
1138,674,1812,0.5922671353251318
312,130,442,0.4166666666666667
9,197,206,21.88888888888889
21,43,64,2.0476190476190474
66,18,84,0.2727272727272727
8,311,319,38.875
22,394,416,17.90909090909091
16,281,297,17.5625
10,119,129,11.9
406,477,883,1.1748768472906403
20,328,348,16.4
6,79,85,13.166666666666666
664,139,803,0.20933734939759036
77,547,624,7.103896103896104
20,129,149,6.45
166,275,441,1.6566265060240963
186,850,1036,4.56989247311828
26,184,210,7.076923076923077
53,939,992,17.71698113207547
40,918,958,22.95
25,748,773,29.92
1923,46,1969,0.02392095683827353
386,595,981,1.5414507772020725
716,142,858,0.19832402234636873
11,290,301,26.363636363636363
23,219,242,9.521739130434783
9,465,474,51.666666666666664
69,441,510,6.391304347826087
24,206,230,8.583333333333334
14,332,346,23.714285714285715
86,502,588,5.837209302325581
13,419,432,32.23076923076923
22,477,499,21.681818181818183
396,289,685,0.7297979797979798
483,23,506,0.047619047619047616
11,102,113,9.272727272727273
67,169,236,2.5223880597014925
40,70,110,1.75
41,125,166,3.048780487804878
11,309,320,28.09090909090909
61,218,279,3.5737704918032787
22,130,152,5.909090909090909
2,11,13,5.5
15,287,302,19.133333333333333
34,100,134,2.9411764705882355
47,346,393,7.361702127659575
42,306,348,7.285714285714286
7,86,93,12.285714285714286
3,12,15,4.0
302,628,930,2.0794701986754967
16,337,353,21.0625
20,709,729,35.45
27,433,460,16.037037037037038
6,38,44,6.333333333333333
935,989,1924,1.0577540106951873
12,84,96,7.0
286,88,374,0.3076923076923077
23,193,216,8.391304347826088
16,343,359,21.4375
11,551,562,50.09090909090909
22,318,340,14.454545454545455
10,206,216,20.6
16,242,258,15.125
104,702,806,6.75
18,758,776,42.111111111111114
13,719,732,55.30769230769231
516,110,626,0.2131782945736434
14,169,183,12.071428571428571
91,482,573,5.2967032967032965
16,69,85,4.3125
34,474,508,13.941176470588236
16,576,592,36.0
53,425,478,8.018867924528301
8,28,36,3.5
35,535,570,15.285714285714286
178,517,695,2.904494382022472
47,365,412,7.76595744680851
17,391,408,23.0
29,386,415,13.310344827586206
143,291,434,2.034965034965035
13,454,467,34.92307692307692
110,163,273,1.481818181818182
30,102,132,3.4
1168,578,1746,0.4948630136986301
134,150,284,1.1194029850746268
15,459,474,30.6
11,204,215,18.545454545454547
12,103,115,8.583333333333334
17,477,494,28.058823529411764
9,87,96,9.666666666666666
1674,4,1678,0.0023894862604540022
56,428,484,7.642857142857143
626,33,659,0.052715654952076675
194,119,313,0.6134020618556701
86,391,477,4.546511627906977
16,154,170,9.625
21,164,185,7.809523809523809
2569,125,2694,0.04865706500583885
119,648,767,5.445378151260504
351,309,660,0.8803418803418803
20,328,348,16.4
13,207,220,15.923076923076923
11,183,194,16.636363636363637
15,331,346,22.066666666666666
61,500,561,8.19672131147541
9,335,344,37.22222222222222
59,413,472,7.0
1827,270,2097,0.1477832512315271
12,371,383,30.916666666666668
9,441,450,49.0
7,463,470,66.14285714285714
12,38,50,3.1666666666666665
15,422,437,28.133333333333333
9,422,431,46.888888888888886
343,996,1339,2.9037900874635567
13,232,245,17.846153846153847
2,757,759,378.5
2062,198,2260,0.09602327837051407
115,416,531,3.617391304347826
28,271,299,9.678571428571429
134,526,660,3.925373134328358
328,237,565,0.7225609756097561
6,297,303,49.5
1524,6,1530,0.003937007874015748
399,319,718,0.7994987468671679
45,245,290,5.444444444444445
44,39,83,0.8863636363636364
1966,139,2105,0.07070193285859613
1339,784,2123,0.585511575802838
153,313,466,2.045751633986928
881,134,1015,0.15209988649262202
134,548,682,4.08955223880597
22,655,677,29.772727272727273
103,26,129,0.2524271844660194
13,208,221,16.0
162,170,332,1.0493827160493827
36,25,61,0.6944444444444444
58,167,225,2.8793103448275863
19,231,250,12.157894736842104
28,300,328,10.714285714285714
96,597,693,6.21875
124,99,223,0.7983870967741935
16,248,264,15.5
14,216,230,15.428571428571429
18,100,118,5.555555555555555
167,944,1111,5.652694610778443
200,158,358,0.79
10,299,309,29.9
16,305,321,19.0625
24,374,398,15.583333333333334
13,454,467,34.92307692307692
188,86,274,0.4574468085106383
91,285,376,3.131868131868132
17,219,236,12.882352941176471
19,246,265,12.947368421052632
446,6,452,0.013452914798206279
21,422,443,20.095238095238095
41,413,454,10.073170731707316
86,223,309,2.5930232558139537
17,117,134,6.882352941176471
91,612,703,6.725274725274725
239,106,345,0.4435146443514644
761,94,855,0.12352168199737187
1153,25,1178,0.02168256721595837
108,127,235,1.1759259259259258
733,115,848,0.15688949522510232
16,301,317,18.8125
1770,4,1774,0.0022598870056497176
67,946,1013,14.119402985074627
15,259,274,17.266666666666666
344,204,548,0.5930232558139535
24,389,413,16.208333333333332
14,624,638,44.57142857142857
336,904,1240,2.6904761904761907
14,147,161,10.5
3,35,38,11.666666666666666
93,723,816,7.774193548387097
16,190,206,11.875
22,98,120,4.454545454545454
20,950,970,47.5
86,20,106,0.23255813953488372
11,149,160,13.545454545454545
13,133,146,10.23076923076923
12,236,248,19.666666666666668
91,428,519,4.7032967032967035
74,586,660,7.918918918918919
653,843,1496,1.2909647779479325
471,17,488,0.036093418259023353
18,154,172,8.555555555555555
46,885,931,19.23913043478261
10,14,24,1.4
9,268,277,29.77777777777778
211,573,784,2.7156398104265405
71,898,969,12.647887323943662
7,323,330,46.142857142857146
234,964,1198,4.119658119658119
122,178,300,1.459016393442623
50,544,594,10.88
118,179,297,1.5169491525423728
449,135,584,0.30066815144766146
52,441,493,8.48076923076923
2718,920,3638,0.3384841795437822
150,69,219,0.46
35,273,308,7.8
48,178,226,3.7083333333333335
61,598,659,9.80327868852459
8,1003,1011,125.375
639,165,804,0.25821596244131456
7,216,223,30.857142857142858
8,349,357,43.625
19,73,92,3.8421052631578947
36,69,105,1.9166666666666667
11,296,307,26.90909090909091
3,12,15,4.0
35,393,428,11.228571428571428
2480,486,2966,0.19596774193548386
21,308,329,14.666666666666666
20,567,587,28.35
84,344,428,4.095238095238095
14,617,631,44.07142857142857
191,195,386,1.0209424083769634
28,828,856,29.571428571428573
36,408,444,11.333333333333334
9,458,467,50.888888888888886
10,179,189,17.9
352,815,1167,2.315340909090909
37,430,467,11.621621621621621
345,198,543,0.5739130434782609
1444,407,1851,0.28185595567867033
30,336,366,11.2
3,230,233,76.66666666666667
1208,517,1725,0.4279801324503311
18,78,96,4.333333333333333
20,22,42,1.1
49,231,280,4.714285714285714
53,158,211,2.981132075471698
18,81,99,4.5
11,123,134,11.181818181818182
48,63,111,1.3125
186,355,541,1.9086021505376345
23,364,387,15.826086956521738
463,176,639,0.3801295896328294
2489,152,2641,0.061068702290076333
636,260,896,0.4088050314465409
64,441,505,6.890625
2638,574,3212,0.2175890826383624
1046,94,1140,0.08986615678776291
19,477,496,25.105263157894736
10,441,451,44.1
59,336,395,5.694915254237288
1152,8,1160,0.006944444444444444
33,188,221,5.696969696969697
1926,167,2093,0.08670820353063344
11,474,485,43.09090909090909
39,45,84,1.1538461538461537
6,228,234,38.0
22,368,390,16.727272727272727
3,711,714,237.0
67,895,962,13.35820895522388
15,264,279,17.6
27,352,379,13.037037037037036
25,51,76,2.04
16,284,300,17.75
604,181,785,0.2996688741721854
48,340,388,7.083333333333333
6,208,214,34.666666666666664
19,19,38,1.0
14,168,182,12.0
58,502,560,8.655172413793103
93,457,550,4.913978494623656
171,224,395,1.3099415204678362
3,11,14,3.6666666666666665
10,437,447,43.7
15,93,108,6.2
8,219,227,27.375
5,59,64,11.8
1066,294,1360,0.275797373358349
299,623,922,2.0836120401337794
30,507,537,16.9
89,286,375,3.2134831460674156
414,118,532,0.28502415458937197
7,13,20,1.8571428571428572
13,160,173,12.307692307692308
9,8,17,0.8888888888888888
11,572,583,52.0
48,560,608,11.666666666666666
53,561,614,10.584905660377359
81,39,120,0.48148148148148145
1708,46,1754,0.026932084309133488
921,1026,1947,1.1140065146579805
167,163,330,0.9760479041916168
35,156,191,4.457142857142857
7,13,20,1.8571428571428572
13,43,56,3.3076923076923075
124,901,1025,7.266129032258065
38,188,226,4.947368421052632
9,342,351,38.0
1264,92,1356,0.07278481012658228
515,192,707,0.37281553398058254
41,227,268,5.536585365853658
29,140,169,4.827586206896552
30,642,672,21.4
11,309,320,28.09090909090909
3,560,563,186.66666666666666
34,145,179,4.264705882352941
1067,46,1113,0.04311152764761012
11,181,192,16.454545454545453
33,79,112,2.393939393939394
13,365,378,28.076923076923077
2643,779,3422,0.29474082482027997
312,628,940,2.0128205128205128
30,392,422,13.066666666666666
27,542,569,20.074074074074073
864,44,908,0.05092592592592592
45,42,87,0.9333333333333333
109,41,150,0.3761467889908257
66,935,1001,14.166666666666666
115,88,203,0.7652173913043478
24,284,308,11.833333333333334
436,295,731,0.676605504587156
24,240,264,10.0
47,380,427,8.085106382978724
12,294,306,24.5
19,52,71,2.736842105263158
4,82,86,20.5
53,424,477,8.0
885,125,1010,0.14124293785310735
24,267,291,11.125
27,274,301,10.148148148148149
350,115,465,0.32857142857142857
142,502,644,3.535211267605634
372,90,462,0.24193548387096775
6,242,248,40.333333333333336
69,264,333,3.8260869565217392
56,442,498,7.892857142857143
63,309,372,4.904761904761905
10,387,397,38.7
403,252,655,0.6253101736972705
20,477,497,23.85
9,87,96,9.666666666666666
22,327,349,14.863636363636363
29,43,72,1.4827586206896552
3,12,15,4.0
36,329,365,9.13888888888889
13,140,153,10.76923076923077
688,334,1022,0.48546511627906974
84,236,320,2.8095238095238093
2794,101,2895,0.03614889047959914
190,432,622,2.2736842105263158
8,550,558,68.75
3251,9,3260,0.0027683789603199014
1899,46,1945,0.02422327540810953
292,175,467,0.5993150684931506
9,21,30,2.3333333333333335
30,190,220,6.333333333333333
171,461,632,2.695906432748538
59,254,313,4.305084745762712
310,375,685,1.2096774193548387
637,140,777,0.21978021978021978
14,420,434,30.0
8,192,200,24.0
928,335,1263,0.3609913793103448
1075,519,1594,0.4827906976744186
12,172,184,14.333333333333334
1600,123,1723,0.076875
23,372,395,16.17391304347826
610,410,1020,0.6721311475409836
31,379,410,12.225806451612904
68,491,559,7.220588235294118
3,13,16,4.333333333333333
12,45,57,3.75
17,330,347,19.41176470588235
160,23,183,0.14375
7,342,349,48.857142857142854
67,28,95,0.417910447761194
116,579,695,4.991379310344827
13,423,436,32.53846153846154
45,195,240,4.333333333333333
14,136,150,9.714285714285714
25,363,388,14.52
5,201,206,40.2
23,65,88,2.8260869565217392
12,49,61,4.083333333333333
2162,699,2861,0.3233117483811286
29,317,346,10.931034482758621
20,763,783,38.15
1237,15,1252,0.012126111560226353
19,427,446,22.473684210526315
45,285,330,6.333333333333333
544,515,1059,0.9466911764705882
150,27,177,0.18
3,12,15,4.0
10,478,488,47.8
17,570,587,33.529411764705884
77,398,475,5.1688311688311686
768,474,1242,0.6171875
281,774,1055,2.7544483985765122
10,303,313,30.3
9,42,51,4.666666666666667
41,341,382,8.317073170731707
15,328,343,21.866666666666667
17,233,250,13.705882352941176
17,181,198,10.647058823529411
101,8,109,0.07920792079207921
14,29,43,2.0714285714285716
12,83,95,6.916666666666667
13,728,741,56.0
19,10,29,0.5263157894736842
7,352,359,50.285714285714285
7,983,990,140.42857142857142
227,208,435,0.9162995594713657
139,929,1068,6.683453237410072
58,133,191,2.293103448275862
22,313,335,14.227272727272727
79,539,618,6.822784810126582
318,433,751,1.3616352201257862
35,434,469,12.4
47,527,574,11.212765957446809
207,570,777,2.753623188405797
11,356,367,32.36363636363637
106,279,385,2.6320754716981134
35,434,469,12.4
18,5,23,0.2777777777777778
239,332,571,1.389121338912134
2,30,32,15.0
14,10,24,0.7142857142857143
243,306,549,1.2592592592592593
20,285,305,14.25
136,238,374,1.75
31,661,692,21.322580645161292
449,83,532,0.18485523385300667
17,385,402,22.647058823529413
17,151,168,8.882352941176471
3205,111,3316,0.034633385335413415
8,277,285,34.625
458,134,592,0.2925764192139738
13,281,294,21.615384615384617
11,102,113,9.272727272727273
20,950,970,47.5
11,278,289,25.272727272727273
52,577,629,11.096153846153847
449,404,853,0.8997772828507795
3,11,14,3.6666666666666665
23,513,536,22.304347826086957
78,4,82,0.05128205128205128
24,591,615,24.625
11,236,247,21.454545454545453
11,316,327,28.727272727272727
22,99,121,4.5
24,801,825,33.375
138,475,613,3.4420289855072466
24,49,73,2.0416666666666665
10,104,114,10.4
84,380,464,4.523809523809524
16,386,402,24.125
1982,659,2641,0.33249243188698285
440,505,945,1.1477272727272727
20,270,290,13.5
388,542,930,1.3969072164948453
894,141,1035,0.15771812080536912
24,302,326,12.583333333333334
22,287,309,13.045454545454545
7,13,20,1.8571428571428572
11,161,172,14.636363636363637
12,63,75,5.25
19,23,42,1.2105263157894737
95,497,592,5.231578947368421
16,94,110,5.875
115,591,706,5.139130434782609
66,292,358,4.424242424242424
14,145,159,10.357142857142858
53,1091,1144,20.58490566037736
48,325,373,6.770833333333333
252,330,582,1.3095238095238095
35,396,431,11.314285714285715
786,299,1085,0.38040712468193383
14,295,309,21.071428571428573
127,202,329,1.5905511811023623
14,313,327,22.357142857142858
11,213,224,19.363636363636363
71,556,627,7.830985915492958
744,230,974,0.30913978494623656
14,323,337,23.071428571428573
68,209,277,3.073529411764706
82,19,101,0.23170731707317074
12,500,512,41.666666666666664
24,230,254,9.583333333333334
719,129,848,0.17941585535465926
34,435,469,12.794117647058824
489,524,1013,1.0715746421267893
97,410,507,4.22680412371134
16,425,441,26.5625
398,34,432,0.08542713567839195
311,268,579,0.8617363344051447
1886,174,2060,0.09225874867444327
611,374,985,0.6121112929623568
80,678,758,8.475
292,60,352,0.2054794520547945
337,393,730,1.1661721068249258
18,373,391,20.72222222222222
40,440,480,11.0
17,96,113,5.647058823529412
641,202,843,0.31513260530421217
118,148,266,1.2542372881355932
18,117,135,6.5
422,8,430,0.018957345971563982
2,11,13,5.5
25,209,234,8.36
17,26,43,1.5294117647058822
62,203,265,3.274193548387097
311,46,357,0.14790996784565916
12,457,469,38.083333333333336
17,479,496,28.176470588235293
260,103,363,0.39615384615384613
1193,547,1740,0.4585079631181894
160,265,425,1.65625
22,238,260,10.818181818181818
115,416,531,3.617391304347826
35,407,442,11.628571428571428
882,933,1815,1.0578231292517006
112,197,309,1.7589285714285714
5,316,321,63.2
7,393,400,56.142857142857146
1001,34,1035,0.03396603396603397
5,286,291,57.2
20,300,320,15.0
22,380,402,17.272727272727273
11,505,516,45.90909090909091
65,712,777,10.953846153846154
279,988,1267,3.5412186379928317
16,370,386,23.125
320,224,544,0.7
24,734,758,30.583333333333332
503,85,588,0.16898608349900596
111,682,793,6.1441441441441444
89,582,671,6.53932584269663
13,79,92,6.076923076923077
22,445,467,20.227272727272727
47,35,82,0.7446808510638298
371,121,492,0.3261455525606469
59,522,581,8.847457627118644
12,856,868,71.33333333333333
18,389,407,21.61111111111111
1718,909,2627,0.5291036088474971
197,981,1178,4.979695431472082
821,704,1525,0.8574908647990256
249,77,326,0.3092369477911647
2,11,13,5.5
561,386,947,0.6880570409982175
201,346,547,1.7213930348258706
68,299,367,4.397058823529412
1022,903,1925,0.8835616438356164
15,191,206,12.733333333333333
422,8,430,0.018957345971563982
1184,359,1543,0.3032094594594595
475,284,759,0.5978947368421053
30,313,343,10.433333333333334
15,149,164,9.933333333333334
21,223,244,10.619047619047619
198,276,474,1.393939393939394
330,948,1278,2.8727272727272726
87,117,204,1.3448275862068966
1979,883,2862,0.44618494188984337
27,360,387,13.333333333333334
8,327,335,40.875
3416,484,3900,0.14168618266978922
9,764,773,84.88888888888889
66,315,381,4.7727272727272725
13,286,299,22.0
173,162,335,0.9364161849710982
17,729,746,42.88235294117647
20,275,295,13.75
9,116,125,12.88888888888889
2,9,11,4.5
28,263,291,9.392857142857142
79,948,1027,12.0
14,170,184,12.142857142857142
58,131,189,2.2586206896551726
36,388,424,10.777777777777779
3133,61,3194,0.01947015639961698
7,762,769,108.85714285714286
16,689,705,43.0625
167,275,442,1.6467065868263473
12,41,53,3.4166666666666665
16,237,253,14.8125
14,24,38,1.7142857142857142
9,502,511,55.77777777777778
11,138,149,12.545454545454545
17,228,245,13.411764705882353
13,184,197,14.153846153846153
36,549,585,15.25
602,753,1355,1.2508305647840532
65,309,374,4.753846153846154
39,711,750,18.23076923076923
279,5,284,0.017921146953405017
12,182,194,15.166666666666666
53,398,451,7.509433962264151
32,349,381,10.90625
50,192,242,3.84
50,485,535,9.7
9,223,232,24.77777777777778
70,118,188,1.6857142857142857
16,67,83,4.1875
16,290,306,18.125
20,327,347,16.35
5,93,98,18.6
39,715,754,18.333333333333332
22,297,319,13.5
9,686,695,76.22222222222223
9,24,33,2.6666666666666665
2008,671,2679,0.3341633466135458
425,237,662,0.5576470588235294
19,39,58,2.0526315789473686
65,209,274,3.2153846153846155
174,85,259,0.4885057471264368
974,413,1387,0.4240246406570842
2,11,13,5.5
9,375,384,41.666666666666664
8,314,322,39.25
664,37,701,0.05572289156626506
104,91,195,0.875
879,345,1224,0.3924914675767918
10,103,113,10.3
24,571,595,23.791666666666668
25,242,267,9.68
12,86,98,7.166666666666667
17,380,397,22.352941176470587
2360,285,2645,0.12076271186440678
249,170,419,0.6827309236947792
21,453,474,21.571428571428573
2429,27,2456,0.011115685467270481
167,275,442,1.6467065868263473
17,345,362,20.294117647058822
1925,460,2385,0.23896103896103896
13,376,389,28.923076923076923
18,288,306,16.0
121,551,672,4.553719008264463
1000,475,1475,0.475
746,124,870,0.16621983914209115
7,370,377,52.857142857142854
369,756,1125,2.048780487804878
409,384,793,0.9388753056234719
20,214,234,10.7
151,604,755,4.0
80,752,832,9.4
12,39,51,3.25
3714,288,4002,0.07754442649434572
283,166,449,0.5865724381625441
47,667,714,14.191489361702128
14,464,478,33.142857142857146
12,66,78,5.5
34,530,564,15.588235294117647
12,920,932,76.66666666666667
335,591,926,1.7641791044776118
17,679,696,39.94117647058823
12,257,269,21.416666666666668
17,227,244,13.352941176470589
16,443,459,27.6875
6,102,108,17.0
308,46,354,0.14935064935064934
391,305,696,0.7800511508951407
98,53,151,0.5408163265306123
10,263,273,26.3
9,148,157,16.444444444444443
10,126,136,12.6
18,235,253,13.055555555555555
41,1067,1108,26.024390243902438
10,315,325,31.5
44,878,922,19.954545454545453
6,162,168,27.0
9,301,310,33.44444444444444
41,111,152,2.707317073170732
141,403,544,2.858156028368794
19,236,255,12.421052631578947
5,208,213,41.6
29,116,145,4.0
12,49,61,4.083333333333333
172,31,203,0.18023255813953487
122,435,557,3.5655737704918034
51,371,422,7.2745098039215685
1096,610,1706,0.5565693430656934
40,680,720,17.0
16,86,102,5.375
35,542,577,15.485714285714286
13,402,415,30.923076923076923
144,552,696,3.8333333333333335
15,544,559,36.266666666666666
10,289,299,28.9
1878,26,1904,0.013844515441959531
2,11,13,5.5
67,135,202,2.014925373134328
131,53,184,0.40458015267175573
2,11,13,5.5
17,265,282,15.588235294117647
17,262,279,15.411764705882353
344,276,620,0.8023255813953488
676,292,968,0.4319526627218935
11,346,357,31.454545454545453
5,358,363,71.6
328,559,887,1.704268292682927
1541,741,2282,0.4808565866320571
18,501,519,27.833333333333332
31,270,301,8.709677419354838
47,419,466,8.914893617021276
7,327,334,46.714285714285715
15,90,105,6.0
135,137,272,1.0148148148148148
1257,1040,2297,0.8273667462211615
1412,467,1879,0.3307365439093484
351,428,779,1.2193732193732194
15,135,150,9.0
153,305,458,1.9934640522875817
98,111,209,1.1326530612244898
11,296,307,26.90909090909091
1423,399,1822,0.2803935347856641
915,416,1331,0.4546448087431694
163,532,695,3.263803680981595
952,200,1152,0.21008403361344538
10,27,37,2.7
19,387,406,20.36842105263158
498,341,839,0.6847389558232931
30,112,142,3.7333333333333334
16,365,381,22.8125
21,248,269,11.80952380952381
19,38,57,2.0
11,868,879,78.9090909090909
252,235,487,0.9325396825396826
23,220,243,9.565217391304348
1187,890,2077,0.7497893850042123
43,40,83,0.9302325581395349
3,11,14,3.6666666666666665
18,307,325,17.055555555555557
24,99,123,4.125
18,361,379,20.055555555555557
43,181,224,4.209302325581396
98,610,708,6.224489795918367
41,706,747,17.21951219512195
2554,223,2777,0.08731401722787784
618,903,1521,1.4611650485436893
40,267,307,6.675
3,11,14,3.6666666666666665
3461,183,3644,0.05287489164981219
14,98,112,7.0
33,661,694,20.03030303030303
232,93,325,0.40086206896551724
238,338,576,1.4201680672268908
32,356,388,11.125
17,758,775,44.588235294117645
794,284,1078,0.35768261964735515
1524,6,1530,0.003937007874015748
2057,245,2302,0.11910549343704424
15,361,376,24.066666666666666
16,575,591,35.9375
23,112,135,4.869565217391305
74,378,452,5.108108108108108
173,286,459,1.653179190751445
12,459,471,38.25
17,293,310,17.235294117647058
461,138,599,0.2993492407809111
14,123,137,8.785714285714286
873,89,962,0.10194730813287514
1795,8,1803,0.004456824512534819
58,42,100,0.7241379310344828
26,243,269,9.346153846153847
16,360,376,22.5
173,314,487,1.8150289017341041
3703,84,3787,0.022684310018903593
656,677,1333,1.0320121951219512
113,264,377,2.336283185840708
28,465,493,16.607142857142858
6,321,327,53.5
136,224,360,1.6470588235294117
2879,206,3085,0.07155262243834665
33,97,130,2.9393939393939394
17,446,463,26.235294117647058
22,768,790,34.90909090909091
171,157,328,0.9181286549707602
22,26,48,1.1818181818181819
8,423,431,52.875
19,404,423,21.263157894736842
96,10,106,0.10416666666666667
6,117,123,19.5
1294,954,2248,0.7372488408037094
62,630,692,10.161290322580646
1355,392,1747,0.2892988929889299
57,50,107,0.8771929824561403
706,466,1172,0.660056657223796
174,390,564,2.2413793103448274
70,411,481,5.871428571428571
1186,263,1449,0.22175379426644182
58,625,683,10.775862068965518
12,48,60,4.0
11,74,85,6.7272727272727275
12,263,275,21.916666666666668
12,418,430,34.833333333333336
63,209,272,3.3174603174603177
57,653,710,11.456140350877194
31,772,803,24.903225806451612
148,291,439,1.9662162162162162
8,83,91,10.375
23,369,392,16.043478260869566
13,256,269,19.692307692307693
39,182,221,4.666666666666667
3,12,15,4.0
18,17,35,0.9444444444444444
33,535,568,16.21212121212121
19,610,629,32.10526315789474
9,294,303,32.666666666666664
15,80,95,5.333333333333333
5,161,166,32.2
23,437,460,19.0
14,104,118,7.428571428571429
159,292,451,1.8364779874213837
188,347,535,1.8457446808510638
25,37,62,1.48
24,535,559,22.291666666666668
714,137,851,0.19187675070028012
510,149,659,0.29215686274509806
829,222,1051,0.2677925211097708
10,216,226,21.6
4,37,41,9.25
287,678,965,2.362369337979094
58,29,87,0.5
24,327,351,13.625
2718,920,3638,0.3384841795437822
39,905,944,23.205128205128204
2869,803,3672,0.27988846287905195
71,44,115,0.6197183098591549
12,760,772,63.333333333333336
14,45,59,3.2142857142857144
39,812,851,20.82051282051282
54,609,663,11.277777777777779
60,344,404,5.733333333333333
8,96,104,12.0
39,9,48,0.23076923076923078
6,5,11,0.8333333333333334
28,65,93,2.3214285714285716
306,460,766,1.5032679738562091
21,376,397,17.904761904761905
19,215,234,11.31578947368421
24,225,249,9.375
111,889,1000,8.00900900900901
17,723,740,42.529411764705884
27,307,334,11.37037037037037
21,238,259,11.333333333333334
70,361,431,5.1571428571428575
1744,35,1779,0.020068807339449542
17,785,802,46.1764705882353
158,52,210,0.3291139240506329
21,245,266,11.666666666666666
16,178,194,11.125
2312,402,2714,0.17387543252595156
10,152,162,15.2
818,685,1503,0.8374083129584352
11,99,110,9.0
30,761,791,25.366666666666667
2,20,22,10.0
17,784,801,46.11764705882353
177,235,412,1.3276836158192091
4,223,227,55.75
880,358,1238,0.4068181818181818
8,716,724,89.5
957,1025,1982,1.071055381400209
6,240,246,40.0
29,177,206,6.103448275862069
234,967,1201,4.132478632478633
24,373,397,15.541666666666666
118,835,953,7.076271186440678
41,97,138,2.3658536585365852
17,338,355,19.88235294117647
10,155,165,15.5
861,515,1376,0.5981416957026713
21,259,280,12.333333333333334
20,261,281,13.05
15,213,228,14.2
2,11,13,5.5
2427,311,2738,0.12814173877214668
27,215,242,7.962962962962963
22,82,104,3.727272727272727
2411,217,2628,0.09000414765657404
28,529,557,18.892857142857142
65,536,601,8.246153846153845
709,252,961,0.3554301833568406
76,188,264,2.473684210526316
3572,369,3941,0.10330347144456888
36,184,220,5.111111111111111
20,241,261,12.05
548,785,1333,1.4324817518248176
8,84,92,10.5
1326,188,1514,0.14177978883861236
57,262,319,4.5964912280701755
1710,495,2205,0.2894736842105263
88,58,146,0.6590909090909091
17,117,134,6.882352941176471
40,366,406,9.15
1473,265,1738,0.17990495587236932
22,100,122,4.545454545454546
13,115,128,8.846153846153847
191,448,639,2.345549738219895
1858,704,2562,0.3789020452099031
333,81,414,0.24324324324324326
14,187,201,13.357142857142858
252,206,458,0.8174603174603174
240,6,246,0.025
88,320,408,3.6363636363636362
48,546,594,11.375
64,98,162,1.53125
36,299,335,8.305555555555555
4,424,428,106.0
191,270,461,1.4136125654450262
17,309,326,18.176470588235293
27,74,101,2.740740740740741
41,200,241,4.878048780487805
340,488,828,1.4352941176470588
41,37,78,0.9024390243902439
68,119,187,1.75
10,570,580,57.0
21,415,436,19.761904761904763
27,83,110,3.074074074074074
15,288,303,19.2
781,11,792,0.014084507042253521
2,368,370,184.0
3379,163,3542,0.048239124001183784
212,677,889,3.193396226415094
422,161,583,0.3815165876777251
208,120,328,0.5769230769230769
299,328,627,1.0969899665551839
11,631,642,57.36363636363637
77,340,417,4.415584415584416
36,31,67,0.8611111111111112
3,12,15,4.0
13,32,45,2.4615384615384617
44,6,50,0.13636363636363635
15,382,397,25.466666666666665
19,587,606,30.894736842105264
301,114,415,0.3787375415282392
44,220,264,5.0
31,242,273,7.806451612903226
11,460,471,41.81818181818182
85,683,768,8.035294117647059
972,315,1287,0.32407407407407407
13,381,394,29.307692307692307
13,576,589,44.30769230769231
13,226,239,17.384615384615383
51,289,340,5.666666666666667
32,564,596,17.625
52,110,162,2.1153846153846154
498,341,839,0.6847389558232931
1466,343,1809,0.2339699863574352
472,259,731,0.548728813559322
40,912,952,22.8
45,42,87,0.9333333333333333
27,336,363,12.444444444444445
15,388,403,25.866666666666667
64,264,328,4.125
33,486,519,14.727272727272727
1202,8,1210,0.0066555740432612314
26,25,51,0.9615384615384616
33,52,85,1.5757575757575757
15,230,245,15.333333333333334
21,55,76,2.619047619047619
35,160,195,4.571428571428571
231,40,271,0.17316017316017315
53,641,694,12.09433962264151
52,635,687,12.211538461538462
128,98,226,0.765625
12,265,277,22.083333333333332
135,105,240,0.7777777777777778
507,726,1233,1.4319526627218935
18,117,135,6.5
11,347,358,31.545454545454547
6,164,170,27.333333333333332
92,163,255,1.7717391304347827
16,183,199,11.4375
49,319,368,6.510204081632653
15,512,527,34.13333333333333
7,451,458,64.42857142857143
271,149,420,0.5498154981549815
30,224,254,7.466666666666667
25,29,54,1.16
222,45,267,0.20270270270270271
11,607,618,55.18181818181818
119,438,557,3.680672268907563
7,496,503,70.85714285714286
1055,65,1120,0.061611374407582936
27,283,310,10.481481481481481
86,585,671,6.8023255813953485
61,519,580,8.508196721311476
71,626,697,8.816901408450704
177,79,256,0.4463276836158192
109,380,489,3.4862385321100917
1703,36,1739,0.021139166177334117
91,504,595,5.538461538461538
20,567,587,28.35
1002,1040,2042,1.0379241516966067
493,104,597,0.21095334685598377
98,29,127,0.29591836734693877
31,824,855,26.580645161290324
10,493,503,49.3
7,127,134,18.142857142857142
80,130,210,1.625
47,454,501,9.659574468085106
124,459,583,3.7016129032258065
118,749,867,6.3474576271186445
17,183,200,10.764705882352942
18,849,867,47.166666666666664
172,361,533,2.0988372093023258
20,329,349,16.45
16,157,173,9.8125
26,252,278,9.692307692307692
127,869,996,6.84251968503937
71,898,969,12.647887323943662
60,124,184,2.066666666666667
127,412,539,3.2440944881889764
78,287,365,3.6794871794871793
487,319,806,0.6550308008213552
909,717,1626,0.7887788778877888
3,240,243,80.0
47,319,366,6.787234042553192
189,516,705,2.7301587301587302
39,188,227,4.82051282051282
11,326,337,29.636363636363637
80,305,385,3.8125
30,70,100,2.3333333333333335
49,306,355,6.244897959183674
657,52,709,0.0791476407914764
9,23,32,2.5555555555555554
17,91,108,5.352941176470588
122,168,290,1.3770491803278688
10,139,149,13.9
69,16,85,0.2318840579710145
13,127,140,9.76923076923077
558,1007,1565,1.8046594982078854
15,619,634,41.266666666666666
2049,300,2349,0.14641288433382138
12,187,199,15.583333333333334
756,651,1407,0.8611111111111112
43,799,842,18.58139534883721
11,129,140,11.727272727272727
7,218,225,31.142857142857142
16,318,334,19.875
29,179,208,6.172413793103448
43,475,518,11.046511627906977
23,253,276,11.0
13,389,402,29.923076923076923
19,222,241,11.68421052631579
4,457,461,114.25
43,239,282,5.558139534883721
39,98,137,2.5128205128205128
626,161,787,0.2571884984025559
54,470,524,8.703703703703704
84,59,143,0.7023809523809523
1364,228,1592,0.16715542521994134
10,289,299,28.9
42,594,636,14.142857142857142
10,215,225,21.5
14,134,148,9.571428571428571
19,147,166,7.7368421052631575
131,489,620,3.732824427480916
78,214,292,2.7435897435897436
96,504,600,5.25
32,969,1001,30.28125
12,497,509,41.416666666666664
769,192,961,0.24967490247074123
2,872,874,436.0
20,260,280,13.0
18,286,304,15.88888888888889
641,202,843,0.31513260530421217
118,513,631,4.3474576271186445
6,701,707,116.83333333333333
15,459,474,30.6
12,406,418,33.833333333333336
16,328,344,20.5
14,420,434,30.0
27,251,278,9.296296296296296
339,1016,1355,2.9970501474926254
6,248,254,41.333333333333336
494,635,1129,1.285425101214575
8,221,229,27.625
48,655,703,13.645833333333334
459,232,691,0.5054466230936819
2863,202,3065,0.07055536150890675
9,954,963,106.0
8,144,152,18.0
11,423,434,38.45454545454545
12,659,671,54.916666666666664
652,121,773,0.18558282208588958
681,559,1240,0.8208516886930984
7,223,230,31.857142857142858
28,333,361,11.892857142857142
236,180,416,0.7627118644067796
18,145,163,8.055555555555555
26,46,72,1.7692307692307692
6,147,153,24.5
2611,107,2718,0.0409804672539257
103,26,129,0.2524271844660194
852,857,1709,1.005868544600939
113,237,350,2.0973451327433628
29,213,242,7.344827586206897
155,457,612,2.9483870967741934
464,291,755,0.6271551724137931
2649,80,2729,0.03020007550018875
455,18,473,0.03956043956043956
1084,208,1292,0.1918819188191882
69,270,339,3.9130434782608696
74,67,141,0.9054054054054054
23,423,446,18.391304347826086
88,1057,1145,12.011363636363637
23,591,614,25.695652173913043
22,212,234,9.636363636363637
26,129,155,4.961538461538462
40,231,271,5.775
22,182,204,8.272727272727273
158,179,337,1.1329113924050633
38,613,651,16.13157894736842
1262,328,1590,0.25990491283676703
17,335,352,19.705882352941178
8,289,297,36.125
13,332,345,25.53846153846154
22,339,361,15.409090909090908
18,662,680,36.77777777777778
290,123,413,0.4241379310344828
41,250,291,6.097560975609756
25,259,284,10.36
21,889,910,42.333333333333336
87,341,428,3.9195402298850577
161,49,210,0.30434782608695654
19,158,177,8.31578947368421
26,112,138,4.3076923076923075
44,256,300,5.818181818181818
55,746,801,13.563636363636364
16,256,272,16.0
58,233,291,4.017241379310345
598,461,1059,0.7709030100334449
13,463,476,35.61538461538461
1692,392,2084,0.23167848699763594
2,11,13,5.5
33,293,326,8.878787878787879
50,299,349,5.98
523,171,694,0.32695984703632885
28,583,611,20.821428571428573
158,327,485,2.069620253164557
23,170,193,7.391304347826087
14,319,333,22.785714285714285
17,176,193,10.352941176470589
81,331,412,4.08641975308642
12,20,32,1.6666666666666667
151,867,1018,5.741721854304636
219,350,569,1.5981735159817352
160,122,282,0.7625
25,404,429,16.16
59,388,447,6.576271186440678
8,667,675,83.375
36,962,998,26.72222222222222
29,390,419,13.448275862068966
10,69,79,6.9
983,886,1869,0.901322482197355
484,515,999,1.0640495867768596
30,975,1005,32.5
886,660,1546,0.744920993227991
13,779,792,59.92307692307692
26,101,127,3.8846153846153846
31,62,93,2.0
261,544,805,2.0842911877394634
60,377,437,6.283333333333333
27,14,41,0.5185185185185185
47,458,505,9.74468085106383
7,268,275,38.285714285714285
397,128,525,0.3224181360201511
4,74,78,18.5
12,121,133,10.083333333333334
50,249,299,4.98
27,361,388,13.37037037037037
314,4,318,0.012738853503184714
17,299,316,17.58823529411765
15,632,647,42.13333333333333
728,71,799,0.09752747252747253
1108,22,1130,0.019855595667870037
120,417,537,3.475
63,217,280,3.4444444444444446
4,82,86,20.5
59,430,489,7.288135593220339
13,379,392,29.153846153846153
32,245,277,7.65625
3,560,563,186.66666666666666
47,107,154,2.276595744680851
193,479,672,2.481865284974093
39,338,377,8.666666666666666
331,491,822,1.4833836858006042
167,372,539,2.2275449101796405
4,312,316,78.0
18,183,201,10.166666666666666
54,160,214,2.962962962962963
101,6,107,0.0594059405940594
29,374,403,12.89655172413793
160,156,316,0.975
11,281,292,25.545454545454547
1125,153,1278,0.136
9,1009,1018,112.11111111111111
44,56,100,1.2727272727272727
48,319,367,6.645833333333333
447,411,858,0.9194630872483222
7,271,278,38.714285714285715
36,408,444,11.333333333333334
25,391,416,15.64
7,283,290,40.42857142857143
450,600,1050,1.3333333333333333
1255,468,1723,0.37290836653386455
252,584,836,2.3174603174603177
917,134,1051,0.14612868047982552
18,220,238,12.222222222222221
94,650,744,6.914893617021277
6,399,405,66.5
12,224,236,18.666666666666668
16,103,119,6.4375
16,266,282,16.625
6,23,29,3.8333333333333335
16,371,387,23.1875
12,456,468,38.0
1001,34,1035,0.03396603396603397
16,285,301,17.8125
10,174,184,17.4
36,1009,1045,28.02777777777778
38,517,555,13.605263157894736
49,202,251,4.122448979591836
23,613,636,26.652173913043477
1055,258,1313,0.24454976303317535
73,460,533,6.301369863013699
8,230,238,28.75
87,400,487,4.597701149425287
20,616,636,30.8
151,607,758,4.0198675496688745
421,81,502,0.19239904988123516
819,183,1002,0.22344322344322345
27,96,123,3.5555555555555554
6,468,474,78.0
18,922,940,51.22222222222222
45,420,465,9.333333333333334
173,81,254,0.4682080924855491
29,457,486,15.758620689655173
12,510,522,42.5
23,430,453,18.695652173913043
2377,208,2585,0.08750525872949096
33,184,217,5.575757575757576
24,6,30,0.25
12,430,442,35.833333333333336
39,185,224,4.743589743589744
1385,619,2004,0.4469314079422383
989,405,1394,0.40950455005055614
8,312,320,39.0
18,114,132,6.333333333333333
21,38,59,1.8095238095238095
1,12,13,12.0
34,382,416,11.235294117647058
68,39,107,0.5735294117647058
515,159,674,0.3087378640776699
25,287,312,11.48
11,204,215,18.545454545454547
474,414,888,0.8734177215189873
91,587,678,6.450549450549451
12,74,86,6.166666666666667
29,456,485,15.724137931034482
52,298,350,5.730769230769231
74,400,474,5.405405405405405
164,541,705,3.298780487804878
55,553,608,10.054545454545455
41,867,908,21.146341463414632
15,108,123,7.2
280,181,461,0.6464285714285715
31,393,424,12.67741935483871
1375,652,2027,0.4741818181818182
43,139,182,3.2325581395348837
9,98,107,10.88888888888889
49,27,76,0.5510204081632653
209,116,325,0.5550239234449761
11,301,312,27.363636363636363
50,43,93,0.86
16,194,210,12.125
6,269,275,44.833333333333336
8,372,380,46.5
690,346,1036,0.5014492753623189
30,211,241,7.033333333333333
248,164,412,0.6612903225806451
59,23,82,0.3898305084745763
1036,762,1798,0.7355212355212355
489,327,816,0.6687116564417178
125,106,231,0.848
37,199,236,5.378378378378378
61,257,318,4.213114754098361
22,63,85,2.8636363636363638
15,104,119,6.933333333333334
107,368,475,3.439252336448598
14,350,364,25.0
22,313,335,14.227272727272727
434,377,811,0.868663594470046
23,87,110,3.782608695652174
78,199,277,2.551282051282051
142,241,383,1.6971830985915493
167,275,442,1.6467065868263473
11,42,53,3.8181818181818183
1,143,144,143.0
1255,691,1946,0.550597609561753
78,214,292,2.7435897435897436
46,409,455,8.891304347826088
8,28,36,3.5
7,261,268,37.285714285714285
9,21,30,2.3333333333333335
17,332,349,19.529411764705884
261,445,706,1.7049808429118773
574,419,993,0.7299651567944251
1308,148,1456,0.11314984709480122
18,358,376,19.88888888888889
11,413,424,37.54545454545455
68,721,789,10.602941176470589
24,382,406,15.916666666666666
19,469,488,24.68421052631579
20,325,345,16.25
19,111,130,5.842105263157895
746,169,915,0.22654155495978553
122,334,456,2.737704918032787
181,716,897,3.955801104972376
573,148,721,0.2582897033158813
9,207,216,23.0
16,171,187,10.6875
15,129,144,8.6
193,714,907,3.699481865284974
135,284,419,2.1037037037037036
261,445,706,1.7049808429118773
14,458,472,32.714285714285715
184,882,1066,4.793478260869565
12,116,128,9.666666666666666
2,11,13,5.5
15,407,422,27.133333333333333
13,150,163,11.538461538461538
10,282,292,28.2
769,32,801,0.04161248374512354
1162,315,1477,0.2710843373493976
7,235,242,33.57142857142857
1043,568,1611,0.5445829338446788
20,114,134,5.7
9,344,353,38.22222222222222
262,514,776,1.9618320610687023
17,391,408,23.0
1382,136,1518,0.09840810419681621
113,726,839,6.424778761061947
17,339,356,19.941176470588236
91,321,412,3.5274725274725274
309,185,494,0.598705501618123
952,84,1036,0.08823529411764706
138,323,461,2.3405797101449277
13,468,481,36.0
14,134,148,9.571428571428571
31,85,116,2.7419354838709675
1525,28,1553,0.018360655737704918
91,99,190,1.0879120879120878
54,774,828,14.333333333333334
4,754,758,188.5
14,336,350,24.0
186,341,527,1.8333333333333333
399,522,921,1.3082706766917294
24,90,114,3.75
37,257,294,6.945945945945946
22,149,171,6.7727272727272725
17,265,282,15.588235294117647
1796,854,2650,0.4755011135857461
20,392,412,19.6
21,29,50,1.380952380952381
8,142,150,17.75
1921,6,1927,0.0031233732431025507
28,537,565,19.178571428571427
18,97,115,5.388888888888889
86,28,114,0.32558139534883723
30,102,132,3.4
2,11,13,5.5
12,393,405,32.75
123,384,507,3.1219512195121952
4,141,145,35.25
41,479,520,11.682926829268293
87,565,652,6.494252873563219
448,940,1388,2.0982142857142856
140,575,715,4.107142857142857
3626,75,3701,0.020683949255377827
449,135,584,0.30066815144766146
1023,255,1278,0.24926686217008798
44,236,280,5.363636363636363
13,285,298,21.923076923076923
42,121,163,2.880952380952381
1792,421,2213,0.23493303571428573
2,11,13,5.5
430,587,1017,1.3651162790697675
50,151,201,3.02
28,692,720,24.714285714285715
1806,278,2084,0.1539313399778516
115,401,516,3.4869565217391303
111,224,335,2.018018018018018
66,48,114,0.7272727272727273
6,219,225,36.5
1888,996,2884,0.527542372881356
75,125,200,1.6666666666666667
379,197,576,0.5197889182058048
68,119,187,1.75
37,691,728,18.675675675675677
196,461,657,2.3520408163265305
12,391,403,32.583333333333336
12,233,245,19.416666666666668
19,326,345,17.157894736842106
149,93,242,0.6241610738255033
43,80,123,1.8604651162790697
118,146,264,1.2372881355932204
1470,291,1761,0.19795918367346937
119,205,324,1.7226890756302522
10,462,472,46.2
50,39,89,0.78
2248,430,2678,0.19128113879003558
84,474,558,5.642857142857143
1102,544,1646,0.49364791288566245
21,683,704,32.523809523809526
33,366,399,11.090909090909092
133,319,452,2.398496240601504
108,308,416,2.8518518518518516
98,929,1027,9.479591836734693
148,1017,1165,6.871621621621622
7,204,211,29.142857142857142
83,226,309,2.7228915662650603
14,270,284,19.285714285714285
36,417,453,11.583333333333334
77,619,696,8.03896103896104
498,444,942,0.891566265060241
14,428,442,30.571428571428573
76,479,555,6.302631578947368
35,1122,1157,32.05714285714286
207,588,795,2.8405797101449277
22,363,385,16.5
47,406,453,8.638297872340425
13,298,311,22.923076923076923
64,293,357,4.578125
71,441,512,6.211267605633803
314,605,919,1.9267515923566878
46,613,659,13.326086956521738
23,488,511,21.217391304347824
12,291,303,24.25
13,270,283,20.76923076923077
18,366,384,20.333333333333332
97,409,506,4.216494845360825
47,294,341,6.25531914893617
291,293,584,1.006872852233677
3,11,14,3.6666666666666665
26,279,305,10.73076923076923
30,26,56,0.8666666666666667
210,154,364,0.7333333333333333
46,81,127,1.7608695652173914
28,244,272,8.714285714285714
1010,168,1178,0.16633663366336635
22,468,490,21.272727272727273
3486,147,3633,0.04216867469879518
16,498,514,31.125
284,38,322,0.13380281690140844
32,677,709,21.15625
10,119,129,11.9
121,107,228,0.8842975206611571
11,120,131,10.909090909090908
1230,960,2190,0.7804878048780488
58,356,414,6.137931034482759
17,232,249,13.647058823529411
16,240,256,15.0
51,938,989,18.392156862745097
46,763,809,16.58695652173913
21,380,401,18.095238095238095
6,306,312,51.0
41,250,291,6.097560975609756
177,5,182,0.02824858757062147
25,23,48,0.92
267,156,423,0.5842696629213483
1767,757,2524,0.42840973401245047
11,102,113,9.272727272727273
54,128,182,2.3703703703703702
17,430,447,25.294117647058822
13,246,259,18.923076923076923
16,197,213,12.3125
122,428,550,3.5081967213114753
88,720,808,8.181818181818182
20,222,242,11.1
38,117,155,3.0789473684210527
14,279,293,19.928571428571427
19,348,367,18.31578947368421
14,331,345,23.642857142857142
1684,867,2551,0.5148456057007126
2282,436,2718,0.19106047326906223
9,150,159,16.666666666666668
106,875,981,8.254716981132075
130,523,653,4.023076923076923
423,119,542,0.28132387706855794
9,287,296,31.88888888888889
28,775,803,27.678571428571427
905,105,1010,0.11602209944751381
18,236,254,13.11111111111111
6,307,313,51.166666666666664
10,182,192,18.2
21,145,166,6.904761904761905
55,152,207,2.7636363636363637
35,810,845,23.142857142857142
25,887,912,35.48
47,81,128,1.7234042553191489
55,277,332,5.036363636363636
56,237,293,4.232142857142857
1260,287,1547,0.22777777777777777
864,119,983,0.13773148148148148
12,372,384,31.0
17,338,355,19.88235294117647
7,108,115,15.428571428571429
715,259,974,0.3622377622377622
95,221,316,2.3263157894736843
7,58,65,8.285714285714286
47,331,378,7.042553191489362
24,490,514,20.416666666666668
36,416,452,11.555555555555555
1473,59,1532,0.04005431093007468
22,136,158,6.181818181818182
42,369,411,8.785714285714286
31,249,280,8.03225806451613
32,431,463,13.46875
33,27,60,0.8181818181818182
211,358,569,1.6966824644549763
25,29,54,1.16
25,42,67,1.68
11,627,638,57.0
9,474,483,52.666666666666664
1128,202,1330,0.17907801418439717
42,510,552,12.142857142857142
21,695,716,33.095238095238095
10,400,410,40.0
10,28,38,2.8
6,82,88,13.666666666666666
738,293,1031,0.3970189701897019
16,366,382,22.875
35,234,269,6.685714285714286
287,539,826,1.8780487804878048
46,623,669,13.543478260869565
1109,35,1144,0.031559963931469794
16,119,135,7.4375
167,578,745,3.461077844311377
1109,145,1254,0.13074842200180342
375,432,807,1.152
184,497,681,2.7010869565217392
13,234,247,18.0
15,309,324,20.6
32,305,337,9.53125
1283,936,2219,0.7295401402961809
73,776,849,10.63013698630137
81,235,316,2.9012345679012346
84,474,558,5.642857142857143
9,95,104,10.555555555555555
235,223,458,0.948936170212766
188,331,519,1.7606382978723405
783,392,1175,0.5006385696040868
12,189,201,15.75
105,337,442,3.2095238095238097
1537,305,1842,0.19843851659076123
773,584,1357,0.7554980595084088
20,348,368,17.4
45,415,460,9.222222222222221
21,261,282,12.428571428571429
10,59,69,5.9
4,424,428,106.0
31,639,670,20.612903225806452
30,591,621,19.7
36,1021,1057,28.36111111111111
357,17,374,0.047619047619047616
92,285,377,3.097826086956522
71,464,535,6.535211267605634
227,408,635,1.7973568281938326
13,131,144,10.076923076923077
77,26,103,0.33766233766233766
114,8,122,0.07017543859649122
756,651,1407,0.8611111111111112
13,99,112,7.615384615384615
386,126,512,0.32642487046632124
9,348,357,38.666666666666664
18,453,471,25.166666666666668
154,875,1029,5.681818181818182
441,31,472,0.07029478458049887
68,767,835,11.279411764705882
30,156,186,5.2
21,199,220,9.476190476190476
12,83,95,6.916666666666667
19,365,384,19.210526315789473
317,503,820,1.586750788643533
885,199,1084,0.2248587570621469
114,293,407,2.5701754385964914
750,502,1252,0.6693333333333333
7,762,769,108.85714285714286
7,218,225,31.142857142857142
11,246,257,22.363636363636363
1968,500,2468,0.2540650406504065
12,43,55,3.5833333333333335
18,463,481,25.72222222222222
14,427,441,30.5
105,129,234,1.2285714285714286
249,617,866,2.4779116465863456
29,555,584,19.137931034482758
24,606,630,25.25
3682,21,3703,0.005703422053231939
9,239,248,26.555555555555557
77,626,703,8.12987012987013
7,413,420,59.0
172,208,380,1.2093023255813953
23,42,65,1.826086956521739
62,607,669,9.790322580645162
110,491,601,4.463636363636364
85,111,196,1.3058823529411765
481,210,691,0.4365904365904366
27,204,231,7.555555555555555
34,551,585,16.205882352941178
32,166,198,5.1875
3,11,14,3.6666666666666665
19,306,325,16.105263157894736
136,351,487,2.5808823529411766
10,145,155,14.5
23,77,100,3.347826086956522
3703,85,3788,0.022954361328652445
24,331,355,13.791666666666666
77,533,610,6.922077922077922
11,379,390,34.45454545454545
14,349,363,24.928571428571427
232,318,550,1.3706896551724137
43,770,813,17.906976744186046
11,68,79,6.181818181818182
20,138,158,6.9
9,348,357,38.666666666666664
25,478,503,19.12
50,192,242,3.84
40,43,83,1.075
27,206,233,7.62962962962963
54,147,201,2.7222222222222223
20,356,376,17.8
12,288,300,24.0
829,144,973,0.17370325693606756
33,356,389,10.787878787878787
58,857,915,14.775862068965518
687,364,1051,0.529839883551674
48,120,168,2.5
1792,788,2580,0.43973214285714285
157,125,282,0.7961783439490446
32,68,100,2.125
9,150,159,16.666666666666668
270,112,382,0.4148148148148148
602,753,1355,1.2508305647840532
49,411,460,8.387755102040817
1116,1044,2160,0.9354838709677419
615,594,1209,0.9658536585365853
38,357,395,9.394736842105264
2958,283,3241,0.09567275185936444
20,344,364,17.2
441,503,944,1.1405895691609977
662,397,1059,0.5996978851963746
2,9,11,4.5
31,592,623,19.096774193548388
25,478,503,19.12
14,223,237,15.928571428571429
45,115,160,2.5555555555555554
54,751,805,13.907407407407407
15,323,338,21.533333333333335
329,49,378,0.14893617021276595
477,846,1323,1.7735849056603774
18,341,359,18.944444444444443
30,329,359,10.966666666666667
27,367,394,13.592592592592593
145,498,643,3.43448275862069
39,437,476,11.205128205128204
178,163,341,0.9157303370786517
10,301,311,30.1
93,123,216,1.3225806451612903
128,133,261,1.0390625
20,294,314,14.7
101,110,211,1.0891089108910892
17,339,356,19.941176470588236
1773,56,1829,0.03158488437676255
17,102,119,6.0
9,967,976,107.44444444444444
15,328,343,21.866666666666667
21,597,618,28.428571428571427
174,487,661,2.7988505747126435
15,328,343,21.866666666666667
91,54,145,0.5934065934065934
85,312,397,3.6705882352941175
180,467,647,2.5944444444444446
19,219,238,11.526315789473685
8,136,144,17.0
154,613,767,3.9805194805194803
15,265,280,17.666666666666668
156,390,546,2.5
44,986,1030,22.40909090909091
46,496,542,10.782608695652174
12,247,259,20.583333333333332
66,94,160,1.4242424242424243
84,182,266,2.1666666666666665
3113,723,3836,0.2322518470928365
570,978,1548,1.7157894736842105
105,158,263,1.5047619047619047
38,41,79,1.0789473684210527
13,284,297,21.846153846153847
18,231,249,12.833333333333334
22,499,521,22.681818181818183
12,147,159,12.25
175,45,220,0.2571428571428571
12,334,346,27.833333333333332
1744,80,1824,0.045871559633027525
10,23,33,2.3
13,595,608,45.76923076923077
62,91,153,1.467741935483871
20,383,403,19.15
17,314,331,18.470588235294116
14,368,382,26.285714285714285
4,312,316,78.0
14,352,366,25.142857142857142
157,125,282,0.7961783439490446
44,404,448,9.181818181818182
26,313,339,12.038461538461538
293,250,543,0.8532423208191127
51,634,685,12.431372549019608
763,448,1211,0.5871559633027523
13,54,67,4.153846153846154
139,845,984,6.079136690647482
15,336,351,22.4
75,337,412,4.493333333333333
11,195,206,17.727272727272727
52,316,368,6.076923076923077
79,175,254,2.2151898734177213
2722,25,2747,0.009184423218221896
42,559,601,13.30952380952381
26,395,421,15.192307692307692
9,142,151,15.777777777777779
1018,292,1310,0.2868369351669941
71,144,215,2.028169014084507
1314,402,1716,0.3059360730593607
13,37,50,2.8461538461538463
8,410,418,51.25
3368,518,3886,0.15380047505938244
21,515,536,24.523809523809526
13,438,451,33.69230769230769
12,856,868,71.33333333333333
52,338,390,6.5
21,567,588,27.0
11,30,41,2.727272727272727
46,386,432,8.391304347826088
9,115,124,12.777777777777779
4,91,95,22.75
21,540,561,25.714285714285715
1440,633,2073,0.4395833333333333
329,722,1051,2.1945288753799392
39,53,92,1.358974358974359
13,136,149,10.461538461538462
204,154,358,0.7549019607843137
28,507,535,18.107142857142858
38,61,99,1.605263157894737
139,789,928,5.676258992805756
22,197,219,8.954545454545455
262,632,894,2.4122137404580153
98,349,447,3.561224489795918
1050,762,1812,0.7257142857142858
22,22,44,1.0
851,279,1130,0.32784958871915393
77,309,386,4.012987012987013
8,101,109,12.625
170,321,491,1.888235294117647
44,208,252,4.7272727272727275
68,367,435,5.397058823529412
17,137,154,8.058823529411764
151,607,758,4.0198675496688745
24,347,371,14.458333333333334
13,426,439,32.76923076923077
46,254,300,5.521739130434782
86,37,123,0.43023255813953487
21,193,214,9.19047619047619
128,246,374,1.921875
46,743,789,16.152173913043477
102,278,380,2.7254901960784315
242,279,521,1.1528925619834711
259,56,315,0.21621621621621623
95,254,349,2.6736842105263157
73,754,827,10.32876712328767
136,981,1117,7.213235294117647
9,228,237,25.333333333333332
26,862,888,33.15384615384615
21,319,340,15.19047619047619
4,62,66,15.5
27,57,84,2.111111111111111
414,139,553,0.3357487922705314
46,8,54,0.17391304347826086
2393,229,2622,0.09569577935645633
11,351,362,31.90909090909091
22,40,62,1.8181818181818181
262,114,376,0.4351145038167939
40,46,86,1.15
22,253,275,11.5
43,262,305,6.093023255813954
32,28,60,0.875
67,343,410,5.119402985074627
9,460,469,51.111111111111114
24,33,57,1.375
27,159,186,5.888888888888889
13,836,849,64.3076923076923
90,90,180,1.0
445,433,878,0.9730337078651685
7,854,861,122.0
40,249,289,6.225
67,358,425,5.343283582089552
24,381,405,15.875
9,24,33,2.6666666666666665
9,645,654,71.66666666666667
17,865,882,50.88235294117647
365,657,1022,1.8
293,101,394,0.3447098976109215
368,161,529,0.4375
67,211,278,3.1492537313432836
14,435,449,31.071428571428573
231,744,975,3.220779220779221
15,543,558,36.2
29,208,237,7.172413793103448
10,136,146,13.6
906,167,1073,0.18432671081677704
48,211,259,4.395833333333333
2050,323,2373,0.1575609756097561
1209,519,1728,0.4292803970223325
103,283,386,2.7475728155339807
18,463,481,25.72222222222222
21,632,653,30.095238095238095
11,476,487,43.27272727272727
101,141,242,1.396039603960396
10,102,112,10.2
13,145,158,11.153846153846153
95,938,1033,9.873684210526315
22,284,306,12.909090909090908
51,328,379,6.431372549019608
1404,129,1533,0.09188034188034189
21,73,94,3.4761904761904763
20,66,86,3.3
27,221,248,8.185185185185185
10,26,36,2.6
2,11,13,5.5
24,261,285,10.875
41,153,194,3.731707317073171
16,296,312,18.5
15,210,225,14.0
33,441,474,13.363636363636363
44,398,442,9.045454545454545
78,227,305,2.91025641025641
917,969,1886,1.0567066521264994
39,83,122,2.128205128205128
12,334,346,27.833333333333332
13,270,283,20.76923076923077
63,379,442,6.015873015873016
427,608,1035,1.423887587822014
163,211,374,1.294478527607362
16,668,684,41.75
25,304,329,12.16
2,50,52,25.0
482,631,1113,1.3091286307053942
7,266,273,38.0
54,429,483,7.944444444444445
2472,205,2677,0.08292880258899676
5,279,284,55.8
1093,203,1296,0.18572735590118938
109,935,1044,8.577981651376147
50,363,413,7.26
4,11,15,2.75
15,251,266,16.733333333333334
10,173,183,17.3
48,188,236,3.9166666666666665
8,90,98,11.25
294,414,708,1.4081632653061225
22,445,467,20.227272727272727
16,26,42,1.625
129,205,334,1.5891472868217054
178,148,326,0.8314606741573034
6,125,131,20.833333333333332
70,427,497,6.1
10,266,276,26.6
61,272,333,4.459016393442623
1849,676,2525,0.3656030286641428
52,66,118,1.2692307692307692
27,395,422,14.62962962962963
15,29,44,1.9333333333333333
45,136,181,3.022222222222222
448,951,1399,2.122767857142857
96,6,102,0.0625
64,444,508,6.9375
27,269,296,9.962962962962964
2,11,13,5.5
135,760,895,5.62962962962963
353,272,625,0.7705382436260623
1100,498,1598,0.4527272727272727
70,86,156,1.2285714285714286
416,842,1258,2.0240384615384617
2082,25,2107,0.012007684918347743
74,536,610,7.243243243243243
20,35,55,1.75
77,96,173,1.2467532467532467
8,165,173,20.625
26,462,488,17.76923076923077
21,228,249,10.857142857142858
89,224,313,2.5168539325842696
76,333,409,4.381578947368421
9,530,539,58.888888888888886
15,391,406,26.066666666666666
68,268,336,3.9411764705882355
57,246,303,4.315789473684211
183,855,1038,4.672131147540983
118,37,155,0.3135593220338983
11,102,113,9.272727272727273
26,583,609,22.423076923076923
44,30,74,0.6818181818181818
17,579,596,34.05882352941177
12,198,210,16.5
355,455,810,1.2816901408450705
13,304,317,23.384615384615383
20,29,49,1.45
1307,770,2077,0.5891354246365723
1784,850,2634,0.476457399103139
8,122,130,15.25
11,618,629,56.18181818181818
55,342,397,6.218181818181818
139,249,388,1.79136690647482
1221,497,1718,0.407043407043407
1337,26,1363,0.01944652206432311
364,838,1202,2.302197802197802
734,308,1042,0.4196185286103542
457,342,799,0.7483588621444202
1241,23,1264,0.018533440773569703
13,58,71,4.461538461538462
264,976,1240,3.696969696969697
30,283,313,9.433333333333334
55,484,539,8.8
76,46,122,0.6052631578947368
23,547,570,23.782608695652176
183,42,225,0.22950819672131148
729,782,1511,1.0727023319615911
7,173,180,24.714285714285715
63,274,337,4.349206349206349
7,339,346,48.42857142857143
74,223,297,3.0135135135135136
102,452,554,4.431372549019608
18,503,521,27.944444444444443
39,165,204,4.230769230769231
167,304,471,1.8203592814371257
9,231,240,25.666666666666668
2801,57,2858,0.02034987504462692
138,196,334,1.4202898550724639
36,288,324,8.0
789,837,1626,1.0608365019011408
150,782,932,5.213333333333333
1289,148,1437,0.11481768813033359
59,175,234,2.9661016949152543
2,11,13,5.5
2656,173,2829,0.0651355421686747
134,506,640,3.7761194029850746
15,677,692,45.13333333333333
15,5,20,0.3333333333333333
62,409,471,6.596774193548387
8,111,119,13.875
147,759,906,5.163265306122449
23,429,452,18.652173913043477
153,27,180,0.17647058823529413
1153,12,1165,0.010407632263660017
19,361,380,19.0
716,907,1623,1.2667597765363128
21,515,536,24.523809523809526
15,462,477,30.8
4,352,356,88.0
20,69,89,3.45
12,784,796,65.33333333333333
11,584,595,53.09090909090909
100,438,538,4.38
1899,724,2623,0.38125329120589785
120,835,955,6.958333333333333
10,119,129,11.9
546,223,769,0.4084249084249084
16,688,704,43.0
2,11,13,5.5
10,390,400,39.0
11,136,147,12.363636363636363
18,64,82,3.5555555555555554
1011,37,1048,0.036597428288822946
14,318,332,22.714285714285715
40,228,268,5.7
19,487,506,25.63157894736842
22,470,492,21.363636363636363
25,351,376,14.04
30,406,436,13.533333333333333
84,599,683,7.130952380952381
7,211,218,30.142857142857142
16,552,568,34.5
20,492,512,24.6
104,238,342,2.2884615384615383
131,53,184,0.40458015267175573
5,933,938,186.6
36,412,448,11.444444444444445
22,172,194,7.818181818181818
394,781,1175,1.982233502538071
34,258,292,7.588235294117647
10,556,566,55.6
308,237,545,0.7694805194805194
6,215,221,35.833333333333336
22,25,47,1.1363636363636365
624,382,1006,0.6121794871794872
1014,363,1377,0.35798816568047337
335,104,439,0.31044776119402984
15,1039,1054,69.26666666666667
14,79,93,5.642857142857143
7,249,256,35.57142857142857
233,260,493,1.1158798283261802
28,54,82,1.9285714285714286
11,138,149,12.545454545454545
144,313,457,2.173611111111111
22,415,437,18.863636363636363
9,158,167,17.555555555555557
58,459,517,7.913793103448276
48,198,246,4.125
76,384,460,5.052631578947368
32,351,383,10.96875
7,118,125,16.857142857142858
2,11,13,5.5
66,266,332,4.03030303030303
77,112,189,1.4545454545454546
69,441,510,6.391304347826087
144,439,583,3.048611111111111
13,116,129,8.923076923076923
8,150,158,18.75
118,497,615,4.211864406779661
9,544,553,60.44444444444444
84,352,436,4.190476190476191
83,142,225,1.7108433734939759
3033,915,3948,0.3016815034619189
10,121,131,12.1
14,281,295,20.071428571428573
43,344,387,8.0
1743,530,2273,0.30407343660355707
70,465,535,6.642857142857143
70,588,658,8.4
18,365,383,20.27777777777778
24,645,669,26.875
24,5,29,0.20833333333333334
18,492,510,27.333333333333332
229,1026,1255,4.4803493449781655
19,605,624,31.842105263157894
18,130,148,7.222222222222222
12,158,170,13.166666666666666
4,110,114,27.5
36,440,476,12.222222222222221
10,25,35,2.5
181,121,302,0.6685082872928176
289,146,435,0.5051903114186851
9,144,153,16.0
949,1011,1960,1.065331928345627
16,191,207,11.9375
27,74,101,2.740740740740741
2881,193,3074,0.06699062825407845
3127,631,3758,0.20179085385353374
65,319,384,4.907692307692308
434,429,863,0.988479262672811
19,464,483,24.42105263157895
106,42,148,0.39622641509433965
22,542,564,24.636363636363637
375,5,380,0.013333333333333334
80,264,344,3.3
20,405,425,20.25
265,467,732,1.7622641509433963
13,127,140,9.76923076923077
48,51,99,1.0625
5,28,33,5.6
51,779,830,15.27450980392157
3669,232,3901,0.06323248841646226
85,242,327,2.847058823529412
18,471,489,26.166666666666668
39,45,84,1.1538461538461537
6,704,710,117.33333333333333
24,425,449,17.708333333333332
103,542,645,5.262135922330097
304,195,499,0.6414473684210527
11,426,437,38.72727272727273
11,535,546,48.63636363636363
33,310,343,9.393939393939394
12,86,98,7.166666666666667
13,523,536,40.23076923076923
15,348,363,23.2
62,69,131,1.1129032258064515
14,534,548,38.142857142857146
13,279,292,21.46153846153846
27,345,372,12.777777777777779
18,286,304,15.88888888888889
21,697,718,33.19047619047619
61,580,641,9.508196721311476
188,242,430,1.2872340425531914
17,117,134,6.882352941176471
206,213,419,1.0339805825242718
37,923,960,24.945945945945947
901,221,1122,0.24528301886792453
51,102,153,2.0
13,355,368,27.307692307692307
10,237,247,23.7
86,208,294,2.4186046511627906
12,47,59,3.9166666666666665
22,529,551,24.045454545454547
1257,724,1981,0.5759745425616547
119,347,466,2.9159663865546217
12,343,355,28.583333333333332
5,358,363,71.6
10,120,130,12.0
15,207,222,13.8
17,547,564,32.1764705882353
318,677,995,2.1289308176100628
186,226,412,1.2150537634408602
56,54,110,0.9642857142857143
1519,23,1542,0.015141540487162607
14,459,473,32.785714285714285
16,35,51,2.1875
10,89,99,8.9
6,483,489,80.5
36,189,225,5.25
99,403,502,4.070707070707071
20,367,387,18.35
37,636,673,17.18918918918919
9,283,292,31.444444444444443
24,458,482,19.083333333333332
24,347,371,14.458333333333334
15,265,280,17.666666666666668
9,163,172,18.11111111111111
62,249,311,4.016129032258065
17,433,450,25.470588235294116
863,207,1070,0.2398609501738123
1322,398,1720,0.3010590015128593
23,278,301,12.08695652173913
91,52,143,0.5714285714285714
11,131,142,11.909090909090908
17,194,211,11.411764705882353
209,663,872,3.172248803827751
126,585,711,4.642857142857143
17,137,154,8.058823529411764
36,57,93,1.5833333333333333
51,96,147,1.8823529411764706
96,6,102,0.0625
133,801,934,6.022556390977444
641,727,1368,1.1341653666146645
8,104,112,13.0
24,306,330,12.75
24,883,907,36.791666666666664
141,634,775,4.49645390070922
1190,884,2074,0.7428571428571429
906,55,961,0.06070640176600441
10,316,326,31.6
54,196,250,3.6296296296296298
53,352,405,6.6415094339622645
167,944,1111,5.652694610778443
21,107,128,5.095238095238095
40,95,135,2.375
42,118,160,2.8095238095238093
185,265,450,1.4324324324324325
93,403,496,4.333333333333333
31,473,504,15.258064516129032
9,76,85,8.444444444444445
383,338,721,0.8825065274151436
21,338,359,16.095238095238095
18,477,495,26.5
9,340,349,37.77777777777778
15,376,391,25.066666666666666
1238,1213,2451,0.9798061389337641
16,204,220,12.75
202,746,948,3.6930693069306932
19,213,232,11.210526315789474
16,69,85,4.3125
54,263,317,4.87037037037037
13,377,390,29.0
40,137,177,3.425
11,211,222,19.181818181818183
122,126,248,1.0327868852459017
12,434,446,36.166666666666664
20,250,270,12.5
12,677,689,56.416666666666664
22,45,67,2.0454545454545454
156,930,1086,5.961538461538462
26,5,31,0.19230769230769232
18,238,256,13.222222222222221
52,110,162,2.1153846153846154
2480,486,2966,0.19596774193548386
6,128,134,21.333333333333332
82,379,461,4.621951219512195
19,310,329,16.31578947368421
59,522,581,8.847457627118644
510,156,666,0.3058823529411765
111,24,135,0.21621621621621623
935,271,1206,0.2898395721925134
13,748,761,57.53846153846154
24,180,204,7.5
21,356,377,16.952380952380953
4,12,16,3.0
15,461,476,30.733333333333334
576,747,1323,1.296875
65,456,521,7.015384615384615
8,101,109,12.625
32,317,349,9.90625
357,517,874,1.4481792717086834
8,47,55,5.875
59,409,468,6.932203389830509
9,323,332,35.888888888888886
41,207,248,5.048780487804878
12,231,243,19.25
15,445,460,29.666666666666668
21,225,246,10.714285714285714
62,806,868,13.0
1625,142,1767,0.08738461538461538
64,779,843,12.171875
623,494,1117,0.7929373996789727
7,80,87,11.428571428571429
11,216,227,19.636363636363637
26,386,412,14.846153846153847
3,12,15,4.0
18,278,296,15.444444444444445
62,139,201,2.2419354838709675
20,325,345,16.25
213,266,479,1.2488262910798122
23,297,320,12.91304347826087
22,390,412,17.727272727272727
15,223,238,14.866666666666667
14,87,101,6.214285714285714
23,477,500,20.73913043478261
3957,3,3960,0.000758150113722517
25,134,159,5.36
57,38,95,0.6666666666666666
179,203,382,1.1340782122905029
3,12,15,4.0
39,459,498,11.76923076923077
36,318,354,8.833333333333334
114,752,866,6.5964912280701755
355,387,742,1.0901408450704226
52,452,504,8.692307692307692
49,319,368,6.510204081632653
83,194,277,2.3373493975903616
1923,600,2523,0.31201248049922
23,728,751,31.652173913043477
19,355,374,18.68421052631579
17,360,377,21.176470588235293
18,309,327,17.166666666666668
162,49,211,0.30246913580246915
958,327,1285,0.34133611691022964
20,370,390,18.5
39,316,355,8.102564102564102
52,247,299,4.75
2303,19,2322,0.008250108554059922
7,64,71,9.142857142857142
26,821,847,31.576923076923077
27,545,572,20.185185185185187
560,526,1086,0.9392857142857143
29,38,67,1.3103448275862069
41,313,354,7.634146341463414
345,198,543,0.5739130434782609
874,812,1686,0.9290617848970252
35,356,391,10.17142857142857
14,420,434,30.0
173,339,512,1.9595375722543353
724,372,1096,0.5138121546961326
77,331,408,4.298701298701299
17,385,402,22.647058823529413
12,519,531,43.25
78,233,311,2.9871794871794872
60,583,643,9.716666666666667
790,577,1367,0.730379746835443
11,604,615,54.90909090909091
3149,319,3468,0.10130200063512226
514,210,724,0.4085603112840467
31,58,89,1.8709677419354838
11,613,624,55.72727272727273
142,245,387,1.7253521126760563
22,829,851,37.68181818181818
323,249,572,0.7708978328173375
70,439,509,6.271428571428571
3,21,24,7.0
8,189,197,23.625
29,772,801,26.620689655172413
71,125,196,1.7605633802816902
75,84,159,1.12
392,409,801,1.0433673469387754
1593,396,1989,0.24858757062146894
12,328,340,27.333333333333332
52,120,172,2.3076923076923075
18,540,558,30.0
20,312,332,15.6
819,20,839,0.02442002442002442
169,127,296,0.7514792899408284
23,144,167,6.260869565217392
11,98,109,8.909090909090908
15,360,375,24.0
39,45,84,1.1538461538461537
54,231,285,4.277777777777778
37,317,354,8.567567567567568
25,363,388,14.52
119,556,675,4.6722689075630255
1237,27,1264,0.021827000808407437
84,291,375,3.4642857142857144
767,433,1200,0.5645371577574967
10,440,450,44.0
17,265,282,15.588235294117647
2,11,13,5.5
16,578,594,36.125
17,560,577,32.94117647058823
22,191,213,8.681818181818182
50,258,308,5.16
66,29,95,0.4393939393939394
32,290,322,9.0625
489,148,637,0.30265848670756645
268,801,1069,2.9888059701492535
5,203,208,40.6
121,551,672,4.553719008264463
11,116,127,10.545454545454545
729,782,1511,1.0727023319615911
32,291,323,9.09375
410,576,986,1.4048780487804877
95,128,223,1.3473684210526315
9,65,74,7.222222222222222
282,248,530,0.8794326241134752
40,352,392,8.8
432,588,1020,1.3611111111111112
144,559,703,3.8819444444444446
15,99,114,6.6
66,386,452,5.848484848484849
38,517,555,13.605263157894736
1313,501,1814,0.38156892612338156
9,66,75,7.333333333333333
119,540,659,4.53781512605042
17,255,272,15.0
662,467,1129,0.7054380664652568
23,301,324,13.08695652173913
509,51,560,0.10019646365422397
62,133,195,2.1451612903225805
20,340,360,17.0
26,5,31,0.19230769230769232
22,389,411,17.681818181818183
359,501,860,1.3955431754874652
59,523,582,8.864406779661017
13,338,351,26.0
23,96,119,4.173913043478261
9,103,112,11.444444444444445
424,402,826,0.9481132075471698
15,259,274,17.266666666666666
2370,267,2637,0.11265822784810127
9,283,292,31.444444444444443
874,812,1686,0.9290617848970252
664,200,864,0.30120481927710846
11,470,481,42.72727272727273
3,11,14,3.6666666666666665
24,133,157,5.541666666666667
1254,880,2134,0.7017543859649122
341,190,531,0.5571847507331378
39,760,799,19.487179487179485
166,257,423,1.5481927710843373
105,479,584,4.561904761904762
1016,321,1337,0.3159448818897638
8,101,109,12.625
12,343,355,28.583333333333332
684,24,708,0.03508771929824561
2,11,13,5.5
1661,365,2026,0.2197471402769416
620,238,858,0.38387096774193546
107,503,610,4.700934579439252
14,161,175,11.5
17,21,38,1.2352941176470589
145,22,167,0.15172413793103448
211,263,474,1.2464454976303319
2089,384,2473,0.18382000957395883
8,262,270,32.75
2,11,13,5.5
90,141,231,1.5666666666666667
213,44,257,0.20657276995305165
30,178,208,5.933333333333334
6,40,46,6.666666666666667
34,411,445,12.088235294117647
432,38,470,0.08796296296296297
2346,1089,3435,0.4641943734015345
44,780,824,17.727272727272727
14,125,139,8.928571428571429
76,482,558,6.342105263157895
3007,388,3395,0.12903225806451613
5,302,307,60.4
11,30,41,2.727272727272727
14,480,494,34.285714285714285
557,247,804,0.44344703770197486
47,173,220,3.6808510638297873
493,204,697,0.41379310344827586
5,12,17,2.4
26,27,53,1.0384615384615385
18,92,110,5.111111111111111
64,17,81,0.265625
36,367,403,10.194444444444445
1056,569,1625,0.5388257575757576
6,16,22,2.6666666666666665
3,11,14,3.6666666666666665
14,481,495,34.357142857142854
184,136,320,0.7391304347826086
788,28,816,0.03553299492385787
39,320,359,8.205128205128204
545,8,553,0.014678899082568808
86,84,170,0.9767441860465116
11,209,220,19.0
769,177,946,0.23016905071521457
11,478,489,43.45454545454545
1741,370,2111,0.2125215393452039
25,26,51,1.04
20,303,323,15.15
133,637,770,4.7894736842105265
26,179,205,6.884615384615385
2711,70,2781,0.02582073035780155
19,455,474,23.94736842105263
20,983,1003,49.15
290,323,613,1.1137931034482758
19,149,168,7.842105263157895
8,32,40,4.0
1001,91,1092,0.09090909090909091
56,272,328,4.857142857142857
44,529,573,12.022727272727273
17,416,433,24.470588235294116
54,59,113,1.0925925925925926
1778,26,1804,0.014623172103487065
2348,1019,3367,0.43398637137989776
1148,678,1826,0.5905923344947736
35,51,86,1.457142857142857
852,26,878,0.03051643192488263
14,272,286,19.428571428571427
36,389,425,10.805555555555555
139,126,265,0.9064748201438849
13,79,92,6.076923076923077
18,200,218,11.11111111111111
94,121,215,1.2872340425531914
8,305,313,38.125
73,151,224,2.0684931506849313
79,37,116,0.46835443037974683
21,339,360,16.142857142857142
40,113,153,2.825
17,370,387,21.764705882352942
46,143,189,3.108695652173913
1390,536,1926,0.3856115107913669
16,175,191,10.9375
14,628,642,44.857142857142854
15,519,534,34.6
240,248,488,1.0333333333333334
20,352,372,17.6
30,392,422,13.066666666666666
24,545,569,22.708333333333332
18,114,132,6.333333333333333
10,118,128,11.8
32,831,863,25.96875
7,695,702,99.28571428571429
49,201,250,4.1020408163265305
19,403,422,21.210526315789473
6,140,146,23.333333333333332
57,498,555,8.736842105263158
68,912,980,13.411764705882353
13,202,215,15.538461538461538
39,533,572,13.666666666666666
20,417,437,20.85
15,277,292,18.466666666666665
31,654,685,21.096774193548388
209,856,1065,4.095693779904306
167,333,500,1.9940119760479043
165,391,556,2.3696969696969696
351,149,500,0.42450142450142453
76,238,314,3.1315789473684212
15,143,158,9.533333333333333
14,98,112,7.0
236,88,324,0.3728813559322034
2,470,472,235.0
21,877,898,41.76190476190476
58,388,446,6.689655172413793
8,337,345,42.125
281,417,698,1.4839857651245552
41,213,254,5.195121951219512
94,122,216,1.297872340425532
38,354,392,9.31578947368421
13,319,332,24.53846153846154
66,157,223,2.378787878787879
419,245,664,0.5847255369928401
25,546,571,21.84
9,290,299,32.22222222222222
11,216,227,19.636363636363637
3,219,222,73.0
50,428,478,8.56
4,11,15,2.75
63,311,374,4.936507936507937
9,172,181,19.11111111111111
114,324,438,2.8421052631578947
14,70,84,5.0
1301,954,2255,0.7332820906994619
3288,221,3509,0.06721411192214112
1859,397,2256,0.21355567509413664
423,931,1354,2.2009456264775413
29,129,158,4.448275862068965
11,256,267,23.272727272727273
1232,249,1481,0.2021103896103896
4,12,16,3.0
20,34,54,1.7
7,245,252,35.0
105,217,322,2.066666666666667
14,144,158,10.285714285714286
1242,820,2062,0.6602254428341385
28,421,449,15.035714285714286
29,456,485,15.724137931034482
122,59,181,0.48360655737704916
22,40,62,1.8181818181818181
70,90,160,1.2857142857142858
24,823,847,34.291666666666664
72,14,86,0.19444444444444445
37,780,817,21.08108108108108
350,423,773,1.2085714285714286
11,219,230,19.90909090909091
367,496,863,1.3514986376021798
315,504,819,1.6
13,299,312,23.0
132,259,391,1.9621212121212122
229,846,1075,3.6943231441048034
62,200,262,3.225806451612903
13,226,239,17.384615384615383
689,169,858,0.24528301886792453
16,383,399,23.9375
1770,4,1774,0.0022598870056497176
978,85,1063,0.0869120654396728
58,118,176,2.0344827586206895
11,110,121,10.0
367,274,641,0.7465940054495913
9,79,88,8.777777777777779
1271,25,1296,0.01966955153422502
20,184,204,9.2
17,86,103,5.0588235294117645
42,185,227,4.404761904761905
25,266,291,10.64
497,424,921,0.8531187122736419
194,978,1172,5.041237113402062
26,459,485,17.653846153846153
10,216,226,21.6
20,254,274,12.7
20,232,252,11.6
13,205,218,15.76923076923077
15,355,370,23.666666666666668
651,1003,1654,1.5407066052227343
70,23,93,0.32857142857142857
24,92,116,3.8333333333333335
700,73,773,0.10428571428571429
1130,79,1209,0.06991150442477877
10,160,170,16.0
246,146,392,0.5934959349593496
76,650,726,8.552631578947368
10,87,97,8.7
26,411,437,15.807692307692308
10,283,293,28.3
209,364,573,1.7416267942583732
1933,354,2287,0.18313502327987585
214,925,1139,4.322429906542056
14,181,195,12.928571428571429
43,170,213,3.953488372093023
6,566,572,94.33333333333333
1349,189,1538,0.14010378057820608
9,167,176,18.555555555555557
37,424,461,11.45945945945946
195,1344,1539,6.892307692307693
1966,611,2577,0.31078331637843337
39,564,603,14.461538461538462
34,578,612,17.0
116,289,405,2.4913793103448274
530,34,564,0.06415094339622641
17,243,260,14.294117647058824
127,280,407,2.204724409448819
24,343,367,14.291666666666666
111,509,620,4.585585585585585
33,333,366,10.090909090909092
479,525,1004,1.0960334029227556
392,154,546,0.39285714285714285
1093,303,1396,0.27721866422689845
20,649,669,32.45
8,299,307,37.375
13,454,467,34.92307692307692
1277,488,1765,0.38214565387627253
12,895,907,74.58333333333333
67,56,123,0.835820895522388
2309,103,2412,0.044608055435253355
187,344,531,1.839572192513369
123,442,565,3.5934959349593494
29,582,611,20.06896551724138
394,805,1199,2.0431472081218276
3,29,32,9.666666666666666
11,307,318,27.90909090909091
31,204,235,6.580645161290323
832,546,1378,0.65625
24,362,386,15.083333333333334
13,137,150,10.538461538461538
602,651,1253,1.0813953488372092
18,602,620,33.44444444444444
899,325,1224,0.3615127919911012
73,95,168,1.3013698630136987
2078,517,2595,0.24879692011549567
42,106,148,2.5238095238095237
39,384,423,9.846153846153847
483,132,615,0.2732919254658385
230,324,554,1.4086956521739131
55,192,247,3.4909090909090907
15,589,604,39.266666666666666
90,354,444,3.933333333333333
63,18,81,0.2857142857142857
679,219,898,0.3225331369661267
157,192,349,1.2229299363057324
434,377,811,0.868663594470046
22,717,739,32.59090909090909
26,160,186,6.153846153846154
105,503,608,4.79047619047619
13,296,309,22.76923076923077
8,313,321,39.125
154,484,638,3.142857142857143
318,307,625,0.9654088050314465
695,862,1557,1.2402877697841728
40,436,476,10.9
115,485,600,4.217391304347826
56,529,585,9.446428571428571
16,439,455,27.4375
63,744,807,11.80952380952381
30,610,640,20.333333333333332
20,552,572,27.6
376,488,864,1.297872340425532
191,862,1053,4.513089005235602
196,684,880,3.489795918367347
14,23,37,1.6428571428571428
1182,817,1999,0.6912013536379019
248,189,437,0.7620967741935484
53,385,438,7.264150943396227
2570,372,2942,0.14474708171206227
7,141,148,20.142857142857142
10,128,138,12.8
4,292,296,73.0
125,273,398,2.184
1321,299,1620,0.22634367903103708
1777,173,1950,0.09735509285312324
1938,647,2585,0.33384932920536636
234,434,668,1.8547008547008548
47,82,129,1.7446808510638299
50,311,361,6.22
587,722,1309,1.2299829642248723
4,40,44,10.0
1476,221,1697,0.1497289972899729
483,132,615,0.2732919254658385
9,141,150,15.666666666666666
146,231,377,1.582191780821918
31,934,965,30.129032258064516
409,195,604,0.4767726161369193
418,259,677,0.6196172248803827
318,307,625,0.9654088050314465
38,183,221,4.815789473684211
14,347,361,24.785714285714285
13,385,398,29.615384615384617
10,204,214,20.4
3,544,547,181.33333333333334
22,318,340,14.454545454545455
17,370,387,21.764705882352942
1492,346,1838,0.23190348525469168
28,432,460,15.428571428571429
424,315,739,0.7429245283018868
4,246,250,61.5
92,419,511,4.554347826086956
15,162,177,10.8
12,273,285,22.75
99,125,224,1.2626262626262625
25,238,263,9.52
5,4,9,0.8
25,17,42,0.68
10,215,225,21.5
1214,162,1376,0.13344316309719934
124,499,623,4.024193548387097
889,482,1371,0.5421822272215973
128,886,1014,6.921875
10,1021,1031,102.1
656,677,1333,1.0320121951219512
22,82,104,3.727272727272727
136,311,447,2.286764705882353
243,301,544,1.2386831275720165
27,300,327,11.11111111111111
59,441,500,7.47457627118644
383,952,1335,2.485639686684073
72,401,473,5.569444444444445
8,374,382,46.75
34,251,285,7.382352941176471
17,243,260,14.294117647058824
162,369,531,2.2777777777777777
89,476,565,5.348314606741573
28,245,273,8.75
177,177,354,1.0
3,11,14,3.6666666666666665
70,307,377,4.385714285714286
6,212,218,35.333333333333336
30,71,101,2.3666666666666667
12,213,225,17.75
10,317,327,31.7
158,416,574,2.632911392405063
9,507,516,56.333333333333336
15,300,315,20.0
26,596,622,22.923076923076923
18,94,112,5.222222222222222
51,410,461,8.03921568627451
12,386,398,32.166666666666664
89,70,159,0.7865168539325843
35,297,332,8.485714285714286
11,71,82,6.454545454545454
70,23,93,0.32857142857142857
17,380,397,22.352941176470587
30,372,402,12.4
122,330,452,2.7049180327868854
34,514,548,15.117647058823529
155,792,947,5.109677419354838
46,8,54,0.17391304347826086
30,130,160,4.333333333333333
9,167,176,18.555555555555557
2160,296,2456,0.13703703703703704
20,205,225,10.25
47,275,322,5.851063829787234
23,783,806,34.04347826086956
2,11,13,5.5
3,44,47,14.666666666666666
2,11,13,5.5
16,462,478,28.875
133,463,596,3.481203007518797
30,320,350,10.666666666666666
440,241,681,0.5477272727272727
15,194,209,12.933333333333334
55,43,98,0.7818181818181819
12,181,193,15.083333333333334
2511,458,2969,0.1823974512146555
29,258,287,8.89655172413793
96,687,783,7.15625
565,258,823,0.45663716814159294
4,82,86,20.5
44,276,320,6.2727272727272725
287,840,1127,2.926829268292683
109,198,307,1.81651376146789
14,191,205,13.642857142857142
142,362,504,2.5492957746478875
18,455,473,25.27777777777778
1680,857,2537,0.5101190476190476
31,71,102,2.2903225806451615
239,277,516,1.1589958158995817
14,872,886,62.285714285714285
15,218,233,14.533333333333333
97,264,361,2.7216494845360826
58,62,120,1.0689655172413792
195,91,286,0.4666666666666667
827,583,1410,0.7049576783555018
23,260,283,11.304347826086957
25,78,103,3.12
8,81,89,10.125
30,360,390,12.0
14,143,157,10.214285714285714
204,367,571,1.7990196078431373
36,125,161,3.4722222222222223
58,854,912,14.724137931034482
63,351,414,5.571428571428571
11,107,118,9.727272727272727
34,281,315,8.264705882352942
62,432,494,6.967741935483871
13,425,438,32.69230769230769
32,361,393,11.28125
27,545,572,20.185185185185187
14,205,219,14.642857142857142
45,376,421,8.355555555555556
10,1021,1031,102.1
34,411,445,12.088235294117647
3841,116,3957,0.03020046862796147
8,31,39,3.875
7,440,447,62.857142857142854
267,348,615,1.303370786516854
16,394,410,24.625
2595,167,2762,0.06435452793834297
92,147,239,1.5978260869565217
19,59,78,3.1052631578947367
67,142,209,2.1194029850746268
22,384,406,17.454545454545453
2292,267,2559,0.11649214659685864
119,102,221,0.8571428571428571
10,373,383,37.3
44,385,429,8.75
7,377,384,53.857142857142854
5,147,152,29.4
722,594,1316,0.8227146814404432
6,59,65,9.833333333333334
9,52,61,5.777777777777778
9,84,93,9.333333333333334
1571,82,1653,0.052196053469127944
195,5,200,0.02564102564102564
41,410,451,10.0
252,79,331,0.3134920634920635
52,267,319,5.134615384615385
7,175,182,25.0
3,906,909,302.0
2,11,13,5.5
25,222,247,8.88
25,76,101,3.04
221,333,554,1.506787330316742
38,293,331,7.7105263157894735
15,527,542,35.13333333333333
7,635,642,90.71428571428571
12,253,265,21.083333333333332
29,297,326,10.241379310344827
224,320,544,1.4285714285714286
1104,245,1349,0.22192028985507245
30,292,322,9.733333333333333
241,479,720,1.987551867219917
1303,286,1589,0.2194934765924789
60,483,543,8.05
58,441,499,7.603448275862069
13,89,102,6.846153846153846
50,415,465,8.3
16,371,387,23.1875
336,160,496,0.47619047619047616
81,611,692,7.54320987654321
87,341,428,3.9195402298850577
14,249,263,17.785714285714285
503,67,570,0.13320079522862824
86,31,117,0.36046511627906974
17,798,815,46.94117647058823
158,327,485,2.069620253164557
139,238,377,1.7122302158273381
30,522,552,17.4
22,265,287,12.045454545454545
18,327,345,18.166666666666668
10,372,382,37.2
20,263,283,13.15
19,60,79,3.1578947368421053
11,261,272,23.727272727272727
27,275,302,10.185185185185185
27,298,325,11.037037037037036
1743,403,2146,0.23121055651176134
252,446,698,1.7698412698412698
13,100,113,7.6923076923076925
22,467,489,21.227272727272727
27,422,449,15.62962962962963
18,427,445,23.72222222222222
28,575,603,20.535714285714285
27,293,320,10.851851851851851
64,19,83,0.296875
281,590,871,2.099644128113879
99,89,188,0.898989898989899
18,353,371,19.61111111111111
313,239,552,0.7635782747603834
8,163,171,20.375
364,537,901,1.4752747252747254
57,208,265,3.6491228070175437
15,50,65,3.3333333333333335
120,338,458,2.816666666666667
15,333,348,22.2
23,497,520,21.608695652173914
152,16,168,0.10526315789473684
262,121,383,0.4618320610687023
15,389,404,25.933333333333334
221,103,324,0.4660633484162896
9,423,432,47.0
149,149,298,1.0
1179,107,1286,0.090754877014419
44,404,448,9.181818181818182
16,333,349,20.8125
4,330,334,82.5
81,87,168,1.0740740740740742
19,948,967,49.89473684210526
8,121,129,15.125
33,251,284,7.606060606060606
16,295,311,18.4375
7,339,346,48.42857142857143
19,394,413,20.736842105263158
21,394,415,18.761904761904763
35,283,318,8.085714285714285
12,34,46,2.8333333333333335
24,108,132,4.5
31,910,941,29.35483870967742
37,586,623,15.837837837837839
8,396,404,49.5
12,120,132,10.0
8,620,628,77.5
25,586,611,23.44
738,431,1169,0.5840108401084011
216,273,489,1.2638888888888888
30,761,791,25.366666666666667
26,25,51,0.9615384615384616
42,161,203,3.8333333333333335
2506,392,2898,0.1564245810055866
23,728,751,31.652173913043477
218,464,682,2.128440366972477
90,505,595,5.611111111111111
77,897,974,11.64935064935065
40,271,311,6.775
41,769,810,18.75609756097561
16,281,297,17.5625
50,993,1043,19.86
227,8,235,0.03524229074889868
26,108,134,4.153846153846154
2354,159,2513,0.0675446049277825
645,197,842,0.3054263565891473
14,368,382,26.285714285714285
67,37,104,0.5522388059701493
54,263,317,4.87037037037037
23,48,71,2.0869565217391304
1328,492,1820,0.3704819277108434
120,470,590,3.9166666666666665
9,33,42,3.6666666666666665
36,255,291,7.083333333333333
35,442,477,12.628571428571428
100,417,517,4.17
3,11,14,3.6666666666666665
90,67,157,0.7444444444444445
131,489,620,3.732824427480916
318,296,614,0.9308176100628931
27,595,622,22.037037037037038
457,294,751,0.6433260393873085
1733,854,2587,0.4927870744373918
53,455,508,8.584905660377359
9,83,92,9.222222222222221
90,212,302,2.3555555555555556
16,490,506,30.625
82,298,380,3.6341463414634148
31,500,531,16.129032258064516
20,352,372,17.6
5,180,185,36.0
272,294,566,1.0808823529411764
3,11,14,3.6666666666666665
103,536,639,5.203883495145631
23,58,81,2.5217391304347827
49,494,543,10.081632653061224
14,784,798,56.0
22,527,549,23.954545454545453
12,388,400,32.333333333333336
303,490,793,1.6171617161716172
13,597,610,45.92307692307692
16,169,185,10.5625
61,446,507,7.311475409836065
46,28,74,0.6086956521739131
14,127,141,9.071428571428571
3039,859,3898,0.2826587693320171
85,179,264,2.1058823529411765
14,142,156,10.142857142857142
65,532,597,8.184615384615384
15,946,961,63.06666666666667
69,305,374,4.420289855072464
208,849,1057,4.081730769230769
1001,34,1035,0.03396603396603397
81,765,846,9.444444444444445
23,62,85,2.6956521739130435
181,604,785,3.3370165745856353
5,99,104,19.8
202,861,1063,4.262376237623762
16,403,419,25.1875
12,37,49,3.0833333333333335
27,880,907,32.592592592592595
2569,125,2694,0.04865706500583885
451,701,1152,1.5543237250554325
91,55,146,0.6043956043956044
115,56,171,0.48695652173913045
84,430,514,5.119047619047619
9,176,185,19.555555555555557
277,627,904,2.2635379061371843
162,272,434,1.6790123456790123
14,181,195,12.928571428571429
117,373,490,3.1880341880341883
78,306,384,3.923076923076923
144,406,550,2.8194444444444446
62,686,748,11.064516129032258
11,22,33,2.0
105,45,150,0.42857142857142855
93,35,128,0.3763440860215054
1102,544,1646,0.49364791288566245
1269,218,1487,0.17178881008668243
198,220,418,1.1111111111111112
7,832,839,118.85714285714286
260,569,829,2.1884615384615387
10,320,330,32.0
9,535,544,59.44444444444444
75,340,415,4.533333333333333
18,69,87,3.8333333333333335
24,966,990,40.25
164,541,705,3.298780487804878
16,339,355,21.1875
14,149,163,10.642857142857142
49,374,423,7.63265306122449
40,240,280,6.0
30,39,69,1.3
2112,43,2155,0.020359848484848484
977,393,1370,0.4022517911975435
9,88,97,9.777777777777779
2,11,13,5.5
59,112,171,1.8983050847457628
3251,9,3260,0.0027683789603199014
11,243,254,22.09090909090909
12,38,50,3.1666666666666665
101,46,147,0.45544554455445546
227,318,545,1.4008810572687225
9,19,28,2.111111111111111
15,374,389,24.933333333333334
14,107,121,7.642857142857143
91,270,361,2.967032967032967
43,231,274,5.372093023255814
7,37,44,5.285714285714286
18,91,109,5.055555555555555
37,826,863,22.324324324324323
9,502,511,55.77777777777778
16,46,62,2.875
388,362,750,0.9329896907216495
15,654,669,43.6
2,5,7,2.5
30,102,132,3.4
9,156,165,17.333333333333332
291,286,577,0.9828178694158075
18,358,376,19.88888888888889
21,394,415,18.761904761904763
1971,183,2154,0.0928462709284627
82,285,367,3.475609756097561
28,382,410,13.642857142857142
35,328,363,9.371428571428572
6,433,439,72.16666666666667
18,237,255,13.166666666666666
1739,609,2348,0.35020126509488214
125,45,170,0.36
16,403,419,25.1875
20,168,188,8.4
31,256,287,8.258064516129032
33,485,518,14.696969696969697
728,71,799,0.09752747252747253
8,167,175,20.875
5,362,367,72.4
44,315,359,7.159090909090909
15,366,381,24.4
6,335,341,55.833333333333336
91,428,519,4.7032967032967035
67,367,434,5.477611940298507
5,17,22,3.4
1181,245,1426,0.20745131244707873
7,100,107,14.285714285714286
97,799,896,8.237113402061855
31,507,538,16.35483870967742
96,10,106,0.10416666666666667
183,681,864,3.721311475409836
163,532,695,3.263803680981595
2,11,13,5.5
26,159,185,6.115384615384615
24,234,258,9.75
165,333,498,2.018181818181818
11,114,125,10.363636363636363
105,646,751,6.152380952380953
10,107,117,10.7
27,515,542,19.074074074074073
25,806,831,32.24
37,704,741,19.027027027027028
279,5,284,0.017921146953405017
108,76,184,0.7037037037037037
20,620,640,31.0
354,367,721,1.036723163841808
80,962,1042,12.025
14,250,264,17.857142857142858
98,374,472,3.816326530612245
19,219,238,11.526315789473685
13,345,358,26.53846153846154
19,228,247,12.0
163,212,375,1.3006134969325154
25,131,156,5.24
370,222,592,0.6
1267,5,1272,0.003946329913180742
39,114,153,2.923076923076923
52,223,275,4.288461538461538
253,201,454,0.7944664031620553
101,4,105,0.039603960396039604
152,360,512,2.3684210526315788
26,523,549,20.115384615384617
2246,210,2456,0.09349955476402494
27,384,411,14.222222222222221
265,988,1253,3.728301886792453
444,258,702,0.581081081081081
37,716,753,19.35135135135135
23,647,670,28.130434782608695
53,67,120,1.2641509433962264
129,285,414,2.2093023255813953
495,452,947,0.9131313131313131
2862,794,3656,0.2774283717679944
1030,553,1583,0.5368932038834952
197,650,847,3.299492385786802
17,210,227,12.352941176470589
17,228,245,13.411764705882353
138,149,287,1.0797101449275361
291,286,577,0.9828178694158075
7,46,53,6.571428571428571
197,23,220,0.116751269035533
11,270,281,24.545454545454547
6,263,269,43.833333333333336
12,290,302,24.166666666666668
26,499,525,19.192307692307693
17,1055,1072,62.05882352941177
16,280,296,17.5
10,319,329,31.9
45,707,752,15.71111111111111
1238,1213,2451,0.9798061389337641
30,155,185,5.166666666666667
451,380,831,0.8425720620842572
9,15,24,1.6666666666666667
535,942,1477,1.7607476635514019
25,260,285,10.4
28,620,648,22.142857142857142
50,187,237,3.74
32,321,353,10.03125
47,459,506,9.76595744680851
17,341,358,20.058823529411764
187,96,283,0.5133689839572193
64,76,140,1.1875
165,190,355,1.1515151515151516
10,539,549,53.9
432,535,967,1.2384259259259258
429,342,771,0.7972027972027972
13,372,385,28.615384615384617
80,21,101,0.2625
229,39,268,0.1703056768558952
31,434,465,14.0
284,592,876,2.084507042253521
23,8,31,0.34782608695652173
12,606,618,50.5
146,38,184,0.2602739726027397
296,74,370,0.25
6,228,234,38.0
2616,91,2707,0.034785932721712536
12,290,302,24.166666666666668
5,124,129,24.8
16,188,204,11.75
2863,138,3001,0.048201187565490744
79,530,609,6.708860759493671
122,403,525,3.30327868852459
85,427,512,5.023529411764706
39,197,236,5.051282051282051
61,562,623,9.21311475409836
10,89,99,8.9
31,479,510,15.451612903225806
12,168,180,14.0
49,430,479,8.775510204081632
14,930,944,66.42857142857143
13,876,889,67.38461538461539
2506,933,3439,0.3723064644852354
10,386,396,38.6
136,597,733,4.389705882352941
64,191,255,2.984375
9,44,53,4.888888888888889
37,459,496,12.405405405405405
19,300,319,15.789473684210526
144,169,313,1.1736111111111112
3030,305,3335,0.10066006600660066
17,227,244,13.352941176470589
16,146,162,9.125
297,354,651,1.1919191919191918
40,76,116,1.9
1850,519,2369,0.28054054054054056
28,620,648,22.142857142857142
17,604,621,35.529411764705884
8,251,259,31.375
1708,46,1754,0.026932084309133488
20,492,512,24.6
35,231,266,6.6
117,85,202,0.7264957264957265
14,371,385,26.5
203,149,352,0.7339901477832512
471,844,1315,1.791932059447983
193,162,355,0.8393782383419689
12,181,193,15.083333333333334
13,145,158,11.153846153846153
26,5,31,0.19230769230769232
528,154,682,0.2916666666666667
140,356,496,2.5428571428571427
8,230,238,28.75
7,112,119,16.0
15,137,152,9.133333333333333
2,11,13,5.5
30,247,277,8.233333333333333
262,146,408,0.5572519083969466
1777,951,2728,0.5351716375914463
1262,1037,2299,0.8217115689381933
45,473,518,10.511111111111111
22,330,352,15.0
3,13,16,4.333333333333333
16,325,341,20.3125
137,90,227,0.656934306569343
8,401,409,50.125
145,725,870,5.0
136,865,1001,6.360294117647059
25,967,992,38.68
37,612,649,16.54054054054054
535,524,1059,0.9794392523364486
109,46,155,0.42201834862385323
11,104,115,9.454545454545455
19,259,278,13.631578947368421
17,379,396,22.294117647058822
5,168,173,33.6
11,236,247,21.454545454545453
389,81,470,0.20822622107969152
26,135,161,5.1923076923076925
127,119,246,0.937007874015748
296,128,424,0.43243243243243246
22,619,641,28.136363636363637
8,550,558,68.75
1094,614,1708,0.5612431444241316
884,86,970,0.09728506787330317
3818,93,3911,0.02435830277632268
223,996,1219,4.466367713004484
21,93,114,4.428571428571429
5,13,18,2.6
11,127,138,11.545454545454545
97,20,117,0.20618556701030927
959,266,1225,0.2773722627737226
28,300,328,10.714285714285714
37,464,501,12.54054054054054
10,367,377,36.7
13,328,341,25.23076923076923
21,17,38,0.8095238095238095
555,381,936,0.6864864864864865
10,496,506,49.6
6,483,489,80.5
8,274,282,34.25
10,126,136,12.6
17,217,234,12.764705882352942
68,249,317,3.661764705882353
56,1048,1104,18.714285714285715
302,530,832,1.7549668874172186
1966,139,2105,0.07070193285859613
46,166,212,3.608695652173913
42,16,58,0.38095238095238093
18,158,176,8.777777777777779
228,5,233,0.021929824561403508
41,327,368,7.975609756097561
507,265,772,0.5226824457593688
20,501,521,25.05
87,266,353,3.057471264367816
26,5,31,0.19230769230769232
22,528,550,24.0
5,279,284,55.8
424,569,993,1.3419811320754718
631,586,1217,0.9286846275752774
42,302,344,7.190476190476191
324,652,976,2.0123456790123457
13,182,195,14.0
56,159,215,2.8392857142857144
39,165,204,4.230769230769231
22,272,294,12.363636363636363
517,53,570,0.10251450676982592
15,489,504,32.6
19,146,165,7.684210526315789
11,194,205,17.636363636363637
95,938,1033,9.873684210526315
1477,266,1743,0.18009478672985782
847,242,1089,0.2857142857142857
27,105,132,3.888888888888889
12,218,230,18.166666666666668
219,174,393,0.7945205479452054
64,728,792,11.375
137,967,1104,7.0583941605839415
67,948,1015,14.149253731343284
202,268,470,1.3267326732673268
24,472,496,19.666666666666668
12,375,387,31.25
31,192,223,6.193548387096774
27,494,521,18.296296296296298
6,717,723,119.5
23,71,94,3.0869565217391304
13,368,381,28.307692307692307
26,41,67,1.5769230769230769
19,503,522,26.473684210526315
14,736,750,52.57142857142857
811,533,1344,0.657213316892725
1130,291,1421,0.2575221238938053
6,160,166,26.666666666666668
22,26,48,1.1818181818181819
10,931,941,93.1
25,212,237,8.48
125,881,1006,7.048
27,545,572,20.185185185185187
1045,28,1073,0.026794258373205742
186,196,382,1.053763440860215
13,190,203,14.615384615384615
121,202,323,1.6694214876033058
6,421,427,70.16666666666667
1123,5,1128,0.004452359750667854
24,539,563,22.458333333333332
25,87,112,3.48
54,728,782,13.481481481481481
46,84,130,1.826086956521739
29,314,343,10.827586206896552
8,121,129,15.125
55,100,155,1.8181818181818181
29,202,231,6.9655172413793105
60,216,276,3.6
197,515,712,2.6142131979695433
177,424,601,2.3954802259887007
13,238,251,18.307692307692307
17,147,164,8.647058823529411
14,96,110,6.857142857142857
938,8,946,0.008528784648187633
63,108,171,1.7142857142857142
20,205,225,10.25
31,335,366,10.806451612903226
891,186,1077,0.20875420875420875
11,393,404,35.72727272727273
17,386,403,22.705882352941178
197,449,646,2.279187817258883
16,421,437,26.3125
4,465,469,116.25
1854,328,2182,0.17691477885652643
19,344,363,18.105263157894736
12,147,159,12.25
614,274,888,0.44625407166123776
120,409,529,3.408333333333333
7,416,423,59.42857142857143
8,320,328,40.0
157,267,424,1.7006369426751593
10,309,319,30.9
86,223,309,2.5930232558139537
18,313,331,17.38888888888889
151,607,758,4.0198675496688745
30,472,502,15.733333333333333
12,391,403,32.583333333333336
11,632,643,57.45454545454545
5,170,175,34.0
921,994,1915,1.0792616720955484
10,36,46,3.6
8,412,420,51.5
15,315,330,21.0
14,950,964,67.85714285714286
37,826,863,22.324324324324323
6,752,758,125.33333333333333
15,924,939,61.6
289,207,496,0.7162629757785467
7,143,150,20.428571428571427
254,560,814,2.204724409448819
28,413,441,14.75
18,183,201,10.166666666666666
27,111,138,4.111111111111111
74,451,525,6.094594594594595
3,180,183,60.0
2837,286,3123,0.10081071554458935
767,366,1133,0.4771838331160365
9,193,202,21.444444444444443
37,6,43,0.16216216216216217
3052,684,3736,0.22411533420707733
210,313,523,1.4904761904761905
330,999,1329,3.0272727272727273
99,107,206,1.0808080808080809
82,415,497,5.060975609756097
736,603,1339,0.8192934782608695
31,337,368,10.870967741935484
21,179,200,8.523809523809524
12,139,151,11.583333333333334
11,180,191,16.363636363636363
581,526,1107,0.9053356282271945
703,41,744,0.05832147937411095
30,299,329,9.966666666666667
125,678,803,5.424
21,842,863,40.095238095238095
18,413,431,22.944444444444443
741,960,1701,1.2955465587044535
34,342,376,10.058823529411764
45,46,91,1.0222222222222221
77,272,349,3.5324675324675323
69,691,760,10.014492753623188
69,458,527,6.63768115942029
39,225,264,5.769230769230769
1696,246,1942,0.14504716981132076
13,323,336,24.846153846153847
10,10,20,1.0
451,289,740,0.6407982261640798
93,318,411,3.4193548387096775
818,223,1041,0.2726161369193154
21,327,348,15.571428571428571
8,81,89,10.125
5,578,583,115.6
198,81,279,0.4090909090909091
20,367,387,18.35
8,215,223,26.875
1291,521,1812,0.40356312935708755
1055,31,1086,0.029383886255924172
1434,23,1457,0.01603905160390516
152,11,163,0.07236842105263158
9,202,211,22.444444444444443
3108,120,3228,0.03861003861003861
10,469,479,46.9
251,147,398,0.5856573705179283
45,545,590,12.11111111111111
44,295,339,6.704545454545454
42,166,208,3.9523809523809526
4,40,44,10.0
231,221,452,0.9567099567099567
2246,210,2456,0.09349955476402494
8,298,306,37.25
312,628,940,2.0128205128205128
23,294,317,12.782608695652174
32,106,138,3.3125
40,796,836,19.9
83,14,97,0.1686746987951807
241,441,682,1.829875518672199
10,185,195,18.5
2980,394,3374,0.13221476510067115
434,208,642,0.4792626728110599
7,120,127,17.142857142857142
27,293,320,10.851851851851851
9,346,355,38.44444444444444
53,358,411,6.754716981132075
441,982,1423,2.2267573696145124
27,255,282,9.444444444444445
7,148,155,21.142857142857142
56,959,1015,17.125
58,69,127,1.1896551724137931
9,125,134,13.88888888888889
28,27,55,0.9642857142857143
53,71,124,1.3396226415094339
17,58,75,3.411764705882353
21,314,335,14.952380952380953
19,496,515,26.105263157894736
1185,1015,2200,0.8565400843881856
94,380,474,4.042553191489362
27,57,84,2.111111111111111
63,142,205,2.253968253968254
5,965,970,193.0
41,313,354,7.634146341463414
509,620,1129,1.218074656188605
1392,248,1640,0.1781609195402299
2832,378,3210,0.13347457627118645
31,418,449,13.483870967741936
1,11,12,11.0
15,336,351,22.4
7,97,104,13.857142857142858
735,387,1122,0.5265306122448979
15,296,311,19.733333333333334
175,182,357,1.04
13,311,324,23.923076923076923
97,115,212,1.1855670103092784
9,366,375,40.666666666666664
6,52,58,8.666666666666666
20,70,90,3.5
11,155,166,14.090909090909092
160,223,383,1.39375
26,233,259,8.961538461538462
83,454,537,5.469879518072289
46,38,84,0.8260869565217391
96,149,245,1.5520833333333333
11,77,88,7.0
12,83,95,6.916666666666667
460,30,490,0.06521739130434782
20,346,366,17.3
163,177,340,1.0858895705521472
44,382,426,8.681818181818182
66,465,531,7.045454545454546
11,277,288,25.181818181818183
27,243,270,9.0
12,520,532,43.333333333333336
36,453,489,12.583333333333334
2,11,13,5.5
40,80,120,2.0
52,414,466,7.961538461538462
7,432,439,61.714285714285715
22,103,125,4.681818181818182
61,138,199,2.262295081967213
1240,568,1808,0.45806451612903226
23,455,478,19.782608695652176
7,369,376,52.714285714285715
5,73,78,14.6
142,194,336,1.3661971830985915
282,180,462,0.6382978723404256
23,310,333,13.478260869565217
38,493,531,12.973684210526315
3,294,297,98.0
9,309,318,34.333333333333336
5,288,293,57.6
358,851,1209,2.377094972067039
8,70,78,8.75
20,375,395,18.75
10,231,241,23.1
1044,463,1507,0.4434865900383142
18,198,216,11.0
357,374,731,1.0476190476190477
509,602,1111,1.1827111984282908
11,395,406,35.90909090909091
18,405,423,22.5
92,37,129,0.40217391304347827
84,316,400,3.761904761904762
15,1039,1054,69.26666666666667
2,12,14,6.0
13,285,298,21.923076923076923
11,196,207,17.818181818181817
26,354,380,13.615384615384615
18,840,858,46.666666666666664
13,134,147,10.307692307692308
9,210,219,23.333333333333332
57,830,887,14.56140350877193
10,377,387,37.7
31,206,237,6.645161290322581
77,62,139,0.8051948051948052
14,156,170,11.142857142857142
31,10,41,0.3225806451612903
2,51,53,25.5
19,147,166,7.7368421052631575
25,643,668,25.72
19,526,545,27.68421052631579
153,463,616,3.026143790849673
7,245,252,35.0
42,282,324,6.714285714285714
54,100,154,1.8518518518518519
23,694,717,30.17391304347826
69,440,509,6.3768115942028984
14,323,337,23.071428571428573
11,477,488,43.36363636363637
477,109,586,0.22851153039832284
15,459,474,30.6
39,8,47,0.20512820512820512
1290,963,2253,0.7465116279069768
88,891,979,10.125
58,397,455,6.844827586206897
48,578,626,12.041666666666666
267,453,720,1.696629213483146
325,43,368,0.13230769230769232
14,313,327,22.357142857142858
13,384,397,29.53846153846154
79,568,647,7.189873417721519
710,121,831,0.1704225352112676
42,37,79,0.8809523809523809
28,44,72,1.5714285714285714
12,392,404,32.666666666666664
24,261,285,10.875
424,867,1291,2.044811320754717
20,501,521,25.05
23,996,1019,43.30434782608695
8,360,368,45.0
105,337,442,3.2095238095238097
4,5,9,1.25
36,628,664,17.444444444444443
3,54,57,18.0
490,881,1371,1.7979591836734694
22,636,658,28.90909090909091
34,385,419,11.323529411764707
375,225,600,0.6
89,265,354,2.9775280898876404
397,216,613,0.5440806045340051
145,22,167,0.15172413793103448
458,366,824,0.7991266375545851
25,957,982,38.28
2822,64,2886,0.022678951098511695
12,668,680,55.666666666666664
172,835,1007,4.854651162790698
95,285,380,3.0
20,457,477,22.85
45,498,543,11.066666666666666
10,773,783,77.3
32,981,1013,30.65625
77,340,417,4.415584415584416
6,115,121,19.166666666666668
53,481,534,9.075471698113208
14,187,201,13.357142857142858
61,56,117,0.9180327868852459
162,205,367,1.2654320987654322
13,510,523,39.23076923076923
30,399,429,13.3
15,322,337,21.466666666666665
103,85,188,0.8252427184466019
9,799,808,88.77777777777777
10,201,211,20.1
18,17,35,0.9444444444444444
2736,236,2972,0.08625730994152046
61,31,92,0.5081967213114754
490,54,544,0.11020408163265306
3,229,232,76.33333333333333
21,530,551,25.238095238095237
11,235,246,21.363636363636363
422,123,545,0.2914691943127962
19,45,64,2.3684210526315788
68,289,357,4.25
31,335,366,10.806451612903226
20,26,46,1.3
8,154,162,19.25
26,377,403,14.5
15,355,370,23.666666666666668
23,602,625,26.17391304347826
15,265,280,17.666666666666668
369,149,518,0.4037940379403794
158,52,210,0.3291139240506329
353,300,653,0.8498583569405099
28,123,151,4.392857142857143
9,4,13,0.4444444444444444
3,105,108,35.0
72,232,304,3.2222222222222223
113,479,592,4.238938053097345
32,981,1013,30.65625
341,190,531,0.5571847507331378
10,303,313,30.3
128,148,276,1.15625
18,242,260,13.444444444444445
7,75,82,10.714285714285714
20,312,332,15.6
58,42,100,0.7241379310344828
8,409,417,51.125
42,259,301,6.166666666666667
576,8,584,0.013888888888888888
304,448,752,1.4736842105263157
187,620,807,3.3155080213903743
15,520,535,34.666666666666664
34,578,612,17.0
44,427,471,9.704545454545455
24,228,252,9.5
15,464,479,30.933333333333334
286,88,374,0.3076923076923077
142,86,228,0.6056338028169014
25,161,186,6.44
120,435,555,3.625
26,204,230,7.846153846153846
568,388,956,0.6830985915492958
50,620,670,12.4
17,448,465,26.352941176470587
471,564,1035,1.197452229299363
181,502,683,2.773480662983425
839,941,1780,1.1215733015494636
20,450,470,22.5
9,404,413,44.888888888888886
332,112,444,0.3373493975903614
5,44,49,8.8
850,709,1559,0.8341176470588235
186,341,527,1.8333333333333333
430,519,949,1.2069767441860466
77,702,779,9.116883116883116
256,228,484,0.890625
286,373,659,1.3041958041958042
20,101,121,5.05
34,476,510,14.0
13,159,172,12.23076923076923
16,254,270,15.875
90,426,516,4.733333333333333
65,44,109,0.676923076923077
9,527,536,58.55555555555556
13,417,430,32.07692307692308
12,689,701,57.416666666666664
695,405,1100,0.5827338129496403
13,710,723,54.61538461538461
135,137,272,1.0148148148148148
8,434,442,54.25
35,231,266,6.6
127,315,442,2.4803149606299213
140,333,473,2.3785714285714286
105,266,371,2.533333333333333
9,197,206,21.88888888888889
60,468,528,7.8
22,665,687,30.227272727272727
8,131,139,16.375
100,312,412,3.12
293,197,490,0.6723549488054608
22,138,160,6.2727272727272725
1973,830,2803,0.42067916877850986
153,305,458,1.9934640522875817
262,96,358,0.366412213740458
15,134,149,8.933333333333334
3,130,133,43.333333333333336
54,522,576,9.666666666666666
55,96,151,1.7454545454545454
15,516,531,34.4
113,767,880,6.787610619469026
21,93,114,4.428571428571429
25,399,424,15.96
38,279,317,7.342105263157895
123,401,524,3.2601626016260163
69,517,586,7.492753623188406
6,20,26,3.3333333333333335
23,258,281,11.217391304347826
41,426,467,10.390243902439025
46,305,351,6.630434782608695
41,265,306,6.463414634146342
9,113,122,12.555555555555555
7,314,321,44.857142857142854
42,510,552,12.142857142857142
24,561,585,23.375
2470,40,2510,0.016194331983805668
12,87,99,7.25
9,326,335,36.22222222222222
21,602,623,28.666666666666668
904,925,1829,1.0232300884955752
17,288,305,16.941176470588236
745,146,891,0.1959731543624161
20,409,429,20.45
172,803,975,4.6686046511627906
7,225,232,32.142857142857146
109,101,210,0.926605504587156
25,363,388,14.52
2,11,13,5.5
43,307,350,7.1395348837209305
21,219,240,10.428571428571429
6,170,176,28.333333333333332
14,44,58,3.142857142857143
19,392,411,20.63157894736842
24,148,172,6.166666666666667
199,11,210,0.05527638190954774
15,511,526,34.06666666666667
39,527,566,13.512820512820513
171,296,467,1.7309941520467835
93,822,915,8.838709677419354
13,19,32,1.4615384615384615
85,244,329,2.8705882352941177
31,252,283,8.129032258064516
10,484,494,48.4
11,211,222,19.181818181818183
2993,429,3422,0.14333444704310055
14,323,337,23.071428571428573
11,505,516,45.90909090909091
41,337,378,8.21951219512195
61,534,595,8.754098360655737
20,96,116,4.8
35,5,40,0.14285714285714285
16,46,62,2.875
26,365,391,14.038461538461538
68,223,291,3.2794117647058822
34,234,268,6.882352941176471
18,608,626,33.77777777777778
34,15,49,0.4411764705882353
37,286,323,7.72972972972973
27,37,64,1.3703703703703705
14,532,546,38.0
35,244,279,6.9714285714285715
64,334,398,5.21875
12,174,186,14.5
37,325,362,8.783783783783784
534,412,946,0.7715355805243446
108,104,212,0.9629629629629629
226,984,1210,4.353982300884955
19,694,713,36.526315789473685
14,262,276,18.714285714285715
599,511,1110,0.8530884808013356
44,472,516,10.727272727272727
52,746,798,14.346153846153847
22,387,409,17.59090909090909
34,378,412,11.117647058823529
6,586,592,97.66666666666667
27,293,320,10.851851851851851
45,337,382,7.488888888888889
3,32,35,10.666666666666666
1746,220,1966,0.12600229095074456
34,578,612,17.0
984,385,1369,0.391260162601626
34,888,922,26.11764705882353
2857,232,3089,0.08120406020301014
12,191,203,15.916666666666666
10,145,155,14.5
1110,200,1310,0.18018018018018017
69,273,342,3.9565217391304346
13,417,430,32.07692307692308
838,561,1399,0.6694510739856802
653,940,1593,1.439509954058193
110,496,606,4.509090909090909
440,428,868,0.9727272727272728
13,383,396,29.46153846153846
41,150,191,3.658536585365854
20,493,513,24.65
131,463,594,3.5343511450381677
457,359,816,0.7855579868708972
92,823,915,8.945652173913043
130,402,532,3.0923076923076924
8,164,172,20.5
65,389,454,5.984615384615385
14,199,213,14.214285714285714
50,109,159,2.18
9,115,124,12.777777777777779
9,292,301,32.44444444444444
47,291,338,6.191489361702128
50,14,64,0.28
39,373,412,9.564102564102564
49,306,355,6.244897959183674
14,83,97,5.928571428571429
8,349,357,43.625
14,67,81,4.785714285714286
9,105,114,11.666666666666666
12,229,241,19.083333333333332
22,316,338,14.363636363636363
13,236,249,18.153846153846153
12,841,853,70.08333333333333
23,450,473,19.565217391304348
35,160,195,4.571428571428571
66,202,268,3.0606060606060606
1985,8,1993,0.004030226700251889
18,293,311,16.27777777777778
25,367,392,14.68
147,213,360,1.4489795918367347
90,613,703,6.811111111111111
38,288,326,7.578947368421052
13,115,128,8.846153846153847
64,391,455,6.109375
114,869,983,7.62280701754386
101,30,131,0.297029702970297
14,246,260,17.571428571428573
2,372,374,186.0
12,252,264,21.0
16,273,289,17.0625
18,292,310,16.22222222222222
40,211,251,5.275
15,421,436,28.066666666666666
13,365,378,28.076923076923077
40,450,490,11.25
60,341,401,5.683333333333334
442,542,984,1.2262443438914028
19,463,482,24.36842105263158
30,252,282,8.4
11,181,192,16.454545454545453
31,570,601,18.387096774193548
8,140,148,17.5
48,247,295,5.145833333333333
102,83,185,0.8137254901960784
191,672,863,3.518324607329843
485,478,963,0.9855670103092784
45,210,255,4.666666666666667
218,294,512,1.348623853211009
445,428,873,0.9617977528089887
135,151,286,1.1185185185185185
8,27,35,3.375
664,37,701,0.05572289156626506
3742,282,4024,0.07536076964190272
154,457,611,2.9675324675324677
37,270,307,7.297297297297297
1455,406,1861,0.27903780068728523
832,546,1378,0.65625
24,951,975,39.625
11,202,213,18.363636363636363
135,35,170,0.25925925925925924
589,988,1577,1.6774193548387097
26,546,572,21.0
229,397,626,1.7336244541484715
223,342,565,1.5336322869955157
11,399,410,36.27272727272727
1453,195,1648,0.13420509291121818
29,91,120,3.1379310344827585
57,511,568,8.964912280701755
25,212,237,8.48
352,157,509,0.4460227272727273
350,846,1196,2.4171428571428573
34,706,740,20.764705882352942
47,408,455,8.680851063829786
76,277,353,3.6447368421052633
28,373,401,13.321428571428571
13,350,363,26.923076923076923
131,920,1051,7.022900763358779
23,259,282,11.26086956521739
2,11,13,5.5
97,982,1079,10.123711340206185
15,244,259,16.266666666666666
334,161,495,0.4820359281437126
6,45,51,7.5
25,964,989,38.56
46,237,283,5.1521739130434785
31,376,407,12.129032258064516
18,168,186,9.333333333333334
33,111,144,3.3636363636363638
36,563,599,15.63888888888889
1046,589,1635,0.5630975143403442
24,376,400,15.666666666666666
61,520,581,8.524590163934427
24,350,374,14.583333333333334
13,310,323,23.846153846153847
340,602,942,1.7705882352941176
15,510,525,34.0
2,40,42,20.0
271,17,288,0.06273062730627306
27,255,282,9.444444444444445
1140,234,1374,0.20526315789473684
21,308,329,14.666666666666666
27,282,309,10.444444444444445
125,986,1111,7.888
13,387,400,29.76923076923077
3098,179,3277,0.05777921239509361
8,228,236,28.5
11,425,436,38.63636363636363
107,380,487,3.5514018691588785
23,261,284,11.347826086956522
785,473,1258,0.6025477707006369
24,86,110,3.5833333333333335
19,267,286,14.052631578947368
21,314,335,14.952380952380953
48,85,133,1.7708333333333333
51,1021,1072,20.019607843137255
11,257,268,23.363636363636363
25,351,376,14.04
15,12,27,0.8
8,241,249,30.125
58,24,82,0.41379310344827586
61,361,422,5.918032786885246
935,989,1924,1.0577540106951873
50,75,125,1.5
24,225,249,9.375
11,720,731,65.45454545454545
60,389,449,6.483333333333333
259,101,360,0.38996138996138996
2,11,13,5.5
124,958,1082,7.725806451612903
27,364,391,13.481481481481481
15,251,266,16.733333333333334
30,406,436,13.533333333333333
104,81,185,0.7788461538461539
682,668,1350,0.9794721407624634
21,253,274,12.047619047619047
17,339,356,19.941176470588236
13,78,91,6.0
24,119,143,4.958333333333333
31,67,98,2.161290322580645
3,32,35,10.666666666666666
166,324,490,1.9518072289156627
12,122,134,10.166666666666666
27,38,65,1.4074074074074074
5,29,34,5.8
3,42,45,14.0
36,481,517,13.36111111111111
1122,477,1599,0.42513368983957217
1407,33,1440,0.023454157782515993
480,595,1075,1.2395833333333333
13,375,388,28.846153846153847
25,525,550,21.0
15,331,346,22.066666666666666
165,371,536,2.2484848484848485
602,753,1355,1.2508305647840532
21,387,408,18.428571428571427
16,575,591,35.9375
27,489,516,18.11111111111111
13,316,329,24.307692307692307
2,12,14,6.0
5,256,261,51.2
667,6,673,0.008995502248875561
706,720,1426,1.019830028328612
552,17,569,0.030797101449275364
22,367,389,16.681818181818183
8,121,129,15.125
24,259,283,10.791666666666666
49,445,494,9.081632653061224
16,265,281,16.5625
142,26,168,0.18309859154929578
10,453,463,45.3
17,691,708,40.64705882352941
10,120,130,12.0
234,967,1201,4.132478632478633
20,409,429,20.45
35,340,375,9.714285714285714
22,387,409,17.59090909090909
17,356,373,20.941176470588236
19,629,648,33.10526315789474
17,404,421,23.764705882352942
300,844,1144,2.8133333333333335
26,119,145,4.576923076923077
134,347,481,2.58955223880597
6,187,193,31.166666666666668
112,29,141,0.25892857142857145
22,778,800,35.36363636363637
10,298,308,29.8
65,215,280,3.3076923076923075
35,58,93,1.6571428571428573
36,252,288,7.0
466,316,782,0.6781115879828327
62,326,388,5.258064516129032
19,219,238,11.526315789473685
60,560,620,9.333333333333334
14,286,300,20.428571428571427
10,477,487,47.7
55,303,358,5.509090909090909
103,612,715,5.941747572815534
15,151,166,10.066666666666666
81,973,1054,12.012345679012345
45,133,178,2.9555555555555557
320,412,732,1.2875
62,178,240,2.870967741935484
8,1056,1064,132.0
2007,273,2280,0.13602391629297458
20,248,268,12.4
27,181,208,6.703703703703703
17,723,740,42.529411764705884
29,23,52,0.7931034482758621
55,829,884,15.072727272727272
26,526,552,20.23076923076923
8,336,344,42.0
16,629,645,39.3125
77,390,467,5.064935064935065
7,211,218,30.142857142857142
627,311,938,0.4960127591706539
15,32,47,2.1333333333333333
15,407,422,27.133333333333333
57,761,818,13.350877192982455
33,173,206,5.242424242424242
27,159,186,5.888888888888889
634,34,668,0.05362776025236593
16,191,207,11.9375
1040,532,1572,0.5115384615384615
240,583,823,2.4291666666666667
8,177,185,22.125
22,313,335,14.227272727272727
11,258,269,23.454545454545453
7,65,72,9.285714285714286
18,945,963,52.5
45,376,421,8.355555555555556
172,600,772,3.488372093023256
66,200,266,3.0303030303030303
15,497,512,33.13333333333333
97,485,582,5.0
53,300,353,5.660377358490566
20,245,265,12.25
408,332,740,0.8137254901960784
9,325,334,36.111111111111114
5,368,373,73.6
9,125,134,13.88888888888889
67,724,791,10.805970149253731
16,689,705,43.0625
25,285,310,11.4
17,410,427,24.11764705882353
37,304,341,8.216216216216216
13,279,292,21.46153846153846
21,267,288,12.714285714285714
120,284,404,2.3666666666666667
144,380,524,2.638888888888889
17,787,804,46.294117647058826
22,330,352,15.0
26,293,319,11.26923076923077
452,467,919,1.0331858407079646
1625,142,1767,0.08738461538461538
123,630,753,5.121951219512195
44,398,442,9.045454545454545
305,682,987,2.236065573770492
29,169,198,5.827586206896552
677,65,742,0.09601181683899557
7,35,42,5.0
8,364,372,45.5
73,216,289,2.958904109589041
38,338,376,8.894736842105264
22,390,412,17.727272727272727
47,477,524,10.148936170212766
81,492,573,6.074074074074074
106,196,302,1.849056603773585
5,1016,1021,203.2
41,196,237,4.780487804878049
51,534,585,10.470588235294118
3,12,15,4.0
404,643,1047,1.5915841584158417
964,201,1165,0.20850622406639005
538,866,1404,1.6096654275092936
602,381,983,0.632890365448505
168,271,439,1.6130952380952381
1254,499,1753,0.39792663476874
55,27,82,0.4909090909090909
11,618,629,56.18181818181818
36,669,705,18.583333333333332
151,520,671,3.443708609271523
1898,642,2540,0.3382507903055848
137,552,689,4.029197080291971
49,251,300,5.122448979591836
266,136,402,0.5112781954887218
17,361,378,21.235294117647058
104,106,210,1.0192307692307692
10,801,811,80.1
12,599,611,49.916666666666664
2594,136,2730,0.052428681572860444
16,370,386,23.125
99,141,240,1.4242424242424243
30,472,502,15.733333333333333
10,156,166,15.6
132,321,453,2.4318181818181817
33,527,560,15.969696969696969
729,933,1662,1.2798353909465021
602,381,983,0.632890365448505
27,118,145,4.37037037037037
115,954,1069,8.295652173913043
88,110,198,1.25
50,47,97,0.94
28,399,427,14.25
68,576,644,8.470588235294118
1273,1014,2287,0.7965435978004713
726,32,758,0.0440771349862259
3876,85,3961,0.021929824561403508
27,410,437,15.185185185185185
52,70,122,1.3461538461538463
20,131,151,6.55
60,341,401,5.683333333333334
19,273,292,14.368421052631579
43,29,72,0.6744186046511628
372,146,518,0.3924731182795699
55,191,246,3.4727272727272727
6,474,480,79.0
68,490,558,7.205882352941177
3320,240,3560,0.07228915662650602
45,677,722,15.044444444444444
50,465,515,9.3
1849,676,2525,0.3656030286641428
19,111,130,5.842105263157895
44,318,362,7.2272727272727275
12,120,132,10.0
290,348,638,1.2
22,21,43,0.9545454545454546
13,319,332,24.53846153846154
49,942,991,19.224489795918366
18,719,737,39.94444444444444
14,142,156,10.142857142857142
13,536,549,41.23076923076923
391,407,798,1.040920716112532
27,880,907,32.592592592592595
423,359,782,0.8486997635933806
148,8,156,0.05405405405405406
1040,1060,2100,1.0192307692307692
7,354,361,50.57142857142857
2508,354,2862,0.14114832535885166
46,303,349,6.586956521739131
28,338,366,12.071428571428571
19,354,373,18.63157894736842
23,870,893,37.82608695652174
28,227,255,8.107142857142858
47,294,341,6.25531914893617
53,560,613,10.566037735849056
284,7,291,0.02464788732394366
71,501,572,7.056338028169014
104,145,249,1.3942307692307692
21,419,440,19.952380952380953
12,218,230,18.166666666666668
15,544,559,36.266666666666666
122,774,896,6.344262295081967
26,228,254,8.76923076923077
88,636,724,7.2272727272727275
70,327,397,4.671428571428572
1088,263,1351,0.2417279411764706
28,634,662,22.642857142857142
10,286,296,28.6
28,66,94,2.357142857142857
63,142,205,2.253968253968254
10,222,232,22.2
122,82,204,0.6721311475409836
163,216,379,1.3251533742331287
36,382,418,10.61111111111111
5,235,240,47.0
885,125,1010,0.14124293785310735
7,97,104,13.857142857142858
711,172,883,0.2419127988748242
68,787,855,11.573529411764707
12,247,259,20.583333333333332
186,336,522,1.8064516129032258
20,126,146,6.3
8,201,209,25.125
617,528,1145,0.8557536466774717
9,20,29,2.2222222222222223
14,371,385,26.5
19,30,49,1.5789473684210527
256,835,1091,3.26171875
61,216,277,3.540983606557377
43,237,280,5.511627906976744
58,50,108,0.8620689655172413
79,920,999,11.645569620253164
2700,331,3031,0.12259259259259259
41,667,708,16.26829268292683
29,502,531,17.310344827586206
27,475,502,17.59259259259259
1173,624,1797,0.5319693094629157
1135,107,1242,0.09427312775330396
9,125,134,13.88888888888889
47,275,322,5.851063829787234
5,61,66,12.2
7,26,33,3.7142857142857144
29,285,314,9.827586206896552
2186,27,2213,0.012351326623970723
11,362,373,32.90909090909091
90,871,961,9.677777777777777
11,49,60,4.454545454545454
26,377,403,14.5
312,111,423,0.3557692307692308
83,499,582,6.0120481927710845
13,336,349,25.846153846153847
17,249,266,14.647058823529411
45,336,381,7.466666666666667
67,218,285,3.253731343283582
6,166,172,27.666666666666668
23,700,723,30.434782608695652
12,22,34,1.8333333333333333
18,652,670,36.22222222222222
2676,307,2983,0.11472346786248132
1319,8,1327,0.006065200909780136
16,226,242,14.125
13,425,438,32.69230769230769
4,11,15,2.75
3,12,15,4.0
11,368,379,33.45454545454545
200,8,208,0.04
10,911,921,91.1
64,739,803,11.546875
88,89,177,1.0113636363636365
31,42,73,1.3548387096774193
8,30,38,3.75
13,510,523,39.23076923076923
58,408,466,7.0344827586206895
29,144,173,4.9655172413793105
1150,196,1346,0.17043478260869566
10,28,38,2.8
27,756,783,28.0
9,778,787,86.44444444444444
61,96,157,1.5737704918032787
20,602,622,30.1
371,202,573,0.5444743935309974
39,561,600,14.384615384615385
17,198,215,11.647058823529411
763,152,915,0.19921363040629095
12,258,270,21.5
448,37,485,0.08258928571428571
34,258,292,7.588235294117647
108,672,780,6.222222222222222
15,1039,1054,69.26666666666667
2737,191,2928,0.06978443551333577
15,407,422,27.133333333333333
14,586,600,41.857142857142854
31,347,378,11.193548387096774
69,107,176,1.5507246376811594
193,332,525,1.7202072538860103
12,328,340,27.333333333333332
105,872,977,8.304761904761905
109,262,371,2.403669724770642
67,21,88,0.31343283582089554
14,442,456,31.571428571428573
17,4,21,0.23529411764705882
22,43,65,1.9545454545454546
72,496,568,6.888888888888889
229,338,567,1.4759825327510918
18,952,970,52.888888888888886
23,30,53,1.3043478260869565
190,37,227,0.19473684210526315
17,189,206,11.117647058823529
26,245,271,9.423076923076923
374,304,678,0.8128342245989305
2643,779,3422,0.29474082482027997
9,326,335,36.22222222222222
73,730,803,10.0
2138,674,2812,0.31524789522918617
1525,28,1553,0.018360655737704918
7,139,146,19.857142857142858
115,202,317,1.7565217391304349
14,53,67,3.7857142857142856
150,364,514,2.4266666666666667
50,332,382,6.64
20,312,332,15.6
79,327,406,4.139240506329114
11,380,391,34.54545454545455
222,45,267,0.20270270270270271
234,369,603,1.5769230769230769
422,230,652,0.5450236966824644
8,227,235,28.375
29,272,301,9.379310344827585
695,862,1557,1.2402877697841728
98,694,792,7.081632653061225
1975,701,2676,0.3549367088607595
14,42,56,3.0
52,503,555,9.673076923076923
767,366,1133,0.4771838331160365
9,137,146,15.222222222222221
67,274,341,4.08955223880597
1858,1176,3034,0.6329386437029063
11,346,357,31.454545454545453
25,268,293,10.72
67,200,267,2.985074626865672
66,59,125,0.8939393939393939
13,275,288,21.153846153846153
39,405,444,10.384615384615385
25,149,174,5.96
26,369,395,14.192307692307692
16,87,103,5.4375
23,120,143,5.217391304347826
15,488,503,32.53333333333333
70,255,325,3.642857142857143
43,114,157,2.6511627906976742
9,20,29,2.2222222222222223
119,348,467,2.9243697478991595
32,213,245,6.65625
1607,548,2155,0.34100808960796514
76,985,1061,12.960526315789474
22,230,252,10.454545454545455
240,583,823,2.4291666666666667
11,464,475,42.18181818181818
20,288,308,14.4
1781,309,2090,0.17349803481190343
33,151,184,4.575757575757576
12,36,48,3.0
48,374,422,7.791666666666667
7,126,133,18.0
20,497,517,24.85
156,388,544,2.4871794871794872
39,262,301,6.717948717948718
46,19,65,0.41304347826086957
2626,311,2937,0.11843107387661843
83,891,974,10.734939759036145
68,221,289,3.25
36,322,358,8.944444444444445
21,752,773,35.80952380952381
14,187,201,13.357142857142858
1262,48,1310,0.03803486529318542
9,196,205,21.77777777777778
27,389,416,14.407407407407407
19,299,318,15.736842105263158
2780,268,3048,0.09640287769784173
11,242,253,22.0
29,341,370,11.758620689655173
11,135,146,12.272727272727273
13,20,33,1.5384615384615385
69,542,611,7.855072463768116
2030,298,2328,0.14679802955665025
243,8,251,0.03292181069958848
2,245,247,122.5
9,535,544,59.44444444444444
334,161,495,0.4820359281437126
324,1091,1415,3.367283950617284
3,42,45,14.0
901,843,1744,0.9356270810210877
1212,284,1496,0.23432343234323433
572,651,1223,1.1381118881118881
10,101,111,10.1
539,74,613,0.137291280148423
19,314,333,16.526315789473685
493,204,697,0.41379310344827586
42,297,339,7.071428571428571
226,489,715,2.163716814159292
18,209,227,11.61111111111111
7,51,58,7.285714285714286
80,752,832,9.4
13,123,136,9.461538461538462
2,11,13,5.5
12,74,86,6.166666666666667
130,208,338,1.6
144,169,313,1.1736111111111112
32,41,73,1.28125
8,228,236,28.5
11,96,107,8.727272727272727
25,734,759,29.36
623,781,1404,1.2536115569823434
827,233,1060,0.28174123337363965
20,141,161,7.05
16,547,563,34.1875
36,551,587,15.305555555555555
66,122,188,1.8484848484848484
2949,314,3263,0.10647677178704645
31,772,803,24.903225806451612
989,405,1394,0.40950455005055614
588,78,666,0.1326530612244898
3,27,30,9.0
14,357,371,25.5
26,37,63,1.4230769230769231
10,25,35,2.5
216,168,384,0.7777777777777778
1837,200,2037,0.10887316276537834
1245,601,1846,0.4827309236947791
50,392,442,7.84
1026,236,1262,0.2300194931773879
62,178,240,2.870967741935484
621,236,857,0.38003220611916266
571,593,1164,1.0385288966725044
10,22,32,2.2
27,309,336,11.444444444444445
13,336,349,25.846153846153847
26,110,136,4.230769230769231
41,139,180,3.3902439024390243
61,740,801,12.131147540983607
414,356,770,0.8599033816425121
15,133,148,8.866666666666667
12,123,135,10.25
209,508,717,2.430622009569378
24,928,952,38.666666666666664
592,759,1351,1.2820945945945945
80,379,459,4.7375
43,694,737,16.13953488372093
324,240,564,0.7407407407407407
161,167,328,1.0372670807453417
122,435,557,3.5655737704918034
14,755,769,53.92857142857143
26,425,451,16.346153846153847
17,235,252,13.823529411764707
11,372,383,33.81818181818182
35,283,318,8.085714285714285
1080,598,1678,0.5537037037037037
105,230,335,2.1904761904761907
16,280,296,17.5
237,137,374,0.5780590717299579
10,243,253,24.3
772,356,1128,0.46113989637305697
92,229,321,2.489130434782609
51,32,83,0.6274509803921569
545,8,553,0.014678899082568808
43,22,65,0.5116279069767442
1859,397,2256,0.21355567509413664
6,162,168,27.0
20,549,569,27.45
3473,82,3555,0.023610711200691047
797,105,902,0.13174404015056462
15,183,198,12.2
49,453,502,9.244897959183673
6,247,253,41.166666666666664
196,371,567,1.8928571428571428
34,254,288,7.470588235294118
54,53,107,0.9814814814814815
9,336,345,37.333333333333336
20,157,177,7.85
2361,473,2834,0.2003388394747988
135,957,1092,7.088888888888889
447,6,453,0.013422818791946308
1447,10,1457,0.006910850034554251
10,37,47,3.7
8,51,59,6.375
34,706,740,20.764705882352942
368,227,595,0.6168478260869565
110,252,362,2.290909090909091
2043,14,2057,0.006852667645619187
12,644,656,53.666666666666664
27,83,110,3.074074074074074
123,548,671,4.455284552845528
74,28,102,0.3783783783783784
35,839,874,23.97142857142857
43,48,91,1.1162790697674418
29,38,67,1.3103448275862069
18,105,123,5.833333333333333
29,676,705,23.310344827586206
8,9,17,1.125
12,152,164,12.666666666666666
2656,173,2829,0.0651355421686747
12,456,468,38.0
14,348,362,24.857142857142858
13,190,203,14.615384615384615
27,139,166,5.148148148148148
26,495,521,19.03846153846154
348,559,907,1.6063218390804597
146,50,196,0.3424657534246575
71,134,205,1.8873239436619718
10,289,299,28.9
14,435,449,31.071428571428573
12,580,592,48.333333333333336
387,286,673,0.7390180878552972
49,436,485,8.89795918367347
8,46,54,5.75
1275,14,1289,0.010980392156862745
51,272,323,5.333333333333333
8,125,133,15.625
46,412,458,8.956521739130435
9,455,464,50.55555555555556
83,24,107,0.2891566265060241
9,346,355,38.44444444444444
14,296,310,21.142857142857142
26,775,801,29.807692307692307
510,149,659,0.29215686274509806
102,20,122,0.19607843137254902
1192,117,1309,0.09815436241610738
15,66,81,4.4
106,476,582,4.490566037735849
714,137,851,0.19187675070028012
14,316,330,22.571428571428573
35,330,365,9.428571428571429
25,305,330,12.2
364,150,514,0.41208791208791207
23,109,132,4.739130434782608
155,207,362,1.335483870967742
20,137,157,6.85
7,273,280,39.0
14,377,391,26.928571428571427
21,246,267,11.714285714285714
32,730,762,22.8125
41,392,433,9.560975609756097
20,426,446,21.3
26,343,369,13.192307692307692
17,333,350,19.58823529411765
35,113,148,3.2285714285714286
40,639,679,15.975
11,79,90,7.181818181818182
64,240,304,3.75
849,120,969,0.1413427561837456
89,185,274,2.0786516853932584
1023,36,1059,0.03519061583577713
25,1053,1078,42.12
20,257,277,12.85
34,47,81,1.3823529411764706
18,210,228,11.666666666666666
63,928,991,14.73015873015873
39,213,252,5.461538461538462
34,361,395,10.617647058823529
3,368,371,122.66666666666667
30,367,397,12.233333333333333
30,53,83,1.7666666666666666
463,39,502,0.08423326133909287
17,337,354,19.823529411764707
73,819,892,11.219178082191782
296,286,582,0.9662162162162162
20,542,562,27.1
71,669,740,9.422535211267606
26,44,70,1.6923076923076923
211,263,474,1.2464454976303319
15,750,765,50.0
11,358,369,32.54545454545455
137,258,395,1.8832116788321167
1110,200,1310,0.18018018018018017
2,11,13,5.5
9,309,318,34.333333333333336
37,36,73,0.972972972972973
350,423,773,1.2085714285714286
112,22,134,0.19642857142857142
834,5,839,0.005995203836930456
22,713,735,32.40909090909091
312,622,934,1.9935897435897436
88,246,334,2.7954545454545454
31,561,592,18.096774193548388
28,348,376,12.428571428571429
12,38,50,3.1666666666666665
1252,269,1521,0.21485623003194887
2568,114,2682,0.04439252336448598
23,1024,1047,44.52173913043478
1260,305,1565,0.24206349206349206
13,392,405,30.153846153846153
67,289,356,4.313432835820896
11,164,175,14.909090909090908
14,383,397,27.357142857142858
24,204,228,8.5
29,401,430,13.827586206896552
49,467,516,9.53061224489796
118,364,482,3.0847457627118646
27,166,193,6.148148148148148
809,722,1531,0.892459826946848
184,570,754,3.097826086956522
8,5,13,0.625
25,247,272,9.88
528,118,646,0.22348484848484848
12,200,212,16.666666666666668
38,31,69,0.8157894736842105
10,43,53,4.3
9,22,31,2.4444444444444446
43,728,771,16.930232558139537
129,149,278,1.1550387596899225
27,143,170,5.296296296296297
515,1038,1553,2.015533980582524
84,447,531,5.321428571428571
24,635,659,26.458333333333332
21,159,180,7.571428571428571
10,101,111,10.1
472,420,892,0.8898305084745762
36,928,964,25.77777777777778
9,195,204,21.666666666666668
39,649,688,16.641025641025642
42,283,325,6.738095238095238
62,961,1023,15.5
6,485,491,80.83333333333333
12,7,19,0.5833333333333334
18,162,180,9.0
21,241,262,11.476190476190476
8,111,119,13.875
13,279,292,21.46153846153846
84,598,682,7.119047619047619
23,309,332,13.434782608695652
15,252,267,16.8
11,104,115,9.454545454545455
365,159,524,0.43561643835616437
15,260,275,17.333333333333332
2470,528,2998,0.21376518218623483
13,576,589,44.30769230769231
94,650,744,6.914893617021277
420,945,1365,2.25
11,316,327,28.727272727272727
1432,114,1546,0.07960893854748603
69,16,85,0.2318840579710145
14,332,346,23.714285714285715
32,374,406,11.6875
664,37,701,0.05572289156626506
10,236,246,23.6
1271,1086,2357,0.8544453186467349
11,327,338,29.727272727272727
14,240,254,17.142857142857142
299,759,1058,2.5384615384615383
63,241,304,3.8253968253968256
2475,161,2636,0.06505050505050505
3084,359,3443,0.11640726329442283
119,101,220,0.8487394957983193
6,131,137,21.833333333333332
49,316,365,6.448979591836735
867,299,1166,0.34486735870818913
12,191,203,15.916666666666666
67,342,409,5.104477611940299
21,738,759,35.142857142857146
24,315,339,13.125
18,358,376,19.88888888888889
9,330,339,36.666666666666664
7,519,526,74.14285714285714
234,336,570,1.435897435897436
6,70,76,11.666666666666666
982,8,990,0.008146639511201629
98,316,414,3.2244897959183674
61,553,614,9.065573770491802
8,162,170,20.25
66,294,360,4.454545454545454
44,345,389,7.840909090909091
22,27,49,1.2272727272727273
68,490,558,7.205882352941177
24,787,811,32.791666666666664
1403,15,1418,0.010691375623663579
23,423,446,18.391304347826086
15,210,225,14.0
1125,153,1278,0.136
218,674,892,3.091743119266055
69,68,137,0.9855072463768116
16,242,258,15.125
19,354,373,18.63157894736842
554,119,673,0.2148014440433213
101,554,655,5.485148514851486
25,363,388,14.52
103,678,781,6.58252427184466
13,207,220,15.923076923076923
34,66,100,1.9411764705882353
13,250,263,19.23076923076923
10,51,61,5.1
20,510,530,25.5
25,225,250,9.0
594,7,601,0.011784511784511785
94,283,377,3.0106382978723403
16,190,206,11.875
1129,287,1416,0.254207263064659
17,201,218,11.823529411764707
18,295,313,16.38888888888889
19,524,543,27.57894736842105
20,182,202,9.1
20,185,205,9.25
11,198,209,18.0
218,555,773,2.5458715596330275
28,367,395,13.107142857142858
1581,176,1757,0.11132194813409235
15,231,246,15.4
17,101,118,5.9411764705882355
16,229,245,14.3125
144,563,707,3.9097222222222223
15,26,41,1.7333333333333334
30,70,100,2.3333333333333335
10,345,355,34.5
707,623,1330,0.8811881188118812
191,195,386,1.0209424083769634
93,210,303,2.2580645161290325
20,120,140,6.0
18,465,483,25.833333333333332
50,321,371,6.42
270,402,672,1.488888888888889
12,9,21,0.75
27,323,350,11.962962962962964
83,341,424,4.108433734939759
10,140,150,14.0
18,140,158,7.777777777777778
2654,259,2913,0.09758854559155991
23,1022,1045,44.43478260869565
37,69,106,1.864864864864865
107,517,624,4.831775700934579
26,362,388,13.923076923076923
15,122,137,8.133333333333333
89,323,412,3.6292134831460676
20,356,376,17.8
8,228,236,28.5
7,235,242,33.57142857142857
504,502,1006,0.996031746031746
139,109,248,0.7841726618705036
82,238,320,2.902439024390244
808,128,936,0.15841584158415842
37,80,117,2.1621621621621623
21,421,442,20.047619047619047
2,31,33,15.5
19,354,373,18.63157894736842
184,623,807,3.385869565217391
68,338,406,4.970588235294118
38,258,296,6.7894736842105265
3132,127,3259,0.040549169859514685
17,72,89,4.235294117647059
10,289,299,28.9
218,59,277,0.2706422018348624
150,775,925,5.166666666666667
28,259,287,9.25
5,76,81,15.2
24,734,758,30.583333333333332
588,475,1063,0.8078231292517006
13,52,65,4.0
11,397,408,36.09090909090909
64,227,291,3.546875
2833,195,3028,0.06883162725026473
737,410,1147,0.5563093622795116
48,471,519,9.8125
8,84,92,10.5
39,226,265,5.794871794871795
14,56,70,4.0
43,573,616,13.325581395348838
2,11,13,5.5
102,602,704,5.901960784313726
8,550,558,68.75
29,353,382,12.172413793103448
925,273,1198,0.2951351351351351
181,242,423,1.3370165745856353
32,5,37,0.15625
62,202,264,3.2580645161290325
9,375,384,41.666666666666664
46,473,519,10.282608695652174
48,317,365,6.604166666666667
7,11,18,1.5714285714285714
63,114,177,1.8095238095238095
62,982,1044,15.838709677419354
16,296,312,18.5
17,726,743,42.705882352941174
47,296,343,6.297872340425532
24,63,87,2.625
135,760,895,5.62962962962963
200,459,659,2.295
167,944,1111,5.652694610778443
16,32,48,2.0
9,389,398,43.22222222222222
53,40,93,0.7547169811320755
10,26,36,2.6
1326,612,1938,0.46153846153846156
122,181,303,1.4836065573770492
18,640,658,35.55555555555556
42,25,67,0.5952380952380952
53,115,168,2.169811320754717
15,90,105,6.0
21,319,340,15.19047619047619
114,293,407,2.5701754385964914
12,463,475,38.583333333333336
1115,109,1224,0.09775784753363229
44,491,535,11.159090909090908
303,683,986,2.254125412541254
3130,395,3525,0.12619808306709265
276,627,903,2.2717391304347827
13,78,91,6.0
212,410,622,1.9339622641509433
114,280,394,2.456140350877193
10,148,158,14.8
11,551,562,50.09090909090909
9,47,56,5.222222222222222
87,313,400,3.5977011494252875
18,320,338,17.77777777777778
33,537,570,16.272727272727273
11,454,465,41.27272727272727
10,241,251,24.1
87,240,327,2.7586206896551726
187,239,426,1.2780748663101604
10,336,346,33.6
31,70,101,2.2580645161290325
4,12,16,3.0
20,308,328,15.4
79,530,609,6.708860759493671
787,489,1276,0.6213468869123253
15,301,316,20.066666666666666
13,760,773,58.46153846153846
2,10,12,5.0
10,88,98,8.8
9,103,112,11.444444444444445
14,368,382,26.285714285714285
49,177,226,3.6122448979591835
97,816,913,8.412371134020619
30,471,501,15.7
155,544,699,3.509677419354839
19,383,402,20.157894736842106
14,333,347,23.785714285714285
8,136,144,17.0
22,282,304,12.818181818181818
15,128,143,8.533333333333333
23,300,323,13.043478260869565
49,371,420,7.571428571428571
5,292,297,58.4
1941,289,2230,0.14889232354456466
1696,130,1826,0.07665094339622641
255,222,477,0.8705882352941177
83,454,537,5.469879518072289
412,256,668,0.6213592233009708
16,220,236,13.75
457,580,1037,1.2691466083150984
11,271,282,24.636363636363637
439,224,663,0.510250569476082
59,245,304,4.1525423728813555
761,503,1264,0.6609724047306176
793,958,1751,1.2080706179066836
5,254,259,50.8
449,182,631,0.4053452115812918
1063,339,1402,0.31890874882408277
9,394,403,43.77777777777778
947,536,1483,0.5659978880675819
68,239,307,3.514705882352941
57,69,126,1.2105263157894737
183,33,216,0.18032786885245902
48,230,278,4.791666666666667
55,340,395,6.181818181818182
11,261,272,23.727272727272727
22,284,306,12.909090909090908
9,148,157,16.444444444444443
23,633,656,27.52173913043478
73,135,208,1.8493150684931507
9,141,150,15.666666666666666
84,38,122,0.4523809523809524
603,852,1455,1.4129353233830846
356,180,536,0.5056179775280899
2,11,13,5.5
9,95,104,10.555555555555555
6,91,97,15.166666666666666
10,120,130,12.0
9,395,404,43.888888888888886
48,126,174,2.625
2,39,41,19.5
883,975,1858,1.1041902604756513
35,387,422,11.057142857142857
1708,131,1839,0.07669789227166277
47,162,209,3.4468085106382977
14,130,144,9.285714285714286
26,466,492,17.923076923076923
2241,218,2459,0.09727800089245872
39,197,236,5.051282051282051
14,977,991,69.78571428571429
50,261,311,5.22
12,231,243,19.25
42,306,348,7.285714285714286
18,529,547,29.38888888888889
2022,1042,3064,0.5153313550939663
116,299,415,2.5775862068965516
23,130,153,5.6521739130434785
4,12,16,3.0
3285,142,3427,0.04322678843226788
1283,936,2219,0.7295401402961809
23,305,328,13.26086956521739
12,270,282,22.5
440,113,553,0.25681818181818183
65,309,374,4.753846153846154
482,100,582,0.2074688796680498
14,368,382,26.285714285714285
1384,694,2078,0.5014450867052023
2758,526,3284,0.19071791153009426
11,307,318,27.90909090909091
17,122,139,7.176470588235294
291,601,892,2.0652920962199315
22,275,297,12.5
142,439,581,3.091549295774648
93,215,308,2.3118279569892475
5,486,491,97.2
2797,30,2827,0.010725777618877368
539,335,874,0.62152133580705
162,750,912,4.62962962962963
638,671,1309,1.0517241379310345
20,346,366,17.3
5,31,36,6.2
5,60,65,12.0
56,407,463,7.267857142857143
19,206,225,10.842105263157896
17,415,432,24.41176470588235
18,116,134,6.444444444444445
37,112,149,3.027027027027027
360,279,639,0.775
24,20,44,0.8333333333333334
950,141,1091,0.14842105263157895
36,8,44,0.2222222222222222
16,157,173,9.8125
35,204,239,5.828571428571428
57,302,359,5.298245614035087
95,213,308,2.2421052631578946
576,747,1323,1.296875
147,335,482,2.2789115646258504
12,482,494,40.166666666666664
5,184,189,36.8
52,225,277,4.326923076923077
44,28,72,0.6363636363636364
65,131,196,2.0153846153846153
146,917,1063,6.280821917808219
12,172,184,14.333333333333334
124,958,1082,7.725806451612903
101,454,555,4.4950495049504955
1352,349,1701,0.2581360946745562
3680,177,3857,0.04809782608695652
135,180,315,1.3333333333333333
267,332,599,1.243445692883895
133,168,301,1.263157894736842
251,100,351,0.398406374501992
517,176,693,0.3404255319148936
30,323,353,10.766666666666667
16,192,208,12.0
369,230,599,0.6233062330623306
33,128,161,3.878787878787879
38,322,360,8.473684210526315
24,533,557,22.208333333333332
24,230,254,9.583333333333334
9,75,84,8.333333333333334
17,341,358,20.058823529411764
14,338,352,24.142857142857142
12,91,103,7.583333333333333
11,225,236,20.454545454545453
379,269,648,0.7097625329815304
13,93,106,7.153846153846154
959,314,1273,0.32742440041710114
8,170,178,21.25
394,356,750,0.9035532994923858
12,366,378,30.5
57,337,394,5.912280701754386
173,474,647,2.739884393063584
26,432,458,16.615384615384617
73,969,1042,13.273972602739725
966,869,1835,0.8995859213250518
24,266,290,11.083333333333334
19,320,339,16.842105263157894
6,77,83,12.833333333333334
65,1011,1076,15.553846153846154
226,413,639,1.8274336283185841
67,300,367,4.477611940298507
13,382,395,29.384615384615383
1125,397,1522,0.35288888888888886
92,186,278,2.0217391304347827
23,194,217,8.434782608695652
11,189,200,17.181818181818183
95,430,525,4.526315789473684
8,71,79,8.875
3,16,19,5.333333333333333
15,164,179,10.933333333333334
709,167,876,0.23554301833568406
17,87,104,5.117647058823529
747,577,1324,0.7724230254350736
16,982,998,61.375
75,94,169,1.2533333333333334
9,35,44,3.888888888888889
184,353,537,1.9184782608695652
29,241,270,8.310344827586206
12,80,92,6.666666666666667
562,808,1370,1.4377224199288257
176,146,322,0.8295454545454546
3572,326,3898,0.09126539753639418
6,383,389,63.833333333333336
19,245,264,12.894736842105264
12,328,340,27.333333333333332
66,493,559,7.46969696969697
25,398,423,15.92
26,401,427,15.423076923076923
959,386,1345,0.40250260688216893
17,246,263,14.470588235294118
22,420,442,19.09090909090909
16,367,383,22.9375
108,104,212,0.9629629629629629
10,366,376,36.6
7,254,261,36.285714285714285
3273,301,3574,0.09196455850901314
17,114,131,6.705882352941177
17,81,98,4.764705882352941
20,294,314,14.7
127,434,561,3.4173228346456694
1784,850,2634,0.476457399103139
17,101,118,5.9411764705882355
25,161,186,6.44
18,309,327,17.166666666666668
27,513,540,19.0
260,260,520,1.0
591,17,608,0.028764805414551606
24,807,831,33.625
81,34,115,0.41975308641975306
1514,193,1707,0.12747688243064728
61,16,77,0.26229508196721313
2489,152,2641,0.061068702290076333
24,458,482,19.083333333333332
2413,669,3082,0.2772482387070037
33,419,452,12.696969696969697
43,466,509,10.837209302325581
30,124,154,4.133333333333334
41,289,330,7.048780487804878
1909,253,2162,0.13253012048192772
175,175,350,1.0
25,31,56,1.24
74,74,148,1.0
13,85,98,6.538461538461538
3,96,99,32.0
51,515,566,10.098039215686274
12,231,243,19.25
1471,46,1517,0.03127124405166554
26,302,328,11.615384615384615
8,285,293,35.625
29,43,72,1.4827586206896552
167,270,437,1.6167664670658684
232,235,467,1.0129310344827587
47,307,354,6.531914893617022
105,408,513,3.8857142857142857
14,108,122,7.714285714285714
699,1020,1719,1.4592274678111588
101,42,143,0.4158415841584158
14,323,337,23.071428571428573
49,202,251,4.122448979591836
10,70,80,7.0
10,23,33,2.3
14,856,870,61.142857142857146
39,17,56,0.4358974358974359
575,439,1014,0.7634782608695653
26,381,407,14.653846153846153
6,45,51,7.5
9,686,695,76.22222222222223
1110,200,1310,0.18018018018018017
29,132,161,4.551724137931035
20,246,266,12.3
2738,179,2917,0.06537618699780862
9,37,46,4.111111111111111
13,190,203,14.615384615384615
7,226,233,32.285714285714285
17,246,263,14.470588235294118
11,203,214,18.454545454545453
24,309,333,12.875
6,885,891,147.5
25,28,53,1.12
28,421,449,15.035714285714286
36,41,77,1.1388888888888888
13,163,176,12.538461538461538
13,168,181,12.923076923076923
34,69,103,2.0294117647058822
92,516,608,5.608695652173913
707,1095,1802,1.5487977369165489
3,151,154,50.333333333333336
17,100,117,5.882352941176471
1603,453,2056,0.2825951341235184
16,201,217,12.5625
151,788,939,5.218543046357616
2,11,13,5.5
232,318,550,1.3706896551724137
65,443,508,6.815384615384615
10,319,329,31.9
15,280,295,18.666666666666668
47,750,797,15.957446808510639
14,95,109,6.785714285714286
1762,502,2264,0.2849035187287174
893,656,1549,0.734602463605823
17,310,327,18.235294117647058
36,393,429,10.916666666666666
27,156,183,5.777777777777778
8,293,301,36.625
57,302,359,5.298245614035087
135,141,276,1.0444444444444445
5,348,353,69.6
44,404,448,9.181818181818182
87,445,532,5.114942528735632
44,317,361,7.204545454545454
134,303,437,2.2611940298507465
25,336,361,13.44
46,107,153,2.3260869565217392
74,233,307,3.1486486486486487
7,79,86,11.285714285714286
6,315,321,52.5
86,615,701,7.151162790697675
106,414,520,3.9056603773584904
122,181,303,1.4836065573770492
9,283,292,31.444444444444443
12,848,860,70.66666666666667
475,284,759,0.5978947368421053
17,246,263,14.470588235294118
104,583,687,5.605769230769231
322,459,781,1.4254658385093169
308,71,379,0.2305194805194805
174,487,661,2.7988505747126435
27,253,280,9.37037037037037
37,340,377,9.18918918918919
62,5,67,0.08064516129032258
12,340,352,28.333333333333332
736,351,1087,0.47690217391304346
15,244,259,16.266666666666666
111,823,934,7.414414414414415
20,112,132,5.6
1145,190,1335,0.16593886462882096
10,387,397,38.7
995,221,1216,0.2221105527638191
12,142,154,11.833333333333334
30,274,304,9.133333333333333
65,477,542,7.338461538461538
3,42,45,14.0
621,404,1025,0.6505636070853462
9,314,323,34.888888888888886
6,657,663,109.5
47,83,130,1.7659574468085106
24,781,805,32.541666666666664
79,44,123,0.5569620253164557
106,195,301,1.8396226415094339
83,530,613,6.385542168674699
281,774,1055,2.7544483985765122
18,71,89,3.9444444444444446
25,957,982,38.28
159,152,311,0.9559748427672956
18,1131,1149,62.833333333333336
1970,665,2635,0.33756345177664976
395,330,725,0.8354430379746836
16,37,53,2.3125
898,551,1449,0.6135857461024499
59,420,479,7.11864406779661
11,370,381,33.63636363636363
9,312,321,34.666666666666664
85,262,347,3.0823529411764707
23,29,52,1.2608695652173914
129,845,974,6.550387596899225
33,355,388,10.757575757575758
32,407,439,12.71875
12,363,375,30.25
45,175,220,3.888888888888889
84,312,396,3.7142857142857144
17,233,250,13.705882352941176
40,694,734,17.35
8,96,104,12.0
15,301,316,20.066666666666666
408,205,613,0.5024509803921569
41,289,330,7.048780487804878
8,309,317,38.625
22,145,167,6.590909090909091
68,289,357,4.25
12,334,346,27.833333333333332
14,289,303,20.642857142857142
11,114,125,10.363636363636363
17,82,99,4.823529411764706
57,171,228,3.0
3202,422,3624,0.13179262960649593
67,74,141,1.1044776119402986
40,211,251,5.275
16,263,279,16.4375
119,91,210,0.7647058823529411
19,433,452,22.789473684210527
21,112,133,5.333333333333333
173,310,483,1.7919075144508672
3251,16,3267,0.00492156259612427
1387,666,2053,0.4801730353280461
277,627,904,2.2635379061371843
9,239,248,26.555555555555557
57,562,619,9.859649122807017
8,123,131,15.375
13,382,395,29.384615384615383
90,63,153,0.7
648,328,976,0.5061728395061729
45,355,400,7.888888888888889
218,318,536,1.4587155963302751
124,518,642,4.17741935483871
11,313,324,28.454545454545453
74,415,489,5.608108108108108
62,405,467,6.532258064516129
47,404,451,8.595744680851064
215,1855,2070,8.627906976744185
22,679,701,30.863636363636363
25,241,266,9.64
90,455,545,5.055555555555555
158,390,548,2.4683544303797467
3,663,666,221.0
353,598,951,1.6940509915014164
8,248,256,31.0
15,384,399,25.6
262,864,1126,3.2977099236641223
90,280,370,3.111111111111111
99,80,179,0.8080808080808081
56,333,389,5.946428571428571
73,580,653,7.945205479452055
7,635,642,90.71428571428571
236,845,1081,3.580508474576271
174,221,395,1.2701149425287357
20,616,636,30.8
39,418,457,10.717948717948717
1307,770,2077,0.5891354246365723
417,4,421,0.009592326139088728
14,463,477,33.07142857142857
114,284,398,2.491228070175439
8,311,319,38.875
19,280,299,14.736842105263158
9,127,136,14.11111111111111
10,23,33,2.3
13,228,241,17.53846153846154
138,104,242,0.7536231884057971
6,704,710,117.33333333333333
17,205,222,12.058823529411764
78,346,424,4.435897435897436
352,312,664,0.8863636363636364
1279,8,1287,0.006254886630179828
17,370,387,21.764705882352942
84,178,262,2.119047619047619
9,84,93,9.333333333333334
9,316,325,35.111111111111114
21,413,434,19.666666666666668
17,361,378,21.235294117647058
32,68,100,2.125
282,444,726,1.574468085106383
536,217,753,0.4048507462686567
55,285,340,5.181818181818182
21,34,55,1.619047619047619
160,432,592,2.7
22,319,341,14.5
289,948,1237,3.2802768166089966
1989,542,2531,0.27249874308697836
11,864,875,78.54545454545455
11,110,121,10.0
31,386,417,12.451612903225806
12,21,33,1.75
570,305,875,0.5350877192982456
73,344,417,4.712328767123288
145,85,230,0.5862068965517241
145,510,655,3.5172413793103448
6,279,285,46.5
531,540,1071,1.0169491525423728
1245,601,1846,0.4827309236947791
46,94,140,2.0434782608695654
790,4,794,0.005063291139240506
485,26,511,0.05360824742268041
24,306,330,12.75
4,12,16,3.0
10,74,84,7.4
892,687,1579,0.7701793721973094
35,577,612,16.485714285714284
217,208,425,0.9585253456221198
343,996,1339,2.9037900874635567
18,267,285,14.833333333333334
100,868,968,8.68
23,299,322,13.0
272,103,375,0.3786764705882353
13,149,162,11.461538461538462
252,446,698,1.7698412698412698
49,745,794,15.204081632653061
14,659,673,47.07142857142857
58,8,66,0.13793103448275862
20,446,466,22.3
17,297,314,17.470588235294116
26,378,404,14.538461538461538
13,245,258,18.846153846153847
22,300,322,13.636363636363637
98,88,186,0.8979591836734694
231,253,484,1.0952380952380953
367,364,731,0.9918256130790191
15,49,64,3.2666666666666666
13,80,93,6.153846153846154
62,326,388,5.258064516129032
1042,234,1276,0.22456813819577734
76,1142,1218,15.026315789473685
4,70,74,17.5
921,942,1863,1.022801302931596
78,392,470,5.0256410256410255
277,109,386,0.3935018050541516
29,401,430,13.827586206896552
24,526,550,21.916666666666668
184,858,1042,4.663043478260869
1471,46,1517,0.03127124405166554
7,116,123,16.571428571428573
12,5,17,0.4166666666666667
26,90,116,3.4615384615384617
389,50,439,0.12853470437017994
1114,7,1121,0.0062836624775583485
48,105,153,2.1875
37,153,190,4.135135135135135
69,192,261,2.782608695652174
7,146,153,20.857142857142858
580,359,939,0.6189655172413793
61,489,550,8.01639344262295
107,536,643,5.009345794392523
8,409,417,51.125
89,171,260,1.9213483146067416
24,873,897,36.375
35,434,469,12.4
2,11,13,5.5
32,213,245,6.65625
136,382,518,2.8088235294117645
2555,178,2733,0.06966731898238747
955,284,1239,0.2973821989528796
1603,947,2550,0.5907673112913288
91,285,376,3.131868131868132
84,386,470,4.595238095238095
22,290,312,13.181818181818182
96,117,213,1.21875
531,265,796,0.4990583804143126
48,52,100,1.0833333333333333
20,487,507,24.35
34,508,542,14.941176470588236
143,949,1092,6.636363636363637
183,13,196,0.07103825136612021
178,24,202,0.1348314606741573
21,176,197,8.380952380952381
3287,112,3399,0.03407362336477031
83,226,309,2.7228915662650603
102,321,423,3.1470588235294117
182,1017,1199,5.587912087912088
17,337,354,19.823529411764707
40,422,462,10.55
13,129,142,9.923076923076923
5,41,46,8.2
13,170,183,13.076923076923077
140,96,236,0.6857142857142857
42,363,405,8.642857142857142
1470,559,2029,0.3802721088435374
58,24,82,0.41379310344827586
295,359,654,1.2169491525423728
15,228,243,15.2
39,109,148,2.7948717948717947
6,40,46,6.666666666666667
450,982,1432,2.1822222222222223
251,193,444,0.7689243027888446
27,791,818,29.296296296296298
228,116,344,0.5087719298245614
28,309,337,11.035714285714286
68,311,379,4.573529411764706
1162,315,1477,0.2710843373493976
2223,504,2727,0.22672064777327935
676,130,806,0.19230769230769232
29,114,143,3.9310344827586206
19,222,241,11.68421052631579
225,118,343,0.5244444444444445
12,65,77,5.416666666666667
10,82,92,8.2
12,267,279,22.25
728,285,1013,0.3914835164835165
22,227,249,10.318181818181818
16,270,286,16.875
21,284,305,13.523809523809524
11,446,457,40.54545454545455
12,233,245,19.416666666666668
8,164,172,20.5
8,301,309,37.625
12,343,355,28.583333333333332
875,225,1100,0.2571428571428571
71,87,158,1.2253521126760563
30,461,491,15.366666666666667
59,336,395,5.694915254237288
25,789,814,31.56
51,534,585,10.470588235294118
10,368,378,36.8
62,185,247,2.9838709677419355
53,136,189,2.5660377358490565
15,308,323,20.533333333333335
446,302,748,0.6771300448430493
19,318,337,16.736842105263158
85,377,462,4.435294117647059
111,108,219,0.972972972972973
14,282,296,20.142857142857142
9,197,206,21.88888888888889
8,43,51,5.375
9,64,73,7.111111111111111
47,667,714,14.191489361702128
273,870,1143,3.1868131868131866
483,342,825,0.7080745341614907
19,423,442,22.263157894736842
46,456,502,9.91304347826087
14,347,361,24.785714285714285
833,153,986,0.1836734693877551
23,467,490,20.304347826086957
7,273,280,39.0
9,232,241,25.77777777777778
11,408,419,37.09090909090909
303,1052,1355,3.4719471947194718
98,374,472,3.816326530612245
17,478,495,28.11764705882353
11,14,25,1.2727272727272727
196,85,281,0.4336734693877551
1538,916,2454,0.5955786736020806
6,225,231,37.5
3,384,387,128.0
676,468,1144,0.6923076923076923
78,790,868,10.128205128205128
15,511,526,34.06666666666667
210,274,484,1.3047619047619048
10,25,35,2.5
16,321,337,20.0625
17,249,266,14.647058823529411
178,251,429,1.4101123595505618
16,301,317,18.8125
11,989,1000,89.9090909090909
25,823,848,32.92
37,164,201,4.4324324324324325
12,547,559,45.583333333333336
32,965,997,30.15625
861,515,1376,0.5981416957026713
13,280,293,21.53846153846154
1997,614,2611,0.3074611917876815
651,515,1166,0.7910906298003072
2622,315,2937,0.12013729977116705
325,27,352,0.08307692307692308
119,343,462,2.8823529411764706
45,29,74,0.6444444444444445
44,275,319,6.25
18,130,148,7.222222222222222
22,202,224,9.181818181818182
32,193,225,6.03125
10,108,118,10.8
276,159,435,0.5760869565217391
13,315,328,24.23076923076923
9,12,21,1.3333333333333333
11,301,312,27.363636363636363
19,24,43,1.263157894736842
411,154,565,0.3746958637469586
710,121,831,0.1704225352112676
128,579,707,4.5234375
2547,405,2952,0.15901060070671377
283,184,467,0.6501766784452296
23,510,533,22.17391304347826
20,195,215,9.75
15,277,292,18.466666666666665
102,61,163,0.5980392156862745
14,279,293,19.928571428571427
2898,106,3004,0.03657694962042788
24,498,522,20.75
46,11,57,0.2391304347826087
8,214,222,26.75
30,377,407,12.566666666666666
573,442,1015,0.7713787085514834
625,471,1096,0.7536
11,304,315,27.636363636363637
39,54,93,1.3846153846153846
1772,447,2219,0.25225733634311515
2180,213,2393,0.09770642201834863
13,343,356,26.384615384615383
10,249,259,24.9
12,328,340,27.333333333333332
561,8,569,0.0142602495543672
22,311,333,14.136363636363637
337,398,735,1.1810089020771513
7,427,434,61.0
143,318,461,2.2237762237762237
199,116,315,0.5829145728643216
634,153,787,0.24132492113564669
108,375,483,3.4722222222222223
102,347,449,3.4019607843137254
20,166,186,8.3
27,409,436,15.148148148148149
11,298,309,27.09090909090909
22,151,173,6.863636363636363
149,170,319,1.1409395973154361
1573,14,1587,0.008900190718372537
392,446,838,1.1377551020408163
6,202,208,33.666666666666664
15,508,523,33.86666666666667
1938,647,2585,0.33384932920536636
22,252,274,11.454545454545455
18,419,437,23.27777777777778
392,192,584,0.4897959183673469
1265,16,1281,0.012648221343873518
352,964,1316,2.7386363636363638
12,138,150,11.5
69,290,359,4.202898550724638
375,378,753,1.008
23,417,440,18.130434782608695
44,340,384,7.7272727272727275
10,236,246,23.6
57,557,614,9.771929824561404
9,78,87,8.666666666666666
1243,118,1361,0.09493161705551086
16,142,158,8.875
792,48,840,0.06060606060606061
2531,357,2888,0.1410509679968392
11,252,263,22.90909090909091
36,72,108,2.0
18,221,239,12.277777777777779
40,145,185,3.625
760,334,1094,0.4394736842105263
1989,542,2531,0.27249874308697836
12,239,251,19.916666666666668
2,12,14,6.0
195,91,286,0.4666666666666667
59,291,350,4.932203389830509
6,174,180,29.0
174,276,450,1.5862068965517242
411,173,584,0.4209245742092457
13,571,584,43.92307692307692
67,952,1019,14.208955223880597
252,446,698,1.7698412698412698
234,26,260,0.1111111111111111
403,850,1253,2.109181141439206
26,683,709,26.26923076923077
4,33,37,8.25
72,15,87,0.20833333333333334
23,62,85,2.6956521739130435
2575,344,2919,0.13359223300970874
13,195,208,15.0
32,349,381,10.90625
16,367,383,22.9375
727,205,932,0.28198074277854196
556,124,680,0.22302158273381295
25,161,186,6.44
14,234,248,16.714285714285715
360,279,639,0.775
34,427,461,12.558823529411764
74,445,519,6.013513513513513
15,514,529,34.266666666666666
471,349,820,0.7409766454352441
187,369,556,1.9732620320855614
26,231,257,8.884615384615385
81,87,168,1.0740740740740742
59,405,464,6.864406779661017
10,78,88,7.8
2273,329,2602,0.14474263088429387
468,47,515,0.10042735042735043
21,773,794,36.80952380952381
25,31,56,1.24
92,671,763,7.293478260869565
2456,158,2614,0.06433224755700326
16,131,147,8.1875
5,37,42,7.4
113,335,448,2.9646017699115044
1310,219,1529,0.16717557251908396
25,363,388,14.52
10,146,156,14.6
34,411,445,12.088235294117647
48,64,112,1.3333333333333333
10,309,319,30.9
24,484,508,20.166666666666668
42,1029,1071,24.5
8,314,322,39.25
94,158,252,1.6808510638297873
33,594,627,18.0
93,457,550,4.913978494623656
33,639,672,19.363636363636363
199,95,294,0.47738693467336685
56,709,765,12.660714285714286
139,67,206,0.48201438848920863
21,15,36,0.7142857142857143
217,382,599,1.76036866359447
9,262,271,29.11111111111111
88,405,493,4.6022727272727275
18,500,518,27.77777777777778
84,768,852,9.142857142857142
28,486,514,17.357142857142858
50,363,413,7.26
8,281,289,35.125
217,37,254,0.17050691244239632
32,392,424,12.25
157,534,691,3.4012738853503186
207,154,361,0.7439613526570048
632,162,794,0.2563291139240506
50,273,323,5.46
11,173,184,15.727272727272727
15,364,379,24.266666666666666
317,503,820,1.586750788643533
37,183,220,4.945945945945946
70,465,535,6.642857142857143
647,670,1317,1.035548686244204
26,200,226,7.6923076923076925
253,201,454,0.7944664031620553
3973,11,3984,0.0027686886483765417
23,15,38,0.6521739130434783
18,155,173,8.61111111111111
62,288,350,4.645161290322581
370,222,592,0.6
34,190,224,5.588235294117647
8,486,494,60.75
25,149,174,5.96
399,522,921,1.3082706766917294
3776,8,3784,0.00211864406779661
110,349,459,3.172727272727273
86,373,459,4.337209302325581
439,680,1119,1.5489749430523918
31,166,197,5.354838709677419
11,239,250,21.727272727272727
18,952,970,52.888888888888886
1358,240,1598,0.17673048600883653
534,460,994,0.8614232209737828
19,169,188,8.894736842105264
14,88,102,6.285714285714286
8,457,465,57.125
22,549,571,24.954545454545453
13,290,303,22.307692307692307
11,348,359,31.636363636363637
24,549,573,22.875
16,367,383,22.9375
23,1014,1037,44.08695652173913
337,111,448,0.3293768545994065
100,8,108,0.08
54,204,258,3.7777777777777777
16,321,337,20.0625
10,397,407,39.7
180,467,647,2.5944444444444446
70,941,1011,13.442857142857143
115,401,516,3.4869565217391303
114,161,275,1.412280701754386
18,188,206,10.444444444444445
24,429,453,17.875
9,351,360,39.0
30,14,44,0.4666666666666667
149,374,523,2.51006711409396
35,330,365,9.428571428571429
55,768,823,13.963636363636363
37,605,642,16.35135135135135
11,31,42,2.8181818181818183
31,253,284,8.161290322580646
53,112,165,2.1132075471698113
94,276,370,2.9361702127659575
20,364,384,18.2
10,385,395,38.5
296,296,592,1.0
42,47,89,1.119047619047619
23,160,183,6.956521739130435
78,954,1032,12.23076923076923
7,266,273,38.0
34,110,144,3.235294117647059
415,863,1278,2.0795180722891566
21,397,418,18.904761904761905
1744,35,1779,0.020068807339449542
10,660,670,66.0
41,243,284,5.926829268292683
11,363,374,33.0
81,417,498,5.148148148148148
33,353,386,10.696969696969697
260,699,959,2.6884615384615387
1039,222,1261,0.2136669874879692
7,370,377,52.857142857142854
220,262,482,1.190909090909091
1677,483,2160,0.2880143112701252
17,294,311,17.294117647058822
16,117,133,7.3125
41,604,645,14.731707317073171
21,297,318,14.142857142857142
200,434,634,2.17
184,623,807,3.385869565217391
20,398,418,19.9
16,208,224,13.0
81,792,873,9.777777777777779
77,112,189,1.4545454545454546
717,617,1334,0.8605299860529986
10,109,119,10.9
273,870,1143,3.1868131868131866
17,124,141,7.294117647058823
16,174,190,10.875
9,618,627,68.66666666666667
481,31,512,0.06444906444906445
11,337,348,30.636363636363637
130,665,795,5.115384615384615
110,847,957,7.7
2276,234,2510,0.10281195079086115
2048,160,2208,0.078125
22,372,394,16.90909090909091
33,106,139,3.212121212121212
6,117,123,19.5
71,270,341,3.8028169014084505
10,236,246,23.6
315,817,1132,2.5936507936507938
12,267,279,22.25
24,179,203,7.458333333333333
9,163,172,18.11111111111111
10,297,307,29.7
65,669,734,10.292307692307693
81,350,431,4.320987654320987
16,118,134,7.375
385,204,589,0.5298701298701298
30,155,185,5.166666666666667
87,803,890,9.229885057471265
1275,847,2122,0.6643137254901961
114,284,398,2.491228070175439
50,321,371,6.42
3,29,32,9.666666666666666
2,5,7,2.5
20,281,301,14.05
84,316,400,3.761904761904762
1680,172,1852,0.10238095238095238
27,263,290,9.74074074074074
18,502,520,27.88888888888889
28,620,648,22.142857142857142
7,211,218,30.142857142857142
520,422,942,0.8115384615384615
859,185,1044,0.21536670547147846
32,356,388,11.125
17,418,435,24.58823529411765
46,531,577,11.543478260869565
18,271,289,15.055555555555555
10,878,888,87.8
35,442,477,12.628571428571428
14,125,139,8.928571428571429
321,237,558,0.7383177570093458
8,96,104,12.0
818,929,1747,1.1356968215158925
11,204,215,18.545454545454547
19,542,561,28.526315789473685
496,425,921,0.8568548387096774
16,666,682,41.625
23,104,127,4.521739130434782
66,266,332,4.03030303030303
15,386,401,25.733333333333334
65,420,485,6.461538461538462
56,138,194,2.4642857142857144
226,532,758,2.353982300884956
16,36,52,2.25
1012,582,1594,0.575098814229249
40,123,163,3.075
41,805,846,19.634146341463413
38,61,99,1.605263157894737
46,531,577,11.543478260869565
28,404,432,14.428571428571429
306,654,960,2.1372549019607843
22,415,437,18.863636363636363
212,484,696,2.2830188679245285
17,282,299,16.58823529411765
333,980,1313,2.942942942942943
226,560,786,2.47787610619469
6,54,60,9.0
38,260,298,6.842105263157895
105,102,207,0.9714285714285714
13,365,378,28.076923076923077
73,239,312,3.2739726027397262
15,151,166,10.066666666666666
2,12,14,6.0
16,107,123,6.6875
1727,398,2125,0.23045744064852344
19,440,459,23.157894736842106
1054,356,1410,0.3377609108159393
551,675,1226,1.2250453720508168
71,669,740,9.422535211267606
68,158,226,2.323529411764706
582,132,714,0.2268041237113402
50,504,554,10.08
36,1009,1045,28.02777777777778
291,246,537,0.845360824742268
23,228,251,9.91304347826087
496,132,628,0.2661290322580645
131,562,693,4.290076335877862
15,378,393,25.2
21,434,455,20.666666666666668
21,171,192,8.142857142857142
108,47,155,0.4351851851851852
20,104,124,5.2
2,11,13,5.5
11,524,535,47.63636363636363
116,363,479,3.1293103448275863
59,38,97,0.6440677966101694
16,37,53,2.3125
13,716,729,55.07692307692308
23,310,333,13.478260869565217
483,342,825,0.7080745341614907
1354,667,2021,0.49261447562776955
161,224,385,1.391304347826087
20,308,328,15.4
17,488,505,28.705882352941178
29,406,435,14.0
22,309,331,14.045454545454545
7,32,39,4.571428571428571
35,273,308,7.8
9,226,235,25.11111111111111
20,137,157,6.85
432,193,625,0.44675925925925924
22,165,187,7.5
17,312,329,18.352941176470587
28,324,352,11.571428571428571
2111,318,2429,0.1506395073424917
43,196,239,4.558139534883721
134,381,515,2.843283582089552
19,473,492,24.894736842105264
971,199,1170,0.20494335736354274
8,249,257,31.125
686,427,1113,0.6224489795918368
116,326,442,2.810344827586207
1068,746,1814,0.6985018726591761
861,515,1376,0.5981416957026713
9,322,331,35.77777777777778
12,866,878,72.16666666666667
44,89,133,2.022727272727273
4,75,79,18.75
1398,328,1726,0.23462088698140202
30,156,186,5.2
819,159,978,0.19413919413919414
34,774,808,22.764705882352942
706,650,1356,0.9206798866855525
14,420,434,30.0
14,184,198,13.142857142857142
115,98,213,0.8521739130434782
98,410,508,4.183673469387755
21,103,124,4.904761904761905
1161,604,1765,0.5202411714039621
1056,569,1625,0.5388257575757576
2071,42,2113,0.020280057943022695
7,351,358,50.142857142857146
146,19,165,0.13013698630136986
180,99,279,0.55
58,358,416,6.172413793103448
78,404,482,5.17948717948718
13,368,381,28.307692307692307
146,925,1071,6.335616438356165
34,359,393,10.558823529411764
29,204,233,7.0344827586206895
85,260,345,3.0588235294117645
180,498,678,2.7666666666666666
40,376,416,9.4
1620,619,2239,0.38209876543209875
14,155,169,11.071428571428571
42,106,148,2.5238095238095237
2,11,13,5.5
454,667,1121,1.4691629955947136
35,142,177,4.057142857142857
170,758,928,4.458823529411765
45,196,241,4.355555555555555
10,210,220,21.0
8,521,529,65.125
163,977,1140,5.993865030674846
646,368,1014,0.5696594427244582
98,124,222,1.2653061224489797
13,278,291,21.384615384615383
21,201,222,9.571428571428571
7,41,48,5.857142857142857
8,108,116,13.5
65,666,731,10.246153846153845
135,661,796,4.896296296296296
57,268,325,4.701754385964913
8,136,144,17.0
265,69,334,0.26037735849056604
7,323,330,46.142857142857146
32,320,352,10.0
131,145,276,1.1068702290076335
36,305,341,8.472222222222221
51,146,197,2.8627450980392157
67,106,173,1.5820895522388059
228,461,689,2.0219298245614037
14,110,124,7.857142857142857
631,769,1400,1.2187004754358162
108,332,440,3.074074074074074
30,975,1005,32.5
102,973,1075,9.53921568627451
15,127,142,8.466666666666667
21,221,242,10.523809523809524
8,104,112,13.0
7,112,119,16.0
435,640,1075,1.471264367816092
21,464,485,22.095238095238095
19,773,792,40.68421052631579
615,369,984,0.6
38,688,726,18.105263157894736
2,11,13,5.5
33,43,76,1.303030303030303
26,124,150,4.769230769230769
87,646,733,7.425287356321839
41,667,708,16.26829268292683
70,325,395,4.642857142857143
2569,125,2694,0.04865706500583885
3,11,14,3.6666666666666665
38,225,263,5.921052631578948
111,309,420,2.7837837837837838
286,441,727,1.5419580419580419
1287,825,2112,0.6410256410256411
277,551,828,1.9891696750902528
2,11,13,5.5
100,312,412,3.12
28,344,372,12.285714285714286
113,16,129,0.1415929203539823
35,44,79,1.2571428571428571
12,461,473,38.416666666666664
201,156,357,0.7761194029850746
7,47,54,6.714285714285714
560,54,614,0.09642857142857143
245,183,428,0.746938775510204
5,368,373,73.6
62,160,222,2.5806451612903225
11,355,366,32.27272727272727
47,319,366,6.787234042553192
1714,14,1728,0.008168028004667444
39,268,307,6.871794871794871
110,440,550,4.0
1073,84,1157,0.0782851817334576
26,267,293,10.26923076923077
97,274,371,2.8247422680412373
25,243,268,9.72
37,308,345,8.324324324324325
47,319,366,6.787234042553192
79,492,571,6.227848101265823
2,11,13,5.5
19,206,225,10.842105263157896
70,307,377,4.385714285714286
3,11,14,3.6666666666666665
1552,260,1812,0.16752577319587628
2,11,13,5.5
6,576,582,96.0
63,499,562,7.920634920634921
133,507,640,3.81203007518797
38,327,365,8.605263157894736
1158,820,1978,0.7081174438687392
2899,389,3288,0.13418420144877544
17,360,377,21.176470588235293
27,143,170,5.296296296296297
82,328,410,4.0
34,360,394,10.588235294117647
294,5,299,0.017006802721088437
21,119,140,5.666666666666667
20,249,269,12.45
26,362,388,13.923076923076923
27,573,600,21.22222222222222
92,229,321,2.489130434782609
118,432,550,3.6610169491525424
81,349,430,4.308641975308642
2881,8,2889,0.0027768136063866713
22,603,625,27.40909090909091
70,46,116,0.6571428571428571
56,153,209,2.732142857142857
36,33,69,0.9166666666666666
44,26,70,0.5909090909090909
654,35,689,0.053516819571865444
13,241,254,18.53846153846154
2210,585,2795,0.2647058823529412
16,96,112,6.0
748,286,1034,0.38235294117647056
47,596,643,12.680851063829786
2843,36,2879,0.01266268026732325
25,451,476,18.04
143,110,253,0.7692307692307693
20,222,242,11.1
9,197,206,21.88888888888889
26,45,71,1.7307692307692308
614,70,684,0.11400651465798045
1404,129,1533,0.09188034188034189
2123,226,2349,0.10645313235986811
29,216,245,7.448275862068965
7,145,152,20.714285714285715
1524,6,1530,0.003937007874015748
9,316,325,35.111111111111114
31,251,282,8.096774193548388
41,182,223,4.439024390243903
39,905,944,23.205128205128204
46,44,90,0.9565217391304348
5,56,61,11.2
12,416,428,34.666666666666664
2754,163,2917,0.059186637618010164
16,780,796,48.75
39,213,252,5.461538461538462
18,446,464,24.77777777777778
14,189,203,13.5
154,217,371,1.4090909090909092
66,107,173,1.621212121212121
12,451,463,37.583333333333336
6,107,113,17.833333333333332
16,482,498,30.125
120,718,838,5.983333333333333
23,137,160,5.956521739130435
19,351,370,18.473684210526315
11,311,322,28.272727272727273
17,112,129,6.588235294117647
1062,53,1115,0.04990583804143126
77,154,231,2.0
23,120,143,5.217391304347826
22,19,41,0.8636363636363636
17,479,496,28.176470588235293
18,656,674,36.44444444444444
80,345,425,4.3125
357,17,374,0.047619047619047616
43,586,629,13.627906976744185
11,130,141,11.818181818181818
13,484,497,37.23076923076923
457,6,463,0.01312910284463895
19,28,47,1.4736842105263157
462,273,735,0.5909090909090909
1878,26,1904,0.013844515441959531
47,796,843,16.93617021276596
1408,322,1730,0.22869318181818182
246,241,487,0.9796747967479674
304,448,752,1.4736842105263157
44,46,90,1.0454545454545454
13,172,185,13.23076923076923
9,252,261,28.0
335,330,665,0.9850746268656716
33,668,701,20.242424242424242
3664,242,3906,0.06604803493449782
14,427,441,30.5
11,165,176,15.0
22,167,189,7.590909090909091
168,19,187,0.1130952380952381
10,395,405,39.5
321,15,336,0.04672897196261682
1217,801,2018,0.6581758422350041
19,330,349,17.36842105263158
1153,447,1600,0.3876843018213356
71,441,512,6.211267605633803
1001,34,1035,0.03396603396603397
313,279,592,0.8913738019169329
320,290,610,0.90625
9,213,222,23.666666666666668
21,530,551,25.238095238095237
7,208,215,29.714285714285715
18,306,324,17.0
8,238,246,29.75
11,856,867,77.81818181818181
18,326,344,18.11111111111111
141,23,164,0.16312056737588654
26,436,462,16.76923076923077
841,515,1356,0.6123662306777645
13,305,318,23.46153846153846
12,45,57,3.75
2,11,13,5.5
52,151,203,2.9038461538461537
1687,86,1773,0.05097806757557795
45,376,421,8.355555555555556
23,532,555,23.130434782608695
69,445,514,6.449275362318841
121,722,843,5.966942148760331
63,478,541,7.587301587301587
65,536,601,8.246153846153845
21,107,128,5.095238095238095
17,14,31,0.8235294117647058
1135,326,1461,0.2872246696035242
221,166,387,0.751131221719457
4,125,129,31.25
253,201,454,0.7944664031620553
291,239,530,0.8213058419243986
36,551,587,15.305555555555555
444,19,463,0.04279279279279279
17,124,141,7.294117647058823
109,215,324,1.9724770642201834
286,355,641,1.2412587412587412
14,756,770,54.0
1129,493,1622,0.4366696191319752
235,155,390,0.6595744680851063
31,358,389,11.548387096774194
21,201,222,9.571428571428571
374,697,1071,1.8636363636363635
25,109,134,4.36
157,663,820,4.222929936305732
32,195,227,6.09375
31,343,374,11.064516129032258
15,537,552,35.8
8,280,288,35.0
35,327,362,9.342857142857143
17,333,350,19.58823529411765
10,364,374,36.4
231,40,271,0.17316017316017315
119,343,462,2.8823529411764706
45,567,612,12.6
17,567,584,33.35294117647059
20,320,340,16.0
1809,8,1817,0.004422332780541736
23,261,284,11.347826086956522
361,366,727,1.0138504155124655
342,889,1231,2.5994152046783627
8,96,104,12.0
14,539,553,38.5
362,364,726,1.0055248618784531
680,239,919,0.3514705882352941
73,390,463,5.342465753424658
29,408,437,14.068965517241379
62,410,472,6.612903225806452
20,405,425,20.25
53,334,387,6.30188679245283
20,301,321,15.05
75,357,432,4.76
23,401,424,17.434782608695652
838,866,1704,1.0334128878281623
171,461,632,2.695906432748538
8,102,110,12.75
2,254,256,127.0
9,71,80,7.888888888888889
15,228,243,15.2
950,141,1091,0.14842105263157895
47,419,466,8.914893617021276
8,364,372,45.5
3404,210,3614,0.06169212690951821
13,238,251,18.307692307692307
101,41,142,0.40594059405940597
197,920,1117,4.67005076142132
37,258,295,6.972972972972973
17,176,193,10.352941176470589
12,291,303,24.25
10,206,216,20.6
40,95,135,2.375
2,277,279,138.5
33,345,378,10.454545454545455
404,643,1047,1.5915841584158417
13,367,380,28.23076923076923
7,148,155,21.142857142857142
10,213,223,21.3
152,16,168,0.10526315789473684
9,164,173,18.22222222222222
319,745,1064,2.335423197492163
46,176,222,3.8260869565217392
11,374,385,34.0
18,73,91,4.055555555555555
1806,14,1820,0.007751937984496124
26,200,226,7.6923076923076925
46,890,936,19.347826086956523
3028,301,3329,0.09940554821664464
25,263,288,10.52
16,282,298,17.625
46,57,103,1.2391304347826086
239,106,345,0.4435146443514644
139,41,180,0.2949640287769784
2305,270,2575,0.11713665943600868
25,260,285,10.4
223,991,1214,4.443946188340807
12,71,83,5.916666666666667
452,989,1441,2.188053097345133
3205,33,3238,0.01029641185647426
29,1045,1074,36.03448275862069
1988,187,2175,0.09406438631790745
704,758,1462,1.0767045454545454
31,382,413,12.32258064516129
21,347,368,16.523809523809526
55,538,593,9.781818181818181
27,947,974,35.074074074074076
167,635,802,3.802395209580838
2,757,759,378.5
60,68,128,1.1333333333333333
16,62,78,3.875
50,158,208,3.16
103,234,337,2.2718446601941746
20,145,165,7.25
125,43,168,0.344
10,140,150,14.0
2117,25,2142,0.011809163911195087
44,443,487,10.068181818181818
1025,335,1360,0.32682926829268294
13,37,50,2.8461538461538463
22,353,375,16.045454545454547
262,112,374,0.42748091603053434
17,158,175,9.294117647058824
152,746,898,4.907894736842105
1361,791,2152,0.5811903012490816
117,106,223,0.905982905982906
12,80,92,6.666666666666667
928,326,1254,0.35129310344827586
2,11,13,5.5
3,103,106,34.333333333333336
53,200,253,3.7735849056603774
767,180,947,0.23468057366362452
142,314,456,2.211267605633803
10,23,33,2.3
29,591,620,20.379310344827587
5,311,316,62.2
2650,903,3553,0.3407547169811321
483,23,506,0.047619047619047616
15,391,406,26.066666666666666
2796,331,3127,0.11838340486409156
45,396,441,8.8
25,44,69,1.76
57,511,568,8.964912280701755
7,474,481,67.71428571428571
16,243,259,15.1875
297,545,842,1.835016835016835
631,455,1086,0.7210776545166403
7,32,39,4.571428571428571
243,411,654,1.691358024691358
414,445,859,1.0748792270531402
39,62,101,1.5897435897435896
74,409,483,5.527027027027027
24,46,70,1.9166666666666667
107,280,387,2.616822429906542
38,664,702,17.473684210526315
11,747,758,67.9090909090909
20,577,597,28.85
17,210,227,12.352941176470589
32,5,37,0.15625
13,888,901,68.3076923076923
28,568,596,20.285714285714285
25,219,244,8.76
7,210,217,30.0
109,41,150,0.3761467889908257
238,258,496,1.084033613445378
31,201,232,6.483870967741935
273,210,483,0.7692307692307693
10,373,383,37.3
4,78,82,19.5
509,308,817,0.6051080550098232
57,963,1020,16.894736842105264
19,159,178,8.368421052631579
3033,915,3948,0.3016815034619189
38,402,440,10.578947368421053
2,11,13,5.5
9,485,494,53.888888888888886
50,192,242,3.84
818,655,1473,0.8007334963325183
756,651,1407,0.8611111111111112
349,326,675,0.9340974212034384
1390,522,1912,0.37553956834532376
20,180,200,9.0
1538,15,1553,0.00975292587776333
18,91,109,5.055555555555555
44,878,922,19.954545454545453
2749,1016,3765,0.36958894143324844
37,442,479,11.945945945945946
18,293,311,16.27777777777778
24,188,212,7.833333333333333
355,455,810,1.2816901408450705
17,426,443,25.058823529411764
17,332,349,19.529411764705884
9,218,227,24.22222222222222
25,818,843,32.72
7,208,215,29.714285714285715
45,246,291,5.466666666666667
19,189,208,9.947368421052632
16,296,312,18.5
1087,425,1512,0.39098436062557496
9,274,283,30.444444444444443
17,586,603,34.470588235294116
145,126,271,0.8689655172413793
126,412,538,3.2698412698412698
41,335,376,8.170731707317072
11,30,41,2.727272727272727
89,767,856,8.617977528089888
3,391,394,130.33333333333334
94,650,744,6.914893617021277
46,499,545,10.847826086956522
5,19,24,3.8
20,207,227,10.35
9,232,241,25.77777777777778
212,677,889,3.193396226415094
16,260,276,16.25
2590,71,2661,0.027413127413127413
10,156,166,15.6
14,824,838,58.857142857142854
2818,6,2824,0.0021291696238466998
23,375,398,16.304347826086957
26,5,31,0.19230769230769232
131,436,567,3.3282442748091605
8,265,273,33.125
287,678,965,2.362369337979094
113,767,880,6.787610619469026
1934,103,2037,0.05325749741468459
1102,924,2026,0.838475499092559
68,196,264,2.8823529411764706
283,345,628,1.2190812720848057
11,61,72,5.545454545454546
11,257,268,23.363636363636363
23,478,501,20.782608695652176
47,65,112,1.3829787234042554
921,994,1915,1.0792616720955484
13,401,414,30.846153846153847
95,924,1019,9.726315789473684
1006,355,1361,0.352882703777336
560,324,884,0.5785714285714286
14,408,422,29.142857142857142
30,13,43,0.43333333333333335
25,116,141,4.64
26,879,905,33.80769230769231
68,242,310,3.5588235294117645
108,139,247,1.287037037037037
30,377,407,12.566666666666666
234,336,570,1.435897435897436
10,444,454,44.4
19,133,152,7.0
48,664,712,13.833333333333334
36,421,457,11.694444444444445
68,93,161,1.3676470588235294
51,429,480,8.411764705882353
39,506,545,12.974358974358974
734,579,1313,0.7888283378746594
66,278,344,4.212121212121212
154,309,463,2.0064935064935066
209,91,300,0.4354066985645933
9,112,121,12.444444444444445
14,125,139,8.928571428571429
484,72,556,0.1487603305785124
31,772,803,24.903225806451612
20,383,403,19.15
38,206,244,5.421052631578948
6,17,23,2.8333333333333335
10,270,280,27.0
19,405,424,21.31578947368421
90,240,330,2.6666666666666665
16,400,416,25.0
14,202,216,14.428571428571429
23,40,63,1.7391304347826086
31,416,447,13.419354838709678
1271,1086,2357,0.8544453186467349
11,371,382,33.72727272727273
11,357,368,32.45454545454545
9,420,429,46.666666666666664
1284,29,1313,0.022585669781931463
9,63,72,7.0
242,351,593,1.4504132231404958
38,37,75,0.9736842105263158
18,104,122,5.777777777777778
1270,236,1506,0.1858267716535433
235,155,390,0.6595744680851063
21,457,478,21.761904761904763
43,509,552,11.837209302325581
27,149,176,5.518518518518518
153,282,435,1.8431372549019607
96,27,123,0.28125
2,58,60,29.0
458,102,560,0.22270742358078602
6,248,254,41.333333333333336
3,423,426,141.0
19,365,384,19.210526315789473
29,247,276,8.517241379310345
14,435,449,31.071428571428573
1661,179,1840,0.10776640577965081
6,230,236,38.333333333333336
10,336,346,33.6
27,283,310,10.481481481481481
98,111,209,1.1326530612244898
23,429,452,18.652173913043477
22,458,480,20.818181818181817
65,536,601,8.246153846153845
25,304,329,12.16
16,273,289,17.0625
8,431,439,53.875
17,225,242,13.235294117647058
73,390,463,5.342465753424658
27,187,214,6.925925925925926
10,132,142,13.2
6,236,242,39.333333333333336
51,345,396,6.764705882352941
15,30,45,2.0
46,57,103,1.2391304347826086
32,1113,1145,34.78125
114,71,185,0.6228070175438597
249,244,493,0.9799196787148594
75,327,402,4.36
947,194,1141,0.20485744456177402
1096,5,1101,0.004562043795620438
95,230,325,2.4210526315789473
7,354,361,50.57142857142857
146,37,183,0.2534246575342466
8,46,54,5.75
3,391,394,130.33333333333334
16,350,366,21.875
23,165,188,7.173913043478261
375,378,753,1.008
41,35,76,0.8536585365853658
18,218,236,12.11111111111111
542,241,783,0.4446494464944649
506,340,846,0.6719367588932806
27,542,569,20.074074074074073
2,12,14,6.0
69,452,521,6.550724637681159
20,278,298,13.9
10,176,186,17.6
350,112,462,0.32
164,86,250,0.524390243902439
217,262,479,1.207373271889401
39,379,418,9.717948717948717
8,230,238,28.75
16,490,506,30.625
3,28,31,9.333333333333334
460,422,882,0.9173913043478261
274,606,880,2.2116788321167884
21,129,150,6.142857142857143
9,274,283,30.444444444444443
16,244,260,15.25
271,489,760,1.8044280442804428
9,274,283,30.444444444444443
28,604,632,21.571428571428573
478,998,1476,2.087866108786611
18,374,392,20.77777777777778
53,352,405,6.6415094339622645
911,325,1236,0.3567508232711306
12,597,609,49.75
21,295,316,14.047619047619047
50,109,159,2.18
306,654,960,2.1372549019607843
20,931,951,46.55
20,222,242,11.1
545,8,553,0.014678899082568808
13,480,493,36.92307692307692
438,687,1125,1.5684931506849316
85,400,485,4.705882352941177
21,265,286,12.619047619047619
62,72,134,1.1612903225806452
1804,469,2273,0.25997782705099776
66,122,188,1.8484848484848484
20,762,782,38.1
11,393,404,35.72727272727273
3284,153,3437,0.04658952496954933
11,19,30,1.7272727272727273
100,417,517,4.17
99,367,466,3.707070707070707
1028,138,1166,0.13424124513618677
48,560,608,11.666666666666666
416,842,1258,2.0240384615384617
10,242,252,24.2
44,59,103,1.3409090909090908
12,644,656,53.666666666666664
15,544,559,36.266666666666666
58,171,229,2.9482758620689653
17,255,272,15.0
2798,369,3167,0.13187991422444603
880,607,1487,0.6897727272727273
92,285,377,3.097826086956522
14,197,211,14.071428571428571
25,287,312,11.48
1636,381,2017,0.23288508557457213
158,267,425,1.6898734177215189
25,402,427,16.08
100,671,771,6.71
19,112,131,5.894736842105263
20,182,202,9.1
25,154,179,6.16
489,66,555,0.13496932515337423
21,188,209,8.952380952380953
63,36,99,0.5714285714285714
233,607,840,2.6051502145922747
42,510,552,12.142857142857142
56,240,296,4.285714285714286
24,69,93,2.875
323,272,595,0.8421052631578947
17,116,133,6.823529411764706
59,401,460,6.796610169491525
20,771,791,38.55
36,551,587,15.305555555555555
67,56,123,0.835820895522388
32,94,126,2.9375
10,118,128,11.8
576,8,584,0.013888888888888888
7,212,219,30.285714285714285
22,249,271,11.318181818181818
646,368,1014,0.5696594427244582
80,30,110,0.375
144,313,457,2.173611111111111
72,31,103,0.4305555555555556
3,32,35,10.666666666666666
9,90,99,10.0
164,561,725,3.4207317073170733
682,668,1350,0.9794721407624634
37,7,44,0.1891891891891892
55,100,155,1.8181818181818181
3800,205,4005,0.05394736842105263
20,334,354,16.7
211,263,474,1.2464454976303319
13,121,134,9.307692307692308
68,310,378,4.5588235294117645
9,36,45,4.0
10,458,468,45.8
30,277,307,9.233333333333333
517,53,570,0.10251450676982592
29,353,382,12.172413793103448
173,139,312,0.8034682080924855
42,259,301,6.166666666666667
2,11,13,5.5
25,46,71,1.84
172,31,203,0.18023255813953487
3473,267,3740,0.07687877915346962
85,482,567,5.670588235294118
2319,410,2729,0.17680034497628289
52,299,351,5.75
1218,510,1728,0.4187192118226601
102,97,199,0.9509803921568627
111,606,717,5.45945945945946
17,550,567,32.35294117647059
9,170,179,18.88888888888889
11,369,380,33.54545454545455
28,389,417,13.892857142857142
22,147,169,6.681818181818182
89,539,628,6.056179775280899
800,1040,1840,1.3
834,445,1279,0.5335731414868106
10,250,260,25.0
13,275,288,21.153846153846153
166,173,339,1.0421686746987953
183,300,483,1.639344262295082
48,14,62,0.2916666666666667
16,103,119,6.4375
2,11,13,5.5
23,29,52,1.2608695652173914
1739,609,2348,0.35020126509488214
8,90,98,11.25
158,416,574,2.632911392405063
32,276,308,8.625
26,188,214,7.230769230769231
94,122,216,1.297872340425532
20,325,345,16.25
66,214,280,3.242424242424242
64,789,853,12.328125
18,231,249,12.833333333333334
192,4,196,0.020833333333333332
45,399,444,8.866666666666667
36,179,215,4.972222222222222
108,474,582,4.388888888888889
67,448,515,6.686567164179104
15,552,567,36.8
12,319,331,26.583333333333332
401,19,420,0.04738154613466334
119,122,241,1.0252100840336134
39,47,86,1.205128205128205
1352,349,1701,0.2581360946745562
56,704,760,12.571428571428571
1208,517,1725,0.4279801324503311
9,256,265,28.444444444444443
100,384,484,3.84
1098,921,2019,0.8387978142076503
15,347,362,23.133333333333333
26,375,401,14.423076923076923
21,36,57,1.7142857142857142
1260,287,1547,0.22777777777777777
97,485,582,5.0
46,327,373,7.108695652173913
12,643,655,53.583333333333336
1373,49,1422,0.035688273852876914
49,85,134,1.7346938775510203
38,386,424,10.157894736842104
1041,8,1049,0.007684918347742555
112,373,485,3.330357142857143
50,588,638,11.76
14,147,161,10.5
69,439,508,6.36231884057971
3,96,99,32.0
404,407,811,1.0074257425742574
17,355,372,20.88235294117647
54,954,1008,17.666666666666668
95,143,238,1.5052631578947369
56,334,390,5.964285714285714
17,561,578,33.0
27,675,702,25.0
19,263,282,13.842105263157896
16,189,205,11.8125
68,231,299,3.3970588235294117
3,11,14,3.6666666666666665
10,280,290,28.0
229,295,524,1.2882096069868996
15,391,406,26.066666666666666
65,389,454,5.984615384615385
22,436,458,19.818181818181817
152,340,492,2.236842105263158
32,166,198,5.1875
47,410,457,8.72340425531915
270,347,617,1.2851851851851852
29,394,423,13.586206896551724
54,5,59,0.09259259259259259
13,270,283,20.76923076923077
15,537,552,35.8
42,25,67,0.5952380952380952
14,438,452,31.285714285714285
8,458,466,57.25
100,45,145,0.45
2981,403,3384,0.13518953371351897
38,295,333,7.7631578947368425
31,611,642,19.70967741935484
11,627,638,57.0
14,277,291,19.785714285714285
32,589,621,18.40625
761,146,907,0.19185282522996058
441,113,554,0.2562358276643991
37,257,294,6.945945945945946
1194,346,1540,0.2897822445561139
61,351,412,5.754098360655738
28,140,168,5.0
199,61,260,0.3065326633165829
224,320,544,1.4285714285714286
18,295,313,16.38888888888889
130,802,932,6.1692307692307695
4,89,93,22.25
49,374,423,7.63265306122449
172,208,380,1.2093023255813953
287,276,563,0.9616724738675958
1472,641,2113,0.43546195652173914
85,653,738,7.682352941176471
1619,881,2500,0.5441630636195183
2,11,13,5.5
85,199,284,2.3411764705882354
365,30,395,0.0821917808219178
50,856,906,17.12
49,445,494,9.081632653061224
25,97,122,3.88
124,1426,1550,11.5
11,4,15,0.36363636363636365
161,49,210,0.30434782608695654
28,227,255,8.107142857142858
880,131,1011,0.14886363636363636
14,133,147,9.5
371,528,899,1.4231805929919137
12,902,914,75.16666666666667
64,185,249,2.890625
6,136,142,22.666666666666668
479,86,565,0.17954070981210857
10,344,354,34.4
615,775,1390,1.2601626016260163
362,8,370,0.022099447513812154
984,164,1148,0.16666666666666666
25,363,388,14.52
82,398,480,4.853658536585366
88,507,595,5.761363636363637
40,450,490,11.25
16,28,44,1.75
366,359,725,0.9808743169398907
93,291,384,3.129032258064516
911,325,1236,0.3567508232711306
15,16,31,1.0666666666666667
27,20,47,0.7407407407407407
13,112,125,8.615384615384615
19,382,401,20.105263157894736
2035,724,2759,0.35577395577395576
8,136,144,17.0
16,958,974,59.875
59,522,581,8.847457627118644
39,564,603,14.461538461538462
32,342,374,10.6875
26,111,137,4.269230769230769
551,563,1114,1.0217785843920144
412,256,668,0.6213592233009708
20,248,268,12.4
25,46,71,1.84
87,193,280,2.218390804597701
18,307,325,17.055555555555557
167,393,560,2.3532934131736525
26,112,138,4.3076923076923075
16,386,402,24.125
76,39,115,0.5131578947368421
48,191,239,3.9791666666666665
13,333,346,25.615384615384617
21,200,221,9.523809523809524
17,498,515,29.294117647058822
14,221,235,15.785714285714286
295,8,303,0.02711864406779661
39,523,562,13.41025641025641
828,889,1717,1.0736714975845412
50,363,413,7.26
25,322,347,12.88
8,248,256,31.0
22,223,245,10.136363636363637
115,202,317,1.7565217391304349
13,184,197,14.153846153846153
48,489,537,10.1875
22,390,412,17.727272727272727
6,274,280,45.666666666666664
16,191,207,11.9375
1751,548,2299,0.3129640205596802
408,625,1033,1.5318627450980393
22,250,272,11.363636363636363
1581,176,1757,0.11132194813409235
7,30,37,4.285714285714286
20,342,362,17.1
20,534,554,26.7
20,294,314,14.7
17,297,314,17.470588235294116
31,772,803,24.903225806451612
25,287,312,11.48
3,36,39,12.0
211,263,474,1.2464454976303319
36,517,553,14.36111111111111
10,433,443,43.3
27,67,94,2.4814814814814814
7,82,89,11.714285714285714
13,187,200,14.384615384615385
516,39,555,0.0755813953488372
29,213,242,7.344827586206897
156,51,207,0.3269230769230769
10,305,315,30.5
188,617,805,3.2819148936170213
30,302,332,10.066666666666666
10,243,253,24.3
431,146,577,0.33874709976798145
8,850,858,106.25
1403,181,1584,0.12900926585887385
281,774,1055,2.7544483985765122
26,373,399,14.346153846153847
15,772,787,51.46666666666667
2,11,13,5.5
105,244,349,2.323809523809524
1731,351,2082,0.2027729636048527
87,564,651,6.482758620689655
11,347,358,31.545454545454547
29,441,470,15.206896551724139
20,291,311,14.55
561,67,628,0.11942959001782531
21,288,309,13.714285714285714
897,286,1183,0.3188405797101449
11,312,323,28.363636363636363
55,43,98,0.7818181818181819
33,441,474,13.363636363636363
35,330,365,9.428571428571429
10,119,129,11.9
40,509,549,12.725
22,464,486,21.09090909090909
75,324,399,4.32
1600,112,1712,0.07
9,117,126,13.0
42,580,622,13.80952380952381
10,179,189,17.9
12,47,59,3.9166666666666665
44,131,175,2.977272727272727
690,346,1036,0.5014492753623189
28,137,165,4.892857142857143
237,137,374,0.5780590717299579
22,283,305,12.863636363636363
17,341,358,20.058823529411764
53,939,992,17.71698113207547
118,148,266,1.2542372881355932
81,554,635,6.839506172839506
222,67,289,0.30180180180180183
50,501,551,10.02
3711,6,3717,0.0016168148746968471
60,35,95,0.5833333333333334
64,261,325,4.078125
56,261,317,4.660714285714286
390,189,579,0.4846153846153846
16,265,281,16.5625
18,295,313,16.38888888888889
23,334,357,14.521739130434783
11,141,152,12.818181818181818
11,961,972,87.36363636363636
505,175,680,0.3465346534653465
198,306,504,1.5454545454545454
148,546,694,3.689189189189189
2511,455,2966,0.1812027080844285
36,570,606,15.833333333333334
18,159,177,8.833333333333334
69,138,207,2.0
992,399,1391,0.4022177419354839
29,336,365,11.586206896551724
60,447,507,7.45
1394,85,1479,0.06097560975609756
19,30,49,1.5789473684210527
23,369,392,16.043478260869566
1759,365,2124,0.20750426378624218
2,11,13,5.5
60,216,276,3.6
40,43,83,1.075
24,759,783,31.625
50,264,314,5.28
13,375,388,28.846153846153847
382,579,961,1.5157068062827226
30,265,295,8.833333333333334
11,66,77,6.0
109,380,489,3.4862385321100917
28,291,319,10.392857142857142
98,527,625,5.377551020408164
39,316,355,8.102564102564102
46,753,799,16.369565217391305
14,45,59,3.2142857142857144
17,167,184,9.823529411764707
12,181,193,15.083333333333334
5,42,47,8.4
12,354,366,29.5
1856,248,2104,0.1336206896551724
4,32,36,8.0
52,582,634,11.192307692307692
650,370,1020,0.5692307692307692
26,401,427,15.423076923076923
27,307,334,11.37037037037037
1127,7,1134,0.006211180124223602
16,689,705,43.0625
2,11,13,5.5
15,555,570,37.0
116,399,515,3.439655172413793
397,517,914,1.3022670025188916
54,100,154,1.8518518518518519
72,50,122,0.6944444444444444
22,367,389,16.681818181818183
92,73,165,0.7934782608695652
3006,268,3274,0.08915502328675981
32,591,623,18.46875
35,768,803,21.942857142857143
9,311,320,34.55555555555556
5,12,17,2.4
1061,223,1284,0.21017907634307256
171,766,937,4.47953216374269
1255,468,1723,0.37290836653386455
23,253,276,11.0
31,561,592,18.096774193548388
885,809,1694,0.9141242937853107
11,262,273,23.818181818181817
146,160,306,1.095890410958904
9,551,560,61.22222222222222
29,486,515,16.75862068965517
13,435,448,33.46153846153846
472,420,892,0.8898305084745762
14,37,51,2.642857142857143
22,549,571,24.954545454545453
3,344,347,114.66666666666667
14,230,244,16.428571428571427
136,911,1047,6.698529411764706
28,443,471,15.821428571428571
33,52,85,1.5757575757575757
1217,82,1299,0.06737880032867707
128,762,890,5.953125
43,678,721,15.767441860465116
43,29,72,0.6744186046511628
20,406,426,20.3
12,123,135,10.25
24,199,223,8.291666666666666
21,909,930,43.285714285714285
41,182,223,4.439024390243903
50,28,78,0.56
13,351,364,27.0
7,279,286,39.857142857142854
14,392,406,28.0
883,506,1389,0.5730464326160816
2,11,13,5.5
74,331,405,4.472972972972973
21,647,668,30.80952380952381
9,214,223,23.77777777777778
45,273,318,6.066666666666666
9,283,292,31.444444444444443
148,126,274,0.8513513513513513
5,253,258,50.6
215,404,619,1.8790697674418604
379,156,535,0.41160949868073876
11,961,972,87.36363636363636
27,804,831,29.77777777777778
12,268,280,22.333333333333332
21,214,235,10.19047619047619
21,1007,1028,47.95238095238095
22,297,319,13.5
29,346,375,11.931034482758621
17,30,47,1.7647058823529411
18,515,533,28.61111111111111
2424,135,2559,0.055693069306930694
11,743,754,67.54545454545455
109,935,1044,8.577981651376147
17,93,110,5.470588235294118
156,613,769,3.9294871794871793
41,279,320,6.804878048780488
468,109,577,0.2329059829059829
85,244,329,2.8705882352941177
30,211,241,7.033333333333333
31,156,187,5.032258064516129
9,330,339,36.666666666666664
32,192,224,6.0
15,633,648,42.2
8,279,287,34.875
60,213,273,3.55
137,598,735,4.364963503649635
62,532,594,8.580645161290322
1145,105,1250,0.09170305676855896
6,135,141,22.5
188,451,639,2.398936170212766
74,28,102,0.3783783783783784
20,282,302,14.1
14,373,387,26.642857142857142
614,70,684,0.11400651465798045
434,429,863,0.988479262672811
48,14,62,0.2916666666666667
8,409,417,51.125
3264,190,3454,0.05821078431372549
27,389,416,14.407407407407407
159,325,484,2.0440251572327046
151,80,231,0.5298013245033113
15,134,149,8.933333333333334
304,184,488,0.6052631578947368
108,672,780,6.222222222222222
58,270,328,4.655172413793103
13,222,235,17.076923076923077
36,932,968,25.88888888888889
25,750,775,30.0
85,244,329,2.8705882352941177
23,424,447,18.434782608695652
30,472,502,15.733333333333333
200,8,208,0.04
27,352,379,13.037037037037036
22,452,474,20.545454545454547
1833,35,1868,0.019094380796508457
12,15,27,1.25
91,15,106,0.16483516483516483
38,427,465,11.236842105263158
21,145,166,6.904761904761905
50,582,632,11.64
5,156,161,31.2
40,336,376,8.4
51,355,406,6.96078431372549
2047,5,2052,0.002442598925256473
104,435,539,4.1826923076923075
23,264,287,11.478260869565217
116,8,124,0.06896551724137931
21,164,185,7.809523809523809
532,953,1485,1.7913533834586466
7,77,84,11.0
15,55,70,3.6666666666666665
16,383,399,23.9375
77,607,684,7.883116883116883
145,482,627,3.3241379310344827
18,292,310,16.22222222222222
93,451,544,4.849462365591398
579,281,860,0.4853195164075993
25,24,49,0.96
9,95,104,10.555555555555555
24,196,220,8.166666666666666
19,116,135,6.105263157894737
73,460,533,6.301369863013699
72,82,154,1.1388888888888888
2145,339,2484,0.15804195804195803
28,268,296,9.571428571428571
10,284,294,28.4
333,572,905,1.7177177177177176
314,874,1188,2.78343949044586
31,299,330,9.64516129032258
17,27,44,1.588235294117647
116,299,415,2.5775862068965516
33,359,392,10.878787878787879
29,502,531,17.310344827586206
12,296,308,24.666666666666668
68,105,173,1.5441176470588236
20,369,389,18.45
317,676,993,2.132492113564669
123,494,617,4.016260162601626
154,61,215,0.3961038961038961
22,450,472,20.454545454545453
17,773,790,45.470588235294116
10,462,472,46.2
14,323,337,23.071428571428573
159,292,451,1.8364779874213837
65,136,201,2.0923076923076924
41,5,46,0.12195121951219512
3,18,21,6.0
15,619,634,41.266666666666666
12,408,420,34.0
106,329,435,3.1037735849056602
486,156,642,0.32098765432098764
19,246,265,12.947368421052632
36,125,161,3.4722222222222223
23,258,281,11.217391304347826
15,186,201,12.4
11,70,81,6.363636363636363
54,292,346,5.407407407407407
7,225,232,32.142857142857146
1810,278,2088,0.15359116022099448
106,392,498,3.69811320754717
85,823,908,9.68235294117647
20,249,269,12.45
6,184,190,30.666666666666668
65,756,821,11.63076923076923
338,90,428,0.26627218934911245
12,227,239,18.916666666666668
17,190,207,11.176470588235293
27,133,160,4.925925925925926
37,813,850,21.972972972972972
5,210,215,42.0
17,781,798,45.94117647058823
387,343,730,0.8863049095607235
35,68,103,1.9428571428571428
107,129,236,1.205607476635514
486,615,1101,1.2654320987654322
311,581,892,1.8681672025723473
560,54,614,0.09642857142857143
12,357,369,29.75
53,217,270,4.09433962264151
51,394,445,7.7254901960784315
28,267,295,9.535714285714286
68,787,855,11.573529411764707
22,451,473,20.5
10,228,238,22.8
23,524,547,22.782608695652176
9,141,150,15.666666666666666
79,44,123,0.5569620253164557
36,336,372,9.333333333333334
19,239,258,12.578947368421053
15,462,477,30.8
37,17,54,0.4594594594594595
11,223,234,20.272727272727273
15,214,229,14.266666666666667
1463,268,1731,0.18318523581681476
8,348,356,43.5
756,503,1259,0.6653439153439153
47,173,220,3.6808510638297873
91,425,516,4.670329670329671
4,131,135,32.75
128,623,751,4.8671875
16,455,471,28.4375
28,793,821,28.321428571428573
17,492,509,28.941176470588236
31,62,93,2.0
2043,14,2057,0.006852667645619187
222,91,313,0.4099099099099099
25,363,388,14.52
12,168,180,14.0
48,489,537,10.1875
22,165,187,7.5
31,21,52,0.6774193548387096
10,25,35,2.5
6,51,57,8.5
39,225,264,5.769230769230769
39,213,252,5.461538461538462
113,45,158,0.39823008849557523
658,97,755,0.1474164133738602
111,236,347,2.126126126126126
154,552,706,3.5844155844155843
1075,887,1962,0.8251162790697675
27,582,609,21.555555555555557
30,296,326,9.866666666666667
20,31,51,1.55
20,356,376,17.8
8,415,423,51.875
226,984,1210,4.353982300884955
11,318,329,28.90909090909091
108,76,184,0.7037037037037037
15,90,105,6.0
11,330,341,30.0
161,495,656,3.0745341614906834
11,427,438,38.81818181818182
641,727,1368,1.1341653666146645
41,301,342,7.341463414634147
14,213,227,15.214285714285714
1331,591,1922,0.44402704733283244
16,272,288,17.0
254,459,713,1.8070866141732282
11,324,335,29.454545454545453
18,254,272,14.11111111111111
9,314,323,34.888888888888886
18,568,586,31.555555555555557
13,555,568,42.69230769230769
17,21,38,1.2352941176470589
794,284,1078,0.35768261964735515
10,538,548,53.8
58,60,118,1.0344827586206897
25,363,388,14.52
16,87,103,5.4375
66,386,452,5.848484848484849
10,367,377,36.7
47,374,421,7.957446808510638
66,257,323,3.893939393939394
308,283,591,0.9188311688311688
37,194,231,5.243243243243243
85,603,688,7.094117647058823
134,198,332,1.4776119402985075
15,435,450,29.0
15,265,280,17.666666666666668
114,973,1087,8.535087719298245
1459,1079,2538,0.7395476353666895
12,212,224,17.666666666666668
17,173,190,10.176470588235293
5,112,117,22.4
24,823,847,34.291666666666664
352,493,845,1.4005681818181819
313,1094,1407,3.4952076677316293
34,578,612,17.0
28,424,452,15.142857142857142
50,634,684,12.68
26,470,496,18.076923076923077
576,8,584,0.013888888888888888
47,319,366,6.787234042553192
149,349,498,2.3422818791946307
11,173,184,15.727272727272727
1956,715,2671,0.36554192229038857
1131,424,1555,0.3748894783377542
491,108,599,0.219959266802444
24,385,409,16.041666666666668
16,23,39,1.4375
570,965,1535,1.6929824561403508
2,11,13,5.5
14,357,371,25.5
19,530,549,27.894736842105264
202,746,948,3.6930693069306932
14,380,394,27.142857142857142
18,510,528,28.333333333333332
23,340,363,14.782608695652174
20,448,468,22.4
21,614,635,29.238095238095237
2138,674,2812,0.31524789522918617
17,497,514,29.235294117647058
5,486,491,97.2
367,255,622,0.6948228882833788
472,259,731,0.548728813559322
1295,755,2050,0.583011583011583
31,311,342,10.03225806451613
11,476,487,43.27272727272727
10,136,146,13.6
244,828,1072,3.3934426229508197
10,333,343,33.3
24,167,191,6.958333333333333
24,458,482,19.083333333333332
51,40,91,0.7843137254901961
72,440,512,6.111111111111111
31,4,35,0.12903225806451613
41,546,587,13.317073170731707
142,566,708,3.9859154929577465
1398,63,1461,0.045064377682403435
80,633,713,7.9125
31,191,222,6.161290322580645
17,235,252,13.823529411764707
28,100,128,3.5714285714285716
10,87,97,8.7
321,366,687,1.1401869158878504
24,757,781,31.541666666666668
117,467,584,3.9914529914529915
13,402,415,30.923076923076923
9,320,329,35.55555555555556
79,312,391,3.949367088607595
23,443,466,19.26086956521739
765,145,910,0.1895424836601307
25,347,372,13.88
15,39,54,2.6
14,134,148,9.571428571428571
437,483,920,1.105263157894737
6,35,41,5.833333333333333
663,139,802,0.2096530920060332
25,171,196,6.84
32,349,381,10.90625
15,7,22,0.4666666666666667
14,262,276,18.714285714285715
3,255,258,85.0
15,328,343,21.866666666666667
40,1011,1051,25.275
25,538,563,21.52
402,154,556,0.38308457711442784
23,137,160,5.956521739130435
24,27,51,1.125
50,403,453,8.06
87,673,760,7.735632183908046
357,17,374,0.047619047619047616
92,24,116,0.2608695652173913
10,29,39,2.9
32,604,636,18.875
42,716,758,17.047619047619047
26,13,39,0.5
10,153,163,15.3
622,451,1073,0.72508038585209
15,284,299,18.933333333333334
32,313,345,9.78125
67,305,372,4.552238805970149
345,971,1316,2.8144927536231883
320,393,713,1.228125
15,291,306,19.4
8,99,107,12.375
166,6,172,0.03614457831325301
118,249,367,2.110169491525424
57,467,524,8.192982456140351
18,21,39,1.1666666666666667
271,556,827,2.0516605166051662
648,6,654,0.009259259259259259
50,217,267,4.34
6,346,352,57.666666666666664
35,305,340,8.714285714285714
385,655,1040,1.7012987012987013
9,30,39,3.3333333333333335
2,11,13,5.5
27,515,542,19.074074074074073
29,582,611,20.06896551724138
54,886,940,16.40740740740741
2117,242,2359,0.11431270666036844
26,25,51,0.9615384615384616
6,236,242,39.333333333333336
410,524,934,1.278048780487805
614,274,888,0.44625407166123776
2217,186,2403,0.08389715832205684
20,519,539,25.95
14,421,435,30.071428571428573
65,1011,1076,15.553846153846154
35,684,719,19.542857142857144
12,334,346,27.833333333333332
6,69,75,11.5
28,443,471,15.821428571428571
49,732,781,14.938775510204081
57,461,518,8.087719298245615
64,615,679,9.609375
13,149,162,11.461538461538462
3085,83,3168,0.026904376012965966
79,684,763,8.658227848101266
70,341,411,4.871428571428571
376,109,485,0.2898936170212766
3,95,98,31.666666666666668
8,175,183,21.875
4,188,192,47.0
657,184,841,0.2800608828006088
137,348,485,2.54014598540146
45,24,69,0.5333333333333333
105,325,430,3.0952380952380953
89,128,217,1.4382022471910112
139,41,180,0.2949640287769784
62,607,669,9.790322580645162
23,214,237,9.304347826086957
14,502,516,35.857142857142854
7,28,35,4.0
287,276,563,0.9616724738675958
10,234,244,23.4
30,70,100,2.3333333333333335
1064,186,1250,0.17481203007518797
25,411,436,16.44
100,640,740,6.4
27,162,189,6.0
32,838,870,26.1875
19,194,213,10.210526315789474
8,145,153,18.125
37,290,327,7.837837837837838
54,580,634,10.74074074074074
42,66,108,1.5714285714285714
53,252,305,4.754716981132075
2,11,13,5.5
999,124,1123,0.12412412412412413
10,387,397,38.7
9,223,232,24.77777777777778
16,202,218,12.625
92,69,161,0.75
287,381,668,1.3275261324041812
28,960,988,34.285714285714285
67,345,412,5.149253731343284
1721,832,2553,0.4834398605461941
11,335,346,30.454545454545453
623,233,856,0.3739967897271268
20,279,299,13.95
10,313,323,31.3
23,363,386,15.782608695652174
329,280,609,0.851063829787234
8,5,13,0.625
1201,320,1521,0.2664446294754371
10,26,36,2.6
189,176,365,0.9312169312169312
39,566,605,14.512820512820513
26,396,422,15.23076923076923
1696,130,1826,0.07665094339622641
21,632,653,30.095238095238095
22,318,340,14.454545454545455
4,45,49,11.25
46,407,453,8.847826086956522
43,373,416,8.674418604651162
617,510,1127,0.826580226904376
36,398,434,11.055555555555555
17,109,126,6.411764705882353
13,282,295,21.692307692307693
36,33,69,0.9166666666666666
11,593,604,53.90909090909091
3,11,14,3.6666666666666665
12,29,41,2.4166666666666665
299,623,922,2.0836120401337794
439,487,926,1.1093394077448746
6,54,60,9.0
19,274,293,14.421052631578947
44,359,403,8.159090909090908
23,426,449,18.52173913043478
22,716,738,32.54545454545455
953,564,1517,0.5918153200419727
6,23,29,3.8333333333333335
3849,6,3855,0.001558846453624318
2,11,13,5.5
76,32,108,0.42105263157894735
58,782,840,13.482758620689655
100,687,787,6.87
2340,1031,3371,0.4405982905982906
540,259,799,0.47962962962962963
17,69,86,4.0588235294117645
43,322,365,7.488372093023256
44,74,118,1.6818181818181819
193,456,649,2.3626943005181347
1260,305,1565,0.24206349206349206
25,430,455,17.2
9,323,332,35.888888888888886
66,946,1012,14.333333333333334
42,385,427,9.166666666666666
1557,530,2087,0.340398201669878
82,960,1042,11.707317073170731
26,24,50,0.9230769230769231
5,13,18,2.6
20,177,197,8.85
664,656,1320,0.9879518072289156
503,85,588,0.16898608349900596
71,106,177,1.4929577464788732
605,4,609,0.006611570247933884
1923,600,2523,0.31201248049922
6,240,246,40.0
97,459,556,4.731958762886598
394,781,1175,1.982233502538071
81,778,859,9.604938271604938
1750,587,2337,0.3354285714285714
17,386,403,22.705882352941178
11,85,96,7.7272727272727275
59,214,273,3.6271186440677967
509,620,1129,1.218074656188605
12,763,775,63.583333333333336
52,140,192,2.6923076923076925
110,159,269,1.4454545454545455
13,162,175,12.461538461538462
32,245,277,7.65625
283,345,628,1.2190812720848057
21,39,60,1.8571428571428572
29,539,568,18.586206896551722
26,627,653,24.115384615384617
46,412,458,8.956521739130435
14,950,964,67.85714285714286
685,393,1078,0.5737226277372263
48,389,437,8.104166666666666
17,163,180,9.588235294117647
36,52,88,1.4444444444444444
32,321,353,10.03125
612,147,759,0.24019607843137256
163,177,340,1.0858895705521472
36,322,358,8.944444444444445
159,272,431,1.7106918238993711
920,725,1645,0.7880434782608695
1213,950,2163,0.7831821929101401
17,143,160,8.411764705882353
573,442,1015,0.7713787085514834
2993,674,3667,0.22519211493484798
11,313,324,28.454545454545453
1152,112,1264,0.09722222222222222
46,531,577,11.543478260869565
18,379,397,21.055555555555557
27,476,503,17.62962962962963
478,698,1176,1.4602510460251046
14,187,201,13.357142857142858
19,413,432,21.736842105263158
36,165,201,4.583333333333333
40,304,344,7.6
588,78,666,0.1326530612244898
27,63,90,2.3333333333333335
7,235,242,33.57142857142857
4,416,420,104.0
19,207,226,10.894736842105264
1112,176,1288,0.15827338129496402
1538,15,1553,0.00975292587776333
8,232,240,29.0
47,255,302,5.425531914893617
47,19,66,0.40425531914893614
3,330,333,110.0
13,170,183,13.076923076923077
78,392,470,5.0256410256410255
24,222,246,9.25
70,143,213,2.0428571428571427
31,525,556,16.93548387096774
39,882,921,22.615384615384617
14,334,348,23.857142857142858
25,236,261,9.44
80,297,377,3.7125
2749,357,3106,0.1298654056020371
9,348,357,38.666666666666664
205,438,643,2.1365853658536587
15,553,568,36.86666666666667
28,223,251,7.964285714285714
25,1053,1078,42.12
15,204,219,13.6
172,235,407,1.3662790697674418
193,259,452,1.3419689119170986
18,280,298,15.555555555555555
27,230,257,8.518518518518519
25,196,221,7.84
50,332,382,6.64
301,472,773,1.5681063122923589
38,595,633,15.657894736842104
3,11,14,3.6666666666666665
84,548,632,6.523809523809524
1237,27,1264,0.021827000808407437
350,121,471,0.3457142857142857
64,284,348,4.4375
2568,112,2680,0.04361370716510903
14,250,264,17.857142857142858
19,313,332,16.473684210526315
2,41,43,20.5
36,112,148,3.111111111111111
149,407,556,2.7315436241610738
20,40,60,2.0
25,30,55,1.2
422,123,545,0.2914691943127962
484,644,1128,1.3305785123966942
70,99,169,1.4142857142857144
15,571,586,38.06666666666667
405,388,793,0.9580246913580247
761,146,907,0.19185282522996058
25,524,549,20.96
29,415,444,14.310344827586206
39,15,54,0.38461538461538464
31,37,68,1.1935483870967742
12,95,107,7.916666666666667
70,506,576,7.228571428571429
165,310,475,1.878787878787879
2,11,13,5.5
10,597,607,59.7
414,98,512,0.23671497584541062
1594,233,1827,0.14617314930991218
26,206,232,7.923076923076923
261,445,706,1.7049808429118773
17,55,72,3.235294117647059
781,941,1722,1.204865556978233
155,207,362,1.335483870967742
7,394,401,56.285714285714285
11,203,214,18.454545454545453
5,155,160,31.0
28,769,797,27.464285714285715
986,206,1192,0.20892494929006086
27,395,422,14.62962962962963
13,247,260,19.0
44,238,282,5.409090909090909
1997,614,2611,0.3074611917876815
14,324,338,23.142857142857142
65,908,973,13.96923076923077
4,362,366,90.5
8,673,681,84.125
396,103,499,0.2601010101010101
654,234,888,0.3577981651376147
158,205,363,1.2974683544303798
45,364,409,8.088888888888889
14,177,191,12.642857142857142
3217,200,3417,0.062169723344731115
204,217,421,1.0637254901960784
96,52,148,0.5416666666666666
1811,817,2628,0.451131971286582
10,140,150,14.0
8,401,409,50.125
787,28,815,0.035578144853875476
82,728,810,8.878048780487806
48,337,385,7.020833333333333
41,183,224,4.463414634146342
8,228,236,28.5
14,230,244,16.428571428571427
2,11,13,5.5
18,195,213,10.833333333333334
55,553,608,10.054545454545455
6,10,16,1.6666666666666667
196,61,257,0.3112244897959184
225,274,499,1.2177777777777778
93,720,813,7.741935483870968
10,47,57,4.7
13,291,304,22.384615384615383
18,288,306,16.0
3,12,15,4.0
61,352,413,5.770491803278689
9,870,879,96.66666666666667
128,179,307,1.3984375
112,564,676,5.035714285714286
15,439,454,29.266666666666666
3,25,28,8.333333333333334
15,149,164,9.933333333333334
726,32,758,0.0440771349862259
14,107,121,7.642857142857143
1350,499,1849,0.36962962962962964
13,710,723,54.61538461538461
83,768,851,9.25301204819277
38,472,510,12.421052631578947
2,11,13,5.5
11,37,48,3.3636363636363638
30,453,483,15.1
12,207,219,17.25
106,397,503,3.7452830188679247
181,709,890,3.9171270718232045
44,430,474,9.772727272727273
37,236,273,6.378378378378378
16,156,172,9.75
654,148,802,0.22629969418960244
18,56,74,3.111111111111111
25,546,571,21.84
1350,499,1849,0.36962962962962964
325,856,1181,2.6338461538461537
1013,147,1160,0.14511352418558737
47,323,370,6.872340425531915
188,292,480,1.553191489361702
16,586,602,36.625
108,275,383,2.5462962962962963
84,474,558,5.642857142857143
331,393,724,1.1873111782477341
28,263,291,9.392857142857142
58,857,915,14.775862068965518
13,351,364,27.0
15,99,114,6.6
51,547,598,10.72549019607843
553,237,790,0.42857142857142855
650,42,692,0.06461538461538462
93,156,249,1.6774193548387097
617,175,792,0.28363047001620745
97,242,339,2.4948453608247423
6,191,197,31.833333333333332
19,253,272,13.31578947368421
30,322,352,10.733333333333333
54,20,74,0.37037037037037035
68,636,704,9.352941176470589
58,674,732,11.620689655172415
8,214,222,26.75
191,862,1053,4.513089005235602
25,464,489,18.56
22,549,571,24.954545454545453
16,552,568,34.5
25,685,710,27.4
46,621,667,13.5
1055,258,1313,0.24454976303317535
21,387,408,18.428571428571427
16,391,407,24.4375
1744,35,1779,0.020068807339449542
39,855,894,21.923076923076923
17,184,201,10.823529411764707
53,561,614,10.584905660377359
173,440,613,2.5433526011560694
1443,786,2229,0.5446985446985447
8,129,137,16.125
118,533,651,4.516949152542373
79,276,355,3.4936708860759493
62,185,247,2.9838709677419355
17,244,261,14.352941176470589
76,261,337,3.4342105263157894
46,329,375,7.1521739130434785
1140,892,2032,0.7824561403508772
44,414,458,9.409090909090908
38,292,330,7.684210526315789
2852,128,2980,0.04488078541374474
2,26,28,13.0
37,612,649,16.54054054054054
148,260,408,1.7567567567567568
42,203,245,4.833333333333333
15,194,209,12.933333333333334
160,368,528,2.3
9,29,38,3.2222222222222223
10,265,275,26.5
620,506,1126,0.8161290322580645
17,401,418,23.58823529411765
44,681,725,15.477272727272727
23,699,722,30.391304347826086
8,928,936,116.0
1219,580,1799,0.47579983593109104
41,182,223,4.439024390243903
3287,439,3726,0.1335564344386979
12,172,184,14.333333333333334
12,257,269,21.416666666666668
477,846,1323,1.7735849056603774
56,442,498,7.892857142857143
236,569,805,2.4110169491525424
16,340,356,21.25
43,4,47,0.09302325581395349
1923,85,2008,0.044201768070722826
24,155,179,6.458333333333333
50,203,253,4.06
22,390,412,17.727272727272727
189,176,365,0.9312169312169312
12,265,277,22.083333333333332
166,165,331,0.9939759036144579
460,422,882,0.9173913043478261
2,11,13,5.5
12,461,473,38.416666666666664
842,139,981,0.16508313539192399
40,46,86,1.15
174,390,564,2.2413793103448274
24,105,129,4.375
35,353,388,10.085714285714285
2082,12,2094,0.005763688760806916
2508,354,2862,0.14114832535885166
12,294,306,24.5
8,54,62,6.75
4,26,30,6.5
45,717,762,15.933333333333334
879,828,1707,0.9419795221843004
56,407,463,7.267857142857143
53,414,467,7.811320754716981
136,67,203,0.49264705882352944
23,290,313,12.608695652173912
259,402,661,1.5521235521235521
925,464,1389,0.5016216216216216
48,565,613,11.770833333333334
200,159,359,0.795
25,903,928,36.12
61,23,84,0.3770491803278688
92,303,395,3.2934782608695654
23,51,74,2.217391304347826
515,120,635,0.23300970873786409
130,32,162,0.24615384615384617
57,562,619,9.859649122807017
238,661,899,2.777310924369748
509,661,1170,1.2986247544204321
90,73,163,0.8111111111111111
2154,216,2370,0.10027855153203342
459,33,492,0.0718954248366013
18,275,293,15.277777777777779
12,106,118,8.833333333333334
720,106,826,0.14722222222222223
1711,223,1934,0.13033313851548803
1247,163,1410,0.13071371291098638
294,57,351,0.19387755102040816
79,327,406,4.139240506329114
1670,454,2124,0.2718562874251497
97,45,142,0.4639175257731959
60,425,485,7.083333333333333
25,527,552,21.08
13,1000,1013,76.92307692307692
8,580,588,72.5
90,479,569,5.322222222222222
11,968,979,88.0
48,996,1044,20.75
45,604,649,13.422222222222222
61,133,194,2.180327868852459
6,76,82,12.666666666666666
1375,652,2027,0.4741818181818182
712,101,813,0.14185393258426968
66,270,336,4.090909090909091
29,319,348,11.0
17,581,598,34.1764705882353
12,371,383,30.916666666666668
15,47,62,3.1333333333333333
16,45,61,2.8125
114,8,122,0.07017543859649122
131,463,594,3.5343511450381677
1199,590,1789,0.4920767306088407
2088,275,2363,0.13170498084291188
50,358,408,7.16
17,170,187,10.0
7,102,109,14.571428571428571
32,661,693,20.65625
14,565,579,40.357142857142854
7,202,209,28.857142857142858
125,4,129,0.032
17,213,230,12.529411764705882
1073,442,1515,0.4119291705498602
48,578,626,12.041666666666666
3131,77,3208,0.024592781858831046
11,257,268,23.363636363636363
26,252,278,9.692307692307692
445,1000,1445,2.247191011235955
19,369,388,19.42105263157895
81,365,446,4.506172839506172
42,456,498,10.857142857142858
18,571,589,31.72222222222222
89,128,217,1.4382022471910112
20,214,234,10.7
273,210,483,0.7692307692307693
21,117,138,5.571428571428571
15,246,261,16.4
6,224,230,37.333333333333336
14,977,991,69.78571428571429
1134,933,2067,0.8227513227513228
71,233,304,3.2816901408450705
64,445,509,6.953125
79,292,371,3.6962025316455698
8,206,214,25.75
40,639,679,15.975
3410,163,3573,0.04780058651026393
298,587,885,1.9697986577181208
22,412,434,18.727272727272727
34,445,479,13.088235294117647
748,286,1034,0.38235294117647056
6,111,117,18.5
27,344,371,12.74074074074074
483,342,825,0.7080745341614907
14,338,352,24.142857142857142
78,735,813,9.423076923076923
124,94,218,0.7580645161290323
786,73,859,0.09287531806615776
102,194,296,1.9019607843137254
222,533,755,2.400900900900901
77,62,139,0.8051948051948052
307,456,763,1.485342019543974
12,655,667,54.583333333333336
263,228,491,0.8669201520912547
70,255,325,3.642857142857143
696,259,955,0.37212643678160917
24,119,143,4.958333333333333
26,694,720,26.692307692307693
600,154,754,0.25666666666666665
144,33,177,0.22916666666666666
27,364,391,13.481481481481481
14,29,43,2.0714285714285716
124,600,724,4.838709677419355
113,335,448,2.9646017699115044
2160,296,2456,0.13703703703703704
262,406,668,1.549618320610687
50,834,884,16.68
11,307,318,27.90909090909091
426,569,995,1.335680751173709
13,363,376,27.923076923076923
46,279,325,6.065217391304348
21,336,357,16.0
3,11,14,3.6666666666666665
10,641,651,64.1
8,473,481,59.125
12,388,400,32.333333333333336
137,233,370,1.7007299270072993
288,860,1148,2.986111111111111
23,299,322,13.0
25,243,268,9.72
12,85,97,7.083333333333333
12,652,664,54.333333333333336
130,940,1070,7.230769230769231
2032,9,2041,0.0044291338582677165
26,175,201,6.730769230769231
15,480,495,32.0
12,103,115,8.583333333333334
29,847,876,29.20689655172414
218,102,320,0.46788990825688076
32,452,484,14.125
76,257,333,3.3815789473684212
28,193,221,6.892857142857143
30,347,377,11.566666666666666
22,103,125,4.681818181818182
39,18,57,0.46153846153846156
634,334,968,0.526813880126183
1680,764,2444,0.45476190476190476
77,926,1003,12.025974025974026
11,227,238,20.636363636363637
53,878,931,16.566037735849058
552,234,786,0.42391304347826086
18,246,264,13.666666666666666
52,670,722,12.884615384615385
2613,535,3148,0.20474550325296595
282,686,968,2.4326241134751774
3,705,708,235.0
10,108,118,10.8
16,33,49,2.0625
5,14,19,2.8
31,366,397,11.806451612903226
328,254,582,0.774390243902439
38,294,332,7.7368421052631575
57,138,195,2.4210526315789473
279,31,310,0.1111111111111111
69,628,697,9.101449275362318
102,97,199,0.9509803921568627
68,633,701,9.308823529411764
24,391,415,16.291666666666668
395,467,862,1.1822784810126583
584,964,1548,1.6506849315068493
15,331,346,22.066666666666666
30,347,377,11.566666666666666
28,901,929,32.17857142857143
36,368,404,10.222222222222221
50,389,439,7.78
18,143,161,7.944444444444445
17,325,342,19.11764705882353
18,686,704,38.111111111111114
70,374,444,5.3428571428571425
44,36,80,0.8181818181818182
244,258,502,1.0573770491803278
26,64,90,2.4615384615384617
92,80,172,0.8695652173913043
335,104,439,0.31044776119402984
118,146,264,1.2372881355932204
215,21,236,0.09767441860465116
3,397,400,132.33333333333334
3,27,30,9.0
2276,187,2463,0.08216168717047452
320,142,462,0.44375
51,38,89,0.7450980392156863
2,11,13,5.5
18,107,125,5.944444444444445
8,193,201,24.125
12,189,201,15.75
23,408,431,17.73913043478261
37,93,130,2.5135135135135136
129,285,414,2.2093023255813953
71,55,126,0.7746478873239436
7,100,107,14.285714285714286
11,288,299,26.181818181818183
6,38,44,6.333333333333333
764,470,1234,0.6151832460732984
77,54,131,0.7012987012987013
136,18,154,0.1323529411764706
10,97,107,9.7
664,100,764,0.15060240963855423
161,108,269,0.6708074534161491
1575,426,2001,0.2704761904761905
90,30,120,0.3333333333333333
1604,16,1620,0.00997506234413965
124,213,337,1.717741935483871
29,91,120,3.1379310344827585
7,130,137,18.571428571428573
144,33,177,0.22916666666666666
20,233,253,11.65
44,427,471,9.704545454545455
1407,33,1440,0.023454157782515993
23,578,601,25.130434782608695
231,253,484,1.0952380952380953
23,349,372,15.173913043478262
22,133,155,6.045454545454546
15,5,20,0.3333333333333333
21,687,708,32.714285714285715
93,320,413,3.4408602150537635
68,39,107,0.5735294117647058
69,395,464,5.72463768115942
10,62,72,6.2
20,93,113,4.65
14,271,285,19.357142857142858
20,290,310,14.5
6,356,362,59.333333333333336
17,576,593,33.88235294117647
6,140,146,23.333333333333332
2289,251,2540,0.10965487112276102
500,518,1018,1.036
40,817,857,20.425
17,358,375,21.058823529411764
6,507,513,84.5
6,437,443,72.83333333333333
36,504,540,14.0
15,241,256,16.066666666666666
11,307,318,27.90909090909091
8,490,498,61.25
335,943,1278,2.8149253731343284
91,705,796,7.747252747252747
15,245,260,16.333333333333332
61,43,104,0.7049180327868853
25,22,47,0.88
10,496,506,49.6
11,333,344,30.272727272727273
380,4,384,0.010526315789473684
14,368,382,26.285714285714285
20,377,397,18.85
15,842,857,56.13333333333333
42,685,727,16.30952380952381
9,35,44,3.888888888888889
17,38,55,2.235294117647059
78,40,118,0.5128205128205128
21,823,844,39.19047619047619
67,509,576,7.597014925373134
41,150,191,3.658536585365854
12,189,201,15.75
18,501,519,27.833333333333332
52,378,430,7.269230769230769
2616,91,2707,0.034785932721712536
43,468,511,10.883720930232558
18,17,35,0.9444444444444444
79,161,240,2.037974683544304
18,236,254,13.11111111111111
1840,340,2180,0.18478260869565216
8,43,51,5.375
14,377,391,26.928571428571427
10,684,694,68.4
22,413,435,18.772727272727273
20,434,454,21.7
12,267,279,22.25
5,12,17,2.4
5,331,336,66.2
11,171,182,15.545454545454545
1100,531,1631,0.4827272727272727
81,350,431,4.320987654320987
1043,463,1506,0.4439117929050815
26,244,270,9.384615384615385
308,96,404,0.3116883116883117
19,130,149,6.842105263157895
138,653,791,4.731884057971015
22,261,283,11.863636363636363
12,262,274,21.833333333333332
19,464,483,24.42105263157895
51,450,501,8.823529411764707
87,565,652,6.494252873563219
21,739,760,35.19047619047619
46,27,73,0.5869565217391305
11,195,206,17.727272727272727
15,81,96,5.4
90,424,514,4.711111111111111
9,86,95,9.555555555555555
16,600,616,37.5
18,280,298,15.555555555555555
39,891,930,22.846153846153847
2,11,13,5.5
437,146,583,0.3340961098398169
50,544,594,10.88
657,184,841,0.2800608828006088
13,45,58,3.4615384615384617
13,168,181,12.923076923076923
70,427,497,6.1
21,699,720,33.285714285714285
2154,216,2370,0.10027855153203342
16,688,704,43.0
53,859,912,16.20754716981132
20,365,385,18.25
27,159,186,5.888888888888889
44,106,150,2.409090909090909
17,131,148,7.705882352941177
840,8,848,0.009523809523809525
17,561,578,33.0
17,109,126,6.411764705882353
15,537,552,35.8
52,448,500,8.615384615384615
213,15,228,0.07042253521126761
222,67,289,0.30180180180180183
33,263,296,7.96969696969697
28,76,104,2.7142857142857144
49,27,76,0.5510204081632653
655,5,660,0.007633587786259542
10,236,246,23.6
19,584,603,30.736842105263158
13,275,288,21.153846153846153
300,481,781,1.6033333333333333
10,48,58,4.8
37,240,277,6.486486486486487
15,149,164,9.933333333333334
135,214,349,1.5851851851851853
12,145,157,12.083333333333334
12,246,258,20.5
1407,32,1439,0.022743425728500355
37,459,496,12.405405405405405
13,779,792,59.92307692307692
25,299,324,11.96
18,335,353,18.61111111111111
13,783,796,60.23076923076923
15,348,363,23.2
1324,574,1898,0.4335347432024169
33,163,196,4.9393939393939394
134,153,287,1.1417910447761195
47,276,323,5.872340425531915
14,246,260,17.571428571428573
19,147,166,7.7368421052631575
36,272,308,7.555555555555555
20,5,25,0.25
70,449,519,6.414285714285715
51,213,264,4.176470588235294
1499,63,1562,0.042028018679119414
14,298,312,21.285714285714285
2676,307,2983,0.11472346786248132
95,446,541,4.6947368421052635
5,29,34,5.8
1740,143,1883,0.08218390804597701
18,138,156,7.666666666666667
1178,577,1755,0.4898132427843803
27,44,71,1.6296296296296295
14,215,229,15.357142857142858
9,369,378,41.0
21,598,619,28.476190476190474
104,286,390,2.75
21,349,370,16.61904761904762
24,480,504,20.0
225,335,560,1.488888888888889
85,356,441,4.188235294117647
110,847,957,7.7
18,264,282,14.666666666666666
95,855,950,9.0
59,316,375,5.3559322033898304
152,16,168,0.10526315789473684
296,112,408,0.3783783783783784
511,5,516,0.009784735812133072
19,651,670,34.26315789473684
13,175,188,13.461538461538462
146,666,812,4.561643835616438
542,189,731,0.34870848708487084
89,448,537,5.033707865168539
21,225,246,10.714285714285714
1326,612,1938,0.46153846153846156
10,26,36,2.6
11,156,167,14.181818181818182
1539,180,1719,0.11695906432748537
391,32,423,0.08184143222506395
1117,486,1603,0.4350940017905103
945,67,1012,0.07089947089947089
25,287,312,11.48
41,209,250,5.097560975609756
29,164,193,5.655172413793103
19,271,290,14.263157894736842
18,19,37,1.0555555555555556
17,375,392,22.058823529411764
9,296,305,32.888888888888886
15,191,206,12.733333333333333
11,279,290,25.363636363636363
10,154,164,15.4
617,372,989,0.6029173419773096
251,346,597,1.3784860557768925
3,37,40,12.333333333333334
961,782,1743,0.813735691987513
22,1067,1089,48.5
1553,8,1561,0.0051513200257566
31,311,342,10.03225806451613
8,134,142,16.75
12,305,317,25.416666666666668
852,524,1376,0.6150234741784038
16,225,241,14.0625
17,504,521,29.647058823529413
439,420,859,0.9567198177676538
63,649,712,10.301587301587302
12,95,107,7.916666666666667
9,71,80,7.888888888888889
20,281,301,14.05
57,797,854,13.982456140350877
7,13,20,1.8571428571428572
269,775,1044,2.8810408921933086
61,115,176,1.8852459016393444
1599,697,2296,0.4358974358974359
281,270,551,0.9608540925266904
721,770,1491,1.0679611650485437
532,953,1485,1.7913533834586466
18,577,595,32.05555555555556
18,662,680,36.77777777777778
21,24,45,1.1428571428571428
168,291,459,1.7321428571428572
19,259,278,13.631578947368421
282,669,951,2.372340425531915
19,101,120,5.315789473684211
227,426,653,1.8766519823788546
15,345,360,23.0
29,622,651,21.448275862068964
22,315,337,14.318181818181818
35,340,375,9.714285714285714
2569,125,2694,0.04865706500583885
1295,124,1419,0.09575289575289575
62,116,178,1.8709677419354838
78,404,482,5.17948717948718
36,669,705,18.583333333333332
269,795,1064,2.9553903345724906
13,108,121,8.307692307692308
294,414,708,1.4081632653061225
9,686,695,76.22222222222223
594,274,868,0.4612794612794613
27,531,558,19.666666666666668
25,454,479,18.16
12,400,412,33.333333333333336
35,422,457,12.057142857142857
2352,499,2851,0.21215986394557823
5,42,47,8.4
341,190,531,0.5571847507331378
17,499,516,29.352941176470587
65,553,618,8.507692307692308
16,118,134,7.375
2511,455,2966,0.1812027080844285
65,605,670,9.307692307692308
33,303,336,9.181818181818182
427,329,756,0.7704918032786885
61,272,333,4.459016393442623
329,426,755,1.2948328267477203
12,110,122,9.166666666666666
1532,883,2415,0.5763707571801566
79,519,598,6.569620253164557
10,122,132,12.2
15,331,346,22.066666666666666
35,402,437,11.485714285714286
2536,310,2846,0.1222397476340694
12,196,208,16.333333333333332
69,90,159,1.3043478260869565
1648,294,1942,0.1783980582524272
10,490,500,49.0
45,136,181,3.022222222222222
26,249,275,9.576923076923077
11,268,279,24.363636363636363
32,110,142,3.4375
14,314,328,22.428571428571427
211,182,393,0.8625592417061612
8,365,373,45.625
22,134,156,6.090909090909091
3,36,39,12.0
19,335,354,17.63157894736842
21,304,325,14.476190476190476
10,309,319,30.9
2,12,14,6.0
8,213,221,26.625
15,275,290,18.333333333333332
352,940,1292,2.6704545454545454
9,122,131,13.555555555555555
30,634,664,21.133333333333333
15,507,522,33.8
1620,223,1843,0.13765432098765432
15,340,355,22.666666666666668
49,110,159,2.2448979591836733
64,615,679,9.609375
55,366,421,6.654545454545454
7,80,87,11.428571428571429
114,248,362,2.175438596491228
130,8,138,0.06153846153846154
16,161,177,10.0625
51,468,519,9.176470588235293
12,74,86,6.166666666666667
62,362,424,5.838709677419355
9,146,155,16.22222222222222
14,695,709,49.642857142857146
3,359,362,119.66666666666667
189,282,471,1.492063492063492
13,112,125,8.615384615384615
56,442,498,7.892857142857143
206,373,579,1.8106796116504855
59,15,74,0.2542372881355932
152,146,298,0.9605263157894737
24,513,537,21.375
685,282,967,0.4116788321167883
2718,920,3638,0.3384841795437822
74,74,148,1.0
124,459,583,3.7016129032258065
23,645,668,28.043478260869566
158,186,344,1.1772151898734178
21,484,505,23.047619047619047
314,251,565,0.7993630573248408
30,822,852,27.4
20,340,360,17.0
477,109,586,0.22851153039832284
21,295,316,14.047619047619047
796,160,956,0.20100502512562815
26,411,437,15.807692307692308
44,430,474,9.772727272727273
50,27,77,0.54
11,369,380,33.54545454545455
3074,242,3316,0.07872478854912167
21,479,500,22.80952380952381
7,242,249,34.57142857142857
15,339,354,22.6
14,196,210,14.0
4,12,16,3.0
27,173,200,6.407407407407407
248,189,437,0.7620967741935484
79,492,571,6.227848101265823
8,37,45,4.625
37,452,489,12.216216216216216
6,271,277,45.166666666666664
533,952,1485,1.7861163227016885
2,11,13,5.5
16,148,164,9.25
32,311,343,9.71875
31,260,291,8.387096774193548
12,187,199,15.583333333333334
13,102,115,7.846153846153846
12,461,473,38.416666666666664
73,244,317,3.3424657534246576
8,310,318,38.75
44,355,399,8.068181818181818
146,35,181,0.23972602739726026
68,289,357,4.25
141,198,339,1.4042553191489362
785,473,1258,0.6025477707006369
34,616,650,18.11764705882353
458,698,1156,1.5240174672489082
46,63,109,1.3695652173913044
16,298,314,18.625
19,492,511,25.894736842105264
43,463,506,10.767441860465116
6,171,177,28.5
2331,152,2483,0.06520806520806521
16,182,198,11.375
14,95,109,6.785714285714286
27,204,231,7.555555555555555
161,524,685,3.2546583850931676
23,237,260,10.304347826086957
6,117,123,19.5
1662,468,2130,0.2815884476534296
1233,67,1300,0.054339010543390104
3,32,35,10.666666666666666
98,43,141,0.4387755102040816
57,408,465,7.157894736842105
38,86,124,2.263157894736842
16,240,256,15.0
25,222,247,8.88
971,199,1170,0.20494335736354274
64,349,413,5.453125
31,607,638,19.580645161290324
19,247,266,13.0
13,440,453,33.84615384615385
309,125,434,0.4045307443365696
30,156,186,5.2
20,933,953,46.65
80,288,368,3.6
78,382,460,4.897435897435898
18,564,582,31.333333333333332
6,52,58,8.666666666666666
8,179,187,22.375
154,132,286,0.8571428571428571
25,160,185,6.4
1179,551,1730,0.4673452078032231
1225,292,1517,0.2383673469387755
89,325,414,3.651685393258427
80,400,480,5.0
130,513,643,3.9461538461538463
6,22,28,3.6666666666666665
377,603,980,1.5994694960212201
29,63,92,2.1724137931034484
47,667,714,14.191489361702128
21,479,500,22.80952380952381
62,133,195,2.1451612903225805
307,456,763,1.485342019543974
41,116,157,2.8292682926829267
36,85,121,2.361111111111111
18,365,383,20.27777777777778
12,306,318,25.5
16,579,595,36.1875
173,444,617,2.566473988439306
2,11,13,5.5
18,372,390,20.666666666666668
23,253,276,11.0
74,546,620,7.378378378378378
27,908,935,33.629629629629626
20,209,229,10.45
47,275,322,5.851063829787234
102,43,145,0.4215686274509804
38,20,58,0.5263157894736842
9,60,69,6.666666666666667
177,329,506,1.8587570621468927
14,189,203,13.5
23,461,484,20.043478260869566
26,480,506,18.46153846153846
24,21,45,0.875
101,659,760,6.524752475247524
35,875,910,25.0
26,373,399,14.346153846153847
14,114,128,8.142857142857142
22,22,44,1.0
13,523,536,40.23076923076923
9,718,727,79.77777777777777
215,1855,2070,8.627906976744185
28,89,117,3.1785714285714284
207,5,212,0.024154589371980676
279,208,487,0.7455197132616488
17,90,107,5.294117647058823
152,160,312,1.0526315789473684
126,322,448,2.5555555555555554
19,110,129,5.7894736842105265
189,275,464,1.4550264550264551
54,823,877,15.24074074074074
14,844,858,60.285714285714285
2771,219,2990,0.079032840129917
109,266,375,2.4403669724770642
1925,460,2385,0.23896103896103896
3,54,57,18.0
11,573,584,52.09090909090909
24,439,463,18.291666666666668
18,65,83,3.611111111111111
32,937,969,29.28125
6,59,65,9.833333333333334
11,42,53,3.8181818181818183
15,506,521,33.733333333333334
3078,206,3284,0.06692657569850552
28,203,231,7.25
25,171,196,6.84
18,429,447,23.833333333333332
23,161,184,7.0
18,93,111,5.166666666666667
12,189,201,15.75
102,897,999,8.794117647058824
84,216,300,2.5714285714285716
18,247,265,13.722222222222221
2622,315,2937,0.12013729977116705
15,560,575,37.333333333333336
17,329,346,19.352941176470587
268,415,683,1.5485074626865671
10,22,32,2.2
69,567,636,8.217391304347826
290,5,295,0.017241379310344827
15,360,375,24.0
91,285,376,3.131868131868132
1576,969,2545,0.6148477157360406
73,776,849,10.63013698630137
91,399,490,4.384615384615385
60,504,564,8.4
288,320,608,1.1111111111111112
262,560,822,2.1374045801526718
229,289,518,1.262008733624454
26,223,249,8.576923076923077
26,13,39,0.5
15,205,220,13.666666666666666
41,221,262,5.390243902439025
25,478,503,19.12
582,809,1391,1.3900343642611683
119,665,784,5.588235294117647
97,413,510,4.257731958762887
8,96,104,12.0
71,291,362,4.098591549295775
14,270,284,19.285714285714285
108,275,383,2.5462962962962963
74,458,532,6.1891891891891895
45,946,991,21.022222222222222
9,410,419,45.55555555555556
21,145,166,6.904761904761905
52,577,629,11.096153846153847
10,177,187,17.7
24,566,590,23.583333333333332
1224,667,1891,0.5449346405228758
293,11,304,0.03754266211604096
14,176,190,12.571428571428571
36,165,201,4.583333333333333
13,330,343,25.384615384615383
236,145,381,0.614406779661017
76,46,122,0.6052631578947368
105,297,402,2.8285714285714287
32,108,140,3.375
1468,179,1647,0.12193460490463215
290,242,532,0.8344827586206897
30,565,595,18.833333333333332
8,93,101,11.625
27,346,373,12.814814814814815
41,1018,1059,24.829268292682926
34,497,531,14.617647058823529
164,358,522,2.182926829268293
14,24,38,1.7142857142857142
11,225,236,20.454545454545453
155,845,1000,5.451612903225806
725,791,1516,1.0910344827586207
140,995,1135,7.107142857142857
40,395,435,9.875
104,583,687,5.605769230769231
204,53,257,0.25980392156862747
728,92,820,0.12637362637362637
17,485,502,28.529411764705884
12,210,222,17.5
2,11,13,5.5
11,132,143,12.0
27,269,296,9.962962962962964
36,566,602,15.722222222222221
40,37,77,0.925
509,215,724,0.4223968565815324
25,106,131,4.24
85,227,312,2.6705882352941175
298,327,625,1.0973154362416107
40,203,243,5.075
78,302,380,3.871794871794872
145,764,909,5.268965517241379
21,555,576,26.428571428571427
11,919,930,83.54545454545455
12,49,61,4.083333333333333
75,714,789,9.52
2,11,13,5.5
31,62,93,2.0
795,330,1125,0.41509433962264153
8,50,58,6.25
36,29,65,0.8055555555555556
21,1007,1028,47.95238095238095
16,76,92,4.75
3716,71,3787,0.019106566200215284
11,99,110,9.0
96,606,702,6.3125
38,524,562,13.789473684210526
172,210,382,1.2209302325581395
809,328,1137,0.4054388133498146
37,348,385,9.405405405405405
29,23,52,0.7931034482758621
12,185,197,15.416666666666666
65,712,777,10.953846153846154
280,120,400,0.42857142857142855
50,932,982,18.64
15,188,203,12.533333333333333
86,129,215,1.5
27,582,609,21.555555555555557
28,31,59,1.1071428571428572
18,534,552,29.666666666666668
36,504,540,14.0
2,11,13,5.5
96,555,651,5.78125
121,57,178,0.47107438016528924
5,271,276,54.2
17,371,388,21.823529411764707
29,19,48,0.6551724137931034
27,360,387,13.333333333333334
358,394,752,1.100558659217877
30,396,426,13.2
2118,106,2224,0.05004721435316336
1394,37,1431,0.02654232424677188
12,289,301,24.083333333333332
2312,402,2714,0.17387543252595156
259,224,483,0.8648648648648649
60,638,698,10.633333333333333
758,194,952,0.2559366754617414
69,37,106,0.5362318840579711
13,569,582,43.76923076923077
91,65,156,0.7142857142857143
163,177,340,1.0858895705521472
69,326,395,4.72463768115942
11,346,357,31.454545454545453
48,636,684,13.25
6,242,248,40.333333333333336
33,333,366,10.090909090909092
8,162,170,20.25
77,376,453,4.883116883116883
208,189,397,0.9086538461538461
130,534,664,4.107692307692307
73,115,188,1.5753424657534247
205,121,326,0.5902439024390244
93,306,399,3.2903225806451615
127,854,981,6.724409448818897
27,18,45,0.6666666666666666
904,961,1865,1.0630530973451326
18,246,264,13.666666666666666
146,32,178,0.2191780821917808
11,162,173,14.727272727272727
4,362,366,90.5
57,302,359,5.298245614035087
25,748,773,29.92
71,421,492,5.929577464788732
13,959,972,73.76923076923077
2,351,353,175.5
9,404,413,44.888888888888886
33,465,498,14.090909090909092
157,48,205,0.3057324840764331
75,14,89,0.18666666666666668
210,313,523,1.4904761904761905
17,626,643,36.8235294117647
82,60,142,0.7317073170731707
290,495,785,1.706896551724138
6,313,319,52.166666666666664
22,107,129,4.863636363636363
105,86,191,0.819047619047619
74,692,766,9.35135135135135
304,964,1268,3.1710526315789473
11,737,748,67.0
29,73,102,2.5172413793103448
49,306,355,6.244897959183674
82,398,480,4.853658536585366
28,72,100,2.5714285714285716
16,508,524,31.75
18,295,313,16.38888888888889
55,393,448,7.1454545454545455
23,375,398,16.304347826086957
306,485,791,1.5849673202614378
26,362,388,13.923076923076923
35,693,728,19.8
2879,206,3085,0.07155262243834665
20,367,387,18.35
37,36,73,0.972972972972973
37,227,264,6.135135135135135
8,104,112,13.0
12,601,613,50.083333333333336
232,452,684,1.9482758620689655
134,161,295,1.2014925373134329
24,110,134,4.583333333333333
574,920,1494,1.602787456445993
12,238,250,19.833333333333332
16,727,743,45.4375
1139,1087,2226,0.9543459174714662
8,194,202,24.25
22,434,456,19.727272727272727
21,620,641,29.523809523809526
121,95,216,0.7851239669421488
28,575,603,20.535714285714285
31,575,606,18.548387096774192
17,642,659,37.76470588235294
11,585,596,53.18181818181818
249,775,1024,3.112449799196787
10,243,253,24.3
40,558,598,13.95
2611,107,2718,0.0409804672539257
22,473,495,21.5
64,384,448,6.0
20,418,438,20.9
1151,344,1495,0.2988705473501303
260,6,266,0.023076923076923078
692,45,737,0.06502890173410404
22,313,335,14.227272727272727
17,201,218,11.823529411764707
10,242,252,24.2
36,350,386,9.722222222222221
1141,375,1516,0.32865907099035935
13,555,568,42.69230769230769
34,578,612,17.0
610,410,1020,0.6721311475409836
10,177,187,17.7
2328,219,2547,0.09407216494845361
48,211,259,4.395833333333333
229,66,295,0.28820960698689957
39,294,333,7.538461538461538
130,110,240,0.8461538461538461
10,108,118,10.8
9,395,404,43.888888888888886
30,48,78,1.6
67,56,123,0.835820895522388
1965,757,2722,0.3852417302798982
33,639,672,19.363636363636363
90,16,106,0.17777777777777778
589,451,1040,0.765704584040747
236,916,1152,3.8813559322033897
22,235,257,10.681818181818182
14,856,870,61.142857142857146
1977,171,2148,0.08649468892261002
2794,101,2895,0.03614889047959914
1262,771,2033,0.6109350237717908
34,379,413,11.147058823529411
5,508,513,101.6
14,514,528,36.714285714285715
3091,390,3481,0.1261727596247169
2728,387,3115,0.14186217008797655
52,414,466,7.961538461538462
11,347,358,31.545454545454547
23,412,435,17.91304347826087
55,515,570,9.363636363636363
1205,7,1212,0.005809128630705394
20,501,521,25.05
183,588,771,3.2131147540983607
38,28,66,0.7368421052631579
28,382,410,13.642857142857142
30,215,245,7.166666666666667
55,772,827,14.036363636363637
148,370,518,2.5
493,204,697,0.41379310344827586
22,72,94,3.272727272727273
23,109,132,4.739130434782608
22,353,375,16.045454545454547
57,61,118,1.0701754385964912
487,669,1156,1.373716632443532
282,574,856,2.0354609929078014
194,338,532,1.7422680412371134
24,316,340,13.166666666666666
767,330,1097,0.4302477183833116
139,31,170,0.22302158273381295
1350,499,1849,0.36962962962962964
86,40,126,0.46511627906976744
18,255,273,14.166666666666666
64,144,208,2.25
7,225,232,32.142857142857146
39,271,310,6.948717948717949
23,700,723,30.434782608695652
26,24,50,0.9230769230769231
15,189,204,12.6
99,267,366,2.696969696969697
10,93,103,9.3
161,848,1009,5.267080745341615
14,312,326,22.285714285714285
68,45,113,0.6617647058823529
93,79,172,0.8494623655913979
63,607,670,9.634920634920634
21,530,551,25.238095238095237
38,298,336,7.842105263157895
18,446,464,24.77777777777778
20,66,86,3.3
4,260,264,65.0
1224,986,2210,0.8055555555555556
3,34,37,11.333333333333334
12,206,218,17.166666666666668
48,95,143,1.9791666666666667
92,85,177,0.9239130434782609
35,428,463,12.228571428571428
4,214,218,53.5
27,309,336,11.444444444444445
292,826,1118,2.828767123287671
54,435,489,8.055555555555555
5,28,33,5.6
18,287,305,15.944444444444445
38,29,67,0.7631578947368421
420,164,584,0.3904761904761905
15,526,541,35.06666666666667
2,11,13,5.5
26,769,795,29.576923076923077
18,105,123,5.833333333333333
15,523,538,34.86666666666667
49,261,310,5.326530612244898
54,459,513,8.5
34,169,203,4.970588235294118
33,84,117,2.5454545454545454
4,19,23,4.75
6,266,272,44.333333333333336
229,338,567,1.4759825327510918
14,208,222,14.857142857142858
49,371,420,7.571428571428571
62,432,494,6.967741935483871
1470,559,2029,0.3802721088435374
3,330,333,110.0
2,11,13,5.5
61,257,318,4.213114754098361
1146,215,1361,0.18760907504363003
76,23,99,0.3026315789473684
2736,236,2972,0.08625730994152046
115,202,317,1.7565217391304349
10,377,387,37.7
522,183,705,0.3505747126436782
1235,5,1240,0.004048582995951417
31,236,267,7.612903225806452
22,516,538,23.454545454545453
19,239,258,12.578947368421053
370,586,956,1.5837837837837838
13,269,282,20.692307692307693
7,326,333,46.57142857142857
22,467,489,21.227272727272727
18,231,249,12.833333333333334
1334,338,1672,0.25337331334332835
319,889,1208,2.7868338557993733
41,410,451,10.0
65,426,491,6.553846153846154
54,55,109,1.0185185185185186
129,296,425,2.294573643410853
2,11,13,5.5
1155,88,1243,0.0761904761904762
13,280,293,21.53846153846154
28,271,299,9.678571428571429
51,125,176,2.450980392156863
8,4,12,0.5
8,197,205,24.625
31,910,941,29.35483870967742
22,170,192,7.7272727272727275
53,457,510,8.622641509433961
520,396,916,0.7615384615384615
36,513,549,14.25
306,411,717,1.3431372549019607
2246,210,2456,0.09349955476402494
21,224,245,10.666666666666666
17,773,790,45.470588235294116
16,822,838,51.375
44,89,133,2.022727272727273
10,372,382,37.2
194,34,228,0.17525773195876287
30,259,289,8.633333333333333
559,559,1118,1.0
905,434,1339,0.47955801104972373
61,383,444,6.278688524590164
1414,276,1690,0.19519094766619519
47,532,579,11.319148936170214
41,281,322,6.853658536585366
73,518,591,7.095890410958904
251,193,444,0.7689243027888446
124,47,171,0.3790322580645161
101,339,440,3.3564356435643563
95,924,1019,9.726315789473684
54,60,114,1.1111111111111112
1533,138,1671,0.09001956947162426
34,361,395,10.617647058823529
12,322,334,26.833333333333332
49,29,78,0.5918367346938775
4,424,428,106.0
9,302,311,33.55555555555556
30,57,87,1.9
1923,46,1969,0.02392095683827353
333,646,979,1.93993993993994
124,451,575,3.6370967741935485
935,989,1924,1.0577540106951873
265,43,308,0.16226415094339622
6,185,191,30.833333333333332
83,194,277,2.3373493975903616
205,121,326,0.5902439024390244
22,407,429,18.5
2171,352,2523,0.16213726393367112
11,432,443,39.27272727272727
14,491,505,35.07142857142857
8,280,288,35.0
87,400,487,4.597701149425287
27,121,148,4.481481481481482
13,172,185,13.23076923076923
2115,367,2482,0.1735224586288416
12,256,268,21.333333333333332
25,948,973,37.92
28,459,487,16.392857142857142
24,237,261,9.875
10,28,38,2.8
3562,113,3675,0.03172375070185289
24,558,582,23.25
293,261,554,0.8907849829351536
122,29,151,0.23770491803278687
11,110,121,10.0
637,8,645,0.012558869701726845
15,263,278,17.533333333333335
26,25,51,0.9615384615384616
2,57,59,28.5
16,572,588,35.75
20,278,298,13.9
20,172,192,8.6
463,39,502,0.08423326133909287
375,288,663,0.768
58,440,498,7.586206896551724
20,416,436,20.8
1312,16,1328,0.012195121951219513
51,835,886,16.372549019607842
19,146,165,7.684210526315789
684,132,816,0.19298245614035087
152,11,163,0.07236842105263158
11,22,33,2.0
46,434,480,9.434782608695652
81,159,240,1.962962962962963
19,216,235,11.368421052631579
36,388,424,10.777777777777779
126,28,154,0.2222222222222222
2,11,13,5.5
1840,272,2112,0.14782608695652175
264,140,404,0.5303030303030303
11,108,119,9.818181818181818
830,342,1172,0.41204819277108434
93,132,225,1.4193548387096775
397,398,795,1.0025188916876575
15,134,149,8.933333333333334
54,156,210,2.888888888888889
35,675,710,19.285714285714285
102,55,157,0.5392156862745098
329,280,609,0.851063829787234
20,534,554,26.7
12,724,736,60.333333333333336
122,574,696,4.704918032786885
108,149,257,1.3796296296296295
398,30,428,0.07537688442211055
16,200,216,12.5
336,54,390,0.16071428571428573
68,335,403,4.926470588235294
9,5,14,0.5555555555555556
260,194,454,0.7461538461538462
41,26,67,0.6341463414634146
144,100,244,0.6944444444444444
47,179,226,3.8085106382978724
28,769,797,27.464285714285715
129,183,312,1.4186046511627908
8,351,359,43.875
146,907,1053,6.212328767123288
152,67,219,0.4407894736842105
27,320,347,11.851851851851851
8,311,319,38.875
289,133,422,0.4602076124567474
26,398,424,15.307692307692308
969,149,1118,0.15376676986584106
33,153,186,4.636363636363637
43,300,343,6.976744186046512
123,494,617,4.016260162601626
1791,51,1842,0.02847571189279732
532,953,1485,1.7913533834586466
31,818,849,26.387096774193548
32,16,48,0.5
105,192,297,1.8285714285714285
23,368,391,16.0
36,502,538,13.944444444444445
190,776,966,4.08421052631579
429,587,1016,1.3682983682983683
103,234,337,2.2718446601941746
205,399,604,1.946341463414634
721,449,1170,0.6227461858529819
26,25,51,0.9615384615384616
2,11,13,5.5
24,37,61,1.5416666666666667
14,25,39,1.7857142857142858
31,249,280,8.03225806451613
10,166,176,16.6
39,115,154,2.948717948717949
8,182,190,22.75
28,338,366,12.071428571428571
31,561,592,18.096774193548388
11,337,348,30.636363636363637
35,924,959,26.4
188,498,686,2.648936170212766
37,823,860,22.243243243243242
13,133,146,10.23076923076923
54,72,126,1.3333333333333333
367,49,416,0.1335149863760218
2154,216,2370,0.10027855153203342
322,35,357,0.10869565217391304
6,143,149,23.833333333333332
104,702,806,6.75
2,128,130,64.0
513,5,518,0.009746588693957114
7,394,401,56.285714285714285
215,180,395,0.8372093023255814
172,438,610,2.546511627906977
2,11,13,5.5
180,498,678,2.7666666666666666
46,63,109,1.3695652173913044
48,414,462,8.625
88,878,966,9.977272727272727
17,525,542,30.88235294117647
16,4,20,0.25
25,44,69,1.76
27,262,289,9.703703703703704
77,112,189,1.4545454545454546
76,92,168,1.2105263157894737
29,495,524,17.06896551724138
54,399,453,7.388888888888889
13,194,207,14.923076923076923
70,465,535,6.642857142857143
8,174,182,21.75
17,478,495,28.11764705882353
25,399,424,15.96
89,453,542,5.089887640449438
103,283,386,2.7475728155339807
2504,951,3455,0.3797923322683706
43,554,597,12.883720930232558
102,696,798,6.823529411764706
243,8,251,0.03292181069958848
25,385,410,15.4
11,120,131,10.909090909090908
15,262,277,17.466666666666665
80,190,270,2.375
84,258,342,3.0714285714285716
1827,546,2373,0.2988505747126437
14,333,347,23.785714285714285
9,283,292,31.444444444444443
32,264,296,8.25
19,108,127,5.684210526315789
26,523,549,20.115384615384617
3,27,30,9.0
43,761,804,17.697674418604652
5,12,17,2.4
973,219,1192,0.2250770811921891
20,306,326,15.3
10,114,124,11.4
64,337,401,5.265625
8,81,89,10.125
16,493,509,30.8125
65,600,665,9.23076923076923
209,127,336,0.6076555023923444
1259,651,1910,0.517077045274027
12,356,368,29.666666666666668
381,114,495,0.2992125984251969
7,52,59,7.428571428571429
27,607,634,22.48148148148148
473,380,853,0.8033826638477801
83,247,330,2.9759036144578315
1244,215,1459,0.17282958199356913
25,234,259,9.36
31,776,807,25.032258064516128
1169,40,1209,0.03421727972626176
20,590,610,29.5
120,166,286,1.3833333333333333
2,11,13,5.5
13,611,624,47.0
16,1106,1122,69.125
18,566,584,31.444444444444443
8,311,319,38.875
31,607,638,19.580645161290324
26,273,299,10.5
43,728,771,16.930232558139537
22,240,262,10.909090909090908
480,333,813,0.69375
3,262,265,87.33333333333333
797,549,1346,0.6888331242158093
17,48,65,2.823529411764706
5,126,131,25.2
6,355,361,59.166666666666664
20,264,284,13.2
9,90,99,10.0
20,215,235,10.75
31,929,960,29.967741935483872
10,326,336,32.6
961,245,1206,0.25494276795005205
464,268,732,0.5775862068965517
12,298,310,24.833333333333332
86,671,757,7.8023255813953485
15,523,538,34.86666666666667
146,50,196,0.3424657534246575
8,91,99,11.375
513,417,930,0.8128654970760234
633,312,945,0.4928909952606635
152,247,399,1.625
352,157,509,0.4460227272727273
28,93,121,3.3214285714285716
11,89,100,8.090909090909092
114,399,513,3.5
582,377,959,0.647766323024055
45,939,984,20.866666666666667
389,165,554,0.4241645244215938
200,390,590,1.95
21,108,129,5.142857142857143
10,245,255,24.5
26,425,451,16.346153846153847
810,239,1049,0.29506172839506173
18,162,180,9.0
761,146,907,0.19185282522996058
1456,782,2238,0.5370879120879121
13,170,183,13.076923076923077
27,407,434,15.074074074074074
17,147,164,8.647058823529411
1212,5,1217,0.004125412541254125
7,22,29,3.142857142857143
1142,258,1400,0.22591943957968477
823,850,1673,1.0328068043742407
7,435,442,62.142857142857146
41,1013,1054,24.70731707317073
69,425,494,6.159420289855072
15,519,534,34.6
56,111,167,1.9821428571428572
31,321,352,10.35483870967742
28,775,803,27.678571428571427
21,356,377,16.952380952380953
11,356,367,32.36363636363637
12,241,253,20.083333333333332
16,213,229,13.3125
27,373,400,13.814814814814815
74,381,455,5.148648648648648
8,426,434,53.25
4,56,60,14.0
48,136,184,2.8333333333333335
60,164,224,2.7333333333333334
35,71,106,2.0285714285714285
38,18,56,0.47368421052631576
67,27,94,0.40298507462686567
8,779,787,97.375
87,319,406,3.6666666666666665
67,840,907,12.537313432835822
4,472,476,118.0
559,406,965,0.7262969588550984
53,454,507,8.566037735849056
25,201,226,8.04
211,182,393,0.8625592417061612
879,232,1111,0.26393629124004553
23,124,147,5.391304347826087
50,479,529,9.58
4,24,28,6.0
46,978,1024,21.26086956521739
3,318,321,106.0
9,166,175,18.444444444444443
64,149,213,2.328125
24,147,171,6.125
697,264,961,0.3787661406025825
970,506,1476,0.5216494845360825
30,396,426,13.2
1575,426,2001,0.2704761904761905
11,69,80,6.2727272727272725
18,45,63,2.5
19,289,308,15.210526315789474
419,448,867,1.0692124105011933
18,410,428,22.77777777777778
2471,656,3127,0.26547956292998787
46,531,577,11.543478260869565
16,211,227,13.1875
66,38,104,0.5757575757575758
9,158,167,17.555555555555557
242,475,717,1.962809917355372
4,472,476,118.0
496,932,1428,1.8790322580645162
978,1372,2350,1.4028629856850716
363,179,542,0.4931129476584022
38,529,567,13.921052631578947
163,957,1120,5.871165644171779
232,93,325,0.40086206896551724
15,210,225,14.0
21,331,352,15.761904761904763
104,91,195,0.875
433,303,736,0.6997690531177829
56,731,787,13.053571428571429
17,101,118,5.9411764705882355
25,1053,1078,42.12
108,149,257,1.3796296296296295
11,9,20,0.8181818181818182
17,271,288,15.941176470588236
10,156,166,15.6
44,81,125,1.8409090909090908
16,419,435,26.1875
461,395,856,0.8568329718004338
13,548,561,42.15384615384615
115,147,262,1.2782608695652173
38,453,491,11.921052631578947
13,413,426,31.76923076923077
18,738,756,41.0
13,372,385,28.615384615384617
35,360,395,10.285714285714286
35,559,594,15.971428571428572
9,274,283,30.444444444444443
282,528,810,1.872340425531915
12,253,265,21.083333333333332
4,12,16,3.0
8,373,381,46.625
24,93,117,3.875
1274,42,1316,0.03296703296703297
13,311,324,23.923076923076923
6,411,417,68.5
2043,14,2057,0.006852667645619187
958,327,1285,0.34133611691022964
17,443,460,26.058823529411764
77,149,226,1.9350649350649352
1843,888,2731,0.48182311448724907
20,142,162,7.1
19,55,74,2.8947368421052633
182,359,541,1.9725274725274726
19,432,451,22.736842105263158
286,191,477,0.6678321678321678
24,223,247,9.291666666666666
16,347,363,21.6875
7,268,275,38.285714285714285
18,51,69,2.8333333333333335
16,367,383,22.9375
50,892,942,17.84
28,486,514,17.357142857142858
585,17,602,0.02905982905982906
29,216,245,7.448275862068965
22,102,124,4.636363636363637
33,635,668,19.242424242424242
16,130,146,8.125
10,196,206,19.6
35,60,95,1.7142857142857142
241,362,603,1.5020746887966805
63,744,807,11.80952380952381
4,328,332,82.0
671,26,697,0.038748137108792845
15,17,32,1.1333333333333333
24,244,268,10.166666666666666
599,5,604,0.008347245409015025
90,129,219,1.4333333333333333
11,120,131,10.909090909090908
10,259,269,25.9
77,74,151,0.961038961038961
70,465,535,6.642857142857143
44,692,736,15.727272727272727
2659,341,3000,0.1282437006393381
167,393,560,2.3532934131736525
19,317,336,16.68421052631579
121,381,502,3.1487603305785123
29,40,69,1.3793103448275863
66,346,412,5.242424242424242
181,292,473,1.6132596685082874
2469,9,2478,0.0036452004860267314
23,334,357,14.521739130434783
248,601,849,2.4233870967741935
103,146,249,1.4174757281553398
90,496,586,5.511111111111111
1508,1014,2522,0.6724137931034483
321,231,552,0.719626168224299
6,14,20,2.3333333333333335
38,681,719,17.92105263157895
17,204,221,12.0
404,354,758,0.8762376237623762
89,448,537,5.033707865168539
18,548,566,30.444444444444443
98,34,132,0.3469387755102041
20,468,488,23.4
12,298,310,24.833333333333332
335,469,804,1.4
13,242,255,18.615384615384617
45,42,87,0.9333333333333333
557,204,761,0.36624775583482944
1095,957,2052,0.873972602739726
46,763,809,16.58695652173913
61,93,154,1.5245901639344261
12,847,859,70.58333333333333
29,5,34,0.1724137931034483
72,502,574,6.972222222222222
9,296,305,32.888888888888886
9,86,95,9.555555555555555
13,297,310,22.846153846153847
208,588,796,2.826923076923077
79,375,454,4.746835443037975
245,1009,1254,4.118367346938776
38,338,376,8.894736842105264
3,238,241,79.33333333333333
120,697,817,5.808333333333334
55,406,461,7.381818181818182
12,20,32,1.6666666666666667
11,44,55,4.0
16,228,244,14.25
706,238,944,0.3371104815864023
528,154,682,0.2916666666666667
1942,966,2908,0.49742533470648814
38,260,298,6.842105263157895
153,523,676,3.418300653594771
158,113,271,0.7151898734177216
30,740,770,24.666666666666668
156,250,406,1.6025641025641026
31,257,288,8.290322580645162
1298,568,1866,0.43759630200308164
13,539,552,41.46153846153846
61,413,474,6.770491803278689
24,547,571,22.791666666666668
1491,301,1792,0.20187793427230047
20,292,312,14.6
224,370,594,1.6517857142857142
2,11,13,5.5
45,296,341,6.5777777777777775
988,320,1308,0.32388663967611336
9,615,624,68.33333333333333
13,511,524,39.30769230769231
2200,721,2921,0.3277272727272727
1856,248,2104,0.1336206896551724
18,361,379,20.055555555555557
421,399,820,0.9477434679334917
24,110,134,4.583333333333333
102,181,283,1.7745098039215685
3315,328,3643,0.09894419306184012
209,316,525,1.5119617224880382
54,87,141,1.6111111111111112
23,120,143,5.217391304347826
9,33,42,3.6666666666666665
735,387,1122,0.5265306122448979
357,134,491,0.3753501400560224
43,463,506,10.767441860465116
485,207,692,0.4268041237113402
8,264,272,33.0
471,168,639,0.35668789808917195
2781,102,2883,0.036677454153182305
16,277,293,17.3125
539,64,603,0.11873840445269017
346,106,452,0.3063583815028902
1148,106,1254,0.09233449477351917
290,749,1039,2.5827586206896553
510,704,1214,1.380392156862745
30,436,466,14.533333333333333
12,248,260,20.666666666666668
22,214,236,9.727272727272727
10,399,409,39.9
146,282,428,1.9315068493150684
193,334,527,1.7305699481865284
19,181,200,9.526315789473685
78,925,1003,11.85897435897436
183,13,196,0.07103825136612021
24,347,371,14.458333333333334
78,45,123,0.5769230769230769
16,266,282,16.625
9,192,201,21.333333333333332
207,429,636,2.072463768115942
49,337,386,6.877551020408164
2,12,14,6.0
102,973,1075,9.53921568627451
269,232,501,0.862453531598513
20,126,146,6.3
1168,695,1863,0.5950342465753424
56,333,389,5.946428571428571
20,258,278,12.9
2216,407,2623,0.18366425992779783
34,738,772,21.705882352941178
96,582,678,6.0625
81,753,834,9.296296296296296
65,329,394,5.061538461538461
24,19,43,0.7916666666666666
19,196,215,10.31578947368421
119,556,675,4.6722689075630255
21,276,297,13.142857142857142
13,226,239,17.384615384615383
26,182,208,7.0
792,319,1111,0.4027777777777778
2805,870,3675,0.31016042780748665
42,711,753,16.928571428571427
2,42,44,21.0
17,218,235,12.823529411764707
697,830,1527,1.1908177905308466
80,322,402,4.025
18,245,263,13.61111111111111
7,311,318,44.42857142857143
308,702,1010,2.279220779220779
68,58,126,0.8529411764705882
173,162,335,0.9364161849710982
8,21,29,2.625
1991,298,2289,0.1496735308890005
3518,327,3845,0.09295054007959068
20,377,397,18.85
50,540,590,10.8
1422,100,1522,0.07032348804500703
7,209,216,29.857142857142858
19,14,33,0.7368421052631579
21,33,54,1.5714285714285714
13,285,298,21.923076923076923
17,28,45,1.6470588235294117
14,243,257,17.357142857142858
1978,665,2643,0.3361981799797776
299,739,1038,2.471571906354515
72,412,484,5.722222222222222
22,39,61,1.7727272727272727
135,647,782,4.792592592592593
50,37,87,0.74
350,531,881,1.5171428571428571
11,224,235,20.363636363636363
12,160,172,13.333333333333334
2,321,323,160.5
184,136,320,0.7391304347826086
9,290,299,32.22222222222222
10,812,822,81.2
24,344,368,14.333333333333334
14,418,432,29.857142857142858
21,515,536,24.523809523809526
20,259,279,12.95
202,430,632,2.128712871287129
25,260,285,10.4
19,273,292,14.368421052631579
12,285,297,23.75
211,645,856,3.056872037914692
17,93,110,5.470588235294118
12,431,443,35.916666666666664
44,234,278,5.318181818181818
208,8,216,0.038461538461538464
2352,20,2372,0.008503401360544218
15,189,204,12.6
573,442,1015,0.7713787085514834
21,260,281,12.380952380952381
26,540,566,20.76923076923077
12,293,305,24.416666666666668
1510,941,2451,0.6231788079470199
623,781,1404,1.2536115569823434
2590,71,2661,0.027413127413127413
228,235,463,1.030701754385965
9,30,39,3.3333333333333335
8,339,347,42.375
186,222,408,1.1935483870967742
123,706,829,5.739837398373984
23,789,812,34.30434782608695
109,654,763,6.0
32,126,158,3.9375
1787,514,2301,0.2876329043088976
95,38,133,0.4
17,597,614,35.11764705882353
273,564,837,2.065934065934066
6,23,29,3.8333333333333335
15,192,207,12.8
96,108,204,1.125
50,689,739,13.78
571,582,1153,1.0192644483362523
67,483,550,7.208955223880597
21,717,738,34.142857142857146
27,356,383,13.185185185185185
35,409,444,11.685714285714285
1093,428,1521,0.39158279963403475
19,187,206,9.842105263157896
15,290,305,19.333333333333332
15,366,381,24.4
77,65,142,0.8441558441558441
65,34,99,0.5230769230769231
23,750,773,32.608695652173914
8,317,325,39.625
62,24,86,0.3870967741935484
13,558,571,42.92307692307692
115,44,159,0.3826086956521739
6,77,83,12.833333333333334
12,213,225,17.75
14,326,340,23.285714285714285
81,421,502,5.197530864197531
184,353,537,1.9184782608695652
18,827,845,45.94444444444444
23,497,520,21.608695652173914
357,224,581,0.6274509803921569
10,274,284,27.4
72,795,867,11.041666666666666
44,97,141,2.2045454545454546
25,243,268,9.72
9,36,45,4.0
29,463,492,15.96551724137931
21,280,301,13.333333333333334
35,471,506,13.457142857142857
23,670,693,29.130434782608695
20,497,517,24.85
180,99,279,0.55
4,64,68,16.0
47,275,322,5.851063829787234
14,898,912,64.14285714285714
51,160,211,3.1372549019607843
929,168,1097,0.18083961248654468
39,933,972,23.923076923076923
8,196,204,24.5
16,259,275,16.1875
20,69,89,3.45
20,27,47,1.35
31,356,387,11.483870967741936
623,395,1018,0.6340288924558587
19,169,188,8.894736842105264
135,20,155,0.14814814814814814
2,11,13,5.5
4,21,25,5.25
2,11,13,5.5
8,96,104,12.0
2857,232,3089,0.08120406020301014
11,502,513,45.63636363636363
13,44,57,3.3846153846153846
401,187,588,0.46633416458852867
10,236,246,23.6
2462,852,3314,0.3460601137286759
64,739,803,11.546875
10,121,131,12.1
54,277,331,5.12962962962963
15,519,534,34.6
10,92,102,9.2
7,205,212,29.285714285714285
2227,96,2323,0.0431073192635833
87,246,333,2.8275862068965516
253,353,606,1.3952569169960474
7,112,119,16.0
40,561,601,14.025
26,147,173,5.653846153846154
4,12,16,3.0
16,133,149,8.3125
88,720,808,8.181818181818182
23,97,120,4.217391304347826
230,324,554,1.4086956521739131
108,332,440,3.074074074074074
3683,291,3974,0.07901167526472984
1335,582,1917,0.43595505617977526
2229,734,2963,0.3292956482727681
2,11,13,5.5
22,344,366,15.636363636363637
6,79,85,13.166666666666666
47,340,387,7.23404255319149
13,723,736,55.61538461538461
68,158,226,2.323529411764706
15,386,401,25.733333333333334
67,411,478,6.134328358208955
1221,497,1718,0.407043407043407
41,309,350,7.536585365853658
101,419,520,4.148514851485149
24,274,298,11.416666666666666
40,323,363,8.075
20,313,333,15.65
403,850,1253,2.109181141439206
21,391,412,18.61904761904762
39,115,154,2.948717948717949
21,620,641,29.523809523809526
670,901,1571,1.344776119402985
1345,219,1564,0.16282527881040892
40,186,226,4.65
209,250,459,1.1961722488038278
28,601,629,21.464285714285715
59,23,82,0.3898305084745763
20,353,373,17.65
9,231,240,25.666666666666668
17,386,403,22.705882352941178
157,425,582,2.7070063694267517
49,136,185,2.7755102040816326
28,280,308,10.0
24,257,281,10.708333333333334
401,419,820,1.0448877805486285
41,287,328,7.0
44,431,475,9.795454545454545
543,462,1005,0.850828729281768
8,539,547,67.375
139,661,800,4.755395683453237
7,112,119,16.0
73,264,337,3.6164383561643834
305,298,603,0.9770491803278688
24,366,390,15.25
23,668,691,29.043478260869566
182,249,431,1.3681318681318682
6,224,230,37.333333333333336
67,24,91,0.3582089552238806
64,253,317,3.953125
57,306,363,5.368421052631579
11,214,225,19.454545454545453
7,283,290,40.42857142857143
28,137,165,4.892857142857143
806,234,1040,0.2903225806451613
19,286,305,15.052631578947368
291,149,440,0.5120274914089347
46,169,215,3.6739130434782608
253,322,575,1.2727272727272727
46,8,54,0.17391304347826086
1043,892,1935,0.8552253116011506
156,619,775,3.967948717948718
91,60,151,0.6593406593406593
77,17,94,0.22077922077922077
2714,244,2958,0.0899042004421518
5,286,291,57.2
13,40,53,3.076923076923077
180,295,475,1.6388888888888888
79,90,169,1.139240506329114
3361,408,3769,0.12139244272537936
763,326,1089,0.4272608125819135
19,280,299,14.736842105263158
38,225,263,5.921052631578948
8,229,237,28.625
133,353,486,2.654135338345865
7,350,357,50.0
959,314,1273,0.32742440041710114
23,80,103,3.4782608695652173
1264,92,1356,0.07278481012658228
34,231,265,6.794117647058823
1324,417,1741,0.3149546827794562
35,627,662,17.914285714285715
38,397,435,10.447368421052632
26,172,198,6.615384615384615
22,377,399,17.136363636363637
38,73,111,1.9210526315789473
87,223,310,2.5632183908045976
13,183,196,14.076923076923077
15,269,284,17.933333333333334
3826,205,4031,0.05358076319916362
27,155,182,5.7407407407407405
424,908,1332,2.141509433962264
10,801,811,80.1
1822,407,2229,0.2233809001097695
8,45,53,5.625
35,241,276,6.885714285714286
12,328,340,27.333333333333332
25,304,329,12.16
9,19,28,2.111111111111111
456,138,594,0.3026315789473684
10,525,535,52.5
47,168,215,3.574468085106383
13,330,343,25.384615384615383
29,63,92,2.1724137931034484
4,24,28,6.0
13,589,602,45.30769230769231
12,187,199,15.583333333333334
9,122,131,13.555555555555555
1119,333,1452,0.2975871313672922
10,204,214,20.4
87,564,651,6.482758620689655
204,589,793,2.8872549019607843
1538,361,1899,0.23472041612483746
5,73,78,14.6
909,387,1296,0.42574257425742573
12,303,315,25.25
12,270,282,22.5
13,345,358,26.53846153846154
11,252,263,22.90909090909091
2536,310,2846,0.1222397476340694
30,728,758,24.266666666666666
9,220,229,24.444444444444443
9,29,38,3.2222222222222223
156,332,488,2.128205128205128
421,81,502,0.19239904988123516
2361,224,2585,0.09487505294366794
41,23,64,0.5609756097560976
2749,1016,3765,0.36958894143324844
31,197,228,6.354838709677419
19,28,47,1.4736842105263157
12,173,185,14.416666666666666
472,343,815,0.7266949152542372
18,356,374,19.77777777777778
2,11,13,5.5
10,615,625,61.5
266,165,431,0.6203007518796992
36,416,452,11.555555555555555
6,182,188,30.333333333333332
17,72,89,4.235294117647059
25,94,119,3.76
17,213,230,12.529411764705882
337,142,479,0.42136498516320475
2435,27,2462,0.01108829568788501
386,18,404,0.046632124352331605
210,673,883,3.204761904761905
27,88,115,3.259259259259259
21,155,176,7.380952380952381
20,305,325,15.25
110,503,613,4.572727272727272
1824,353,2177,0.19353070175438597
1576,410,1986,0.26015228426395937
14,196,210,14.0
420,164,584,0.3904761904761905
43,114,157,2.6511627906976742
625,133,758,0.2128
48,323,371,6.729166666666667
19,413,432,21.736842105263158
16,178,194,11.125
30,201,231,6.7
11,214,225,19.454545454545453
113,118,231,1.0442477876106195
10,173,183,17.3
2328,219,2547,0.09407216494845361
8,201,209,25.125
282,444,726,1.574468085106383
903,277,1180,0.3067552602436323
259,103,362,0.39768339768339767
30,368,398,12.266666666666667
116,556,672,4.793103448275862
12,365,377,30.416666666666668
23,60,83,2.608695652173913
59,120,179,2.0338983050847457
11,153,164,13.909090909090908
36,293,329,8.13888888888889
190,418,608,2.2
32,405,437,12.65625
269,17,286,0.06319702602230483
3142,143,3285,0.04551241247612985
14,847,861,60.5
53,455,508,8.584905660377359
684,51,735,0.07456140350877193
63,478,541,7.587301587301587
10,204,214,20.4
18,242,260,13.444444444444445
11,110,121,10.0
98,408,506,4.163265306122449
746,152,898,0.2037533512064343
21,464,485,22.095238095238095
696,259,955,0.37212643678160917
3300,142,3442,0.04303030303030303
725,356,1081,0.4910344827586207
73,370,443,5.068493150684931
141,634,775,4.49645390070922
1039,211,1250,0.2030798845043311
30,190,220,6.333333333333333
443,246,689,0.5553047404063205
12,242,254,20.166666666666668
25,352,377,14.08
507,179,686,0.3530571992110454
167,201,368,1.2035928143712575
38,358,396,9.421052631578947
143,659,802,4.608391608391608
13,173,186,13.307692307692308
32,437,469,13.65625
1206,248,1454,0.20563847429519072
65,387,452,5.953846153846154
58,185,243,3.189655172413793
9,241,250,26.77777777777778
19,366,385,19.263157894736842
58,214,272,3.689655172413793
67,18,85,0.26865671641791045
38,415,453,10.921052631578947
26,5,31,0.19230769230769232
11,112,123,10.181818181818182
10,662,672,66.2
13,160,173,12.307692307692308
71,317,388,4.464788732394366
161,985,1146,6.118012422360248
65,462,527,7.107692307692307
11,502,513,45.63636363636363
26,546,572,21.0
978,6,984,0.006134969325153374
18,338,356,18.77777777777778
9,96,105,10.666666666666666
17,449,466,26.41176470588235
491,130,621,0.26476578411405294
7,337,344,48.142857142857146
2590,71,2661,0.027413127413127413
10,89,99,8.9
105,45,150,0.42857142857142855
27,97,124,3.5925925925925926
46,304,350,6.608695652173913
107,280,387,2.616822429906542
1103,915,2018,0.8295557570262919
50,50,100,1.0
562,169,731,0.30071174377224197
8,238,246,29.75
13,275,288,21.153846153846153
28,137,165,4.892857142857143
676,608,1284,0.8994082840236687
8,91,99,11.375
21,257,278,12.238095238095237
10,344,354,34.4
517,53,570,0.10251450676982592
113,898,1011,7.946902654867257
58,657,715,11.327586206896552
319,343,662,1.0752351097178683
60,312,372,5.2
74,692,766,9.35135135135135
276,629,905,2.278985507246377
6,176,182,29.333333333333332
6,128,134,21.333333333333332
5,60,65,12.0
17,296,313,17.41176470588235
5,150,155,30.0
343,780,1123,2.2740524781341107
43,262,305,6.093023255813954
268,415,683,1.5485074626865671
327,5,332,0.01529051987767584
256,19,275,0.07421875
1835,159,1994,0.08664850136239782
64,342,406,5.34375
60,370,430,6.166666666666667
16,447,463,27.9375
23,399,422,17.347826086956523
56,687,743,12.267857142857142
9,98,107,10.88888888888889
13,538,551,41.38461538461539
17,209,226,12.294117647058824
1441,152,1593,0.1054823039555864
40,761,801,19.025
312,309,621,0.9903846153846154
24,274,298,11.416666666666666
3,353,356,117.66666666666667
25,215,240,8.6
16,286,302,17.875
216,364,580,1.6851851851851851
33,290,323,8.787878787878787
330,999,1329,3.0272727272727273
18,580,598,32.22222222222222
21,155,176,7.380952380952381
22,512,534,23.272727272727273
15,589,604,39.266666666666666
16,367,383,22.9375
15,331,346,22.066666666666666
3320,240,3560,0.07228915662650602
23,728,751,31.652173913043477
408,175,583,0.42892156862745096
9,394,403,43.77777777777778
25,339,364,13.56
95,540,635,5.684210526315789
54,274,328,5.074074074074074
74,23,97,0.3108108108108108
2562,227,2789,0.08860265417642467
65,382,447,5.876923076923077
33,299,332,9.06060606060606
18,889,907,49.388888888888886
19,431,450,22.68421052631579
1068,138,1206,0.12921348314606743
22,307,329,13.954545454545455
135,661,796,4.896296296296296
2,37,39,18.5
13,399,412,30.692307692307693
10,294,304,29.4
8,305,313,38.125
15,125,140,8.333333333333334
8,314,322,39.25
109,212,321,1.944954128440367
95,430,525,4.526315789473684
670,129,799,0.1925373134328358
137,128,265,0.9343065693430657
880,265,1145,0.30113636363636365
5,171,176,34.2
40,105,145,2.625
16,267,283,16.6875
30,422,452,14.066666666666666
44,404,448,9.181818181818182
25,33,58,1.32
2,11,13,5.5
23,212,235,9.217391304347826
36,522,558,14.5
513,437,950,0.8518518518518519
9,81,90,9.0
22,313,335,14.227272727272727
64,227,291,3.546875
1107,793,1900,0.7163504968383018
28,767,795,27.392857142857142
12,210,222,17.5
15,306,321,20.4
42,322,364,7.666666666666667
8,44,52,5.5
542,241,783,0.4446494464944649
9,90,99,10.0
60,220,280,3.6666666666666665
99,949,1048,9.585858585858587
18,473,491,26.27777777777778
92,115,207,1.25
7,164,171,23.428571428571427
1131,424,1555,0.3748894783377542
8,343,351,42.875
54,160,214,2.962962962962963
58,522,580,9.0
52,312,364,6.0
46,105,151,2.282608695652174
106,65,171,0.6132075471698113
13,467,480,35.92307692307692
2,11,13,5.5
461,269,730,0.5835140997830802
384,920,1304,2.3958333333333335
493,104,597,0.21095334685598377
22,8,30,0.36363636363636365
48,95,143,1.9791666666666667
6,79,85,13.166666666666666
35,51,86,1.457142857142857
671,4,675,0.005961251862891207
1220,46,1266,0.03770491803278689
102,281,383,2.7549019607843137
17,120,137,7.0588235294117645
21,498,519,23.714285714285715
7,201,208,28.714285714285715
20,104,124,5.2
9,312,321,34.666666666666664
54,774,828,14.333333333333334
16,230,246,14.375
89,453,542,5.089887640449438
25,363,388,14.52
36,29,65,0.8055555555555556
54,542,596,10.037037037037036
5,79,84,15.8
26,443,469,17.03846153846154
3294,38,3332,0.01153612629022465
364,263,627,0.7225274725274725
15,122,137,8.133333333333333
242,241,483,0.9958677685950413
463,603,1066,1.3023758099352052
24,281,305,11.708333333333334
384,3,387,0.0078125
28,455,483,16.25
14,16,30,1.1428571428571428
23,344,367,14.956521739130435
20,129,149,6.45
86,667,753,7.755813953488372
2,11,13,5.5
61,745,806,12.21311475409836
50,637,687,12.74
143,473,616,3.3076923076923075
6,265,271,44.166666666666664
15,28,43,1.8666666666666667
30,372,402,12.4
773,865,1638,1.1190168175937905
27,52,79,1.9259259259259258
6,30,36,5.0
121,147,268,1.2148760330578512
122,220,342,1.8032786885245902
22,374,396,17.0
24,30,54,1.25
9,315,324,35.0
19,146,165,7.684210526315789
162,272,434,1.6790123456790123
45,868,913,19.288888888888888
2,11,13,5.5
22,467,489,21.227272727272727
37,659,696,17.81081081081081
20,406,426,20.3
7,132,139,18.857142857142858
22,778,800,35.36363636363637
1997,852,2849,0.4266399599399099
121,527,648,4.355371900826446
35,42,77,1.2
8,26,34,3.25
35,512,547,14.628571428571428
2678,302,2980,0.11277072442120986
1734,342,2076,0.1972318339100346
293,404,697,1.378839590443686
1668,194,1862,0.11630695443645084
19,127,146,6.684210526315789
14,130,144,9.285714285714286
842,132,974,0.15676959619952494
21,488,509,23.238095238095237
146,160,306,1.095890410958904
1373,284,1657,0.20684632192279678
479,3,482,0.006263048016701462
22,278,300,12.636363636363637
2158,173,2331,0.08016682113067655
8,401,409,50.125
712,101,813,0.14185393258426968
47,288,335,6.127659574468085
318,677,995,2.1289308176100628
26,540,566,20.76923076923077
68,39,107,0.5735294117647058
59,316,375,5.3559322033898304
496,5,501,0.010080645161290322
13,527,540,40.53846153846154
976,605,1581,0.6198770491803278
516,110,626,0.2131782945736434
28,459,487,16.392857142857142
19,773,792,40.68421052631579
2,3,5,1.5
37,880,917,23.783783783783782
16,209,225,13.0625
7,102,109,14.571428571428571
17,118,135,6.9411764705882355
63,339,402,5.380952380952381
180,263,443,1.461111111111111
761,366,1127,0.480946123521682
119,648,767,5.445378151260504
127,854,981,6.724409448818897
19,123,142,6.473684210526316
11,103,114,9.363636363636363
1857,787,2644,0.42380183091007
8,431,439,53.875
12,371,383,30.916666666666668
38,220,258,5.7894736842105265
11,74,85,6.7272727272727275
2572,1092,3664,0.42457231726283046
13,590,603,45.38461538461539
8,187,195,23.375
11,23,34,2.090909090909091
21,229,250,10.904761904761905
7,297,304,42.42857142857143
24,476,500,19.833333333333332
12,726,738,60.5
27,656,683,24.296296296296298
3,216,219,72.0
15,165,180,11.0
68,284,352,4.176470588235294
12,108,120,9.0
157,589,746,3.751592356687898
1196,930,2126,0.7775919732441472
16,31,47,1.9375
12,437,449,36.416666666666664
34,111,145,3.264705882352941
72,359,431,4.986111111111111
26,72,98,2.769230769230769
10,187,197,18.7
42,415,457,9.880952380952381
29,207,236,7.137931034482759
29,688,717,23.724137931034484
100,348,448,3.48
25,518,543,20.72
1652,622,2274,0.3765133171912833
24,292,316,12.166666666666666
164,374,538,2.2804878048780486
197,833,1030,4.228426395939087
91,268,359,2.9450549450549453
36,416,452,11.555555555555555
68,196,264,2.8823529411764706
236,128,364,0.5423728813559322
16,108,124,6.75
1877,381,2258,0.20298348428343102
12,487,499,40.583333333333336
13,218,231,16.76923076923077
38,310,348,8.157894736842104
24,369,393,15.375
11,173,184,15.727272727272727
24,327,351,13.625
149,198,347,1.3288590604026846
32,757,789,23.65625
28,621,649,22.178571428571427
905,122,1027,0.13480662983425415
753,139,892,0.1845949535192563
714,137,851,0.19187675070028012
17,482,499,28.352941176470587
104,134,238,1.2884615384615385
231,891,1122,3.857142857142857
35,231,266,6.6
37,636,673,17.18918918918919
55,858,913,15.6
96,952,1048,9.916666666666666
817,631,1448,0.7723378212974297
76,632,708,8.31578947368421
19,455,474,23.94736842105263
333,486,819,1.4594594594594594
45,29,74,0.6444444444444445
120,472,592,3.933333333333333
8,150,158,18.75
12,19,31,1.5833333333333333
68,328,396,4.823529411764706
944,536,1480,0.5677966101694916
673,227,900,0.337295690936107
74,331,405,4.472972972972973
1035,198,1233,0.19130434782608696
23,608,631,26.434782608695652
85,244,329,2.8705882352941177
17,573,590,33.705882352941174
1862,392,2254,0.21052631578947367
18,466,484,25.88888888888889
28,571,599,20.392857142857142
114,254,368,2.2280701754385963
30,376,406,12.533333333333333
1513,204,1717,0.1348314606741573
31,299,330,9.64516129032258
40,293,333,7.325
31,570,601,18.387096774193548
46,610,656,13.26086956521739
30,588,618,19.6
19,408,427,21.473684210526315
10,134,144,13.4
34,310,344,9.117647058823529
25,234,259,9.36
5,378,383,75.6
599,25,624,0.041736227045075125
22,394,416,17.90909090909091
91,285,376,3.131868131868132
18,66,84,3.6666666666666665
33,668,701,20.242424242424242
13,129,142,9.923076923076923
16,166,182,10.375
88,862,950,9.795454545454545
1239,842,2081,0.6795803066989508
57,343,400,6.017543859649122
19,403,422,21.210526315789473
192,283,475,1.4739583333333333
329,402,731,1.221884498480243
34,923,957,27.147058823529413
520,422,942,0.8115384615384615
279,490,769,1.7562724014336917
18,261,279,14.5
18,263,281,14.61111111111111
8,292,300,36.5
22,240,262,10.909090909090908
8,213,221,26.625
294,414,708,1.4081632653061225
1624,184,1808,0.11330049261083744
25,349,374,13.96
34,420,454,12.352941176470589
12,285,297,23.75
3,103,106,34.333333333333336
561,36,597,0.06417112299465241
30,960,990,32.0
1191,479,1670,0.40218303946263645
12,346,358,28.833333333333332
12,23,35,1.9166666666666667
13,679,692,52.23076923076923
69,36,105,0.5217391304347826
12,87,99,7.25
728,71,799,0.09752747252747253
5,120,125,24.0
31,72,103,2.3225806451612905
1542,1116,2658,0.7237354085603113
674,787,1461,1.1676557863501484
16,137,153,8.5625
16,234,250,14.625
132,75,207,0.5681818181818182
1118,53,1171,0.04740608228980322
10,23,33,2.3
25,332,357,13.28
1196,930,2126,0.7775919732441472
3698,187,3885,0.05056787452677123
15,462,477,30.8
2,11,13,5.5
37,498,535,13.45945945945946
912,512,1424,0.5614035087719298
564,421,985,0.7464539007092199
56,171,227,3.0535714285714284
81,27,108,0.3333333333333333
13,45,58,3.4615384615384617
220,32,252,0.14545454545454545
122,193,315,1.5819672131147542
614,274,888,0.44625407166123776
138,276,414,2.0
363,286,649,0.7878787878787878
10,299,309,29.9
135,663,798,4.911111111111111
263,53,316,0.20152091254752852
15,195,210,13.0
21,468,489,22.285714285714285
69,133,202,1.9275362318840579
12,404,416,33.666666666666664
123,163,286,1.3252032520325203
54,757,811,14.018518518518519
62,399,461,6.435483870967742
75,200,275,2.6666666666666665
11,124,135,11.272727272727273
3473,267,3740,0.07687877915346962
57,122,179,2.1403508771929824
18,81,99,4.5
8,347,355,43.375
25,867,892,34.68
54,215,269,3.9814814814814814
146,65,211,0.4452054794520548
19,633,652,33.31578947368421
16,22,38,1.375
735,622,1357,0.8462585034013606
765,19,784,0.02483660130718954
363,478,841,1.3168044077134986
40,376,416,9.4
25,161,186,6.44
19,173,192,9.105263157894736
619,321,940,0.518578352180937
406,109,515,0.2684729064039409
30,136,166,4.533333333333333
27,173,200,6.407407407407407
75,352,427,4.693333333333333
561,401,962,0.714795008912656
10,299,309,29.9
16,568,584,35.5
18,370,388,20.555555555555557
30,295,325,9.833333333333334
2788,85,2873,0.03048780487804878
3050,218,3268,0.07147540983606557
14,295,309,21.071428571428573
15,348,363,23.2
129,285,414,2.2093023255813953
38,531,569,13.973684210526315
31,342,373,11.03225806451613
11,131,142,11.909090909090908
8,45,53,5.625
16,190,206,11.875
17,409,426,24.058823529411764
1408,322,1730,0.22869318181818182
146,37,183,0.2534246575342466
70,196,266,2.8
2,11,13,5.5
203,329,532,1.6206896551724137
10,152,162,15.2
61,286,347,4.688524590163935
10,125,135,12.5
51,534,585,10.470588235294118
93,452,545,4.860215053763441
1713,5,1718,0.002918855808523059
18,159,177,8.833333333333334
144,734,878,5.097222222222222
1067,46,1113,0.04311152764761012
20,214,234,10.7
35,918,953,26.228571428571428
40,46,86,1.15
24,259,283,10.791666666666666
164,521,685,3.176829268292683
80,34,114,0.425
54,275,329,5.092592592592593
1048,599,1647,0.5715648854961832
13,536,549,41.23076923076923
21,150,171,7.142857142857143
19,270,289,14.210526315789474
346,368,714,1.0635838150289016
253,33,286,0.13043478260869565
55,976,1031,17.745454545454546
224,418,642,1.8660714285714286
769,192,961,0.24967490247074123
7,227,234,32.42857142857143
2192,1051,3243,0.479470802919708
23,120,143,5.217391304347826
83,454,537,5.469879518072289
42,112,154,2.6666666666666665
132,934,1066,7.075757575757576
109,935,1044,8.577981651376147
11,225,236,20.454545454545453
181,40,221,0.22099447513812154
198,309,507,1.5606060606060606
25,88,113,3.52
11,289,300,26.272727272727273
39,8,47,0.20512820512820512
57,189,246,3.3157894736842106
186,222,408,1.1935483870967742
310,452,762,1.4580645161290322
29,14,43,0.4827586206896552
34,360,394,10.588235294117647
1266,576,1842,0.4549763033175355
43,279,322,6.488372093023256
2,12,14,6.0
7,372,379,53.142857142857146
101,389,490,3.8514851485148514
17,210,227,12.352941176470589
27,442,469,16.37037037037037
8,233,241,29.125
468,234,702,0.5
22,395,417,17.954545454545453
17,291,308,17.11764705882353
21,783,804,37.285714285714285
12,390,402,32.5
9,689,698,76.55555555555556
376,654,1030,1.7393617021276595
45,337,382,7.488888888888889
57,560,617,9.824561403508772
25,416,441,16.64
110,240,350,2.1818181818181817
56,212,268,3.7857142857142856
18,273,291,15.166666666666666
27,139,166,5.148148148148148
12,509,521,42.416666666666664
17,147,164,8.647058823529411
22,686,708,31.181818181818183
498,341,839,0.6847389558232931
21,436,457,20.761904761904763
117,254,371,2.1709401709401708
43,30,73,0.6976744186046512
29,336,365,11.586206896551724
10,245,255,24.5
29,421,450,14.517241379310345
54,202,256,3.740740740740741
154,229,383,1.4870129870129871
2778,8,2786,0.0028797696184305254
410,185,595,0.45121951219512196
9,64,73,7.111111111111111
765,19,784,0.02483660130718954
10,538,548,53.8
16,277,293,17.3125
20,353,373,17.65
17,281,298,16.529411764705884
35,141,176,4.0285714285714285
13,262,275,20.153846153846153
7,432,439,61.714285714285715
11,351,362,31.90909090909091
7,20,27,2.857142857142857
2056,294,2350,0.14299610894941633
16,251,267,15.6875
337,299,636,0.887240356083086
17,239,256,14.058823529411764
27,491,518,18.185185185185187
22,390,412,17.727272727272727
7,262,269,37.42857142857143
80,664,744,8.3
1947,498,2445,0.25577812018489987
46,285,331,6.195652173913044
7,96,103,13.714285714285714
7,72,79,10.285714285714286
86,585,671,6.8023255813953485
91,94,185,1.032967032967033
54,467,521,8.648148148148149
22,322,344,14.636363636363637
351,507,858,1.4444444444444444
574,636,1210,1.10801393728223
421,81,502,0.19239904988123516
20,404,424,20.2
103,454,557,4.407766990291262
172,199,371,1.1569767441860466
1,317,318,317.0
106,30,136,0.2830188679245283
43,678,721,15.767441860465116
19,498,517,26.210526315789473
30,572,602,19.066666666666666
1856,248,2104,0.1336206896551724
10,773,783,77.3
3,21,24,7.0
97,535,632,5.515463917525773
658,144,802,0.2188449848024316
50,521,571,10.42
95,540,635,5.684210526315789
788,109,897,0.1383248730964467
539,552,1091,1.0241187384044528
115,427,542,3.7130434782608694
27,365,392,13.518518518518519
126,202,328,1.6031746031746033
26,381,407,14.653846153846153
47,47,94,1.0
94,367,461,3.904255319148936
1173,23,1196,0.0196078431372549
47,300,347,6.382978723404255
166,332,498,2.0
168,395,563,2.3511904761904763
17,398,415,23.41176470588235
1997,852,2849,0.4266399599399099
19,28,47,1.4736842105263157
20,535,555,26.75
14,208,222,14.857142857142858
2,29,31,14.5
1173,146,1319,0.12446717817561807
14,102,116,7.285714285714286
30,285,315,9.5
14,24,38,1.7142857142857142
14,273,287,19.5
103,419,522,4.067961165048544
53,186,239,3.509433962264151
188,451,639,2.398936170212766
25,96,121,3.84
22,303,325,13.772727272727273
30,459,489,15.3
63,271,334,4.301587301587301
5,561,566,112.2
12,353,365,29.416666666666668
110,699,809,6.3545454545454545
85,68,153,0.8
31,191,222,6.161290322580645
219,489,708,2.232876712328767
257,583,840,2.2684824902723735
22,768,790,34.90909090909091
15,498,513,33.2
199,664,863,3.336683417085427
8,757,765,94.625
2070,701,2771,0.3386473429951691
119,644,763,5.411764705882353
188,891,1079,4.73936170212766
11,309,320,28.09090909090909
54,888,942,16.444444444444443
21,228,249,10.857142857142858
23,175,198,7.608695652173913
1091,803,1894,0.7360219981668195
1997,852,2849,0.4266399599399099
8,87,95,10.875
29,394,423,13.586206896551724
12,87,99,7.25
1443,243,1686,0.1683991683991684
32,274,306,8.5625
134,69,203,0.5149253731343284
2737,191,2928,0.06978443551333577
70,228,298,3.257142857142857
65,209,274,3.2153846153846155
27,272,299,10.074074074074074
28,680,708,24.285714285714285
153,188,341,1.2287581699346406
370,339,709,0.9162162162162162
535,63,598,0.11775700934579439
117,113,230,0.9658119658119658
39,331,370,8.487179487179487
3003,47,3050,0.015651015651015652
54,429,483,7.944444444444445
24,591,615,24.625
21,893,914,42.523809523809526
1,12,13,12.0
23,110,133,4.782608695652174
41,313,354,7.634146341463414
14,604,618,43.142857142857146
11,281,292,25.545454545454547
800,1040,1840,1.3
17,618,635,36.35294117647059
103,120,223,1.1650485436893203
348,126,474,0.3620689655172414
437,193,630,0.4416475972540046
2189,62,2251,0.02832343535861124
1766,74,1840,0.04190260475651189
190,37,227,0.19473684210526315
59,679,738,11.508474576271187
3293,356,3649,0.10810810810810811
18,372,390,20.666666666666668
2510,84,2594,0.03346613545816733
362,269,631,0.7430939226519337
1858,704,2562,0.3789020452099031
24,19,43,0.7916666666666666
331,887,1218,2.6797583081570995
262,118,380,0.45038167938931295
2946,936,3882,0.31771894093686354
4,7,11,1.75
70,168,238,2.4
15,632,647,42.13333333333333
32,85,117,2.65625
36,198,234,5.5
98,47,145,0.47959183673469385
11,115,126,10.454545454545455
21,373,394,17.761904761904763
22,454,476,20.636363636363637
146,43,189,0.2945205479452055
10,332,342,33.2
11,98,109,8.909090909090908
2428,61,2489,0.02512355848434926
6,117,123,19.5
95,239,334,2.5157894736842104
48,181,229,3.7708333333333335
348,559,907,1.6063218390804597
630,7,637,0.011111111111111112
2,294,296,147.0
10,51,61,5.1
18,778,796,43.22222222222222
35,286,321,8.17142857142857
54,140,194,2.5925925925925926
22,426,448,19.363636363636363
483,168,651,0.34782608695652173
7,219,226,31.285714285714285
2906,249,3155,0.08568479008947007
17,610,627,35.88235294117647
195,596,791,3.056410256410256
58,502,560,8.655172413793103
6,78,84,13.0
225,510,735,2.2666666666666666
47,190,237,4.042553191489362
135,570,705,4.222222222222222
62,139,201,2.2419354838709675
28,347,375,12.392857142857142
32,265,297,8.28125
60,389,449,6.483333333333333
9,124,133,13.777777777777779
18,778,796,43.22222222222222
588,70,658,0.11904761904761904
21,386,407,18.38095238095238
498,147,645,0.29518072289156627
210,189,399,0.9
224,882,1106,3.9375
3,11,14,3.6666666666666665
21,387,408,18.428571428571427
216,221,437,1.0231481481481481
2584,217,2801,0.08397832817337461
113,17,130,0.1504424778761062
14,49,63,3.5
28,375,403,13.392857142857142
45,265,310,5.888888888888889
8,580,588,72.5
81,421,502,5.197530864197531
76,46,122,0.6052631578947368
30,171,201,5.7
10,283,293,28.3
99,551,650,5.565656565656566
19,373,392,19.63157894736842
15,288,303,19.2
47,217,264,4.617021276595745
55,553,608,10.054545454545455
9,340,349,37.77777777777778
17,25,42,1.4705882352941178
40,473,513,11.825
97,163,260,1.6804123711340206
87,88,175,1.0114942528735633
10,169,179,16.9
2,11,13,5.5
14,98,112,7.0
24,254,278,10.583333333333334
221,173,394,0.7828054298642534
4,91,95,22.75
664,37,701,0.05572289156626506
64,227,291,3.546875
38,365,403,9.605263157894736
48,281,329,5.854166666666667
173,81,254,0.4682080924855491
12,58,70,4.833333333333333
348,163,511,0.46839080459770116
13,147,160,11.307692307692308
20,145,165,7.25
7,327,334,46.714285714285715
1157,941,2098,0.8133102852203976
11,428,439,38.90909090909091
18,229,247,12.722222222222221
112,431,543,3.8482142857142856
53,200,253,3.7735849056603774
7,12,19,1.7142857142857142
910,227,1137,0.24945054945054945
9,381,390,42.333333333333336
16,982,998,61.375
354,493,847,1.3926553672316384
11,128,139,11.636363636363637
16,278,294,17.375
158,313,471,1.981012658227848
4,465,469,116.25
5,437,442,87.4
18,242,260,13.444444444444445
5,161,166,32.2
46,981,1027,21.32608695652174
19,383,402,20.157894736842106
664,447,1111,0.6731927710843374
17,372,389,21.88235294117647
576,404,980,0.7013888888888888
74,377,451,5.094594594594595
1011,37,1048,0.036597428288822946
1615,50,1665,0.030959752321981424
670,17,687,0.025373134328358207
965,80,1045,0.08290155440414508
14,44,58,3.142857142857143
27,300,327,11.11111111111111
14,371,385,26.5
14,114,128,8.142857142857142
88,1086,1174,12.340909090909092
1155,88,1243,0.0761904761904762
14,98,112,7.0
153,313,466,2.045751633986928
107,191,298,1.7850467289719627
60,216,276,3.6
50,657,707,13.14
37,923,960,24.945945945945947
29,258,287,8.89655172413793
1100,250,1350,0.22727272727272727
14,315,329,22.5
38,42,80,1.105263157894737
28,450,478,16.071428571428573
96,525,621,5.46875
19,978,997,51.473684210526315
332,950,1282,2.86144578313253
16,528,544,33.0
13,253,266,19.46153846153846
8,274,282,34.25
8,222,230,27.75
10,303,313,30.3
2749,357,3106,0.1298654056020371
14,628,642,44.857142857142854
43,139,182,3.2325581395348837
110,535,645,4.863636363636363
18,300,318,16.666666666666668
14,153,167,10.928571428571429
42,716,758,17.047619047619047
17,269,286,15.823529411764707
78,604,682,7.743589743589744
57,246,303,4.315789473684211
52,162,214,3.1153846153846154
11,275,286,25.0
14,274,288,19.571428571428573
12,260,272,21.666666666666668
45,40,85,0.8888888888888888
68,289,357,4.25
50,264,314,5.28
45,428,473,9.511111111111111
2993,429,3422,0.14333444704310055
594,190,784,0.31986531986531985
23,404,427,17.565217391304348
17,340,357,20.0
24,280,304,11.666666666666666
484,905,1389,1.8698347107438016
19,286,305,15.052631578947368
10,364,374,36.4
369,224,593,0.6070460704607046
56,737,793,13.160714285714286
127,315,442,2.4803149606299213
56,153,209,2.732142857142857
27,240,267,8.88888888888889
11,5,16,0.45454545454545453
571,273,844,0.47810858143607704
12,191,203,15.916666666666666
3113,723,3836,0.2322518470928365
20,405,425,20.25
10,107,117,10.7
101,18,119,0.1782178217821782
167,393,560,2.3532934131736525
52,102,154,1.9615384615384615
1213,46,1259,0.03792250618301731
1334,228,1562,0.17091454272863568
1294,954,2248,0.7372488408037094
3,182,185,60.666666666666664
12,532,544,44.333333333333336
67,362,429,5.402985074626866
108,332,440,3.074074074074074
1919,8,1927,0.004168837936425221
26,296,322,11.384615384615385
58,612,670,10.551724137931034
33,508,541,15.393939393939394
260,194,454,0.7461538461538462
87,313,400,3.5977011494252875
12,131,143,10.916666666666666
2797,30,2827,0.010725777618877368
5,158,163,31.6
7,283,290,40.42857142857143
19,167,186,8.789473684210526
138,24,162,0.17391304347826086
464,137,601,0.2952586206896552
70,193,263,2.757142857142857
23,591,614,25.695652173913043
7,64,71,9.142857142857142
222,199,421,0.8963963963963963
32,316,348,9.875
5,289,294,57.8
61,540,601,8.852459016393443
16,644,660,40.25
141,446,587,3.1631205673758864
26,368,394,14.153846153846153
168,149,317,0.8869047619047619
17,386,403,22.705882352941178
26,1039,1065,39.96153846153846
1256,435,1691,0.3463375796178344
363,400,763,1.1019283746556474
1198,600,1798,0.5008347245409015
54,666,720,12.333333333333334
21,520,541,24.761904761904763
13,286,299,22.0
20,280,300,14.0
37,464,501,12.54054054054054
37,256,293,6.918918918918919
66,29,95,0.4393939393939394
16,107,123,6.6875
78,45,123,0.5769230769230769
22,125,147,5.681818181818182
11,236,247,21.454545454545453
13,351,364,27.0
118,749,867,6.3474576271186445
55,829,884,15.072727272727272
17,500,517,29.41176470588235
11,312,323,28.363636363636363
10,905,915,90.5
124,600,724,4.838709677419355
21,357,378,17.0
84,380,464,4.523809523809524
3,503,506,167.66666666666666
14,458,472,32.714285714285715
35,577,612,16.485714285714284
17,411,428,24.176470588235293
124,64,188,0.5161290322580645
29,170,199,5.862068965517241
54,577,631,10.685185185185185
149,663,812,4.449664429530201
358,851,1209,2.377094972067039
174,162,336,0.9310344827586207
46,143,189,3.108695652173913
18,31,49,1.7222222222222223
15,193,208,12.866666666666667
867,161,1028,0.18569780853517878
21,652,673,31.047619047619047
135,447,582,3.311111111111111
136,444,580,3.264705882352941
17,253,270,14.882352941176471
20,402,422,20.1
1514,193,1707,0.12747688243064728
25,122,147,4.88
18,501,519,27.833333333333332
24,202,226,8.416666666666666
47,304,351,6.468085106382978
709,396,1105,0.5585331452750353
22,157,179,7.136363636363637
50,192,242,3.84
14,92,106,6.571428571428571
5,42,47,8.4
22,683,705,31.045454545454547
10,5,15,0.5
16,182,198,11.375
634,334,968,0.526813880126183
12,265,277,22.083333333333332
11,88,99,8.0
30,215,245,7.166666666666667
11,436,447,39.63636363636363
8,379,387,47.375
207,154,361,0.7439613526570048
81,37,118,0.4567901234567901
95,213,308,2.2421052631578946
195,141,336,0.7230769230769231
15,54,69,3.6
2,21,23,10.5
2901,399,3300,0.1375387797311272
344,567,911,1.6482558139534884
19,633,652,33.31578947368421
46,25,71,0.5434782608695652
664,200,864,0.30120481927710846
397,99,496,0.24937027707808565
60,167,227,2.783333333333333
30,296,326,9.866666666666667
1373,49,1422,0.035688273852876914
16,208,224,13.0
21,329,350,15.666666666666666
25,18,43,0.72
57,332,389,5.824561403508772
20,534,554,26.7
32,506,538,15.8125
24,108,132,4.5
1093,203,1296,0.18572735590118938
13,895,908,68.84615384615384
123,333,456,2.707317073170732
121,34,155,0.2809917355371901
30,36,66,1.2
51,508,559,9.96078431372549
17,603,620,35.470588235294116
58,162,220,2.793103448275862
10,391,401,39.1
23,325,348,14.130434782608695
24,142,166,5.916666666666667
820,345,1165,0.42073170731707316
11,540,551,49.09090909090909
100,130,230,1.3
11,223,234,20.272727272727273
31,818,849,26.387096774193548
17,617,634,36.294117647058826
894,422,1316,0.4720357941834452
2,11,13,5.5
15,280,295,18.666666666666668
12,856,868,71.33333333333333
365,92,457,0.25205479452054796
1595,858,2453,0.5379310344827586
33,257,290,7.787878787878788
37,194,231,5.243243243243243
11,107,118,9.727272727272727
32,265,297,8.28125
18,292,310,16.22222222222222
13,1102,1115,84.76923076923077
325,27,352,0.08307692307692308
13,265,278,20.384615384615383
8,164,172,20.5
8,275,283,34.375
17,93,110,5.470588235294118
2661,15,2676,0.005636978579481398
24,141,165,5.875
314,11,325,0.03503184713375796
22,125,147,5.681818181818182
641,167,808,0.26053042121684866
414,356,770,0.8599033816425121
357,105,462,0.29411764705882354
160,83,243,0.51875
70,121,191,1.7285714285714286
13,40,53,3.076923076923077
45,16,61,0.35555555555555557
126,542,668,4.301587301587301
29,218,247,7.517241379310345
24,152,176,6.333333333333333
446,136,582,0.30493273542600896
20,811,831,40.55
16,28,44,1.75
42,334,376,7.9523809523809526
140,96,236,0.6857142857142857
11,900,911,81.81818181818181
7,44,51,6.285714285714286
12,631,643,52.583333333333336
15,201,216,13.4
11,612,623,55.63636363636363
17,290,307,17.058823529411764
324,264,588,0.8148148148148148
2,11,13,5.5
29,1025,1054,35.3448275862069
11,36,47,3.272727272727273
16,253,269,15.8125
3487,29,3516,0.008316604531115572
9,218,227,24.22222222222222
318,577,895,1.8144654088050314
471,349,820,0.7409766454352441
26,197,223,7.576923076923077
14,277,291,19.785714285714285
560,54,614,0.09642857142857143
84,1047,1131,12.464285714285714
12,229,241,19.083333333333332
21,159,180,7.571428571428571
448,940,1388,2.0982142857142856
110,401,511,3.6454545454545455
9,242,251,26.88888888888889
42,308,350,7.333333333333333
225,239,464,1.0622222222222222
18,51,69,2.8333333333333335
16,225,241,14.0625
12,86,98,7.166666666666667
26,23,49,0.8846153846153846
23,300,323,13.043478260869565
155,457,612,2.9483870967741934
289,270,559,0.9342560553633218
38,206,244,5.421052631578948
3492,280,3772,0.08018327605956473
7,359,366,51.285714285714285
58,69,127,1.1896551724137931
21,424,445,20.19047619047619
2,11,13,5.5
69,882,951,12.782608695652174
421,385,806,0.9144893111638955
140,435,575,3.107142857142857
2993,674,3667,0.22519211493484798
454,963,1417,2.1211453744493394
1937,5,1942,0.002581311306143521
15,34,49,2.2666666666666666
8,166,174,20.75
10,289,299,28.9
65,330,395,5.076923076923077
14,143,157,10.214285714285714
58,151,209,2.603448275862069
7,139,146,19.857142857142858
63,311,374,4.936507936507937
108,308,416,2.8518518518518516
12,122,134,10.166666666666666
9,458,467,50.888888888888886
515,1038,1553,2.015533980582524
16,209,225,13.0625
112,91,203,0.8125
39,273,312,7.0
47,34,81,0.723404255319149
57,720,777,12.631578947368421
411,902,1313,2.1946472019464722
421,288,709,0.684085510688836
12,625,637,52.083333333333336
168,390,558,2.3214285714285716
10,67,77,6.7
46,376,422,8.173913043478262
66,794,860,12.030303030303031
23,255,278,11.08695652173913
395,467,862,1.1822784810126583
44,519,563,11.795454545454545
2,11,13,5.5
25,363,388,14.52
116,166,282,1.4310344827586208
17,1008,1025,59.294117647058826
10,92,102,9.2
16,246,262,15.375
22,98,120,4.454545454545454
13,143,156,11.0
10,266,276,26.6
3,42,45,14.0
34,96,130,2.823529411764706
17,974,991,57.294117647058826
2119,1057,3176,0.49882019820670126
17,295,312,17.352941176470587
3853,229,4082,0.059434207111341814
10,343,353,34.3
55,192,247,3.4909090909090907
2,29,31,14.5
18,374,392,20.77777777777778
2054,189,2243,0.09201557935735151
333,980,1313,2.942942942942943
26,172,198,6.615384615384615
1645,493,2138,0.2996960486322188
424,315,739,0.7429245283018868
15,233,248,15.533333333333333
32,730,762,22.8125
2362,8,2370,0.003386960203217612
109,1286,1395,11.79816513761468
56,323,379,5.767857142857143
10,262,272,26.2
17,87,104,5.117647058823529
150,180,330,1.2
527,557,1084,1.0569259962049335
422,8,430,0.018957345971563982
78,927,1005,11.884615384615385
704,149,853,0.21164772727272727
15,1003,1018,66.86666666666666
33,366,399,11.090909090909092
1175,129,1304,0.1097872340425532
36,504,540,14.0
23,20,43,0.8695652173913043
158,390,548,2.4683544303797467
24,439,463,18.291666666666668
30,459,489,15.3
61,614,675,10.065573770491802
1384,811,2195,0.5859826589595376
36,117,153,3.25
30,156,186,5.2
20,390,410,19.5
252,6,258,0.023809523809523808
329,421,750,1.2796352583586625
29,87,116,3.0
32,216,248,6.75
961,776,1737,0.8074921956295525
22,65,87,2.9545454545454546
7,183,190,26.142857142857142
46,530,576,11.521739130434783
73,43,116,0.589041095890411
30,349,379,11.633333333333333
69,441,510,6.391304347826087
936,244,1180,0.2606837606837607
34,72,106,2.1176470588235294
11,204,215,18.545454545454547
84,474,558,5.642857142857143
51,385,436,7.549019607843137
991,761,1752,0.7679112008072654
24,228,252,9.5
75,636,711,8.48
24,781,805,32.541666666666664
92,69,161,0.75
18,452,470,25.11111111111111
3,3,6,1.0
10,25,35,2.5
1153,447,1600,0.3876843018213356
478,982,1460,2.0543933054393304
2,20,22,10.0
45,431,476,9.577777777777778
10,75,85,7.5
24,553,577,23.041666666666668
42,665,707,15.833333333333334
2419,139,2558,0.05746176105828855
12,220,232,18.333333333333332
123,401,524,3.2601626016260163
1230,990,2220,0.8048780487804879
11,437,448,39.72727272727273
692,143,835,0.20664739884393063
45,281,326,6.2444444444444445
12,332,344,27.666666666666668
349,326,675,0.9340974212034384
6,566,572,94.33333333333333
31,247,278,7.967741935483871
74,516,590,6.972972972972973
16,389,405,24.3125
1381,536,1917,0.388124547429399
7,383,390,54.714285714285715
16,373,389,23.3125
13,646,659,49.69230769230769
98,476,574,4.857142857142857
7,427,434,61.0
197,113,310,0.5736040609137056
52,273,325,5.25
18,435,453,24.166666666666668
11,703,714,63.90909090909091
11,397,408,36.09090909090909
39,78,117,2.0
14,259,273,18.5
134,622,756,4.641791044776119
4,328,332,82.0
3,330,333,110.0
25,476,501,19.04
47,796,843,16.93617021276596
110,535,645,4.863636363636363
9,21,30,2.3333333333333335
11,166,177,15.090909090909092
29,260,289,8.96551724137931
36,1020,1056,28.333333333333332
492,381,873,0.774390243902439
1169,40,1209,0.03421727972626176
195,583,778,2.98974358974359
11,207,218,18.818181818181817
30,513,543,17.1
35,358,393,10.228571428571428
2130,16,2146,0.007511737089201878
11,335,346,30.454545454545453
25,818,843,32.72
669,309,978,0.4618834080717489
18,473,491,26.27777777777778
28,186,214,6.642857142857143
53,252,305,4.754716981132075
9,530,539,58.888888888888886
202,352,554,1.7425742574257426
1007,434,1441,0.43098311817279045
19,451,470,23.736842105263158
1171,176,1347,0.1502988898377455
53,358,411,6.754716981132075
26,111,137,4.269230769230769
634,633,1267,0.998422712933754
74,431,505,5.824324324324325
18,145,163,8.055555555555555
87,908,995,10.436781609195402
21,210,231,10.0
30,427,457,14.233333333333333
14,169,183,12.071428571428571
230,348,578,1.5130434782608695
319,415,734,1.3009404388714734
92,229,321,2.489130434782609
554,811,1365,1.463898916967509
496,528,1024,1.064516129032258
71,25,96,0.352112676056338
898,331,1229,0.3685968819599109
158,557,715,3.5253164556962027
2,574,576,287.0
695,862,1557,1.2402877697841728
50,82,132,1.64
26,226,252,8.692307692307692
435,356,791,0.8183908045977012
1452,353,1805,0.24311294765840222
2,30,32,15.0
41,682,723,16.634146341463413
32,5,37,0.15625
26,593,619,22.807692307692307
209,93,302,0.4449760765550239
69,182,251,2.63768115942029
17,747,764,43.94117647058823
43,463,506,10.767441860465116
18,515,533,28.61111111111111
1615,50,1665,0.030959752321981424
81,942,1023,11.62962962962963
22,214,236,9.727272727272727
2,757,759,378.5
18,645,663,35.833333333333336
71,30,101,0.4225352112676056
23,395,418,17.17391304347826
24,579,603,24.125
99,341,440,3.4444444444444446
424,569,993,1.3419811320754718
55,45,100,0.8181818181818182
1368,956,2324,0.6988304093567251
2609,113,2722,0.04331161364507474
1696,130,1826,0.07665094339622641
578,136,714,0.23529411764705882
112,183,295,1.6339285714285714
13,29,42,2.230769230769231
300,403,703,1.3433333333333333
30,349,379,11.633333333333333
676,390,1066,0.5769230769230769
942,218,1160,0.23142250530785563
13,19,32,1.4615384615384615
2,11,13,5.5
670,17,687,0.025373134328358207
710,42,752,0.059154929577464786
35,393,428,11.228571428571428
34,206,240,6.0588235294117645
106,395,501,3.7264150943396226
167,944,1111,5.652694610778443
12,23,35,1.9166666666666667
9,251,260,27.88888888888889
14,328,342,23.428571428571427
5,118,123,23.6
28,212,240,7.571428571428571
92,532,624,5.782608695652174
14,411,425,29.357142857142858
27,382,409,14.148148148148149
203,50,253,0.24630541871921183
23,407,430,17.695652173913043
16,120,136,7.5
24,176,200,7.333333333333333
24,36,60,1.5
30,422,452,14.066666666666666
122,270,392,2.2131147540983607
87,518,605,5.954022988505747
26,59,85,2.269230769230769
23,517,540,22.47826086956522
295,225,520,0.7627118644067796
44,131,175,2.977272727272727
55,800,855,14.545454545454545
17,216,233,12.705882352941176
36,168,204,4.666666666666667
10,250,260,25.0
52,342,394,6.576923076923077
20,356,376,17.8
10,411,421,41.1
7,279,286,39.857142857142854
3,11,14,3.6666666666666665
28,547,575,19.535714285714285
27,31,58,1.1481481481481481
1478,805,2283,0.5446549391069012
807,207,1014,0.25650557620817843
16,153,169,9.5625
10,569,579,56.9
12,116,128,9.666666666666666
12,731,743,60.916666666666664
43,560,603,13.023255813953488
72,190,262,2.638888888888889
16,490,506,30.625
35,36,71,1.0285714285714285
786,299,1085,0.38040712468193383
91,374,465,4.1098901098901095
38,326,364,8.578947368421053
507,179,686,0.3530571992110454
20,128,148,6.4
8,13,21,1.625
14,584,598,41.714285714285715
23,325,348,14.130434782608695
10,267,277,26.7
370,233,603,0.6297297297297297
14,152,166,10.857142857142858
455,18,473,0.03956043956043956
1954,392,2346,0.20061412487205732
154,509,663,3.3051948051948052
26,351,377,13.5
101,411,512,4.069306930693069
47,82,129,1.7446808510638299
26,425,451,16.346153846153847
18,351,369,19.5
11,648,659,58.90909090909091
116,399,515,3.439655172413793
32,566,598,17.6875
44,878,922,19.954545454545453
17,263,280,15.470588235294118
23,321,344,13.956521739130435
44,544,588,12.363636363636363
83,821,904,9.891566265060241
33,84,117,2.5454545454545454
22,567,589,25.772727272727273
12,910,922,75.83333333333333
546,342,888,0.6263736263736264
13,467,480,35.92307692307692
78,30,108,0.38461538461538464
35,323,358,9.228571428571428
7,58,65,8.285714285714286
312,622,934,1.9935897435897436
13,100,113,7.6923076923076925
180,99,279,0.55
440,505,945,1.1477272727272727
161,186,347,1.15527950310559
20,222,242,11.1
30,295,325,9.833333333333334
1147,479,1626,0.4176111595466434
31,251,282,8.096774193548388
14,532,546,38.0
1040,1060,2100,1.0192307692307692
17,254,271,14.941176470588236
12,152,164,12.666666666666666
1364,228,1592,0.16715542521994134
85,427,512,5.023529411764706
289,178,467,0.615916955017301
44,35,79,0.7954545454545454
105,129,234,1.2285714285714286
115,180,295,1.565217391304348
21,91,112,4.333333333333333
20,375,395,18.75
6,355,361,59.166666666666664
3,560,563,186.66666666666666
38,778,816,20.473684210526315
373,984,1357,2.6380697050938338
69,16,85,0.2318840579710145
16,470,486,29.375
5,199,204,39.8
2840,192,3032,0.0676056338028169
17,377,394,22.176470588235293
317,190,507,0.5993690851735016
156,175,331,1.1217948717948718
91,882,973,9.692307692307692
122,168,290,1.3770491803278688
114,25,139,0.21929824561403508
64,39,103,0.609375
5,73,78,14.6
39,114,153,2.923076923076923
19,26,45,1.368421052631579
266,318,584,1.1954887218045114
253,305,558,1.2055335968379446
1595,182,1777,0.11410658307210031
8,192,200,24.0
355,281,636,0.7915492957746478
66,921,987,13.954545454545455
49,625,674,12.755102040816327
376,547,923,1.4547872340425532
702,337,1039,0.48005698005698005
546,121,667,0.2216117216117216
44,276,320,6.2727272727272725
442,542,984,1.2262443438914028
252,169,421,0.6706349206349206
2,11,13,5.5
1878,31,1909,0.01650692225772098
1497,638,2135,0.42618570474281897
42,609,651,14.5
14,18,32,1.2857142857142858
27,582,609,21.555555555555557
618,205,823,0.33171521035598706
25,363,388,14.52
3052,684,3736,0.22411533420707733
4,246,250,61.5
20,341,361,17.05
279,332,611,1.189964157706093
15,288,303,19.2
12,218,230,18.166666666666668
4,123,127,30.75
83,821,904,9.891566265060241
20,278,298,13.9
164,116,280,0.7073170731707317
14,398,412,28.428571428571427
2,29,31,14.5
14,244,258,17.428571428571427
710,291,1001,0.4098591549295775
19,33,52,1.736842105263158
39,750,789,19.23076923076923
23,455,478,19.782608695652176
38,237,275,6.2368421052631575
33,379,412,11.484848484848484
13,294,307,22.615384615384617
22,582,604,26.454545454545453
517,368,885,0.7117988394584139
40,1018,1058,25.45
17,238,255,14.0
41,125,166,3.048780487804878
2455,93,2548,0.037881873727087574
19,404,423,21.263157894736842
20,546,566,27.3
25,789,814,31.56
630,616,1246,0.9777777777777777
22,512,534,23.272727272727273
38,354,392,9.31578947368421
97,961,1058,9.907216494845361
123,63,186,0.5121951219512195
1008,1076,2084,1.0674603174603174
9,799,808,88.77777777777777
7,597,604,85.28571428571429
7,57,64,8.142857142857142
76,105,181,1.381578947368421
25,253,278,10.12
57,529,586,9.280701754385966
57,250,307,4.385964912280702
12,244,256,20.333333333333332
25,93,118,3.72
11,35,46,3.1818181818181817
31,430,461,13.870967741935484
21,1082,1103,51.523809523809526
16,317,333,19.8125
16,325,341,20.3125
18,292,310,16.22222222222222
5,117,122,23.4
16,369,385,23.0625
12,87,99,7.25
24,347,371,14.458333333333334
40,46,86,1.15
19,336,355,17.68421052631579
12,29,41,2.4166666666666665
51,469,520,9.196078431372548
18,315,333,17.5
486,781,1267,1.6069958847736625
268,268,536,1.0
49,338,387,6.8979591836734695
13,408,421,31.384615384615383
58,794,852,13.689655172413794
24,383,407,15.958333333333334
14,363,377,25.928571428571427
10,244,254,24.4
10,530,540,53.0
13,569,582,43.76923076923077
8,104,112,13.0
6,333,339,55.5
187,186,373,0.9946524064171123
25,221,246,8.84
86,751,837,8.732558139534884
132,325,457,2.462121212121212
804,291,1095,0.3619402985074627
30,132,162,4.4
123,442,565,3.5934959349593494
49,220,269,4.489795918367347
55,59,114,1.0727272727272728
21,219,240,10.428571428571429
39,527,566,13.512820512820513
130,408,538,3.1384615384615384
17,84,101,4.9411764705882355
11,224,235,20.363636363636363
10,114,124,11.4
8,187,195,23.375
120,216,336,1.8
42,201,243,4.785714285714286
10,69,79,6.9
12,583,595,48.583333333333336
38,424,462,11.157894736842104
10,144,154,14.4
26,434,460,16.692307692307693
46,483,529,10.5
1074,737,1811,0.686219739292365
54,407,461,7.537037037037037
986,206,1192,0.20892494929006086
262,143,405,0.5458015267175572
14,204,218,14.571428571428571
115,954,1069,8.295652173913043
13,398,411,30.615384615384617
1283,936,2219,0.7295401402961809
26,237,263,9.115384615384615
70,538,608,7.685714285714286
30,193,223,6.433333333333334
36,5,41,0.1388888888888889
6,138,144,23.0
2996,182,3178,0.06074766355140187
2,465,467,232.5
11,44,55,4.0
81,220,301,2.7160493827160495
16,266,282,16.625
13,317,330,24.384615384615383
29,239,268,8.241379310344827
11,243,254,22.09090909090909
172,31,203,0.18023255813953487
27,300,327,11.11111111111111
19,273,292,14.368421052631579
54,218,272,4.037037037037037
233,429,662,1.8412017167381973
2346,1089,3435,0.4641943734015345
17,337,354,19.823529411764707
8,49,57,6.125
297,572,869,1.9259259259259258
18,363,381,20.166666666666668
7,19,26,2.7142857142857144
3,28,31,9.333333333333334
415,305,720,0.7349397590361446
58,941,999,16.224137931034484
37,341,378,9.216216216216216
9,21,30,2.3333333333333335
12,97,109,8.083333333333334
21,350,371,16.666666666666668
22,191,213,8.681818181818182
15,487,502,32.46666666666667
18,85,103,4.722222222222222
110,179,289,1.6272727272727272
928,326,1254,0.35129310344827586
19,268,287,14.105263157894736
19,487,506,25.63157894736842
85,56,141,0.6588235294117647
2,11,13,5.5
12,467,479,38.916666666666664
113,639,752,5.654867256637168
41,222,263,5.414634146341464
18,268,286,14.88888888888889
6,237,243,39.5
1744,429,2173,0.2459862385321101
9,214,223,23.77777777777778
11,337,348,30.636363636363637
678,1122,1800,1.654867256637168
1247,756,2003,0.6062550120288693
97,409,506,4.216494845360825
12,206,218,17.166666666666668
18,91,109,5.055555555555555
192,205,397,1.0677083333333333
281,158,439,0.5622775800711743
3,118,121,39.333333333333336
74,361,435,4.878378378378378
10,387,397,38.7
45,556,601,12.355555555555556
2,11,13,5.5
8,317,325,39.625
39,63,102,1.6153846153846154
12,187,199,15.583333333333334
59,299,358,5.067796610169491
14,338,352,24.142857142857142
47,346,393,7.361702127659575
24,282,306,11.75
944,708,1652,0.75
110,240,350,2.1818181818181817
9,502,511,55.77777777777778
13,576,589,44.30769230769231
47,34,81,0.723404255319149
372,111,483,0.29838709677419356
1202,495,1697,0.4118136439267887
18,383,401,21.27777777777778
317,190,507,0.5993690851735016
25,444,469,17.76
821,433,1254,0.5274056029232643
33,188,221,5.696969696969697
19,773,792,40.68421052631579
3016,29,3045,0.009615384615384616
10,373,383,37.3
1159,229,1388,0.19758412424503882
65,46,111,0.7076923076923077
9,35,44,3.888888888888889
358,324,682,0.9050279329608939
11,258,269,23.454545454545453
9,248,257,27.555555555555557
422,8,430,0.018957345971563982
274,453,727,1.6532846715328466
50,704,754,14.08
16,249,265,15.5625
12,278,290,23.166666666666668
30,198,228,6.6
144,400,544,2.7777777777777777
906,96,1002,0.10596026490066225
32,392,424,12.25
28,812,840,29.0
10,639,649,63.9
11,239,250,21.727272727272727
14,394,408,28.142857142857142
240,90,330,0.375
275,191,466,0.6945454545454546
85,34,119,0.4
66,440,506,6.666666666666667
136,27,163,0.19852941176470587
15,464,479,30.933333333333334
260,194,454,0.7461538461538462
232,256,488,1.103448275862069
26,448,474,17.23076923076923
26,107,133,4.115384615384615
48,502,550,10.458333333333334
31,336,367,10.838709677419354
99,212,311,2.1414141414141414
44,48,92,1.0909090909090908
109,839,948,7.697247706422019
3030,305,3335,0.10066006600660066
25,541,566,21.64
12,311,323,25.916666666666668
358,179,537,0.5
382,84,466,0.2198952879581152
17,290,307,17.058823529411764
24,38,62,1.5833333333333333
1648,82,1730,0.04975728155339806
12,207,219,17.25
109,427,536,3.9174311926605503
22,72,94,3.272727272727273
449,83,532,0.18485523385300667
18,609,627,33.833333333333336
3,12,15,4.0
36,437,473,12.13888888888889
13,710,723,54.61538461538461
16,153,169,9.5625
11,659,670,59.90909090909091
14,88,102,6.285714285714286
41,229,270,5.585365853658536
9,56,65,6.222222222222222
24,383,407,15.958333333333334
153,345,498,2.2549019607843137
64,72,136,1.125
35,35,70,1.0
24,549,573,22.875
354,493,847,1.3926553672316384
45,34,79,0.7555555555555555
16,194,210,12.125
904,961,1865,1.0630530973451326
78,378,456,4.846153846153846
7,143,150,20.428571428571427
9,224,233,24.88888888888889
16,397,413,24.8125
46,166,212,3.608695652173913
6,13,19,2.1666666666666665
25,226,251,9.04
30,389,419,12.966666666666667
6,180,186,30.0
71,87,158,1.2253521126760563
5,245,250,49.0
66,36,102,0.5454545454545454
18,5,23,0.2777777777777778
329,402,731,1.221884498480243
361,5,366,0.013850415512465374
22,679,701,30.863636363636363
6,59,65,9.833333333333334
59,942,1001,15.966101694915254
15,272,287,18.133333333333333
105,872,977,8.304761904761905
17,386,403,22.705882352941178
13,450,463,34.61538461538461
4,124,128,31.0
48,85,133,1.7708333333333333
1283,647,1930,0.5042868277474669
31,575,606,18.548387096774192
132,465,597,3.522727272727273
24,241,265,10.041666666666666
950,141,1091,0.14842105263157895
17,447,464,26.294117647058822
68,97,165,1.4264705882352942
229,66,295,0.28820960698689957
1524,189,1713,0.12401574803149606
163,325,488,1.9938650306748467
12,643,655,53.583333333333336
2180,213,2393,0.09770642201834863
127,401,528,3.15748031496063
22,432,454,19.636363636363637
36,118,154,3.2777777777777777
11,211,222,19.181818181818183
256,19,275,0.07421875
5,101,106,20.2
72,81,153,1.125
287,510,797,1.7770034843205575
16,851,867,53.1875
22,68,90,3.090909090909091
6,412,418,68.66666666666667
17,280,297,16.470588235294116
1101,496,1597,0.45049954586739327
20,137,157,6.85
24,208,232,8.666666666666666
7,157,164,22.428571428571427
51,321,372,6.294117647058823
27,217,244,8.037037037037036
10,246,256,24.6
491,439,930,0.8940936863543788
176,292,468,1.6590909090909092
44,442,486,10.045454545454545
93,891,984,9.580645161290322
10,241,251,24.1
394,333,727,0.8451776649746193
29,14,43,0.4827586206896552
158,527,685,3.3354430379746836
13,63,76,4.846153846153846
22,480,502,21.818181818181817
38,634,672,16.68421052631579
22,55,77,2.5
695,862,1557,1.2402877697841728
1165,4,1169,0.0034334763948497852
145,126,271,0.8689655172413793
2497,515,3012,0.20624749699639566
11,770,781,70.0
18,339,357,18.833333333333332
9,390,399,43.333333333333336
31,58,89,1.8709677419354838
11,460,471,41.81818181818182
2912,642,3554,0.22046703296703296
12,20,32,1.6666666666666667
21,76,97,3.619047619047619
6,38,44,6.333333333333333
38,420,458,11.052631578947368
5,767,772,153.4
125,273,398,2.184
140,422,562,3.0142857142857142
2575,129,2704,0.05009708737864078
82,111,193,1.353658536585366
102,331,433,3.2450980392156863
13,140,153,10.76923076923077
46,603,649,13.108695652173912
47,517,564,11.0
171,238,409,1.391812865497076
1852,143,1995,0.07721382289416846
108,76,184,0.7037037037037037
479,136,615,0.2839248434237996
18,534,552,29.666666666666668
18,98,116,5.444444444444445
32,311,343,9.71875
15,308,323,20.533333333333335
35,719,754,20.542857142857144
25,544,569,21.76
12,323,335,26.916666666666668
116,882,998,7.603448275862069
84,216,300,2.5714285714285716
41,546,587,13.317073170731707
89,711,800,7.98876404494382
64,454,518,7.09375
195,141,336,0.7230769230769231
47,588,635,12.51063829787234
133,247,380,1.8571428571428572
15,879,894,58.6
47,187,234,3.978723404255319
72,330,402,4.583333333333333
39,182,221,4.666666666666667
104,573,677,5.509615384615385
41,431,472,10.512195121951219
6,228,234,38.0
46,28,74,0.6086956521739131
28,163,191,5.821428571428571
25,174,199,6.96
103,632,735,6.135922330097087
1238,337,1575,0.27221324717285944
10,205,215,20.5
17,471,488,27.705882352941178
71,201,272,2.8309859154929575
29,337,366,11.620689655172415
2,191,193,95.5
32,346,378,10.8125
5,560,565,112.0
7,170,177,24.285714285714285
23,792,815,34.43478260869565
69,351,420,5.086956521739131
22,381,403,17.318181818181817
15,128,143,8.533333333333333
14,134,148,9.571428571428571
102,787,889,7.715686274509804
139,191,330,1.3741007194244603
17,30,47,1.7647058823529411
29,622,651,21.448275862068964
293,458,751,1.5631399317406143
101,418,519,4.138613861386139
80,372,452,4.65
145,414,559,2.8551724137931034
156,120,276,0.7692307692307693
7,113,120,16.142857142857142
191,293,484,1.5340314136125655
662,343,1005,0.5181268882175226
14,328,342,23.428571428571427
31,558,589,18.0
128,306,434,2.390625
13,273,286,21.0
96,348,444,3.625
9,294,303,32.666666666666664
12,161,173,13.416666666666666
13,155,168,11.923076923076923
18,392,410,21.77777777777778
34,62,96,1.8235294117647058
360,694,1054,1.9277777777777778
30,303,333,10.1
253,33,286,0.13043478260869565
16,498,514,31.125
41,141,182,3.4390243902439024
54,127,181,2.3518518518518516
19,268,287,14.105263157894736
22,157,179,7.136363636363637
47,47,94,1.0
9,172,181,19.11111111111111
36,53,89,1.4722222222222223
10,144,154,14.4
295,8,303,0.02711864406779661
2,11,13,5.5
782,4,786,0.005115089514066497
41,397,438,9.682926829268293
44,271,315,6.159090909090909
32,362,394,11.3125
25,222,247,8.88
28,247,275,8.821428571428571
9,195,204,21.666666666666668
498,444,942,0.891566265060241
109,77,186,0.7064220183486238
1087,138,1225,0.12695492180312787
80,664,744,8.3
97,624,721,6.43298969072165
37,442,479,11.945945945945946
130,110,240,0.8461538461538461
41,825,866,20.121951219512194
36,248,284,6.888888888888889
1150,196,1346,0.17043478260869566
33,373,406,11.303030303030303
3031,38,3069,0.012537116463213462
23,121,144,5.260869565217392
14,550,564,39.285714285714285
126,202,328,1.6031746031746033
2,11,13,5.5
474,447,921,0.9430379746835443
91,806,897,8.857142857142858
56,452,508,8.071428571428571
6,226,232,37.666666666666664
61,297,358,4.868852459016393
721,465,1186,0.6449375866851595
1147,15,1162,0.013077593722755012
210,154,364,0.7333333333333333
34,537,571,15.794117647058824
24,431,455,17.958333333333332
44,37,81,0.8409090909090909
16,230,246,14.375
2106,1090,3196,0.5175688509021842
16,343,359,21.4375
20,503,523,25.15
8,425,433,53.125
400,461,861,1.1525
33,48,81,1.4545454545454546
1174,805,1979,0.6856899488926746
620,158,778,0.25483870967741934
33,689,722,20.87878787878788
7,109,116,15.571428571428571
31,42,73,1.3548387096774193
3030,305,3335,0.10066006600660066
55,944,999,17.163636363636364
20,306,326,15.3
65,422,487,6.492307692307692
13,526,539,40.46153846153846
12,85,97,7.083333333333333
58,857,915,14.775862068965518
109,935,1044,8.577981651376147
1189,365,1554,0.3069806560134567
24,337,361,14.041666666666666
28,86,114,3.0714285714285716
8,51,59,6.375
80,352,432,4.4
29,42,71,1.4482758620689655
104,288,392,2.769230769230769
36,98,134,2.7222222222222223
12,555,567,46.25
26,483,509,18.576923076923077
733,231,964,0.3151432469304229
343,100,443,0.2915451895043732
46,397,443,8.630434782608695
9,30,39,3.3333333333333335
557,326,883,0.585278276481149
198,192,390,0.9696969696969697
18,21,39,1.1666666666666667
35,519,554,14.82857142857143
636,597,1233,0.9386792452830188
89,460,549,5.168539325842697
1042,521,1563,0.5
73,860,933,11.780821917808218
32,452,484,14.125
82,932,1014,11.365853658536585
4,86,90,21.5
10,51,61,5.1
16,727,743,45.4375
264,269,533,1.018939393939394
82,134,216,1.6341463414634145
17,492,509,28.941176470588236
37,574,611,15.513513513513514
171,185,356,1.0818713450292399
49,104,153,2.122448979591837
135,663,798,4.911111111111111
8,175,183,21.875
55,257,312,4.672727272727273
211,573,784,2.7156398104265405
142,91,233,0.6408450704225352
188,241,429,1.2819148936170213
30,958,988,31.933333333333334
371,19,390,0.05121293800539083
302,77,379,0.25496688741721857
109,291,400,2.669724770642202
15,348,363,23.2
545,126,671,0.23119266055045873
155,845,1000,5.451612903225806
115,102,217,0.8869565217391304
57,301,358,5.280701754385965
38,595,633,15.657894736842104
21,128,149,6.095238095238095
338,60,398,0.17751479289940827
1959,255,2214,0.13016845329249618
110,232,342,2.109090909090909
859,280,1139,0.3259604190919674
60,54,114,0.9
13,337,350,25.923076923076923
1113,348,1461,0.31266846361185985
48,816,864,17.0
34,88,122,2.588235294117647
19,420,439,22.105263157894736
436,525,961,1.2041284403669725
16,273,289,17.0625
25,399,424,15.96
29,1045,1074,36.03448275862069
42,387,429,9.214285714285714
75,191,266,2.546666666666667
45,445,490,9.88888888888889
103,378,481,3.6699029126213594
17,312,329,18.352941176470587
1384,694,2078,0.5014450867052023
12,472,484,39.333333333333336
311,128,439,0.4115755627009646
322,320,642,0.9937888198757764
15,140,155,9.333333333333334
8,100,108,12.5
17,893,910,52.529411764705884
68,767,835,11.279411764705882
34,74,108,2.176470588235294
12,599,611,49.916666666666664
11,320,331,29.09090909090909
8,311,319,38.875
35,172,207,4.914285714285715
896,13,909,0.014508928571428572
1326,193,1519,0.1455505279034691
34,684,718,20.11764705882353
11,209,220,19.0
883,971,1854,1.0996602491506229
4,82,86,20.5
2,11,13,5.5
13,134,147,10.307692307692308
29,317,346,10.931034482758621
12,52,64,4.333333333333333
174,162,336,0.9310344827586207
9,111,120,12.333333333333334
18,324,342,18.0
396,339,735,0.8560606060606061
17,365,382,21.470588235294116
29,280,309,9.655172413793103
73,135,208,1.8493150684931507
1369,318,1687,0.2322863403944485
167,102,269,0.6107784431137725
21,425,446,20.238095238095237
15,191,206,12.733333333333333
11,288,299,26.181818181818183
47,286,333,6.085106382978723
1197,426,1623,0.3558897243107769
15,194,209,12.933333333333334
8,10,18,1.25
105,375,480,3.5714285714285716
48,854,902,17.791666666666668
1301,936,2237,0.7194465795541891
255,222,477,0.8705882352941177
2234,371,2605,0.16606982990152194
15,287,302,19.133333333333333
62,326,388,5.258064516129032
41,433,474,10.560975609756097
11,281,292,25.545454545454547
87,130,217,1.4942528735632183
422,944,1366,2.2369668246445498
19,277,296,14.578947368421053
18,343,361,19.055555555555557
775,5,780,0.0064516129032258064
41,5,46,0.12195121951219512
9,358,367,39.77777777777778
17,231,248,13.588235294117647
17,25,42,1.4705882352941178
6,11,17,1.8333333333333333
7,109,116,15.571428571428571
159,256,415,1.610062893081761
33,394,427,11.93939393939394
35,51,86,1.457142857142857
10,255,265,25.5
6,79,85,13.166666666666666
30,31,61,1.0333333333333334
479,86,565,0.17954070981210857
334,600,934,1.7964071856287425
1636,154,1790,0.0941320293398533
40,326,366,8.15
299,183,482,0.6120401337792643
40,657,697,16.425
31,351,382,11.32258064516129
11,219,230,19.90909090909091
26,90,116,3.4615384615384617
11,864,875,78.54545454545455
15,117,132,7.8
15,269,284,17.933333333333334
5,26,31,5.2
290,222,512,0.7655172413793103
10,430,440,43.0
3,16,19,5.333333333333333
28,124,152,4.428571428571429
11,460,471,41.81818181818182
15,677,692,45.13333333333333
2539,198,2737,0.07798345805435211
650,42,692,0.06461538461538462
7,325,332,46.42857142857143
12,267,279,22.25
12,231,243,19.25
51,371,422,7.2745098039215685
14,271,285,19.357142857142858
371,521,892,1.4043126684636118
4,424,428,106.0
106,208,314,1.9622641509433962
5,66,71,13.2
924,29,953,0.031385281385281384
2058,130,2188,0.06316812439261418
25,478,503,19.12
9,113,122,12.555555555555555
18,56,74,3.111111111111111
21,536,557,25.523809523809526
24,473,497,19.708333333333332
74,278,352,3.7567567567567566
27,356,383,13.185185185185185
65,72,137,1.1076923076923078
186,48,234,0.25806451612903225
127,220,347,1.7322834645669292
184,559,743,3.0380434782608696
19,111,130,5.842105263157895
22,22,44,1.0
7,97,104,13.857142857142858
10,106,116,10.6
9,10,19,1.1111111111111112
25,27,52,1.08
10,63,73,6.3
2,11,13,5.5
11,59,70,5.363636363636363
343,206,549,0.6005830903790087
3676,6,3682,0.001632208922742111
18,331,349,18.38888888888889
20,329,349,16.45
9,53,62,5.888888888888889
3113,723,3836,0.2322518470928365
32,559,591,17.46875
58,406,464,7.0
67,249,316,3.716417910447761
14,311,325,22.214285714285715
23,862,885,37.47826086956522
9,17,26,1.8888888888888888
390,419,809,1.0743589743589743
1049,47,1096,0.044804575786463297
72,31,103,0.4305555555555556
39,355,394,9.102564102564102
23,311,334,13.521739130434783
45,29,74,0.6444444444444445
34,571,605,16.794117647058822
349,324,673,0.9283667621776505
21,357,378,17.0
44,893,937,20.295454545454547
61,144,205,2.360655737704918
16,321,337,20.0625
39,268,307,6.871794871794871
1087,295,1382,0.27138914443422263
538,105,643,0.19516728624535315
98,906,1004,9.244897959183673
22,432,454,19.636363636363637
24,96,120,4.0
71,461,532,6.492957746478873
25,287,312,11.48
14,147,161,10.5
34,337,371,9.911764705882353
10,185,195,18.5
7,132,139,18.857142857142858
15,307,322,20.466666666666665
92,31,123,0.33695652173913043
10,345,355,34.5
46,195,241,4.239130434782608
12,278,290,23.166666666666668
35,252,287,7.2
448,428,876,0.9553571428571429
6,26,32,4.333333333333333
17,65,82,3.823529411764706
20,282,302,14.1
23,40,63,1.7391304347826086
242,39,281,0.16115702479338842
265,696,961,2.6264150943396225
14,532,546,38.0
22,248,270,11.272727272727273
13,170,183,13.076923076923077
5,235,240,47.0
15,404,419,26.933333333333334
18,945,963,52.5
21,277,298,13.19047619047619
27,99,126,3.6666666666666665
168,271,439,1.6130952380952381
311,268,579,0.8617363344051447
142,673,815,4.73943661971831
44,203,247,4.613636363636363
6,43,49,7.166666666666667
723,466,1189,0.6445366528354081
16,689,705,43.0625
702,466,1168,0.6638176638176638
34,275,309,8.088235294117647
169,19,188,0.11242603550295859
719,65,784,0.09040333796940195
19,330,349,17.36842105263158
75,1012,1087,13.493333333333334
18,250,268,13.88888888888889
135,559,694,4.140740740740741
16,146,162,9.125
1109,302,1411,0.2723174030658251
64,579,643,9.046875
27,262,289,9.703703703703704
47,331,378,7.042553191489362
23,446,469,19.391304347826086
17,35,52,2.0588235294117645
256,296,552,1.15625
7,38,45,5.428571428571429
62,302,364,4.870967741935484
66,602,668,9.121212121212121
8,604,612,75.5
106,114,220,1.0754716981132075
164,266,430,1.6219512195121952
102,534,636,5.235294117647059
215,277,492,1.2883720930232558
59,247,306,4.186440677966102
75,448,523,5.973333333333334
30,374,404,12.466666666666667
911,325,1236,0.3567508232711306
493,204,697,0.41379310344827586
15,544,559,36.266666666666666
27,568,595,21.037037037037038
85,156,241,1.8352941176470587
27,248,275,9.185185185185185
795,502,1297,0.6314465408805031
44,878,922,19.954545454545453
2025,177,2202,0.0874074074074074
35,233,268,6.6571428571428575
23,430,453,18.695652173913043
495,145,640,0.29292929292929293
31,358,389,11.548387096774194
45,267,312,5.933333333333334
1614,28,1642,0.01734820322180917
25,30,55,1.2
37,956,993,25.83783783783784
242,525,767,2.169421487603306
22,313,335,14.227272727272727
11,226,237,20.545454545454547
54,281,335,5.203703703703703
36,251,287,6.972222222222222
27,756,783,28.0
20,194,214,9.7
2,286,288,143.0
232,1017,1249,4.383620689655173
34,238,272,7.0
58,355,413,6.120689655172414
27,289,316,10.703703703703704
40,323,363,8.075
24,179,203,7.458333333333333
1151,344,1495,0.2988705473501303
7,508,515,72.57142857142857
535,7,542,0.013084112149532711
49,732,781,14.938775510204081
151,86,237,0.5695364238410596
9,503,512,55.888888888888886
5,853,858,170.6
56,283,339,5.053571428571429
227,408,635,1.7973568281938326
21,171,192,8.142857142857142
26,183,209,7.038461538461538
17,134,151,7.882352941176471
2729,321,3050,0.1176255038475632
154,468,622,3.038961038961039
13,599,612,46.07692307692308
26,244,270,9.384615384615385
15,118,133,7.866666666666666
350,111,461,0.3171428571428571
27,655,682,24.25925925925926
16,270,286,16.875
11,446,457,40.54545454545455
26,86,112,3.3076923076923075
13,463,476,35.61538461538461
75,429,504,5.72
38,117,155,3.0789473684210527
9,216,225,24.0
258,418,676,1.62015503875969
1021,5,1026,0.004897159647404506
33,245,278,7.424242424242424
885,131,1016,0.1480225988700565
797,756,1553,0.9485570890840652
63,151,214,2.3968253968253967
320,288,608,0.9
229,289,518,1.262008733624454
25,227,252,9.08
8,343,351,42.875
6,92,98,15.333333333333334
54,275,329,5.092592592592593
53,425,478,8.018867924528301
326,191,517,0.5858895705521472
23,311,334,13.521739130434783
446,232,678,0.5201793721973094
18,494,512,27.444444444444443
53,247,300,4.660377358490566
14,332,346,23.714285714285715
14,162,176,11.571428571428571
27,387,414,14.333333333333334
7,60,67,8.571428571428571
340,800,1140,2.3529411764705883
948,380,1328,0.4008438818565401
134,438,572,3.2686567164179103
47,35,82,0.7446808510638298
492,95,587,0.19308943089430894
11,277,288,25.181818181818183
21,176,197,8.380952380952381
761,146,907,0.19185282522996058
6,212,218,35.333333333333336
98,527,625,5.377551020408164
25,518,543,20.72
5,271,276,54.2
71,72,143,1.0140845070422535
131,22,153,0.16793893129770993
112,373,485,3.330357142857143
131,276,407,2.1068702290076335
74,551,625,7.445945945945946
2411,217,2628,0.09000414765657404
302,391,693,1.294701986754967
276,20,296,0.07246376811594203
57,200,257,3.508771929824561
1355,392,1747,0.2892988929889299
96,47,143,0.4895833333333333
74,496,570,6.702702702702703
32,71,103,2.21875
119,428,547,3.596638655462185
7,208,215,29.714285714285715
1767,757,2524,0.42840973401245047
462,107,569,0.23160173160173161
84,390,474,4.642857142857143
12,98,110,8.166666666666666
21,738,759,35.142857142857146
1966,139,2105,0.07070193285859613
10,176,186,17.6
113,400,513,3.5398230088495577
2881,193,3074,0.06699062825407845
376,109,485,0.2898936170212766
43,366,409,8.511627906976743
636,405,1041,0.6367924528301887
81,611,692,7.54320987654321
27,530,557,19.62962962962963
84,352,436,4.190476190476191
14,393,407,28.071428571428573
156,200,356,1.2820512820512822
14,37,51,2.642857142857143
65,29,94,0.4461538461538462
20,66,86,3.3
589,451,1040,0.765704584040747
2,140,142,70.0
77,74,151,0.961038961038961
8,254,262,31.75
127,1448,1575,11.401574803149606
21,35,56,1.6666666666666667
765,363,1128,0.4745098039215686
477,846,1323,1.7735849056603774
708,113,821,0.1596045197740113
63,305,368,4.841269841269841
64,186,250,2.90625
23,118,141,5.130434782608695
11,42,53,3.8181818181818183
135,284,419,2.1037037037037036
180,80,260,0.4444444444444444
32,997,1029,31.15625
15,251,266,16.733333333333334
941,140,1081,0.1487778958554729
8,347,355,43.375
11,126,137,11.454545454545455
11,22,33,2.0
13,760,773,58.46153846153846
5,767,772,153.4
63,166,229,2.634920634920635
13,138,151,10.615384615384615
247,140,387,0.5668016194331984
46,407,453,8.847826086956522
24,110,134,4.583333333333333
3668,168,3836,0.04580152671755725
3,18,21,6.0
11,181,192,16.454545454545453
191,185,376,0.9685863874345549
17,86,103,5.0588235294117645
174,76,250,0.4367816091954023
101,31,132,0.3069306930693069
15,265,280,17.666666666666668
14,95,109,6.785714285714286
38,528,566,13.894736842105264
15,290,305,19.333333333333332
68,289,357,4.25
20,754,774,37.7
999,945,1944,0.9459459459459459
225,153,378,0.68
23,49,72,2.130434782608696
16,69,85,4.3125
22,511,533,23.227272727272727
1381,34,1415,0.024619840695148443
37,250,287,6.756756756756757
6,20,26,3.3333333333333335
140,75,215,0.5357142857142857
698,824,1522,1.180515759312321
10,14,24,1.4
18,231,249,12.833333333333334
41,265,306,6.463414634146342
27,67,94,2.4814814814814814
21,171,192,8.142857142857142
371,58,429,0.15633423180592992
27,407,434,15.074074074074074
1343,192,1535,0.14296351451973194
30,259,289,8.633333333333333
21,171,192,8.142857142857142
14,25,39,1.7857142857142858
58,388,446,6.689655172413793
14,56,70,4.0
10,136,146,13.6
97,637,734,6.56701030927835
101,324,425,3.207920792079208
20,492,512,24.6
19,41,60,2.1578947368421053
41,289,330,7.048780487804878
65,669,734,10.292307692307693
28,352,380,12.571428571428571
242,140,382,0.5785123966942148
18,306,324,17.0
12,178,190,14.833333333333334
1326,612,1938,0.46153846153846156
55,192,247,3.4909090909090907
85,268,353,3.152941176470588
17,99,116,5.823529411764706
12,181,193,15.083333333333334
20,983,1003,49.15
47,441,488,9.382978723404255
11,294,305,26.727272727272727
67,56,123,0.835820895522388
262,111,373,0.42366412213740456
9,610,619,67.77777777777777
34,340,374,10.0
42,594,636,14.142857142857142
8,441,449,55.125
160,122,282,0.7625
83,192,275,2.3132530120481927
23,462,485,20.08695652173913
28,163,191,5.821428571428571
165,780,945,4.7272727272727275
353,466,819,1.320113314447592
1865,502,2367,0.26916890080428957
41,150,191,3.658536585365854
24,425,449,17.708333333333332
2711,76,2787,0.028033935817041684
96,108,204,1.125
15,371,386,24.733333333333334
3,18,21,6.0
509,158,667,0.3104125736738703
15,401,416,26.733333333333334
592,924,1516,1.5608108108108107
167,372,539,2.2275449101796405
2859,220,3079,0.07694998251136762
60,75,135,1.25
147,245,392,1.6666666666666667
160,681,841,4.25625
36,483,519,13.416666666666666
51,515,566,10.098039215686274
53,344,397,6.490566037735849
245,88,333,0.35918367346938773
1078,82,1160,0.07606679035250463
831,197,1028,0.23706377858002406
29,744,773,25.655172413793103
24,19,43,0.7916666666666666
26,368,394,14.153846153846153
65,433,498,6.661538461538462
25,363,388,14.52
17,297,314,17.470588235294116
20,267,287,13.35
40,685,725,17.125
2,128,130,64.0
233,607,840,2.6051502145922747
20,277,297,13.85
14,104,118,7.428571428571429
664,696,1360,1.0481927710843373
22,354,376,16.09090909090909
18,63,81,3.5
59,290,349,4.915254237288136
45,175,220,3.888888888888889
15,1039,1054,69.26666666666667
146,19,165,0.13013698630136986
152,16,168,0.10526315789473684
31,691,722,22.29032258064516
16,514,530,32.125
2997,142,3139,0.047380714047380715
242,394,636,1.628099173553719
2021,352,2373,0.17417120237506184
58,434,492,7.482758620689655
105,329,434,3.1333333333333333
15,19,34,1.2666666666666666
12,333,345,27.75
25,28,53,1.12
24,272,296,11.333333333333334
41,600,641,14.634146341463415
9,254,263,28.22222222222222
11,383,394,34.81818181818182
22,548,570,24.90909090909091
86,502,588,5.837209302325581
216,297,513,1.375
39,558,597,14.307692307692308
56,717,773,12.803571428571429
17,604,621,35.529411764705884
104,145,249,1.3942307692307692
43,637,680,14.813953488372093
90,783,873,8.7
313,362,675,1.156549520766773
24,411,435,17.125
383,164,547,0.4281984334203655
11,380,391,34.54545454545455
263,29,292,0.11026615969581749
143,14,157,0.0979020979020979
20,462,482,23.1
10,26,36,2.6
9,15,24,1.6666666666666667
33,956,989,28.96969696969697
8,581,589,72.625
33,244,277,7.393939393939394
32,276,308,8.625
21,275,296,13.095238095238095
13,375,388,28.846153846153847
122,178,300,1.459016393442623
84,148,232,1.7619047619047619
18,16,34,0.8888888888888888
53,71,124,1.3396226415094339
91,94,185,1.032967032967033
9,390,399,43.333333333333336
81,22,103,0.2716049382716049
11,103,114,9.363636363636363
590,267,857,0.45254237288135596
3362,249,3611,0.07406305770374777
664,37,701,0.05572289156626506
304,310,614,1.019736842105263
25,627,652,25.08
149,470,619,3.1543624161073827
169,95,264,0.5621301775147929
19,346,365,18.210526315789473
14,275,289,19.642857142857142
7,451,458,64.42857142857143
25,643,668,25.72
50,203,253,4.06
1824,353,2177,0.19353070175438597
15,258,273,17.2
3432,511,3943,0.1488927738927739
16,225,241,14.0625
18,141,159,7.833333333333333
674,285,959,0.4228486646884273
49,7,56,0.14285714285714285
2451,957,3408,0.390452876376989
14,223,237,15.928571428571429
162,673,835,4.154320987654321
7,376,383,53.714285714285715
8,83,91,10.375
8,347,355,43.375
24,126,150,5.25
49,388,437,7.918367346938775
18,874,892,48.55555555555556
21,889,910,42.333333333333336
19,272,291,14.31578947368421
50,834,884,16.68
19,84,103,4.421052631578948
92,163,255,1.7717391304347827
91,94,185,1.032967032967033
20,374,394,18.7
1006,244,1250,0.24254473161033796
22,229,251,10.409090909090908
88,862,950,9.795454545454545
217,72,289,0.3317972350230415
35,226,261,6.457142857142857
1619,609,2228,0.3761581222977146
19,668,687,35.1578947368421
24,345,369,14.375
137,967,1104,7.0583941605839415
20,217,237,10.85
10,136,146,13.6
410,716,1126,1.7463414634146341
59,274,333,4.6440677966101696
203,204,407,1.0049261083743843
237,54,291,0.22784810126582278
98,447,545,4.561224489795919
16,156,172,9.75
14,118,132,8.428571428571429
9,52,61,5.777777777777778
15,129,144,8.6
1265,240,1505,0.18972332015810275
2,11,13,5.5
19,329,348,17.31578947368421
9,348,357,38.666666666666664
124,624,748,5.032258064516129
7,5,12,0.7142857142857143
17,90,107,5.294117647058823
36,566,602,15.722222222222221
183,510,693,2.7868852459016393
72,890,962,12.36111111111111
6,102,108,17.0
47,406,453,8.638297872340425
1822,35,1857,0.019209659714599342
20,195,215,9.75
129,643,772,4.984496124031008
1503,40,1543,0.02661343978709248
294,423,717,1.4387755102040816
62,328,390,5.290322580645161
61,144,205,2.360655737704918
7,93,100,13.285714285714286
45,384,429,8.533333333333333
26,274,300,10.538461538461538
17,467,484,27.470588235294116
28,457,485,16.321428571428573
27,102,129,3.7777777777777777
215,84,299,0.39069767441860465
969,149,1118,0.15376676986584106
2,11,13,5.5
203,396,599,1.9507389162561577
12,243,255,20.25
151,80,231,0.5298013245033113
24,434,458,18.083333333333332
40,338,378,8.45
761,146,907,0.19185282522996058
14,394,408,28.142857142857142
265,42,307,0.15849056603773584
33,263,296,7.96969696969697
18,733,751,40.72222222222222
36,393,429,10.916666666666666
16,87,103,5.4375
305,1059,1364,3.4721311475409835
505,399,904,0.7900990099009901
22,510,532,23.181818181818183
3381,5,3386,0.0014788524105294291
253,760,1013,3.0039525691699605
151,657,808,4.3509933774834435
29,154,183,5.310344827586207
13,329,342,25.307692307692307
30,287,317,9.566666666666666
41,96,137,2.341463414634146
320,291,611,0.909375
50,9,59,0.18
38,520,558,13.68421052631579
25,692,717,27.68
2708,82,2790,0.030280649926144758
118,214,332,1.8135593220338984
1040,1060,2100,1.0192307692307692
3390,98,3488,0.028908554572271386
2308,973,3281,0.42157712305025996
813,388,1201,0.47724477244772445
12,38,50,3.1666666666666665
371,19,390,0.05121293800539083
14,347,361,24.785714285714285
65,136,201,2.0923076923076924
39,631,670,16.17948717948718
9,35,44,3.888888888888889
93,175,268,1.881720430107527
11,37,48,3.3636363636363638
657,413,1070,0.6286149162861492
85,263,348,3.0941176470588236
245,1009,1254,4.118367346938776
242,795,1037,3.2851239669421486
25,242,267,9.68
14,56,70,4.0
36,311,347,8.63888888888889
8,96,104,12.0
233,900,1133,3.8626609442060085
25,332,357,13.28
16,388,404,24.25
77,502,579,6.51948051948052
2348,16,2364,0.0068143100511073255
2107,1085,3192,0.5149501661129569
23,58,81,2.5217391304347827
48,378,426,7.875
139,248,387,1.7841726618705036
13,267,280,20.53846153846154
15,321,336,21.4
18,5,23,0.2777777777777778
98,664,762,6.775510204081633
20,353,373,17.65
12,80,92,6.666666666666667
130,32,162,0.24615384615384617
203,473,676,2.3300492610837438
13,1002,1015,77.07692307692308
2480,486,2966,0.19596774193548386
25,448,473,17.92
2656,173,2829,0.0651355421686747
690,98,788,0.14202898550724638
13,329,342,25.307692307692307
172,208,380,1.2093023255813953
32,465,497,14.53125
28,34,62,1.2142857142857142
23,118,141,5.130434782608695
37,147,184,3.972972972972973
130,228,358,1.7538461538461538
135,550,685,4.074074074074074
23,299,322,13.0
2112,289,2401,0.13683712121212122
41,250,291,6.097560975609756
612,147,759,0.24019607843137256
14,420,434,30.0
10,662,672,66.2
5,12,17,2.4
84,598,682,7.119047619047619
1824,353,2177,0.19353070175438597
18,248,266,13.777777777777779
35,176,211,5.0285714285714285
11,180,191,16.363636363636363
26,413,439,15.884615384615385
18,251,269,13.944444444444445
9,253,262,28.11111111111111
8,252,260,31.5
241,306,547,1.2697095435684647
12,434,446,36.166666666666664
52,115,167,2.2115384615384617
1151,344,1495,0.2988705473501303
1387,245,1632,0.17664023071377072
2103,14,2117,0.006657156443176415
13,297,310,22.846153846153847
1906,210,2116,0.11017838405036726
10,755,765,75.5
15,995,1010,66.33333333333333
8,233,241,29.125
9,277,286,30.77777777777778
59,19,78,0.3220338983050847
10,242,252,24.2
6,13,19,2.1666666666666665
25,28,53,1.12
587,743,1330,1.2657580919931857
1244,215,1459,0.17282958199356913
43,198,241,4.604651162790698
8,360,368,45.0
93,84,177,0.9032258064516129
34,43,77,1.2647058823529411
1195,110,1305,0.09205020920502092
19,568,587,29.894736842105264
250,11,261,0.044
7,180,187,25.714285714285715
13,20,33,1.5384615384615385
7,113,120,16.142857142857142
22,254,276,11.545454545454545
18,857,875,47.611111111111114
19,5,24,0.2631578947368421
207,904,1111,4.367149758454106
428,734,1162,1.7149532710280373
23,214,237,9.304347826086957
1110,200,1310,0.18018018018018017
21,97,118,4.619047619047619
68,39,107,0.5735294117647058
20,105,125,5.25
41,600,641,14.634146341463415
40,197,237,4.925
15,449,464,29.933333333333334
1823,304,2127,0.16675809105869446
262,118,380,0.45038167938931295
139,205,344,1.474820143884892
278,483,761,1.7374100719424461
30,23,53,0.7666666666666667
32,362,394,11.3125
99,279,378,2.8181818181818183
51,324,375,6.352941176470588
270,265,535,0.9814814814814815
30,388,418,12.933333333333334
365,326,691,0.8931506849315068
66,856,922,12.969696969696969
53,40,93,0.7547169811320755
350,121,471,0.3457142857142857
11,203,214,18.454545454545453
21,338,359,16.095238095238095
21,108,129,5.142857142857143
82,365,447,4.451219512195122
583,792,1375,1.3584905660377358
5,35,40,7.0
346,126,472,0.36416184971098264
143,92,235,0.6433566433566433
59,271,330,4.593220338983051
1326,875,2201,0.6598793363499246
16,417,433,26.0625
13,29,42,2.230769230769231
172,210,382,1.2209302325581395
14,192,206,13.714285714285714
24,445,469,18.541666666666668
29,43,72,1.4827586206896552
125,534,659,4.272
1327,176,1503,0.13262999246420498
3,133,136,44.333333333333336
24,497,521,20.708333333333332
13,377,390,29.0
25,454,479,18.16
6,41,47,6.833333333333333
2,11,13,5.5
11,495,506,45.0
703,713,1416,1.0142247510668563
35,1122,1157,32.05714285714286
873,89,962,0.10194730813287514
861,959,1820,1.113821138211382
52,9,61,0.17307692307692307
34,343,377,10.088235294117647
2076,219,2295,0.10549132947976879
16,560,576,35.0
15,887,902,59.13333333333333
356,146,502,0.4101123595505618
42,717,759,17.071428571428573
35,779,814,22.257142857142856
398,100,498,0.25125628140703515
19,402,421,21.157894736842106
28,140,168,5.0
169,335,504,1.982248520710059
16,403,419,25.1875
32,245,277,7.65625
38,104,142,2.736842105263158
21,204,225,9.714285714285714
10,634,644,63.4
72,15,87,0.20833333333333334
8,27,35,3.375
9,253,262,28.11111111111111
62,413,475,6.661290322580645
52,205,257,3.9423076923076925
12,345,357,28.75
172,835,1007,4.854651162790698
112,373,485,3.330357142857143
12,71,83,5.916666666666667
30,236,266,7.866666666666666
2748,57,2805,0.02074235807860262
14,32,46,2.2857142857142856
34,669,703,19.676470588235293
16,296,312,18.5
248,223,471,0.8991935483870968
31,454,485,14.64516129032258
6,54,60,9.0
44,256,300,5.818181818181818
12,230,242,19.166666666666668
22,543,565,24.681818181818183
22,323,345,14.681818181818182
3,294,297,98.0
89,80,169,0.898876404494382
18,545,563,30.27777777777778
206,1069,1275,5.189320388349515
18,455,473,25.27777777777778
101,257,358,2.5445544554455446
3698,98,3796,0.02650081124932396
32,749,781,23.40625
92,387,479,4.206521739130435
53,97,150,1.830188679245283
23,320,343,13.91304347826087
2,36,38,18.0
245,115,360,0.46938775510204084
177,726,903,4.101694915254237
8,174,182,21.75
15,537,552,35.8
3,17,20,5.666666666666667
15,50,65,3.3333333333333335
69,138,207,2.0
16,462,478,28.875
31,201,232,6.483870967741935
589,262,851,0.44482173174872663
124,216,340,1.7419354838709677
20,902,922,45.1
73,353,426,4.835616438356165
79,454,533,5.746835443037975
37,147,184,3.972972972972973
837,428,1265,0.5113500597371565
44,596,640,13.545454545454545
13,182,195,14.0
1045,1018,2063,0.9741626794258373
21,334,355,15.904761904761905
32,17,49,0.53125
34,145,179,4.264705882352941
2047,898,2945,0.4386907669760625
19,314,333,16.526315789473685
76,391,467,5.144736842105263
55,786,841,14.290909090909091
721,449,1170,0.6227461858529819
22,556,578,25.272727272727273
29,673,702,23.20689655172414
20,519,539,25.95
44,961,1005,21.84090909090909
23,613,636,26.652173913043477
937,592,1529,0.6318036286019211
728,71,799,0.09752747252747253
1296,521,1817,0.4020061728395062
727,681,1408,0.936726272352132
9,5,14,0.5555555555555556
1544,27,1571,0.017487046632124352
19,295,314,15.526315789473685
86,31,117,0.36046511627906974
670,17,687,0.025373134328358207
100,290,390,2.9
48,128,176,2.6666666666666665
24,399,423,16.625
12,371,383,30.916666666666668
23,362,385,15.73913043478261
3,164,167,54.666666666666664
291,320,611,1.0996563573883162
21,165,186,7.857142857142857
62,544,606,8.774193548387096
242,166,408,0.6859504132231405
183,456,639,2.4918032786885247
68,231,299,3.3970588235294117
5,112,117,22.4
15,133,148,8.866666666666667
124,88,212,0.7096774193548387
14,439,453,31.357142857142858
15,174,189,11.6
1325,592,1917,0.4467924528301887
83,454,537,5.469879518072289
22,549,571,24.954545454545453
36,276,312,7.666666666666667
14,599,613,42.785714285714285
44,236,280,5.363636363636363
25,17,42,0.68
118,878,996,7.440677966101695
14,565,579,40.357142857142854
634,280,914,0.4416403785488959
15,201,216,13.4
36,1021,1057,28.36111111111111
10,74,84,7.4
138,196,334,1.4202898550724639
20,156,176,7.8
67,248,315,3.701492537313433
12,27,39,2.25
9,555,564,61.666666666666664
178,507,685,2.848314606741573
45,267,312,5.933333333333334
26,86,112,3.3076923076923075
34,247,281,7.264705882352941
162,847,1009,5.228395061728395
8,387,395,48.375
6,112,118,18.666666666666668
13,417,430,32.07692307692308
40,822,862,20.55
9,26,35,2.888888888888889
23,310,333,13.478260869565217
130,98,228,0.7538461538461538
114,324,438,2.8421052631578947
1678,34,1712,0.02026221692491061
4,424,428,106.0
55,253,308,4.6
1126,172,1298,0.152753108348135
43,95,138,2.2093023255813953
392,409,801,1.0433673469387754
113,857,970,7.584070796460177
11,200,211,18.181818181818183
8,64,72,8.0
81,95,176,1.1728395061728396
3,11,14,3.6666666666666665
52,742,794,14.26923076923077
424,415,839,0.9787735849056604
11,123,134,11.181818181818182
7,342,349,48.857142857142854
80,916,996,11.45
499,700,1199,1.402805611222445
20,330,350,16.5
24,205,229,8.541666666666666
35,94,129,2.6857142857142855
5,242,247,48.4
1401,1066,2467,0.7608850820842256
1460,638,2098,0.436986301369863
370,233,603,0.6297297297297297
3,11,14,3.6666666666666665
46,743,789,16.152173913043477
178,1015,1193,5.702247191011236
34,225,259,6.617647058823529
13,121,134,9.307692307692308
176,305,481,1.7329545454545454
20,252,272,12.6
28,97,125,3.4642857142857144
16,538,554,33.625
37,665,702,17.972972972972972
8,269,277,33.625
883,710,1593,0.8040770101925255
70,236,306,3.3714285714285714
1323,5,1328,0.003779289493575208
8,251,259,31.375
147,305,452,2.074829931972789
8,220,228,27.5
9,419,428,46.55555555555556
11,232,243,21.09090909090909
28,124,152,4.428571428571429
97,158,255,1.6288659793814433
2497,515,3012,0.20624749699639566
3,126,129,42.0
459,251,710,0.5468409586056645
67,272,339,4.059701492537314
2622,315,2937,0.12013729977116705
82,342,424,4.170731707317073
23,548,571,23.82608695652174
414,90,504,0.21739130434782608
17,86,103,5.0588235294117645
53,332,385,6.264150943396227
7,116,123,16.571428571428573
155,400,555,2.5806451612903225
179,541,720,3.022346368715084
18,519,537,28.833333333333332
293,197,490,0.6723549488054608
14,252,266,18.0
285,279,564,0.9789473684210527
73,558,631,7.6438356164383565
32,156,188,4.875
24,484,508,20.166666666666668
25,330,355,13.2
109,212,321,1.944954128440367
8,83,91,10.375
35,352,387,10.057142857142857
739,649,1388,0.878213802435724
22,424,446,19.272727272727273
1234,497,1731,0.4027552674230146
15,299,314,19.933333333333334
434,137,571,0.315668202764977
131,30,161,0.22900763358778625
91,396,487,4.351648351648351
32,488,520,15.25
61,540,601,8.852459016393443
461,395,856,0.8568329718004338
13,52,65,4.0
8,379,387,47.375
2919,142,3061,0.048646796848235696
1569,186,1755,0.11854684512428298
10,432,442,43.2
26,363,389,13.961538461538462
6,99,105,16.5
145,758,903,5.227586206896552
810,150,960,0.18518518518518517
22,588,610,26.727272727272727
41,731,772,17.829268292682926
67,392,459,5.850746268656716
42,919,961,21.88095238095238
12,113,125,9.416666666666666
44,477,521,10.840909090909092
27,497,524,18.40740740740741
114,869,983,7.62280701754386
539,308,847,0.5714285714285714
19,137,156,7.2105263157894735
39,226,265,5.794871794871795
16,353,369,22.0625
1751,126,1877,0.0719588806396345
7,114,121,16.285714285714285
17,604,621,35.529411764705884
21,282,303,13.428571428571429
788,798,1586,1.0126903553299493
59,44,103,0.7457627118644068
517,669,1186,1.2940038684719535
334,349,683,1.0449101796407185
18,384,402,21.333333333333332
8,55,63,6.875
715,628,1343,0.8783216783216783
10,251,261,25.1
18,367,385,20.38888888888889
357,579,936,1.6218487394957983
16,340,356,21.25
11,1055,1066,95.9090909090909
344,276,620,0.8023255813953488
1395,391,1786,0.2802867383512545
120,708,828,5.9
36,25,61,0.6944444444444444
25,385,410,15.4
24,564,588,23.5
35,46,81,1.3142857142857143
16,183,199,11.4375
88,142,230,1.6136363636363635
38,338,376,8.894736842105264
38,733,771,19.289473684210527
17,304,321,17.88235294117647
3,11,14,3.6666666666666665
43,139,182,3.2325581395348837
2,568,570,284.0
74,456,530,6.162162162162162
315,817,1132,2.5936507936507938
127,168,295,1.3228346456692914
15,785,800,52.333333333333336
2,26,28,13.0
238,119,357,0.5
76,391,467,5.144736842105263
20,434,454,21.7
13,195,208,15.0
82,288,370,3.5121951219512195
14,951,965,67.92857142857143
4,54,58,13.5
35,626,661,17.885714285714286
11,343,354,31.181818181818183
108,474,582,4.388888888888889
41,23,64,0.5609756097560976
39,336,375,8.615384615384615
763,326,1089,0.4272608125819135
1508,936,2444,0.6206896551724138
10,89,99,8.9
83,402,485,4.843373493975903
21,48,69,2.2857142857142856
128,133,261,1.0390625
8,201,209,25.125
131,727,858,5.549618320610687
49,625,674,12.755102040816327
1314,402,1716,0.3059360730593607
2,11,13,5.5
29,63,92,2.1724137931034484
40,912,952,22.8
11,274,285,24.90909090909091
17,335,352,19.705882352941178
327,756,1083,2.311926605504587
76,752,828,9.894736842105264
2037,401,2438,0.19685812469317623
484,905,1389,1.8698347107438016
87,728,815,8.367816091954023
9,103,112,11.444444444444445
14,309,323,22.071428571428573
31,332,363,10.709677419354838
55,786,841,14.290909090909091
9,326,335,36.22222222222222
44,196,240,4.454545454545454
8,202,210,25.25
188,271,459,1.4414893617021276
1297,8,1305,0.006168080185042405
3,304,307,101.33333333333333
10,1001,1011,100.1
2058,130,2188,0.06316812439261418
14,298,312,21.285714285714285
10,257,267,25.7
307,479,786,1.5602605863192183
11,643,654,58.45454545454545
400,181,581,0.4525
32,22,54,0.6875
9,223,232,24.77777777777778
24,69,93,2.875
11,339,350,30.818181818181817
52,247,299,4.75
42,369,411,8.785714285714286
16,178,194,11.125
34,476,510,14.0
147,570,717,3.877551020408163
101,324,425,3.207920792079208
12,633,645,52.75
6,92,98,15.333333333333334
32,336,368,10.5
330,1075,1405,3.257575757575758
1171,176,1347,0.1502988898377455
894,597,1491,0.6677852348993288
2088,23,2111,0.011015325670498084
7,562,569,80.28571428571429
702,43,745,0.06125356125356125
676,158,834,0.23372781065088757
258,418,676,1.62015503875969
404,909,1313,2.25
1179,212,1391,0.179813401187447
16,325,341,20.3125
94,380,474,4.042553191489362
35,207,242,5.914285714285715
436,181,617,0.4151376146788991
3,179,182,59.666666666666664
12,276,288,23.0
287,288,575,1.0034843205574913
71,134,205,1.8873239436619718
9,436,445,48.44444444444444
548,20,568,0.0364963503649635
12,327,339,27.25
6,517,523,86.16666666666667
10,243,253,24.3
895,365,1260,0.40782122905027934
29,98,127,3.3793103448275863
19,959,978,50.473684210526315
22,325,347,14.772727272727273
53,252,305,4.754716981132075
17,337,354,19.823529411764707
34,234,268,6.882352941176471
230,315,545,1.3695652173913044
8,251,259,31.375
7,94,101,13.428571428571429
47,208,255,4.425531914893617
22,377,399,17.136363636363637
24,20,44,0.8333333333333334
73,520,593,7.123287671232877
90,57,147,0.6333333333333333
103,335,438,3.2524271844660193
37,720,757,19.45945945945946
16,363,379,22.6875
75,605,680,8.066666666666666
11,312,323,28.363636363636363
6,756,762,126.0
21,453,474,21.571428571428573
5,1016,1021,203.2
123,1028,1151,8.357723577235772
54,732,786,13.555555555555555
14,279,293,19.928571428571427
23,478,501,20.782608695652176
36,341,377,9.472222222222221
14,267,281,19.071428571428573
4,11,15,2.75
1390,206,1596,0.14820143884892087
2,11,13,5.5
11,316,327,28.727272727272727
58,262,320,4.517241379310345
34,153,187,4.5
13,195,208,15.0
10,372,382,37.2
34,600,634,17.647058823529413
324,1091,1415,3.367283950617284
19,400,419,21.05263157894737
10,34,44,3.4
478,198,676,0.41422594142259417
86,502,588,5.837209302325581
29,348,377,12.0
11,351,362,31.90909090909091
211,263,474,1.2464454976303319
47,47,94,1.0
11,290,301,26.363636363636363
38,385,423,10.131578947368421
1023,424,1447,0.4144672531769306
15,190,205,12.666666666666666
20,524,544,26.2
573,442,1015,0.7713787085514834
160,75,235,0.46875
90,90,180,1.0
24,220,244,9.166666666666666
12,672,684,56.0
41,332,373,8.097560975609756
42,28,70,0.6666666666666666
18,293,311,16.27777777777778
110,37,147,0.33636363636363636
32,627,659,19.59375
22,422,444,19.181818181818183
34,285,319,8.382352941176471
8,779,787,97.375
15,223,238,14.866666666666667
13,147,160,11.307692307692308
17,109,126,6.411764705882353
21,382,403,18.19047619047619
4,241,245,60.25
10,42,52,4.2
16,262,278,16.375
2,41,43,20.5
583,839,1422,1.4391080617495713
63,209,272,3.3174603174603177
2,11,13,5.5
11,182,193,16.545454545454547
11,146,157,13.272727272727273
23,68,91,2.9565217391304346
9,193,202,21.444444444444443
78,94,172,1.205128205128205
904,961,1865,1.0630530973451326
10,298,308,29.8
7,208,215,29.714285714285715
66,104,170,1.5757575757575757
1159,533,1692,0.4598792062122519
26,147,173,5.653846153846154
46,285,331,6.195652173913044
2106,1090,3196,0.5175688509021842
1061,694,1755,0.6540999057492931
30,31,61,1.0333333333333334
14,361,375,25.785714285714285
3,40,43,13.333333333333334
10,434,444,43.4
11,372,383,33.81818181818182
41,19,60,0.4634146341463415
281,56,337,0.199288256227758
9,511,520,56.77777777777778
9,100,109,11.11111111111111
5,767,772,153.4
19,201,220,10.578947368421053
18,301,319,16.72222222222222
89,6,95,0.06741573033707865
5,219,224,43.8
136,326,462,2.3970588235294117
40,473,513,11.825
262,121,383,0.4618320610687023
299,739,1038,2.471571906354515
46,81,127,1.7608695652173914
36,602,638,16.72222222222222
437,193,630,0.4416475972540046
66,104,170,1.5757575757575757
3242,374,3616,0.11536088834053054
17,237,254,13.941176470588236
12,334,346,27.833333333333332
315,278,593,0.8825396825396825
27,426,453,15.777777777777779
47,441,488,9.382978723404255
244,75,319,0.3073770491803279
350,424,774,1.2114285714285715
509,620,1129,1.218074656188605
1139,1087,2226,0.9543459174714662
74,442,516,5.972972972972973
11,160,171,14.545454545454545
60,68,128,1.1333333333333333
1648,294,1942,0.1783980582524272
50,41,91,0.82
14,379,393,27.071428571428573
17,134,151,7.882352941176471
39,313,352,8.025641025641026
1185,77,1262,0.06497890295358649
75,161,236,2.1466666666666665
160,402,562,2.5125
540,90,630,0.16666666666666666
64,391,455,6.109375
3013,842,3855,0.2794556920013276
61,627,688,10.278688524590164
88,405,493,4.6022727272727275
433,261,694,0.6027713625866051
223,248,471,1.1121076233183858
16,119,135,7.4375
42,233,275,5.5476190476190474
25,748,773,29.92
22,526,548,23.90909090909091
11,361,372,32.81818181818182
113,458,571,4.053097345132743
16,289,305,18.0625
11,573,584,52.09090909090909
10,160,170,16.0
11,88,99,8.0
12,263,275,21.916666666666668
568,119,687,0.20950704225352113
222,45,267,0.20270270270270271
13,127,140,9.76923076923077
35,374,409,10.685714285714285
2308,347,2655,0.1503466204506066
34,73,107,2.1470588235294117
249,445,694,1.78714859437751
32,943,975,29.46875
34,402,436,11.823529411764707
43,554,597,12.883720930232558
67,249,316,3.716417910447761
12,699,711,58.25
14,407,421,29.071428571428573
11,370,381,33.63636363636363
36,28,64,0.7777777777777778
27,363,390,13.444444444444445
133,386,519,2.9022556390977443
66,743,809,11.257575757575758
65,132,197,2.0307692307692307
115,707,822,6.147826086956521
17,347,364,20.41176470588235
64,240,304,3.75
20,535,555,26.75
22,278,300,12.636363636363637
47,404,451,8.595744680851064
16,600,616,37.5
18,788,806,43.77777777777778
77,473,550,6.142857142857143
12,336,348,28.0
829,222,1051,0.2677925211097708
16,244,260,15.25
13,941,954,72.38461538461539
2285,711,2996,0.3111597374179431
11,277,288,25.181818181818183
323,249,572,0.7708978328173375
8,293,301,36.625
15,165,180,11.0
82,179,261,2.182926829268293
106,9,115,0.08490566037735849
30,519,549,17.3
292,380,672,1.3013698630136987
29,205,234,7.068965517241379
30,377,407,12.566666666666666
32,488,520,15.25
41,150,191,3.658536585365854
12,48,60,4.0
11,30,41,2.727272727272727
50,249,299,4.98
32,539,571,16.84375
39,739,778,18.94871794871795
195,596,791,3.056410256410256
14,122,136,8.714285714285714
13,41,54,3.1538461538461537
99,279,378,2.8181818181818183
31,314,345,10.129032258064516
613,474,1087,0.7732463295269169
21,204,225,9.714285714285714
19,39,58,2.0526315789473686
37,430,467,11.621621621621621
13,269,282,20.692307692307693
22,422,444,19.181818181818183
50,311,361,6.22
20,213,233,10.65
18,230,248,12.777777777777779
607,37,644,0.060955518945634266
10,103,113,10.3
148,560,708,3.7837837837837838
24,616,640,25.666666666666668
142,269,411,1.8943661971830985
17,570,587,33.529411764705884
240,316,556,1.3166666666666667
28,530,558,18.928571428571427
150,186,336,1.24
39,112,151,2.871794871794872
41,198,239,4.829268292682927
9,214,223,23.77777777777778
11,118,129,10.727272727272727
551,688,1239,1.2486388384754992
17,934,951,54.94117647058823
62,185,247,2.9838709677419355
126,202,328,1.6031746031746033
89,711,800,7.98876404494382
51,140,191,2.7450980392156863
17,116,133,6.823529411764706
299,759,1058,2.5384615384615383
13,175,188,13.461538461538462
20,258,278,12.9
160,122,282,0.7625
19,451,470,23.736842105263158
17,45,62,2.6470588235294117
10,548,558,54.8
386,126,512,0.32642487046632124
59,122,181,2.0677966101694913
9,266,275,29.555555555555557
1665,747,2412,0.4486486486486487
12,56,68,4.666666666666667
60,383,443,6.383333333333334
79,684,763,8.658227848101266
11,66,77,6.0
13,272,285,20.923076923076923
13,319,332,24.53846153846154
34,521,555,15.323529411764707
37,659,696,17.81081081081081
25,320,345,12.8
1033,33,1066,0.031945788964181994
87,313,400,3.5977011494252875
16,328,344,20.5
6,191,197,31.833333333333332
9,389,398,43.22222222222222
33,639,672,19.363636363636363
11,446,457,40.54545454545455
24,222,246,9.25
232,108,340,0.46551724137931033
20,202,222,10.1
650,370,1020,0.5692307692307692
52,45,97,0.8653846153846154
82,166,248,2.024390243902439
32,187,219,5.84375
25,304,329,12.16
8,143,151,17.875
62,406,468,6.548387096774194
17,198,215,11.647058823529411
12,462,474,38.5
1308,76,1384,0.0581039755351682
7,14,21,2.0
17,94,111,5.529411764705882
20,482,502,24.1
3049,217,3266,0.07117087569694983
15,285,300,19.0
47,24,71,0.5106382978723404
20,406,426,20.3
12,170,182,14.166666666666666
19,380,399,20.0
18,395,413,21.944444444444443
479,589,1068,1.2296450939457202
132,363,495,2.75
20,851,871,42.55
3432,511,3943,0.1488927738927739
1181,245,1426,0.20745131244707873
36,601,637,16.694444444444443
24,649,673,27.041666666666668
14,191,205,13.642857142857142
96,47,143,0.4895833333333333
91,657,748,7.21978021978022
194,189,383,0.9742268041237113
656,512,1168,0.7804878048780488
13,446,459,34.30769230769231
99,289,388,2.919191919191919
25,99,124,3.96
14,458,472,32.714285714285715
7,354,361,50.57142857142857
105,329,434,3.1333333333333333
701,143,844,0.20399429386590584
60,153,213,2.55
15,432,447,28.8
17,294,311,17.294117647058822
72,113,185,1.5694444444444444
15,345,360,23.0
253,353,606,1.3952569169960474
19,347,366,18.263157894736842
518,381,899,0.7355212355212355
18,142,160,7.888888888888889
433,353,786,0.815242494226328
7,185,192,26.428571428571427
20,87,107,4.35
14,312,326,22.285714285714285
56,246,302,4.392857142857143
28,309,337,11.035714285714286
21,351,372,16.714285714285715
53,487,540,9.18867924528302
42,613,655,14.595238095238095
245,346,591,1.4122448979591837
19,290,309,15.263157894736842
83,950,1033,11.44578313253012
13,230,243,17.692307692307693
13,141,154,10.846153846153847
10,108,118,10.8
199,258,457,1.2964824120603016
57,259,316,4.543859649122807
33,360,393,10.909090909090908
19,427,446,22.473684210526315
136,772,908,5.676470588235294
14,221,235,15.785714285714286
15,16,31,1.0666666666666667
46,603,649,13.108695652173912
26,197,223,7.576923076923077
7,125,132,17.857142857142858
26,348,374,13.384615384615385
12,406,418,33.833333333333336
56,713,769,12.732142857142858
21,376,397,17.904761904761905
142,113,255,0.795774647887324
48,64,112,1.3333333333333333
13,371,384,28.53846153846154
38,200,238,5.2631578947368425
101,554,655,5.485148514851486
18,726,744,40.333333333333336
5,719,724,143.8
54,122,176,2.259259259259259
904,241,1145,0.2665929203539823
3,96,99,32.0
22,261,283,11.863636363636363
51,8,59,0.1568627450980392
20,752,772,37.6
174,80,254,0.45977011494252873
144,470,614,3.263888888888889
19,500,519,26.31578947368421
20,671,691,33.55
11,464,475,42.18181818181818
353,97,450,0.2747875354107649
9,502,511,55.77777777777778
3942,57,3999,0.01445966514459665
13,646,659,49.69230769230769
17,21,38,1.2352941176470589
20,787,807,39.35
2186,584,2770,0.26715462031107046
328,253,581,0.7713414634146342
1311,780,2091,0.5949656750572082
6,13,19,2.1666666666666665
75,481,556,6.413333333333333
997,139,1136,0.13941825476429287
73,616,689,8.438356164383562
8,35,43,4.375
33,84,117,2.5454545454545454
987,375,1362,0.3799392097264438
23,308,331,13.391304347826088
38,481,519,12.657894736842104
38,520,558,13.68421052631579
273,242,515,0.8864468864468864
670,787,1457,1.1746268656716419
6,52,58,8.666666666666666
13,121,134,9.307692307692308
191,672,863,3.518324607329843
42,287,329,6.833333333333333
67,489,556,7.298507462686567
6,171,177,28.5
187,157,344,0.839572192513369
34,420,454,12.352941176470589
15,292,307,19.466666666666665
2,29,31,14.5
54,160,214,2.962962962962963
193,33,226,0.17098445595854922
6,666,672,111.0
13,536,549,41.23076923076923
3626,75,3701,0.020683949255377827
44,427,471,9.704545454545455
850,791,1641,0.9305882352941176
1062,53,1115,0.04990583804143126
20,950,970,47.5
14,544,558,38.857142857142854
9,350,359,38.888888888888886
862,157,1019,0.18213457076566125
43,560,603,13.023255813953488
34,498,532,14.647058823529411
16,296,312,18.5
885,322,1207,0.3638418079096045
120,718,838,5.983333333333333
1283,647,1930,0.5042868277474669
36,435,471,12.083333333333334
13,503,516,38.69230769230769
88,709,797,8.056818181818182
16,309,325,19.3125
28,144,172,5.142857142857143
134,77,211,0.5746268656716418
1,11,12,11.0
10,23,33,2.3
19,404,423,21.263157894736842
29,457,486,15.758620689655173
424,908,1332,2.141509433962264
168,19,187,0.1130952380952381
13,184,197,14.153846153846153
11,363,374,33.0
297,372,669,1.2525252525252526
95,35,130,0.3684210526315789
18,379,397,21.055555555555557
105,730,835,6.9523809523809526
41,482,523,11.75609756097561
19,406,425,21.36842105263158
69,351,420,5.086956521739131
29,173,202,5.9655172413793105
113,874,987,7.734513274336283
783,174,957,0.2222222222222222
20,274,294,13.7
10,309,319,30.9
76,422,498,5.552631578947368
47,101,148,2.148936170212766
13,468,481,36.0
320,393,713,1.228125
13,256,269,19.692307692307693
1131,32,1163,0.028293545534924844
819,183,1002,0.22344322344322345
13,41,54,3.1538461538461537
11,133,144,12.090909090909092
8,77,85,9.625
21,358,379,17.047619047619047
9,63,72,7.0
13,308,321,23.692307692307693
341,199,540,0.5835777126099707
8,208,216,26.0
30,822,852,27.4
320,288,608,0.9
102,222,324,2.176470588235294
16,208,224,13.0
15,946,961,63.06666666666667
174,76,250,0.4367816091954023
20,87,107,4.35
3,12,15,4.0
27,431,458,15.962962962962964
23,401,424,17.434782608695652
111,302,413,2.720720720720721
7,378,385,54.0
51,763,814,14.96078431372549
131,727,858,5.549618320610687
84,57,141,0.6785714285714286
675,31,706,0.045925925925925926
2,11,13,5.5
32,669,701,20.90625
11,474,485,43.09090909090909
1068,99,1167,0.09269662921348315
10,267,277,26.7
50,479,529,9.58
95,285,380,3.0
708,1009,1717,1.4251412429378532
5,931,936,186.2
200,86,286,0.43
33,236,269,7.151515151515151
1312,16,1328,0.012195121951219513
5,13,18,2.6
7,223,230,31.857142857142858
45,40,85,0.8888888888888888
49,74,123,1.510204081632653
33,447,480,13.545454545454545
32,677,709,21.15625
190,162,352,0.8526315789473684
36,730,766,20.27777777777778
52,363,415,6.980769230769231
54,97,151,1.7962962962962963
75,456,531,6.08
120,275,395,2.2916666666666665
15,446,461,29.733333333333334
15,192,207,12.8
3415,199,3614,0.058272327964860905
318,121,439,0.3805031446540881
20,403,423,20.15
131,374,505,2.854961832061069
253,305,558,1.2055335968379446
221,406,627,1.83710407239819
32,336,368,10.5
25,967,992,38.68
189,935,1124,4.947089947089947
18,255,273,14.166666666666666
68,153,221,2.25
7,210,217,30.0
9,483,492,53.666666666666664
20,152,172,7.6
30,377,407,12.566666666666666
395,200,595,0.5063291139240507
13,297,310,22.846153846153847
202,268,470,1.3267326732673268
7,125,132,17.857142857142858
397,87,484,0.21914357682619648
226,345,571,1.5265486725663717
26,334,360,12.846153846153847
178,41,219,0.2303370786516854
41,37,78,0.9024390243902439
89,286,375,3.2134831460674156
20,356,376,17.8
26,284,310,10.923076923076923
222,533,755,2.400900900900901
12,317,329,26.416666666666668
129,149,278,1.1550387596899225
9,839,848,93.22222222222223
3492,280,3772,0.08018327605956473
11,153,164,13.909090909090908
10,430,440,43.0
2,11,13,5.5
198,340,538,1.7171717171717171
761,146,907,0.19185282522996058
22,716,738,32.54545454545455
12,211,223,17.583333333333332
18,248,266,13.777777777777779
13,632,645,48.61538461538461
82,136,218,1.6585365853658536
174,162,336,0.9310344827586207
1169,126,1295,0.10778443113772455
48,765,813,15.9375
19,115,134,6.052631578947368
55,312,367,5.672727272727273
27,437,464,16.185185185185187
34,644,678,18.941176470588236
110,10,120,0.09090909090909091
266,287,553,1.0789473684210527
35,252,287,7.2
12,856,868,71.33333333333333
57,861,918,15.105263157894736
25,866,891,34.64
39,478,517,12.256410256410257
103,239,342,2.320388349514563
11,462,473,42.0
232,887,1119,3.8232758620689653
18,416,434,23.11111111111111
1967,168,2135,0.08540925266903915
624,15,639,0.02403846153846154
1157,941,2098,0.8133102852203976
1423,117,1540,0.08222066057624737
25,42,67,1.68
1311,780,2091,0.5949656750572082
10,209,219,20.9
43,353,396,8.209302325581396
21,217,238,10.333333333333334
8,274,282,34.25
22,147,169,6.681818181818182
11,497,508,45.18181818181818
991,761,1752,0.7679112008072654
22,85,107,3.8636363636363638
100,687,787,6.87
15,386,401,25.733333333333334
15,134,149,8.933333333333334
177,390,567,2.2033898305084745
57,613,670,10.75438596491228
116,326,442,2.810344827586207
36,38,74,1.0555555555555556
297,407,704,1.3703703703703705
10,177,187,17.7
473,380,853,0.8033826638477801
46,521,567,11.326086956521738
8,76,84,9.5
377,386,763,1.023872679045093
4,82,86,20.5
70,667,737,9.528571428571428
44,236,280,5.363636363636363
4,86,90,21.5
11,62,73,5.636363636363637
88,493,581,5.6022727272727275
352,407,759,1.15625
15,352,367,23.466666666666665
12,352,364,29.333333333333332
83,120,203,1.4457831325301205
28,41,69,1.4642857142857142
610,140,750,0.22950819672131148
2,11,13,5.5
14,267,281,19.071428571428573
8,278,286,34.75
950,298,1248,0.3136842105263158
6,260,266,43.333333333333336
66,77,143,1.1666666666666667
11,359,370,32.63636363636363
149,137,286,0.9194630872483222
53,278,331,5.245283018867925
8,160,168,20.0
23,386,409,16.782608695652176
1247,163,1410,0.13071371291098638
931,401,1332,0.43071965628356607
2,11,13,5.5
115,591,706,5.139130434782609
56,336,392,6.0
3,42,45,14.0
11,148,159,13.454545454545455
38,32,70,0.8421052631578947
46,320,366,6.956521739130435
42,25,67,0.5952380952380952
12,246,258,20.5
123,720,843,5.853658536585366
26,75,101,2.8846153846153846
10,276,286,27.6
14,363,377,25.928571428571427
50,249,299,4.98
25,691,716,27.64
81,315,396,3.888888888888889
1503,880,2383,0.5854956753160346
49,78,127,1.5918367346938775
761,366,1127,0.480946123521682
13,279,292,21.46153846153846
29,140,169,4.827586206896552
8,222,230,27.75
12,397,409,33.083333333333336
30,919,949,30.633333333333333
964,201,1165,0.20850622406639005
1034,306,1340,0.29593810444874274
13,131,144,10.076923076923077
5,812,817,162.4
80,260,340,3.25
4,11,15,2.75
11,187,198,17.0
209,856,1065,4.095693779904306
1115,109,1224,0.09775784753363229
35,323,358,9.228571428571428
2659,93,2752,0.03497555471981948
242,279,521,1.1528925619834711
587,565,1152,0.9625212947189097
31,270,301,8.709677419354838
1990,1230,3220,0.6180904522613065
536,217,753,0.4048507462686567
15,244,259,16.266666666666666
354,503,857,1.42090395480226
34,19,53,0.5588235294117647
18,331,349,18.38888888888889
90,300,390,3.3333333333333335
9,334,343,37.111111111111114
6,437,443,72.83333333333333
5,235,240,47.0
30,277,307,9.233333333333333
27,319,346,11.814814814814815
15,272,287,18.133333333333333
35,434,469,12.4
28,692,720,24.714285714285715
2172,373,2545,0.17173112338858196
38,630,668,16.57894736842105
2354,159,2513,0.0675446049277825
1777,951,2728,0.5351716375914463
10,363,373,36.3
46,376,422,8.173913043478262
16,37,53,2.3125
76,24,100,0.3157894736842105
2420,87,2507,0.03595041322314049
17,560,577,32.94117647058823
15,143,158,9.533333333333333
33,352,385,10.666666666666666
26,339,365,13.038461538461538
588,947,1535,1.6105442176870748
9,306,315,34.0
14,262,276,18.714285714285715
17,815,832,47.94117647058823
7,451,458,64.42857142857143
80,1007,1087,12.5875
449,404,853,0.8997772828507795
11,34,45,3.090909090909091
28,107,135,3.8214285714285716
676,608,1284,0.8994082840236687
18,529,547,29.38888888888889
867,299,1166,0.34486735870818913
7,327,334,46.714285714285715
1514,193,1707,0.12747688243064728
1006,118,1124,0.1172962226640159
85,766,851,9.011764705882353
99,141,240,1.4242424242424243
80,379,459,4.7375
110,10,120,0.09090909090909091
75,318,393,4.24
42,345,387,8.214285714285714
13,361,374,27.76923076923077
67,489,556,7.298507462686567
9,458,467,50.888888888888886
440,88,528,0.2
22,207,229,9.409090909090908
280,29,309,0.10357142857142858
11,236,247,21.454545454545453
8,83,91,10.375
16,42,58,2.625
840,803,1643,0.955952380952381
1114,254,1368,0.22800718132854578
24,425,449,17.708333333333332
15,274,289,18.266666666666666
96,13,109,0.13541666666666666
92,163,255,1.7717391304347827
24,99,123,4.125
78,170,248,2.1794871794871793
12,303,315,25.25
17,269,286,15.823529411764707
13,400,413,30.76923076923077
6,231,237,38.5
44,385,429,8.75
10,252,262,25.2
19,380,399,20.0
8,517,525,64.625
19,222,241,11.68421052631579
2,35,37,17.5
455,204,659,0.44835164835164837
773,331,1104,0.4282018111254851
181,936,1117,5.171270718232044
4,74,78,18.5
28,159,187,5.678571428571429
28,680,708,24.285714285714285
25,479,504,19.16
29,922,951,31.79310344827586
9,264,273,29.333333333333332
16,60,76,3.75
26,5,31,0.19230769230769232
2,11,13,5.5
16,242,258,15.125
131,735,866,5.6106870229007635
6,46,52,7.666666666666667
118,249,367,2.110169491525424
6,299,305,49.833333333333336
44,44,88,1.0
8,103,111,12.875
73,90,163,1.2328767123287672
7,143,150,20.428571428571427
28,280,308,10.0
23,245,268,10.652173913043478
79,154,233,1.9493670886075949
17,621,638,36.529411764705884
20,103,123,5.15
345,567,912,1.6434782608695653
20,132,152,6.6
15,69,84,4.6
9,21,30,2.3333333333333335
23,260,283,11.304347826086957
26,243,269,9.346153846153847
9,337,346,37.44444444444444
181,383,564,2.116022099447514
36,294,330,8.166666666666666
9,252,261,28.0
17,966,983,56.8235294117647
54,470,524,8.703703703703704
2711,76,2787,0.028033935817041684
6,274,280,45.666666666666664
152,746,898,4.907894736842105
12,145,157,12.083333333333334
50,161,211,3.22
28,228,256,8.142857142857142
13,160,173,12.307692307692308
224,882,1106,3.9375
23,779,802,33.869565217391305
43,344,387,8.0
361,873,1234,2.418282548476454
34,38,72,1.1176470588235294
126,46,172,0.36507936507936506
47,58,105,1.2340425531914894
10,365,375,36.5
21,95,116,4.523809523809524
631,175,806,0.277337559429477
2241,218,2459,0.09727800089245872
259,224,483,0.8648648648648649
80,83,163,1.0375
360,451,811,1.2527777777777778
14,25,39,1.7857142857142858
19,239,258,12.578947368421053
60,267,327,4.45
18,609,627,33.833333333333336
207,904,1111,4.367149758454106
15,429,444,28.6
2168,195,2363,0.08994464944649447
29,347,376,11.96551724137931
61,286,347,4.688524590163935
19,263,282,13.842105263157896
10,285,295,28.5
44,217,261,4.931818181818182
22,86,108,3.909090909090909
20,325,345,16.25
17,479,496,28.176470588235293
31,239,270,7.709677419354839
631,769,1400,1.2187004754358162
11,253,264,23.0
16,31,47,1.9375
148,1017,1165,6.871621621621622
19,179,198,9.421052631578947
14,221,235,15.785714285714286
61,148,209,2.4262295081967213
12,108,120,9.0
30,347,377,11.566666666666666
1001,34,1035,0.03396603396603397
948,876,1824,0.9240506329113924
9,330,339,36.666666666666664
11,314,325,28.545454545454547
23,700,723,30.434782608695652
84,136,220,1.619047619047619
20,408,428,20.4
4,11,15,2.75
277,550,827,1.9855595667870036
2,11,13,5.5
15,119,134,7.933333333333334
23,327,350,14.217391304347826
106,216,322,2.0377358490566038
3,229,232,76.33333333333333
24,254,278,10.583333333333334
20,32,52,1.6
160,368,528,2.3
12,155,167,12.916666666666666
14,432,446,30.857142857142858
302,391,693,1.294701986754967
85,568,653,6.682352941176471
1349,189,1538,0.14010378057820608
908,93,1001,0.10242290748898679
24,268,292,11.166666666666666
8,259,267,32.375
31,617,648,19.903225806451612
4,42,46,10.5
6,209,215,34.833333333333336
1867,843,2710,0.4515265131226567
82,275,357,3.3536585365853657
20,567,587,28.35
16,365,381,22.8125
210,79,289,0.3761904761904762
5,30,35,6.0
48,4,52,0.08333333333333333
10,641,651,64.1
29,394,423,13.586206896551724
27,371,398,13.74074074074074
2020,278,2298,0.13762376237623763
56,99,155,1.7678571428571428
2161,856,3017,0.3961129106894956
61,492,553,8.065573770491802
210,322,532,1.5333333333333334
9,645,654,71.66666666666667
1141,8,1149,0.007011393514460999
20,171,191,8.55
37,189,226,5.108108108108108
1477,266,1743,0.18009478672985782
936,244,1180,0.2606837606837607
56,33,89,0.5892857142857143
910,113,1023,0.12417582417582418
15,388,403,25.866666666666667
17,330,347,19.41176470588235
861,515,1376,0.5981416957026713
1833,35,1868,0.019094380796508457
74,431,505,5.824324324324325
9,278,287,30.88888888888889
1609,1014,2623,0.6302050963331262
30,53,83,1.7666666666666666
9,30,39,3.3333333333333335
11,351,362,31.90909090909091
15,544,559,36.266666666666666
16,593,609,37.0625
17,239,256,14.058823529411764
2,31,33,15.5
37,250,287,6.756756756756757
4,315,319,78.75
109,46,155,0.42201834862385323
31,344,375,11.096774193548388
3,15,18,5.0
11,334,345,30.363636363636363
1547,1072,2619,0.6929541047188106
378,181,559,0.47883597883597884
15,389,404,25.933333333333334
427,51,478,0.11943793911007025
35,584,619,16.685714285714287
6,283,289,47.166666666666664
26,300,326,11.538461538461538
7,358,365,51.142857142857146
157,141,298,0.8980891719745223
16,132,148,8.25
33,75,108,2.272727272727273
519,800,1319,1.5414258188824663
36,33,69,0.9166666666666666
19,87,106,4.578947368421052
53,648,701,12.226415094339623
592,924,1516,1.5608108108108107
28,620,648,22.142857142857142
17,325,342,19.11764705882353
39,358,397,9.179487179487179
54,127,181,2.3518518518518516
14,492,506,35.142857142857146
18,165,183,9.166666666666666
9,15,24,1.6666666666666667
36,343,379,9.527777777777779
885,858,1743,0.9694915254237289
13,100,113,7.6923076923076925
168,90,258,0.5357142857142857
21,214,235,10.19047619047619
132,251,383,1.9015151515151516
31,972,1003,31.35483870967742
22,236,258,10.727272727272727
3597,133,3730,0.0369752571587434
126,524,650,4.158730158730159
60,584,644,9.733333333333333
23,18,41,0.782608695652174
7,558,565,79.71428571428571
26,23,49,0.8846153846153846
16,124,140,7.75
8,239,247,29.875
16,373,389,23.3125
39,383,422,9.820512820512821
18,230,248,12.777777777777779
70,706,776,10.085714285714285
15,305,320,20.333333333333332
658,694,1352,1.0547112462006079
21,214,235,10.19047619047619
264,134,398,0.5075757575757576
392,154,546,0.39285714285714285
59,23,82,0.3898305084745763
24,222,246,9.25
188,255,443,1.3563829787234043
18,160,178,8.88888888888889
68,246,314,3.6176470588235294
10,118,128,11.8
229,1026,1255,4.4803493449781655
25,21,46,0.84
490,54,544,0.11020408163265306
659,8,667,0.012139605462822459
529,161,690,0.30434782608695654
25,179,204,7.16
40,4,44,0.1
142,347,489,2.443661971830986
26,159,185,6.115384615384615
4,16,20,4.0
9,10,19,1.1111111111111112
37,137,174,3.7027027027027026
178,446,624,2.50561797752809
248,416,664,1.6774193548387097
248,556,804,2.2419354838709675
430,587,1017,1.3651162790697675
6,376,382,62.666666666666664
36,481,517,13.36111111111111
1309,627,1936,0.4789915966386555
22,65,87,2.9545454545454546
26,362,388,13.923076923076923
16,668,684,41.75
179,49,228,0.2737430167597765
18,400,418,22.22222222222222
9,253,262,28.11111111111111
94,253,347,2.6914893617021276
11,114,125,10.363636363636363
133,640,773,4.81203007518797
23,286,309,12.434782608695652
11,257,268,23.363636363636363
90,417,507,4.633333333333334
23,253,276,11.0
28,128,156,4.571428571428571
38,338,376,8.894736842105264
13,243,256,18.692307692307693
13,104,117,8.0
75,17,92,0.22666666666666666
216,95,311,0.4398148148148148
47,684,731,14.553191489361701
7,69,76,9.857142857142858
21,148,169,7.0476190476190474
2606,230,2836,0.08825786646201074
94,365,459,3.882978723404255
9,455,464,50.55555555555556
5,12,17,2.4
107,129,236,1.205607476635514
9,95,104,10.555555555555555
23,214,237,9.304347826086957
11,415,426,37.72727272727273
24,599,623,24.958333333333332
20,337,357,16.85
8,1057,1065,132.125
1407,99,1506,0.07036247334754797
4,224,228,56.0
90,534,624,5.933333333333334
27,307,334,11.37037037037037
510,156,666,0.3058823529411765
20,274,294,13.7
2315,276,2591,0.11922246220302375
83,319,402,3.8433734939759034
39,4,43,0.10256410256410256
28,49,77,1.75
17,29,46,1.7058823529411764
1850,519,2369,0.28054054054054056
115,88,203,0.7652173913043478
9,29,38,3.2222222222222223
99,654,753,6.606060606060606
11,14,25,1.2727272727272727
20,69,89,3.45
126,46,172,0.36507936507936506
15,462,477,30.8
2372,377,2749,0.15893760539629004
210,309,519,1.4714285714285715
583,276,859,0.4734133790737564
10,50,60,5.0
198,230,428,1.1616161616161615
2,11,13,5.5
33,485,518,14.696969696969697
174,273,447,1.5689655172413792
224,882,1106,3.9375
52,162,214,3.1153846153846154
392,693,1085,1.7678571428571428
48,486,534,10.125
10,322,332,32.2
1604,16,1620,0.00997506234413965
1833,35,1868,0.019094380796508457
27,159,186,5.888888888888889
60,220,280,3.6666666666666665
457,233,690,0.5098468271334792
1125,397,1522,0.35288888888888886
6,137,143,22.833333333333332
25,227,252,9.08
12,268,280,22.333333333333332
125,920,1045,7.36
535,942,1477,1.7607476635514019
82,133,215,1.6219512195121952
18,445,463,24.72222222222222
36,165,201,4.583333333333333
1714,14,1728,0.008168028004667444
225,118,343,0.5244444444444445
144,100,244,0.6944444444444444
17,51,68,3.0
11,297,308,27.0
167,393,560,2.3532934131736525
2171,352,2523,0.16213726393367112
1645,493,2138,0.2996960486322188
18,293,311,16.27777777777778
289,270,559,0.9342560553633218
298,365,663,1.2248322147651007
15,106,121,7.066666666666666
3682,21,3703,0.005703422053231939
12,389,401,32.416666666666664
9,297,306,33.0
17,504,521,29.647058823529413
17,608,625,35.76470588235294
26,5,31,0.19230769230769232
24,684,708,28.5
68,231,299,3.3970588235294117
1838,175,2013,0.09521218715995647
178,441,619,2.4775280898876404
13,106,119,8.153846153846153
88,493,581,5.6022727272727275
48,696,744,14.5
21,38,59,1.8095238095238095
349,463,812,1.326647564469914
563,591,1154,1.0497335701598578
142,314,456,2.211267605633803
437,483,920,1.105263157894737
39,584,623,14.974358974358974
11,385,396,35.0
10,56,66,5.6
16,103,119,6.4375
22,362,384,16.454545454545453
41,129,170,3.1463414634146343
32,124,156,3.875
50,582,632,11.64
82,441,523,5.378048780487805
2,36,38,18.0
27,670,697,24.814814814814813
26,147,173,5.653846153846154
57,420,477,7.368421052631579
23,458,481,19.91304347826087
26,473,499,18.192307692307693
21,837,858,39.857142857142854
79,185,264,2.3417721518987342
12,333,345,27.75
36,255,291,7.083333333333333
203,210,413,1.0344827586206897
6,110,116,18.333333333333332
31,120,151,3.870967741935484
74,674,748,9.108108108108109
45,42,87,0.9333333333333333
13,288,301,22.153846153846153
145,381,526,2.627586206896552
73,82,155,1.1232876712328768
698,289,987,0.4140401146131805
35,673,708,19.228571428571428
12,286,298,23.833333333333332
795,502,1297,0.6314465408805031
23,429,452,18.652173913043477
54,330,384,6.111111111111111
3230,860,4090,0.26625386996904027
24,715,739,29.791666666666668
7,159,166,22.714285714285715
19,266,285,14.0
2236,261,2497,0.1167262969588551
96,194,290,2.0208333333333335
15,713,728,47.53333333333333
1144,32,1176,0.027972027972027972
18,421,439,23.38888888888889
63,463,526,7.349206349206349
199,54,253,0.271356783919598
62,133,195,2.1451612903225805
7,265,272,37.857142857142854
5,348,353,69.6
20,329,349,16.45
46,329,375,7.1521739130434785
8,247,255,30.875
294,556,850,1.8911564625850341
30,377,407,12.566666666666666
128,461,589,3.6015625
152,697,849,4.5855263157894735
19,425,444,22.36842105263158
1178,8,1186,0.006791171477079796
48,468,516,9.75
23,1018,1041,44.26086956521739
1358,855,2213,0.6296023564064801
16,269,285,16.8125
10,136,146,13.6
73,467,540,6.397260273972603
14,332,346,23.714285714285715
243,81,324,0.3333333333333333
162,150,312,0.9259259259259259
12,107,119,8.916666666666666
60,184,244,3.066666666666667
90,820,910,9.11111111111111
46,697,743,15.152173913043478
696,862,1558,1.2385057471264367
15,196,211,13.066666666666666
64,186,250,2.90625
67,56,123,0.835820895522388
34,524,558,15.411764705882353
29,467,496,16.103448275862068
883,48,931,0.05436013590033975
22,27,49,1.2272727272727273
114,272,386,2.3859649122807016
2393,417,2810,0.17425825323861263
13,429,442,33.0
43,458,501,10.651162790697674
507,179,686,0.3530571992110454
27,92,119,3.4074074074074074
81,87,168,1.0740740740740742
137,630,767,4.598540145985401
11,107,118,9.727272727272727
542,493,1035,0.9095940959409594
13,136,149,10.461538461538462
1016,321,1337,0.3159448818897638
158,507,665,3.2088607594936707
26,301,327,11.576923076923077
71,142,213,2.0
13,250,263,19.23076923076923
66,311,377,4.712121212121212
17,203,220,11.941176470588236
15,288,303,19.2
97,427,524,4.402061855670103
53,617,670,11.641509433962264
61,317,378,5.19672131147541
4,78,82,19.5
24,293,317,12.208333333333334
15,256,271,17.066666666666666
23,470,493,20.434782608695652
23,22,45,0.9565217391304348
3586,179,3765,0.049916341327384275
53,615,668,11.60377358490566
732,407,1139,0.5560109289617486
22,131,153,5.954545454545454
30,389,419,12.966666666666667
211,55,266,0.26066350710900477
8,152,160,19.0
29,640,669,22.06896551724138
6,336,342,56.0
509,620,1129,1.218074656188605
4,455,459,113.75
246,515,761,2.0934959349593494
29,14,43,0.4827586206896552
13,127,140,9.76923076923077
8,36,44,4.5
262,112,374,0.42748091603053434
1102,544,1646,0.49364791288566245
15,361,376,24.066666666666666
16,150,166,9.375
14,251,265,17.928571428571427
15,68,83,4.533333333333333
8,106,114,13.25
52,448,500,8.615384615384615
63,33,96,0.5238095238095238
85,246,331,2.8941176470588235
13,182,195,14.0
31,424,455,13.67741935483871
374,697,1071,1.8636363636363635
3,318,321,106.0
16,249,265,15.5625
429,5,434,0.011655011655011656
128,306,434,2.390625
15,439,454,29.266666666666666
22,473,495,21.5
2555,178,2733,0.06966731898238747
1471,46,1517,0.03127124405166554
273,271,544,0.9926739926739927
14,37,51,2.642857142857143
442,90,532,0.20361990950226244
1636,943,2579,0.5764058679706602
19,354,373,18.63157894736842
24,384,408,16.0
11,116,127,10.545454545454545
46,208,254,4.521739130434782
11,318,329,28.90909090909091
62,767,829,12.370967741935484
24,176,200,7.333333333333333
20,410,430,20.5
748,425,1173,0.5681818181818182
28,271,299,9.678571428571429
12,205,217,17.083333333333332
20,91,111,4.55
17,603,620,35.470588235294116
53,703,756,13.264150943396226
77,533,610,6.922077922077922
322,320,642,0.9937888198757764
32,283,315,8.84375
43,308,351,7.162790697674419
10,102,112,10.2
9,100,109,11.11111111111111
33,198,231,6.0
1361,791,2152,0.5811903012490816
38,42,80,1.105263157894737
279,332,611,1.189964157706093
10,190,200,19.0
3,11,14,3.6666666666666665
19,724,743,38.10526315789474
394,805,1199,2.0431472081218276
25,436,461,17.44
291,347,638,1.1924398625429553
31,109,140,3.5161290322580645
73,730,803,10.0
293,884,1177,3.0170648464163823
19,354,373,18.63157894736842
331,250,581,0.7552870090634441
27,360,387,13.333333333333334
42,79,121,1.880952380952381
124,275,399,2.217741935483871
91,664,755,7.2967032967032965
91,54,145,0.5934065934065934
7,20,27,2.857142857142857
16,193,209,12.0625
10,387,397,38.7
2,48,50,24.0
12,218,230,18.166666666666668
178,957,1135,5.376404494382022
412,657,1069,1.5946601941747574
97,961,1058,9.907216494845361
7,233,240,33.285714285714285
27,88,115,3.259259259259259
3626,75,3701,0.020683949255377827
1178,8,1186,0.006791171477079796
50,531,581,10.62
20,530,550,26.5
8,138,146,17.25
16,337,353,21.0625
113,458,571,4.053097345132743
33,236,269,7.151515151515151
39,168,207,4.3076923076923075
1039,717,1756,0.6900866217516843
15,432,447,28.8
12,378,390,31.5
242,475,717,1.962809917355372
2,11,13,5.5
429,419,848,0.9766899766899767
38,249,287,6.552631578947368
38,178,216,4.684210526315789
46,698,744,15.173913043478262
18,372,390,20.666666666666668
1870,860,2730,0.45989304812834225
15,374,389,24.933333333333334
9,162,171,18.0
27,310,337,11.481481481481481
324,30,354,0.09259259259259259
10,176,186,17.6
8,253,261,31.625
210,117,327,0.5571428571428572
184,8,192,0.043478260869565216
142,26,168,0.18309859154929578
31,330,361,10.64516129032258
83,462,545,5.566265060240964
124,624,748,5.032258064516129
935,621,1556,0.6641711229946524
45,355,400,7.888888888888889
37,47,84,1.2702702702702702
42,621,663,14.785714285714286
19,331,350,17.42105263157895
247,133,380,0.5384615384615384
537,201,738,0.3743016759776536
4,146,150,36.5
20,307,327,15.35
72,387,459,5.375
19,346,365,18.210526315789473
13,503,516,38.69230769230769
1379,91,1470,0.06598984771573604
20,842,862,42.1
76,253,329,3.3289473684210527
99,125,224,1.2626262626262625
17,416,433,24.470588235294116
29,63,92,2.1724137931034484
59,679,738,11.508474576271187
81,159,240,1.962962962962963
6,98,104,16.333333333333332
20,253,273,12.65
479,86,565,0.17954070981210857
86,168,254,1.9534883720930232
22,19,41,0.8636363636363636
43,569,612,13.232558139534884
11,24,35,2.1818181818181817
8,330,338,41.25
470,276,746,0.5872340425531914
20,346,366,17.3
1508,125,1633,0.08289124668435013
8,279,287,34.875
22,317,339,14.409090909090908
24,100,124,4.166666666666667
21,414,435,19.714285714285715
2169,216,2385,0.0995850622406639
1363,5,1368,0.003668378576669112
263,160,423,0.6083650190114068
41,479,520,11.682926829268293
44,547,591,12.431818181818182
15,475,490,31.666666666666668
11,406,417,36.90909090909091
11,86,97,7.818181818181818
19,392,411,20.63157894736842
3,11,14,3.6666666666666665
41,367,408,8.951219512195122
14,342,356,24.428571428571427
14,304,318,21.714285714285715
43,4,47,0.09302325581395349
661,5,666,0.007564296520423601
15,27,42,1.8
860,238,1098,0.27674418604651163
8,281,289,35.125
45,29,74,0.6444444444444445
34,340,374,10.0
18,471,489,26.166666666666668
40,273,313,6.825
21,164,185,7.809523809523809
113,1020,1133,9.026548672566372
11,165,176,15.0
23,225,248,9.782608695652174
3003,47,3050,0.015651015651015652
23,958,981,41.65217391304348
41,218,259,5.317073170731708
24,259,283,10.791666666666666
86,415,501,4.825581395348837
3495,285,3780,0.0815450643776824
460,30,490,0.06521739130434782
18,207,225,11.5
7,283,290,40.42857142857143
36,792,828,22.0
17,341,358,20.058823529411764
46,66,112,1.434782608695652
21,89,110,4.238095238095238
45,939,984,20.866666666666667
31,772,803,24.903225806451612
19,428,447,22.526315789473685
117,33,150,0.28205128205128205
17,448,465,26.352941176470587
20,521,541,26.05
135,957,1092,7.088888888888889
36,335,371,9.305555555555555
993,381,1374,0.38368580060422963
213,907,1120,4.258215962441315
10,299,309,29.9
19,52,71,2.736842105263158
19,287,306,15.105263157894736
652,600,1252,0.9202453987730062
125,564,689,4.512
23,401,424,17.434782608695652
429,587,1016,1.3682983682983683
6,185,191,30.833333333333332
1093,303,1396,0.27721866422689845
156,362,518,2.3205128205128207
124,721,845,5.814516129032258
8,172,180,21.5
14,32,46,2.2857142857142856
60,750,810,12.5
263,220,483,0.8365019011406845
31,385,416,12.419354838709678
15,341,356,22.733333333333334
16,236,252,14.75
427,8,435,0.01873536299765808
31,206,237,6.645161290322581
142,902,1044,6.352112676056338
11,343,354,31.181818181818183
11,74,85,6.7272727272727275
166,47,213,0.28313253012048195
24,72,96,3.0
7,241,248,34.42857142857143
67,119,186,1.7761194029850746
13,328,341,25.23076923076923
128,246,374,1.921875
25,199,224,7.96
203,531,734,2.6157635467980294
2361,224,2585,0.09487505294366794
6,104,110,17.333333333333332
90,87,177,0.9666666666666667
61,784,845,12.852459016393443
9,479,488,53.22222222222222
46,677,723,14.717391304347826
18,91,109,5.055555555555555
40,46,86,1.15
61,51,112,0.8360655737704918
48,205,253,4.270833333333333
39,533,572,13.666666666666666
12,559,571,46.583333333333336
14,916,930,65.42857142857143
82,576,658,7.024390243902439
232,256,488,1.103448275862069
2254,46,2300,0.02040816326530612
92,8,100,0.08695652173913043
31,772,803,24.903225806451612
11,21,32,1.9090909090909092
715,259,974,0.3622377622377622
251,937,1188,3.733067729083665
38,259,297,6.815789473684211
179,650,829,3.631284916201117
36,195,231,5.416666666666667
2465,884,3349,0.3586206896551724
1391,39,1430,0.028037383177570093
4,275,279,68.75
66,315,381,4.7727272727272725
10,181,191,18.1
361,5,366,0.013850415512465374
10,148,158,14.8
16,133,149,8.3125
28,227,255,8.107142857142858
66,257,323,3.893939393939394
72,440,512,6.111111111111111
8,162,170,20.25
61,97,158,1.5901639344262295
1245,601,1846,0.4827309236947791
15,84,99,5.6
23,424,447,18.434782608695652
18,85,103,4.722222222222222
85,207,292,2.4352941176470586
20,158,178,7.9
20,278,298,13.9
9,42,51,4.666666666666667
8,230,238,28.75
22,328,350,14.909090909090908
293,202,495,0.689419795221843
21,484,505,23.047619047619047
8,325,333,40.625
19,187,206,9.842105263157896
80,214,294,2.675
787,28,815,0.035578144853875476
64,44,108,0.6875
378,334,712,0.8835978835978836
663,88,751,0.13273001508295626
104,64,168,0.6153846153846154
9,666,675,74.0
116,608,724,5.241379310344827
679,402,1081,0.5920471281296024
222,45,267,0.20270270270270271
36,475,511,13.194444444444445
2,37,39,18.5
67,158,225,2.3582089552238807
94,285,379,3.0319148936170213
261,255,516,0.9770114942528736
252,266,518,1.0555555555555556
12,894,906,74.5
154,61,215,0.3961038961038961
13,253,266,19.46153846153846
2,11,13,5.5
931,401,1332,0.43071965628356607
191,342,533,1.7905759162303665
5,60,65,12.0
1159,433,1592,0.37359792924935287
61,257,318,4.213114754098361
2718,920,3638,0.3384841795437822
462,1329,1791,2.8766233766233764
16,155,171,9.6875
690,98,788,0.14202898550724638
292,628,920,2.1506849315068495
121,985,1106,8.140495867768594
34,108,142,3.176470588235294
35,296,331,8.457142857142857
7,258,265,36.857142857142854
167,620,787,3.712574850299401
20,175,195,8.75
17,427,444,25.11764705882353
244,8,252,0.03278688524590164
69,837,906,12.130434782608695
23,645,668,28.043478260869566
61,271,332,4.442622950819672
21,142,163,6.761904761904762
60,580,640,9.666666666666666
10,209,219,20.9
7,282,289,40.285714285714285
375,353,728,0.9413333333333334
229,338,567,1.4759825327510918
768,474,1242,0.6171875
8,330,338,41.25
464,534,998,1.1508620689655173
28,350,378,12.5
19,152,171,8.0
13,496,509,38.15384615384615
1171,30,1201,0.025619128949615714
118,300,418,2.542372881355932
175,317,492,1.8114285714285714
1051,894,1945,0.8506184586108468
51,231,282,4.529411764705882
706,720,1426,1.019830028328612
156,516,672,3.3076923076923075
123,163,286,1.3252032520325203
1677,1033,2710,0.6159809183064997
15,378,393,25.2
5,853,858,170.6
8,313,321,39.125
22,381,403,17.318181818181817
24,257,281,10.708333333333334
31,424,455,13.67741935483871
34,126,160,3.7058823529411766
107,262,369,2.4485981308411215
27,767,794,28.40740740740741
26,190,216,7.3076923076923075
47,330,377,7.0212765957446805
132,641,773,4.856060606060606
13,94,107,7.230769230769231
12,467,479,38.916666666666664
22,303,325,13.772727272727273
52,342,394,6.576923076923077
16,609,625,38.0625
18,240,258,13.333333333333334
167,944,1111,5.652694610778443
12,12,24,1.0
24,56,80,2.3333333333333335
35,5,40,0.14285714285714285
8,117,125,14.625
249,775,1024,3.112449799196787
9,232,241,25.77777777777778
12,436,448,36.333333333333336
9,272,281,30.22222222222222
81,256,337,3.1604938271604937
16,109,125,6.8125
695,863,1558,1.241726618705036
98,395,493,4.030612244897959
106,208,314,1.9622641509433962
28,110,138,3.9285714285714284
46,195,241,4.239130434782608
86,168,254,1.9534883720930232
9,21,30,2.3333333333333335
56,127,183,2.267857142857143
10,694,704,69.4
16,307,323,19.1875
13,343,356,26.384615384615383
19,354,373,18.63157894736842
3131,77,3208,0.024592781858831046
28,349,377,12.464285714285714
1209,36,1245,0.02977667493796526
13,185,198,14.23076923076923
171,296,467,1.7309941520467835
30,70,100,2.3333333333333335
7,160,167,22.857142857142858
141,332,473,2.354609929078014
1452,842,2294,0.5798898071625345
27,476,503,17.62962962962963
89,67,156,0.7528089887640449
95,92,187,0.968421052631579
1888,801,2689,0.4242584745762712
28,620,648,22.142857142857142
211,393,604,1.8625592417061612
27,297,324,11.0
532,829,1361,1.5582706766917294
15,189,204,12.6
27,222,249,8.222222222222221
183,582,765,3.180327868852459
208,94,302,0.4519230769230769
10,76,86,7.6
32,406,438,12.6875
8,16,24,2.0
48,338,386,7.041666666666667
61,370,431,6.065573770491803
55,8,63,0.14545454545454545
20,244,264,12.2
6,159,165,26.5
16,528,544,33.0
13,91,104,7.0
131,436,567,3.3282442748091605
108,435,543,4.027777777777778
14,454,468,32.42857142857143
787,489,1276,0.6213468869123253
205,581,786,2.8341463414634145
508,218,726,0.42913385826771655
168,172,340,1.0238095238095237
14,427,441,30.5
472,431,903,0.913135593220339
47,870,917,18.51063829787234
8,199,207,24.875
928,1014,1942,1.0926724137931034
29,676,705,23.310344827586206
21,239,260,11.380952380952381
8,136,144,17.0
5,240,245,48.0
26,715,741,27.5
23,316,339,13.73913043478261
47,530,577,11.27659574468085
21,283,304,13.476190476190476
16,439,455,27.4375
112,488,600,4.357142857142857
308,992,1300,3.220779220779221
9,64,73,7.111111111111111
685,282,967,0.4116788321167883
45,939,984,20.866666666666667
13,20,33,1.5384615384615385
193,796,989,4.124352331606218
1166,4,1170,0.003430531732418525
12,418,430,34.833333333333336
276,159,435,0.5760869565217391
27,389,416,14.407407407407407
17,561,578,33.0
848,257,1105,0.30306603773584906
143,728,871,5.090909090909091
31,187,218,6.032258064516129
72,365,437,5.069444444444445
58,406,464,7.0
54,290,344,5.37037037037037
21,260,281,12.380952380952381
8,942,950,117.75
2275,180,2455,0.07912087912087912
1141,8,1149,0.007011393514460999
16,95,111,5.9375
76,689,765,9.06578947368421
27,204,231,7.555555555555555
10,283,293,28.3
52,233,285,4.480769230769231
25,117,142,4.68
29,460,489,15.862068965517242
2195,190,2385,0.08656036446469248
15,160,175,10.666666666666666
114,331,445,2.9035087719298245
16,321,337,20.0625
61,206,267,3.377049180327869
1710,495,2205,0.2894736842105263
56,816,872,14.571428571428571
11,204,215,18.545454545454547
13,224,237,17.23076923076923
166,590,756,3.5542168674698793
66,315,381,4.7727272727272725
43,295,338,6.8604651162790695
9,141,150,15.666666666666666
16,45,61,2.8125
26,216,242,8.307692307692308
6,555,561,92.5
83,1082,1165,13.036144578313253
367,50,417,0.1362397820163488
1400,699,2099,0.4992857142857143
13,385,398,29.615384615384617
17,554,571,32.588235294117645
23,699,722,30.391304347826086
13,127,140,9.76923076923077
13,485,498,37.30769230769231
2181,227,2408,0.10408069692801467
105,34,139,0.3238095238095238
24,429,453,17.875
108,139,247,1.287037037037037
85,68,153,0.8
32,486,518,15.1875
8,275,283,34.375
443,609,1052,1.3747178329571106
13,97,110,7.461538461538462
34,660,694,19.41176470588235
160,446,606,2.7875
17,349,366,20.529411764705884
8,234,242,29.25
42,101,143,2.4047619047619047
11,770,781,70.0
1289,536,1825,0.41582622187742435
17,216,233,12.705882352941176
17,439,456,25.823529411764707
83,1121,1204,13.506024096385541
1344,37,1381,0.027529761904761904
1281,4,1285,0.00312256049960968
31,247,278,7.967741935483871
23,30,53,1.3043478260869565
16,200,216,12.5
29,297,326,10.241379310344827
108,377,485,3.490740740740741
131,582,713,4.442748091603053
169,22,191,0.1301775147928994
115,416,531,3.617391304347826
49,179,228,3.6530612244897958
592,296,888,0.5
25,299,324,11.96
4,67,71,16.75
84,125,209,1.4880952380952381
10,36,46,3.6
1159,229,1388,0.19758412424503882
446,232,678,0.5201793721973094
27,300,327,11.11111111111111
7,19,26,2.7142857142857144
24,304,328,12.666666666666666
17,337,354,19.823529411764707
9,134,143,14.88888888888889
32,140,172,4.375
5,653,658,130.6
22,341,363,15.5
44,878,922,19.954545454545453
144,415,559,2.8819444444444446
22,389,411,17.681818181818183
144,563,707,3.9097222222222223
381,319,700,0.8372703412073491
17,577,594,33.94117647058823
11,239,250,21.727272727272727
20,66,86,3.3
1139,1087,2226,0.9543459174714662
266,110,376,0.41353383458646614
5,12,17,2.4
62,953,1015,15.370967741935484
10,220,230,22.0
45,29,74,0.6444444444444445
83,257,340,3.0963855421686746
339,22,361,0.06489675516224189
42,162,204,3.857142857142857
50,468,518,9.36
13,286,299,22.0
12,70,82,5.833333333333333
319,210,529,0.658307210031348
31,256,287,8.258064516129032
5,298,303,59.6
2190,153,2343,0.06986301369863014
106,776,882,7.320754716981132
34,435,469,12.794117647058824
22,248,270,11.272727272727273
13,257,270,19.76923076923077
8,30,38,3.75
21,158,179,7.523809523809524
35,911,946,26.02857142857143
822,21,843,0.025547445255474453
20,375,395,18.75
23,266,289,11.565217391304348
388,362,750,0.9329896907216495
61,142,203,2.3278688524590163
2901,399,3300,0.1375387797311272
116,85,201,0.7327586206896551
12,468,480,39.0
2197,410,2607,0.18661811561219846
262,112,374,0.42748091603053434
377,201,578,0.53315649867374
6,33,39,5.5
70,473,543,6.757142857142857
509,157,666,0.30844793713163066
42,583,625,13.880952380952381
31,473,504,15.258064516129032
319,35,354,0.109717868338558
115,1031,1146,8.965217391304348
19,402,421,21.157894736842106
12,155,167,12.916666666666666
17,175,192,10.294117647058824
476,56,532,0.11764705882352941
19,369,388,19.42105263157895
22,250,272,11.363636363636363
443,122,565,0.27539503386004516
50,439,489,8.78
15,86,101,5.733333333333333
66,536,602,8.121212121212121
1344,37,1381,0.027529761904761904
59,336,395,5.694915254237288
80,427,507,5.3375
211,481,692,2.279620853080569
16,370,386,23.125
7,10,17,1.4285714285714286
1615,50,1665,0.030959752321981424
24,291,315,12.125
9,13,22,1.4444444444444444
42,216,258,5.142857142857143
27,304,331,11.25925925925926
1116,971,2087,0.8700716845878136
12,150,162,12.5
9,180,189,20.0
2,37,39,18.5
2184,309,2493,0.14148351648351648
79,41,120,0.5189873417721519
66,157,223,2.378787878787879
1876,234,2110,0.12473347547974413
604,328,932,0.543046357615894
4,362,366,90.5
23,275,298,11.956521739130435
29,314,343,10.827586206896552
43,374,417,8.69767441860465
469,478,947,1.019189765458422
17,255,272,15.0
154,13,167,0.08441558441558442
26,356,382,13.692307692307692
15,149,164,9.933333333333334
28,629,657,22.464285714285715
1855,187,2042,0.10080862533692722
4,72,76,18.0
7,32,39,4.571428571428571
28,967,995,34.535714285714285
1200,7,1207,0.005833333333333334
330,1075,1405,3.257575757575758
75,6,81,0.08
46,213,259,4.630434782608695
19,364,383,19.157894736842106
672,36,708,0.05357142857142857
16,544,560,34.0
28,457,485,16.321428571428573
22,290,312,13.181818181818182
210,724,934,3.447619047619048
12,405,417,33.75
17,380,397,22.352941176470587
1392,248,1640,0.1781609195402299
174,162,336,0.9310344827586207
24,281,305,11.708333333333334
49,201,250,4.1020408163265305
200,353,553,1.765
116,108,224,0.9310344827586207
20,381,401,19.05
16,568,584,35.5
20,265,285,13.25
23,28,51,1.2173913043478262
149,495,644,3.3221476510067114
262,98,360,0.37404580152671757
8,298,306,37.25
46,409,455,8.891304347826088
218,118,336,0.5412844036697247
46,486,532,10.565217391304348
2212,895,3107,0.4046112115732369
10,453,463,45.3
1153,447,1600,0.3876843018213356
89,140,229,1.5730337078651686
147,121,268,0.8231292517006803
682,9,691,0.013196480938416423
33,8,41,0.24242424242424243
357,17,374,0.047619047619047616
4,13,17,3.25
111,682,793,6.1441441441441444
42,281,323,6.690476190476191
328,234,562,0.7134146341463414
354,588,942,1.6610169491525424
43,82,125,1.9069767441860466
39,739,778,18.94871794871795
24,142,166,5.916666666666667
147,245,392,1.6666666666666667
19,948,967,49.89473684210526
17,170,187,10.0
19,26,45,1.368421052631579
197,920,1117,4.67005076142132
83,214,297,2.5783132530120483
2,38,40,19.0
44,340,384,7.7272727272727275
17,421,438,24.764705882352942
16,242,258,15.125
579,335,914,0.5785837651122625
349,242,591,0.6934097421203438
2833,195,3028,0.06883162725026473
9,148,157,16.444444444444443
14,326,340,23.285714285714285
40,370,410,9.25
16,232,248,14.5
7,424,431,60.57142857142857
19,758,777,39.89473684210526
59,170,229,2.8813559322033897
18,445,463,24.72222222222222
29,578,607,19.93103448275862
25,387,412,15.48
677,226,903,0.33382570162481534
98,249,347,2.5408163265306123
2912,642,3554,0.22046703296703296
73,90,163,1.2328767123287672
18,130,148,7.222222222222222
157,362,519,2.305732484076433
40,895,935,22.375
7,12,19,1.7142857142857142
6,354,360,59.0
1087,138,1225,0.12695492180312787
11,171,182,15.545454545454545
20,138,158,6.9
114,293,407,2.5701754385964914
173,440,613,2.5433526011560694
31,25,56,0.8064516129032258
19,247,266,13.0
57,343,400,6.017543859649122
11,229,240,20.818181818181817
117,113,230,0.9658119658119658
413,1154,1567,2.794188861985472
32,385,417,12.03125
25,131,156,5.24
13,262,275,20.153846153846153
3,76,79,25.333333333333332
43,366,409,8.511627906976743
128,302,430,2.359375
44,692,736,15.727272727272727
215,169,384,0.786046511627907
28,203,231,7.25
16,381,397,23.8125
1279,490,1769,0.3831118060985145
2962,154,3116,0.05199189736664416
70,236,306,3.3714285714285714
206,373,579,1.8106796116504855
16,229,245,14.3125
23,458,481,19.91304347826087
261,215,476,0.8237547892720306
113,249,362,2.2035398230088497
203,473,676,2.3300492610837438
2231,144,2375,0.06454504706409682
25,948,973,37.92
8,211,219,26.375
559,140,699,0.2504472271914132
8,331,339,41.375
1056,435,1491,0.4119318181818182
229,289,518,1.262008733624454
12,405,417,33.75
29,293,322,10.10344827586207
32,162,194,5.0625
10,411,421,41.1
57,137,194,2.4035087719298245
13,287,300,22.076923076923077
2,11,13,5.5
18,250,268,13.88888888888889
12,847,859,70.58333333333333
275,52,327,0.1890909090909091
22,263,285,11.954545454545455
1201,187,1388,0.15570358034970858
11,171,182,15.545454545454545
20,287,307,14.35
120,923,1043,7.691666666666666
65,879,944,13.523076923076923
708,113,821,0.1596045197740113
438,930,1368,2.1232876712328768
94,650,744,6.914893617021277
47,581,628,12.361702127659575
115,202,317,1.7565217391304349
50,473,523,9.46
180,498,678,2.7666666666666666
29,223,252,7.689655172413793
28,244,272,8.714285714285714
385,655,1040,1.7012987012987013
16,431,447,26.9375
47,323,370,6.872340425531915
7,44,51,6.285714285714286
21,283,304,13.476190476190476
101,454,555,4.4950495049504955
13,170,183,13.076923076923077
127,854,981,6.724409448818897
103,274,377,2.6601941747572817
35,218,253,6.228571428571429
24,834,858,34.75
911,325,1236,0.3567508232711306
48,92,140,1.9166666666666667
9,381,390,42.333333333333336
15,395,410,26.333333333333332
5,362,367,72.4
567,8,575,0.014109347442680775
18,191,209,10.61111111111111
336,123,459,0.36607142857142855
72,296,368,4.111111111111111
18,284,302,15.777777777777779
2,38,40,19.0
99,81,180,0.8181818181818182
12,519,531,43.25
87,541,628,6.218390804597701
11,41,52,3.727272727272727
26,25,51,0.9615384615384616
12,250,262,20.833333333333332
60,63,123,1.05
945,67,1012,0.07089947089947089
42,30,72,0.7142857142857143
7,235,242,33.57142857142857
2,11,13,5.5
14,118,132,8.428571428571429
7,440,447,62.857142857142854
25,66,91,2.64
21,154,175,7.333333333333333
1344,37,1381,0.027529761904761904
11,250,261,22.727272727272727
53,421,474,7.943396226415095
190,394,584,2.0736842105263156
7,66,73,9.428571428571429
12,85,97,7.083333333333333
58,92,150,1.5862068965517242
640,941,1581,1.4703125
356,180,536,0.5056179775280899
22,495,517,22.5
916,284,1200,0.31004366812227074
16,29,45,1.8125
101,171,272,1.693069306930693
74,546,620,7.378378378378378
36,60,96,1.6666666666666667
68,119,187,1.75
21,312,333,14.857142857142858
8,95,103,11.875
56,553,609,9.875
2,35,37,17.5
11,308,319,28.0
865,177,1042,0.2046242774566474
29,539,568,18.586206896551722
28,399,427,14.25
46,50,96,1.0869565217391304
20,291,311,14.55
222,91,313,0.4099099099099099
22,387,409,17.59090909090909
178,957,1135,5.376404494382022
880,607,1487,0.6897727272727273
188,41,229,0.21808510638297873
21,201,222,9.571428571428571
22,304,326,13.818181818181818
31,139,170,4.483870967741935
15,46,61,3.066666666666667
4,472,476,118.0
48,546,594,11.375
23,71,94,3.0869565217391304
39,371,410,9.512820512820513
571,593,1164,1.0385288966725044
13,876,889,67.38461538461539
1735,176,1911,0.10144092219020173
1762,280,2042,0.15891032917139614
1327,176,1503,0.13262999246420498
9,158,167,17.555555555555557
28,359,387,12.821428571428571
5,286,291,57.2
765,145,910,0.1895424836601307
8,81,89,10.125
62,905,967,14.596774193548388
16,243,259,15.1875
11,127,138,11.545454545454545
661,5,666,0.007564296520423601
36,41,77,1.1388888888888888
35,427,462,12.2
54,290,344,5.37037037037037
45,64,109,1.4222222222222223
1343,409,1752,0.304542069992554
2,12,14,6.0
677,65,742,0.09601181683899557
87,94,181,1.0804597701149425
79,124,203,1.5696202531645569
77,96,173,1.2467532467532467
5,93,98,18.6
23,357,380,15.521739130434783
46,410,456,8.91304347826087
67,33,100,0.4925373134328358
67,952,1019,14.208955223880597
363,92,455,0.2534435261707989
47,319,366,6.787234042553192
14,132,146,9.428571428571429
235,307,542,1.3063829787234043
50,179,229,3.58
1515,663,2178,0.4376237623762376
132,667,799,5.053030303030303
150,27,177,0.18
31,416,447,13.419354838709678
261,221,482,0.8467432950191571
9,266,275,29.555555555555557
79,846,925,10.708860759493671
70,677,747,9.67142857142857
87,134,221,1.5402298850574712
209,138,347,0.6602870813397129
36,962,998,26.72222222222222
345,400,745,1.1594202898550725
2,11,13,5.5
7,424,431,60.57142857142857
34,332,366,9.764705882352942
14,261,275,18.642857142857142
11,226,237,20.545454545454547
22,377,399,17.136363636363637
139,191,330,1.3741007194244603
2,11,13,5.5
1974,407,2381,0.20618034447821681
48,486,534,10.125
923,13,936,0.014084507042253521
283,267,550,0.9434628975265018
288,233,521,0.8090277777777778
41,332,373,8.097560975609756
21,138,159,6.571428571428571
12,328,340,27.333333333333332
11,396,407,36.0
425,164,589,0.38588235294117645
53,74,127,1.3962264150943395
12,847,859,70.58333333333333
923,1112,2035,1.2047670639219934
20,249,269,12.45
5,12,17,2.4
23,220,243,9.565217391304348
50,472,522,9.44
35,190,225,5.428571428571429
9,16,25,1.7777777777777777
81,81,162,1.0
4,130,134,32.5
10,263,273,26.3
17,108,125,6.352941176470588
3,255,258,85.0
26,51,77,1.9615384615384615
30,271,301,9.033333333333333
1255,870,2125,0.6932270916334662
10,401,411,40.1
72,700,772,9.722222222222221
42,346,388,8.238095238095237
7,118,125,16.857142857142858
296,20,316,0.06756756756756757
12,56,68,4.666666666666667
20,66,86,3.3
24,801,825,33.375
12,333,345,27.75
26,230,256,8.846153846153847
2293,5,2298,0.002180549498473615
22,536,558,24.363636363636363
27,229,256,8.481481481481481
252,584,836,2.3174603174603177
7,394,401,56.285714285714285
75,28,103,0.37333333333333335
121,633,754,5.231404958677686
18,536,554,29.77777777777778
46,530,576,11.521739130434783
23,372,395,16.17391304347826
1606,475,2081,0.2957658779576588
21,693,714,33.0
10,949,959,94.9
2,11,13,5.5
16,251,267,15.6875
16,867,883,54.1875
14,259,273,18.5
14,202,216,14.428571428571429
8,131,139,16.375
3294,38,3332,0.01153612629022465
179,170,349,0.9497206703910615
19,137,156,7.2105263157894735
40,230,270,5.75
43,307,350,7.1395348837209305
21,199,220,9.476190476190476
14,166,180,11.857142857142858
62,472,534,7.612903225806452
22,716,738,32.54545454545455
22,372,394,16.90909090909091
34,349,383,10.264705882352942
43,374,417,8.69767441860465
97,459,556,4.731958762886598
735,387,1122,0.5265306122448979
23,167,190,7.260869565217392
23,553,576,24.043478260869566
45,410,455,9.11111111111111
10,413,423,41.3
455,204,659,0.44835164835164837
2042,21,2063,0.01028403525954946
14,234,248,16.714285714285715
36,151,187,4.194444444444445
11,205,216,18.636363636363637
11,349,360,31.727272727272727
14,303,317,21.642857142857142
62,328,390,5.290322580645161
10,190,200,19.0
16,302,318,18.875
46,454,500,9.869565217391305
10,70,80,7.0
15,69,84,4.6
22,146,168,6.636363636363637
11,131,142,11.909090909090908
1043,892,1935,0.8552253116011506
58,181,239,3.1206896551724137
13,286,299,22.0
27,582,609,21.555555555555557
437,146,583,0.3340961098398169
12,288,300,24.0
385,381,766,0.9896103896103896
9,221,230,24.555555555555557
139,803,942,5.776978417266187
15,407,422,27.133333333333333
581,370,951,0.6368330464716007
20,519,539,25.95
172,208,380,1.2093023255813953
17,269,286,15.823529411764707
28,497,525,17.75
12,264,276,22.0
142,322,464,2.267605633802817
50,252,302,5.04
16,415,431,25.9375
110,159,269,1.4454545454545455
89,250,339,2.808988764044944
537,1059,1596,1.9720670391061452
27,24,51,0.8888888888888888
84,289,373,3.4404761904761907
10,26,36,2.6
20,295,315,14.75
1282,401,1683,0.312792511700468
2058,130,2188,0.06316812439261418
11,318,329,28.90909090909091
259,290,549,1.1196911196911197
12,324,336,27.0
227,128,355,0.5638766519823789
14,427,441,30.5
27,311,338,11.518518518518519
2295,275,2570,0.11982570806100218
35,244,279,6.9714285714285715
20,687,707,34.35
14,209,223,14.928571428571429
16,547,563,34.1875
59,522,581,8.847457627118644
16,394,410,24.625
18,485,503,26.944444444444443
100,459,559,4.59
28,545,573,19.464285714285715
565,258,823,0.45663716814159294
124,220,344,1.7741935483870968
10,332,342,33.2
13,309,322,23.76923076923077
56,222,278,3.9642857142857144
18,347,365,19.27777777777778
22,186,208,8.454545454545455
86,872,958,10.13953488372093
10,64,74,6.4
30,366,396,12.2
765,19,784,0.02483660130718954
3,728,731,242.66666666666666
27,225,252,8.333333333333334
44,34,78,0.7727272727272727
55,96,151,1.7454545454545454
77,194,271,2.5194805194805197
3,11,14,3.6666666666666665
10,258,268,25.8
152,11,163,0.07236842105263158
742,33,775,0.0444743935309973
4,41,45,10.25
328,19,347,0.057926829268292686
136,326,462,2.3970588235294117
960,263,1223,0.27395833333333336
24,266,290,11.083333333333334
74,248,322,3.3513513513513513
128,747,875,5.8359375
10,87,97,8.7
46,720,766,15.652173913043478
319,889,1208,2.7868338557993733
944,180,1124,0.1906779661016949
249,138,387,0.5542168674698795
82,149,231,1.8170731707317074
9,388,397,43.111111111111114
207,5,212,0.024154589371980676
43,885,928,20.58139534883721
11,260,271,23.636363636363637
4,141,145,35.25
63,836,899,13.26984126984127
5,25,30,5.0
28,18,46,0.6428571428571429
12,20,32,1.6666666666666667
24,230,254,9.583333333333334
40,547,587,13.675
302,129,431,0.4271523178807947
1857,787,2644,0.42380183091007
13,99,112,7.615384615384615
2106,66,2172,0.03133903133903134
110,37,147,0.33636363636363636
93,396,489,4.258064516129032
100,757,857,7.57
18,286,304,15.88888888888889
225,118,343,0.5244444444444445
6,286,292,47.666666666666664
1314,402,1716,0.3059360730593607
7,92,99,13.142857142857142
40,38,78,0.95
10,272,282,27.2
19,335,354,17.63157894736842
50,144,194,2.88
14,34,48,2.4285714285714284
20,362,382,18.1
40,208,248,5.2
254,195,449,0.7677165354330708
2,24,26,12.0
50,99,149,1.98
201,156,357,0.7761194029850746
100,88,188,0.88
107,503,610,4.700934579439252
18,409,427,22.72222222222222
1985,256,2241,0.12896725440806045
40,172,212,4.3
14,323,337,23.071428571428573
13,131,144,10.076923076923077
2781,102,2883,0.036677454153182305
64,426,490,6.65625
865,177,1042,0.2046242774566474
978,85,1063,0.0869120654396728
65,329,394,5.061538461538461
12,294,306,24.5
195,198,393,1.0153846153846153
12,172,184,14.333333333333334
52,341,393,6.5576923076923075
65,29,94,0.4461538461538462
293,202,495,0.689419795221843
203,481,684,2.3694581280788176
277,262,539,0.9458483754512635
410,185,595,0.45121951219512196
604,153,757,0.2533112582781457
8,66,74,8.25
80,49,129,0.6125
27,545,572,20.185185185185187
11,290,301,26.363636363636363
116,521,637,4.491379310344827
61,500,561,8.19672131147541
38,528,566,13.894736842105264
959,580,1539,0.6047966631908238
8,360,368,45.0
352,524,876,1.4886363636363635
110,158,268,1.4363636363636363
198,855,1053,4.318181818181818
33,444,477,13.454545454545455
11,294,305,26.727272727272727
12,206,218,17.166666666666668
6,86,92,14.333333333333334
30,292,322,9.733333333333333
64,276,340,4.3125
20,472,492,23.6
42,483,525,11.5
13,226,239,17.384615384615383
18,310,328,17.22222222222222
17,269,286,15.823529411764707
151,657,808,4.3509933774834435
26,725,751,27.884615384615383
18,571,589,31.72222222222222
38,30,68,0.7894736842105263
6,45,51,7.5
33,182,215,5.515151515151516
198,222,420,1.121212121212121
152,17,169,0.1118421052631579
20,256,276,12.8
188,474,662,2.521276595744681
1654,194,1848,0.11729141475211609
13,279,292,21.46153846153846
6,200,206,33.333333333333336
8,103,111,12.875
223,328,551,1.4708520179372198
92,532,624,5.782608695652174
1117,486,1603,0.4350940017905103
3,50,53,16.666666666666668
17,579,596,34.05882352941177
2500,48,2548,0.0192
17,546,563,32.11764705882353
13,361,374,27.76923076923077
15,335,350,22.333333333333332
35,396,431,11.314285714285715
67,56,123,0.835820895522388
203,24,227,0.11822660098522167
44,279,323,6.340909090909091
378,548,926,1.4497354497354498
11,81,92,7.363636363636363
98,39,137,0.3979591836734694
35,719,754,20.542857142857144
36,299,335,8.305555555555555
53,278,331,5.245283018867925
59,409,468,6.932203389830509
580,359,939,0.6189655172413793
20,171,191,8.55
13,238,251,18.307692307692307
3788,24,3812,0.006335797254487857
51,417,468,8.176470588235293
139,212,351,1.525179856115108
83,65,148,0.7831325301204819
43,80,123,1.8604651162790697
14,211,225,15.071428571428571
1207,206,1413,0.17067108533554268
15,93,108,6.2
2313,8,2321,0.0034587116299178555
1880,154,2034,0.08191489361702127
88,67,155,0.7613636363636364
8,328,336,41.0
2365,220,2585,0.09302325581395349
96,149,245,1.5520833333333333
729,412,1141,0.5651577503429356
1358,855,2213,0.6296023564064801
16,150,166,9.375
4,246,250,61.5
82,5,87,0.06097560975609756
62,418,480,6.741935483870968
18,91,109,5.055555555555555
49,256,305,5.224489795918367
700,718,1418,1.0257142857142858
19,357,376,18.789473684210527
154,441,595,2.8636363636363638
59,197,256,3.3389830508474576
44,56,100,1.2727272727272727
8,45,53,5.625
46,627,673,13.630434782608695
33,162,195,4.909090909090909
20,106,126,5.3
2346,1089,3435,0.4641943734015345
323,277,600,0.8575851393188855
26,135,161,5.1923076923076925
9,216,225,24.0
17,89,106,5.235294117647059
15,86,101,5.733333333333333
14,197,211,14.071428571428571
37,132,169,3.5675675675675675
175,312,487,1.782857142857143
13,131,144,10.076923076923077
445,433,878,0.9730337078651685
13,679,692,52.23076923076923
2,140,142,70.0
17,139,156,8.176470588235293
47,288,335,6.127659574468085
18,392,410,21.77777777777778
50,831,881,16.62
61,289,350,4.737704918032787
420,835,1255,1.9880952380952381
19,39,58,2.0526315789473686
747,649,1396,0.8688085676037484
15,753,768,50.2
1131,32,1163,0.028293545534924844
11,23,34,2.090909090909091
18,416,434,23.11111111111111
18,128,146,7.111111111111111
35,89,124,2.5428571428571427
10,179,189,17.9
20,261,281,13.05
708,1009,1717,1.4251412429378532
14,34,48,2.4285714285714284
11,26,37,2.3636363636363638
2343,241,2584,0.10285958173282117
22,107,129,4.863636363636363
1156,227,1383,0.19636678200692043
15,388,403,25.866666666666667
8,271,279,33.875
37,509,546,13.756756756756756
210,154,364,0.7333333333333333
32,197,229,6.15625
25,153,178,6.12
14,87,101,6.214285714285714
16,288,304,18.0
51,918,969,18.0
24,939,963,39.125
5,13,18,2.6
4,132,136,33.0
14,420,434,30.0
89,710,799,7.977528089887641
33,501,534,15.181818181818182
173,314,487,1.8150289017341041
97,673,770,6.938144329896907
87,193,280,2.218390804597701
49,436,485,8.89795918367347
216,273,489,1.2638888888888888
15,582,597,38.8
45,867,912,19.266666666666666
520,135,655,0.25961538461538464
152,697,849,4.5855263157894735
269,422,691,1.5687732342007434
86,696,782,8.093023255813954
17,51,68,3.0
2051,492,2543,0.23988298391028767
178,957,1135,5.376404494382022
10,125,135,12.5
2138,187,2325,0.08746492048643592
14,535,549,38.214285714285715
2767,336,3103,0.12143115287314782
269,737,1006,2.7397769516728623
55,198,253,3.6
38,265,303,6.973684210526316
26,287,313,11.038461538461538
26,15,41,0.5769230769230769
17,216,233,12.705882352941176
67,294,361,4.388059701492537
127,168,295,1.3228346456692914
24,386,410,16.083333333333332
1590,522,2112,0.3283018867924528
389,226,615,0.5809768637532133
184,287,471,1.559782608695652
29,578,607,19.93103448275862
2025,177,2202,0.0874074074074074
20,349,369,17.45
12,295,307,24.583333333333332
96,609,705,6.34375
8,376,384,47.0
25,161,186,6.44
19,313,332,16.473684210526315
22,149,171,6.7727272727272725
12,331,343,27.583333333333332
67,21,88,0.31343283582089554
13,14,27,1.0769230769230769
13,419,432,32.23076923076923
16,420,436,26.25
388,39,427,0.10051546391752578
16,182,198,11.375
11,445,456,40.45454545454545
367,138,505,0.3760217983651226
40,348,388,8.7
25,330,355,13.2
46,410,456,8.91304347826087
357,559,916,1.5658263305322129
19,259,278,13.631578947368421
20,420,440,21.0
11,364,375,33.09090909090909
42,25,67,0.5952380952380952
340,722,1062,2.123529411764706
72,890,962,12.36111111111111
87,86,173,0.9885057471264368
28,575,603,20.535714285714285
19,45,64,2.3684210526315788
24,110,134,4.583333333333333
56,243,299,4.339285714285714
95,331,426,3.4842105263157896
385,929,1314,2.412987012987013
40,90,130,2.25
9,423,432,47.0
13,99,112,7.615384615384615
123,256,379,2.0813008130081303
20,292,312,14.6
961,582,1543,0.6056191467221644
18,545,563,30.27777777777778
23,167,190,7.260869565217392
226,166,392,0.7345132743362832
16,372,388,23.25
36,248,284,6.888888888888889
159,272,431,1.7106918238993711
21,26,47,1.2380952380952381
271,17,288,0.06273062730627306
31,335,366,10.806451612903226
181,266,447,1.4696132596685083
8,83,91,10.375
30,424,454,14.133333333333333
41,265,306,6.463414634146342
5,279,284,55.8
7,211,218,30.142857142857142
12,213,225,17.75
351,846,1197,2.41025641025641
7,266,273,38.0
24,795,819,33.125
9,74,83,8.222222222222221
15,537,552,35.8
1232,681,1913,0.5527597402597403
23,342,365,14.869565217391305
412,38,450,0.09223300970873786
52,550,602,10.576923076923077
165,93,258,0.5636363636363636
35,48,83,1.3714285714285714
19,520,539,27.36842105263158
39,98,137,2.5128205128205128
147,906,1053,6.163265306122449
137,516,653,3.7664233576642334
6,21,27,3.5
7,127,134,18.142857142857142
320,425,745,1.328125
32,392,424,12.25
22,52,74,2.3636363636363638
3,30,33,10.0
2721,579,3300,0.2127894156560088
199,512,711,2.5728643216080402
60,156,216,2.6
27,526,553,19.48148148148148
135,102,237,0.7555555555555555
20,451,471,22.55
737,32,769,0.04341926729986431
146,522,668,3.5753424657534247
38,242,280,6.368421052631579
2894,125,3019,0.04319281271596406
70,23,93,0.32857142857142857
6,89,95,14.833333333333334
20,381,401,19.05
25,46,71,1.84
2788,85,2873,0.03048780487804878
10,324,334,32.4
14,244,258,17.428571428571427
27,159,186,5.888888888888889
34,188,222,5.529411764705882
424,867,1291,2.044811320754717
88,306,394,3.477272727272727
94,181,275,1.925531914893617
42,762,804,18.142857142857142
12,181,193,15.083333333333334
391,32,423,0.08184143222506395
27,163,190,6.037037037037037
12,314,326,26.166666666666668
24,27,51,1.125
188,41,229,0.21808510638297873
412,884,1296,2.145631067961165
259,335,594,1.2934362934362935
324,652,976,2.0123456790123457
9,369,378,41.0
441,982,1423,2.2267573696145124
23,58,81,2.5217391304347827
1404,181,1585,0.12891737891737892
51,157,208,3.0784313725490198
273,423,696,1.5494505494505495
13,409,422,31.46153846153846
62,181,243,2.9193548387096775
53,51,104,0.9622641509433962
54,676,730,12.518518518518519
24,100,124,4.166666666666667
133,511,644,3.8421052631578947
871,118,989,0.1354764638346728
19,273,292,14.368421052631579
9,242,251,26.88888888888889
14,25,39,1.7857142857142858
114,284,398,2.491228070175439
2325,140,2465,0.060215053763440864
8,318,326,39.75
34,42,76,1.2352941176470589
8,351,359,43.875
11,268,279,24.363636363636363
36,110,146,3.0555555555555554
138,668,806,4.840579710144928
10,332,342,33.2
1047,950,1997,0.9073543457497613
3617,166,3783,0.04589438761404479
3299,287,3586,0.08699605941194301
2,11,13,5.5
137,630,767,4.598540145985401
26,42,68,1.6153846153846154
45,677,722,15.044444444444444
522,351,873,0.6724137931034483
131,245,376,1.8702290076335877
433,492,925,1.136258660508083
8,279,287,34.875
37,250,287,6.756756756756757
30,316,346,10.533333333333333
2809,850,3659,0.3025987896048416
195,676,871,3.466666666666667
10,12,22,1.2
9,201,210,22.333333333333332
226,166,392,0.7345132743362832
53,380,433,7.169811320754717
11,219,230,19.90909090909091
14,105,119,7.5
19,304,323,16.0
489,148,637,0.30265848670756645
19,259,278,13.631578947368421
17,371,388,21.823529411764707
147,71,218,0.48299319727891155
11,400,411,36.36363636363637
893,158,1051,0.1769316909294513
20,154,174,7.7
660,844,1504,1.2787878787878788
18,206,224,11.444444444444445
23,470,493,20.434782608695652
344,425,769,1.2354651162790697
63,789,852,12.523809523809524
9,392,401,43.55555555555556
15,446,461,29.733333333333334
3020,220,3240,0.0728476821192053
15,511,526,34.06666666666667
147,570,717,3.877551020408163
144,411,555,2.8541666666666665
23,122,145,5.304347826086956
26,986,1012,37.92307692307692
1478,294,1772,0.19891745602165087
9,312,321,34.666666666666664
17,147,164,8.647058823529411
177,424,601,2.3954802259887007
2,11,13,5.5
12,20,32,1.6666666666666667
190,497,687,2.6157894736842104
23,608,631,26.434782608695652
17,500,517,29.41176470588235
2715,56,2771,0.020626151012891343
28,486,514,17.357142857142858
23,71,94,3.0869565217391304
15,306,321,20.4
37,287,324,7.756756756756757
130,402,532,3.0923076923076924
32,372,404,11.625
21,517,538,24.61904761904762
27,258,285,9.555555555555555
19,359,378,18.894736842105264
61,80,141,1.3114754098360655
48,82,130,1.7083333333333333
11,75,86,6.818181818181818
28,184,212,6.571428571428571
1075,887,1962,0.8251162790697675
8,109,117,13.625
19,724,743,38.10526315789474
65,217,282,3.3384615384615386
140,422,562,3.0142857142857142
182,993,1175,5.456043956043956
434,208,642,0.4792626728110599
159,216,375,1.3584905660377358
29,280,309,9.655172413793103
15,355,370,23.666666666666668
35,204,239,5.828571428571428
411,656,1067,1.5961070559610706
98,550,648,5.612244897959184
3,19,22,6.333333333333333
31,39,70,1.2580645161290323
12,328,340,27.333333333333332
10,23,33,2.3
654,328,982,0.5015290519877675
95,393,488,4.136842105263158
1703,36,1739,0.021139166177334117
143,847,990,5.923076923076923
45,336,381,7.466666666666667
262,111,373,0.42366412213740456
11,305,316,27.727272727272727
13,350,363,26.923076923076923
7,301,308,43.0
49,201,250,4.1020408163265305
2311,229,2540,0.09909130246646473
2413,669,3082,0.2772482387070037
14,197,211,14.071428571428571
13,489,502,37.61538461538461
31,460,491,14.838709677419354
13,437,450,33.61538461538461
13,334,347,25.692307692307693
223,625,848,2.802690582959641
16,417,433,26.0625
2,11,13,5.5
217,65,282,0.2995391705069124
45,101,146,2.2444444444444445
144,16,160,0.1111111111111111
925,273,1198,0.2951351351351351
23,220,243,9.565217391304348
112,446,558,3.982142857142857
2863,202,3065,0.07055536150890675
16,277,293,17.3125
19,773,792,40.68421052631579
250,787,1037,3.148
360,279,639,0.775
64,312,376,4.875
110,10,120,0.09090909090909091
52,829,881,15.942307692307692
6,562,568,93.66666666666667
501,105,606,0.20958083832335328
1114,237,1351,0.2127468581687612
50,56,106,1.12
102,534,636,5.235294117647059
44,366,410,8.318181818181818
80,14,94,0.175
670,901,1571,1.344776119402985
2690,470,3160,0.17472118959107807
3,17,20,5.666666666666667
10,148,158,14.8
7,38,45,5.428571428571429
41,583,624,14.21951219512195
24,181,205,7.541666666666667
373,984,1357,2.6380697050938338
22,86,108,3.909090909090909
2569,125,2694,0.04865706500583885
16,337,353,21.0625
9,214,223,23.77777777777778
41,482,523,11.75609756097561
23,765,788,33.26086956521739
90,311,401,3.4555555555555557
83,499,582,6.0120481927710845
111,399,510,3.5945945945945947
14,126,140,9.0
16,361,377,22.5625
39,662,701,16.974358974358974
4,384,388,96.0
49,379,428,7.73469387755102
9,198,207,22.0
47,684,731,14.553191489361701
187,96,283,0.5133689839572193
16,180,196,11.25
19,598,617,31.473684210526315
110,503,613,4.572727272727272
176,273,449,1.5511363636363635
145,41,186,0.2827586206896552
3,36,39,12.0
45,311,356,6.911111111111111
832,170,1002,0.20432692307692307
6,555,561,92.5
8,93,101,11.625
19,701,720,36.89473684210526
30,94,124,3.1333333333333333
156,332,488,2.128205128205128
17,176,193,10.352941176470589
9,309,318,34.333333333333336
31,242,273,7.806451612903226
744,230,974,0.30913978494623656
101,49,150,0.48514851485148514
69,351,420,5.086956521739131
3205,305,3510,0.09516380655226209
411,154,565,0.3746958637469586
9,954,963,106.0
793,377,1170,0.47540983606557374
38,487,525,12.81578947368421
189,143,332,0.7566137566137566
44,278,322,6.318181818181818
68,235,303,3.4558823529411766
22,303,325,13.772727272727273
30,14,44,0.4666666666666667
19,363,382,19.105263157894736
60,156,216,2.6
15,60,75,4.0
81,177,258,2.185185185185185
97,410,507,4.22680412371134
79,639,718,8.08860759493671
1331,832,2163,0.6250939143501127
8,364,372,45.5
21,289,310,13.761904761904763
136,835,971,6.139705882352941
131,562,693,4.290076335877862
59,791,850,13.40677966101695
238,311,549,1.3067226890756303
52,341,393,6.5576923076923075
34,393,427,11.558823529411764
22,301,323,13.681818181818182
141,591,732,4.191489361702128
788,798,1586,1.0126903553299493
439,48,487,0.10933940774487472
40,43,83,1.075
8,89,97,11.125
79,53,132,0.6708860759493671
38,30,68,0.7894736842105263
10,118,128,11.8
32,159,191,4.96875
8,247,255,30.875
6,210,216,35.0
105,497,602,4.733333333333333
15,438,453,29.2
166,39,205,0.23493975903614459
2293,625,2918,0.2725686873092019
266,141,407,0.5300751879699248
1051,407,1458,0.3872502378686965
6,124,130,20.666666666666668
19,418,437,22.0
13,291,304,22.384615384615383
3,77,80,25.666666666666668
87,55,142,0.632183908045977
53,161,214,3.0377358490566038
40,24,64,0.6
144,313,457,2.173611111111111
2860,833,3693,0.29125874125874124
113,125,238,1.1061946902654867
20,521,541,26.05
4,12,16,3.0
29,435,464,15.0
47,319,366,6.787234042553192
28,186,214,6.642857142857143
297,545,842,1.835016835016835
35,51,86,1.457142857142857
19,313,332,16.473684210526315
91,580,671,6.373626373626373
13,100,113,7.6923076923076925
64,445,509,6.953125
241,505,746,2.095435684647303
25,22,47,0.88
24,510,534,21.25
23,157,180,6.826086956521739
223,1039,1262,4.6591928251121075
630,419,1049,0.665079365079365
3242,374,3616,0.11536088834053054
44,236,280,5.363636363636363
35,684,719,19.542857142857144
65,879,944,13.523076923076923
677,98,775,0.1447562776957164
3711,6,3717,0.0016168148746968471
1322,841,2163,0.6361573373676248
19,375,394,19.736842105263158
118,146,264,1.2372881355932204
10,216,226,21.6
6,336,342,56.0
122,43,165,0.3524590163934426
105,206,311,1.9619047619047618
160,708,868,4.425
123,35,158,0.2845528455284553
242,140,382,0.5785123966942148
2342,142,2484,0.06063193851409052
569,281,850,0.4938488576449912
204,868,1072,4.254901960784314
251,116,367,0.46215139442231074
30,452,482,15.066666666666666
12,776,788,64.66666666666667
11,294,305,26.727272727272727
96,26,122,0.2708333333333333
12,110,122,9.166666666666666
129,12,141,0.09302325581395349
2,11,13,5.5
501,322,823,0.6427145708582834
4,499,503,124.75
13,270,283,20.76923076923077
1705,4,1709,0.002346041055718475
11,280,291,25.454545454545453
15,355,370,23.666666666666668
34,206,240,6.0588235294117645
1898,642,2540,0.3382507903055848
13,343,356,26.384615384615383
697,520,1217,0.7460545193687231
32,385,417,12.03125
588,47,635,0.07993197278911565
13,411,424,31.615384615384617
1350,499,1849,0.36962962962962964
18,108,126,6.0
2,57,59,28.5
13,676,689,52.0
11,125,136,11.363636363636363
11,337,348,30.636363636363637
13,359,372,27.615384615384617
23,524,547,22.782608695652176
322,164,486,0.5093167701863354
19,257,276,13.526315789473685
7,281,288,40.142857142857146
20,218,238,10.9
13,176,189,13.538461538461538
65,756,821,11.63076923076923
14,358,372,25.571428571428573
128,737,865,5.7578125
57,137,194,2.4035087719298245
47,101,148,2.148936170212766
13,44,57,3.3846153846153846
93,925,1018,9.946236559139784
46,320,366,6.956521739130435
11,382,393,34.72727272727273
55,501,556,9.10909090909091
647,1736,2383,2.6831530139103554
39,72,111,1.8461538461538463
17,598,615,35.1764705882353
8,100,108,12.5
458,102,560,0.22270742358078602
7,67,74,9.571428571428571
77,309,386,4.012987012987013
7,233,240,33.285714285714285
5,767,772,153.4
22,156,178,7.090909090909091
14,539,553,38.5
101,260,361,2.5742574257425743
18,247,265,13.722222222222221
57,451,508,7.912280701754386
31,249,280,8.03225806451613
20,265,285,13.25
12,533,545,44.416666666666664
13,361,374,27.76923076923077
4,84,88,21.0
8,386,394,48.25
3911,7,3918,0.0017898235745333673
19,255,274,13.421052631578947
15,317,332,21.133333333333333
38,54,92,1.4210526315789473
24,635,659,26.458333333333332
23,582,605,25.304347826086957
66,261,327,3.9545454545454546
67,359,426,5.358208955223881
266,165,431,0.6203007518796992
11,237,248,21.545454545454547
22,124,146,5.636363636363637
395,330,725,0.8354430379746836
18,378,396,21.0
14,147,161,10.5
1115,245,1360,0.21973094170403587
15,372,387,24.8
117,85,202,0.7264957264957265
240,378,618,1.575
9,294,303,32.666666666666664
526,266,792,0.5057034220532319
31,355,386,11.451612903225806
45,556,601,12.355555555555556
26,270,296,10.384615384615385
154,211,365,1.37012987012987
17,253,270,14.882352941176471
13,100,113,7.6923076923076925
115,427,542,3.7130434782608694
15,262,277,17.466666666666665
2598,387,2985,0.1489607390300231
31,416,447,13.419354838709678
20,310,330,15.5
16,285,301,17.8125
15,99,114,6.6
134,381,515,2.843283582089552
421,399,820,0.9477434679334917
35,240,275,6.857142857142857
20,328,348,16.4
3,12,15,4.0
61,412,473,6.754098360655738
14,447,461,31.928571428571427
12,726,738,60.5
6,408,414,68.0
700,718,1418,1.0257142857142858
59,202,261,3.4237288135593222
8,121,129,15.125
1634,34,1668,0.0208078335373317
9,278,287,30.88888888888889
395,753,1148,1.9063291139240506
44,640,684,14.545454545454545
839,941,1780,1.1215733015494636
15,469,484,31.266666666666666
50,423,473,8.46
53,466,519,8.79245283018868
200,10,210,0.05
19,10,29,0.5263157894736842
12,141,153,11.75
1886,174,2060,0.09225874867444327
8,266,274,33.25
116,961,1077,8.28448275862069
17,339,356,19.941176470588236
6,113,119,18.833333333333332
211,293,504,1.3886255924170616
15,301,316,20.066666666666666
1948,171,2119,0.087782340862423
12,9,21,0.75
1115,245,1360,0.21973094170403587
20,525,545,26.25
22,629,651,28.59090909090909
2,11,13,5.5
547,144,691,0.263254113345521
88,636,724,7.2272727272727275
10,273,283,27.3
31,305,336,9.838709677419354
10,129,139,12.9
60,505,565,8.416666666666666
9,371,380,41.22222222222222
13,84,97,6.461538461538462
7,209,216,29.857142857142858
267,80,347,0.299625468164794
16,434,450,27.125
56,147,203,2.625
8,301,309,37.625
14,192,206,13.714285714285714
20,434,454,21.7
1173,146,1319,0.12446717817561807
12,66,78,5.5
461,138,599,0.2993492407809111
746,152,898,0.2037533512064343
68,242,310,3.5588235294117645
29,386,415,13.310344827586206
16,415,431,25.9375
50,43,93,0.86
46,400,446,8.695652173913043
121,17,138,0.14049586776859505
17,840,857,49.411764705882355
15,456,471,30.4
450,600,1050,1.3333333333333333
30,122,152,4.066666666666666
12,354,366,29.5
12,231,243,19.25
608,103,711,0.16940789473684212
17,576,593,33.88235294117647
92,529,621,5.75
20,346,366,17.3
33,487,520,14.757575757575758
98,374,472,3.816326530612245
5,736,741,147.2
168,203,371,1.2083333333333333
140,38,178,0.2714285714285714
16,131,147,8.1875
658,97,755,0.1474164133738602
38,216,254,5.684210526315789
14,95,109,6.785714285714286
22,432,454,19.636363636363637
5,339,344,67.8
10,73,83,7.3
13,45,58,3.4615384615384617
9,282,291,31.333333333333332
147,335,482,2.2789115646258504
27,24,51,0.8888888888888888
1503,911,2414,0.6061210911510313
16,213,229,13.3125
19,379,398,19.94736842105263
85,312,397,3.6705882352941175
1553,18,1571,0.01159047005795235
9,99,108,11.0
17,930,947,54.705882352941174
1346,969,2315,0.7199108469539376
504,417,921,0.8273809523809523
49,453,502,9.244897959183673
37,250,287,6.756756756756757
1886,569,2455,0.3016967126193001
37,80,117,2.1621621621621623
8,173,181,21.625
3,19,22,6.333333333333333
11,107,118,9.727272727272727
165,371,536,2.2484848484848485
39,336,375,8.615384615384615
14,458,472,32.714285714285715
45,29,74,0.6444444444444445
821,45,866,0.05481120584652863
18,115,133,6.388888888888889
40,266,306,6.65
79,33,112,0.4177215189873418
10,289,299,28.9
1519,232,1751,0.15273206056616195
128,737,865,5.7578125
13,256,269,19.692307692307693
576,8,584,0.013888888888888888
37,51,88,1.3783783783783783
16,31,47,1.9375
26,240,266,9.23076923076923
1645,121,1766,0.07355623100303951
18,271,289,15.055555555555555
15,520,535,34.666666666666664
16,712,728,44.5
32,33,65,1.03125
17,437,454,25.705882352941178
28,217,245,7.75
69,477,546,6.913043478260869
34,54,88,1.588235294117647
2671,794,3465,0.29726694122051667
167,90,257,0.5389221556886228
38,364,402,9.578947368421053
86,734,820,8.534883720930232
22,467,489,21.227272727272727
39,522,561,13.384615384615385
12,244,256,20.333333333333332
490,54,544,0.11020408163265306
168,271,439,1.6130952380952381
18,20,38,1.1111111111111112
3,775,778,258.3333333333333
7,413,420,59.0
16,89,105,5.5625
16,624,640,39.0
10,123,133,12.3
30,141,171,4.7
1393,177,1570,0.12706389088298636
13,230,243,17.692307692307693
113,118,231,1.0442477876106195
58,682,740,11.758620689655173
8,139,147,17.375
76,373,449,4.907894736842105
3,11,14,3.6666666666666665
9,41,50,4.555555555555555
47,304,351,6.468085106382978
64,615,679,9.609375
24,106,130,4.416666666666667
11,262,273,23.818181818181817
38,20,58,0.5263157894736842
60,969,1029,16.15
60,584,644,9.733333333333333
761,503,1264,0.6609724047306176
2427,311,2738,0.12814173877214668
42,47,89,1.119047619047619
17,176,193,10.352941176470589
15,361,376,24.066666666666666
13,32,45,2.4615384615384617
13,437,450,33.61538461538461
3703,68,3771,0.018363489062921956
299,29,328,0.09698996655518395
5,266,271,53.2
23,323,346,14.043478260869565
33,499,532,15.121212121212121
103,312,415,3.029126213592233
28,249,277,8.892857142857142
18,502,520,27.88888888888889
2,12,14,6.0
124,721,845,5.814516129032258
1140,82,1222,0.07192982456140351
53,609,662,11.49056603773585
33,556,589,16.848484848484848
1335,232,1567,0.17378277153558053
765,755,1520,0.9869281045751634
103,765,868,7.427184466019417
764,435,1199,0.569371727748691
145,126,271,0.8689655172413793
11,261,272,23.727272727272727
13,167,180,12.846153846153847
21,376,397,17.904761904761905
1703,36,1739,0.021139166177334117
30,631,661,21.033333333333335
1270,120,1390,0.09448818897637795
4,424,428,106.0
1551,696,2247,0.44874274661508706
81,331,412,4.08641975308642
70,294,364,4.2
6,747,753,124.5
71,161,232,2.267605633802817
24,594,618,24.75
8,201,209,25.125
122,176,298,1.4426229508196722
44,544,588,12.363636363636363
25,194,219,7.76
10,118,128,11.8
10,313,323,31.3
8,89,97,11.125
65,411,476,6.323076923076923
1721,290,2011,0.168506682161534
10,209,219,20.9
35,810,845,23.142857142857142
21,308,329,14.666666666666666
53,339,392,6.39622641509434
40,222,262,5.55
3168,201,3369,0.0634469696969697
387,205,592,0.5297157622739018
69,215,284,3.1159420289855073
16,405,421,25.3125
5,105,110,21.0
33,84,117,2.5454545454545454
2392,131,2523,0.054765886287625416
453,448,901,0.9889624724061811
20,314,334,15.7
226,166,392,0.7345132743362832
8,194,202,24.25
96,227,323,2.3645833333333335
10,57,67,5.7
14,100,114,7.142857142857143
3473,267,3740,0.07687877915346962
532,597,1129,1.1221804511278195
122,435,557,3.5655737704918034
8,76,84,9.5
29,87,116,3.0
998,1123,2121,1.125250501002004
80,1039,1119,12.9875
15,56,71,3.7333333333333334
131,4,135,0.030534351145038167
23,784,807,34.08695652173913
14,298,312,21.285714285714285
72,65,137,0.9027777777777778
151,607,758,4.0198675496688745
6,306,312,51.0
12,281,293,23.416666666666668
36,295,331,8.194444444444445
20,487,507,24.35
20,249,269,12.45
2157,186,2343,0.08623087621696801
769,177,946,0.23016905071521457
204,217,421,1.0637254901960784
60,369,429,6.15
60,392,452,6.533333333333333
109,489,598,4.486238532110092
898,331,1229,0.3685968819599109
12,146,158,12.166666666666666
30,572,602,19.066666666666666
2,51,53,25.5
12,38,50,3.1666666666666665
21,119,140,5.666666666666667
516,110,626,0.2131782945736434
17,492,509,28.941176470588236
173,212,385,1.2254335260115607
14,315,329,22.5
59,341,400,5.779661016949152
6,329,335,54.833333333333336
14,383,397,27.357142857142858
10,58,68,5.8
16,139,155,8.6875
7,18,25,2.5714285714285716
5,5,10,1.0
13,385,398,29.615384615384617
457,359,816,0.7855579868708972
74,473,547,6.391891891891892
6,71,77,11.833333333333334
9,186,195,20.666666666666668
20,687,707,34.35
9,89,98,9.88888888888889
3,12,15,4.0
13,414,427,31.846153846153847
61,218,279,3.5737704918032787
45,897,942,19.933333333333334
10,32,42,3.2
23,307,330,13.347826086956522
237,198,435,0.8354430379746836
2,318,320,159.0
15,205,220,13.666666666666666
8,169,177,21.125
45,204,249,4.533333333333333
21,257,278,12.238095238095237
27,531,558,19.666666666666668
19,322,341,16.94736842105263
26,370,396,14.23076923076923
14,169,183,12.071428571428571
62,21,83,0.3387096774193548
17,94,111,5.529411764705882
247,676,923,2.736842105263158
14,262,276,18.714285714285715
20,245,265,12.25
15,262,277,17.466666666666665
14,208,222,14.857142857142858
153,203,356,1.326797385620915
139,294,433,2.115107913669065
95,743,838,7.821052631578947
2,11,13,5.5
73,394,467,5.397260273972603
11,32,43,2.909090909090909
8,255,263,31.875
1281,710,1991,0.5542544886807181
49,732,781,14.938775510204081
25,88,113,3.52
167,944,1111,5.652694610778443
15,143,158,9.533333333333333
1815,171,1986,0.09421487603305785
16,280,296,17.5
16,589,605,36.8125
18,341,359,18.944444444444443
80,73,153,0.9125
49,268,317,5.469387755102041
61,459,520,7.524590163934426
21,245,266,11.666666666666666
53,344,397,6.490566037735849
4,421,425,105.25
22,426,448,19.363636363636363
3421,160,3581,0.0467699503069278
120,284,404,2.3666666666666667
1232,249,1481,0.2021103896103896
325,43,368,0.13230769230769232
12,220,232,18.333333333333332
230,766,996,3.3304347826086955
66,63,129,0.9545454545454546
1695,6,1701,0.0035398230088495575
1806,14,1820,0.007751937984496124
30,572,602,19.066666666666666
39,459,498,11.76923076923077
19,148,167,7.7894736842105265
1622,36,1658,0.02219482120838471
464,649,1113,1.3987068965517242
103,26,129,0.2524271844660194
576,8,584,0.013888888888888888
41,277,318,6.7560975609756095
104,583,687,5.605769230769231
10,208,218,20.8
25,336,361,13.44
163,193,356,1.1840490797546013
42,435,477,10.357142857142858
7,132,139,18.857142857142858
612,134,746,0.21895424836601307
376,428,804,1.1382978723404256
2,12,14,6.0
13,101,114,7.769230769230769
25,230,255,9.2
12,328,340,27.333333333333332
29,578,607,19.93103448275862
1028,581,1609,0.5651750972762646
12,241,253,20.083333333333332
11,245,256,22.272727272727273
592,924,1516,1.5608108108108107
21,319,340,15.19047619047619
6,196,202,32.666666666666664
24,458,482,19.083333333333332
67,347,414,5.17910447761194
504,937,1441,1.8591269841269842
714,137,851,0.19187675070028012
178,251,429,1.4101123595505618
32,442,474,13.8125
1687,875,2562,0.5186721991701245
3142,143,3285,0.04551241247612985
158,145,303,0.9177215189873418
69,219,288,3.1739130434782608
69,903,972,13.08695652173913
20,537,557,26.85
4,11,15,2.75
15,283,298,18.866666666666667
25,1053,1078,42.12
104,396,500,3.8076923076923075
39,331,370,8.487179487179487
1604,601,2205,0.37468827930174564
9,168,177,18.666666666666668
22,22,44,1.0
25,770,795,30.8
31,764,795,24.64516129032258
30,681,711,22.7
1756,316,2072,0.17995444191343962
537,430,967,0.8007448789571695
17,254,271,14.941176470588236
97,459,556,4.731958762886598
4,340,344,85.0
117,1051,1168,8.982905982905983
51,76,127,1.4901960784313726
85,374,459,4.4
17,371,388,21.823529411764707
406,207,613,0.5098522167487685
621,159,780,0.2560386473429952
16,149,165,9.3125
1866,443,2309,0.23740621650589497
8,59,67,7.375
1871,800,2671,0.42757883484767506
1251,368,1619,0.2941646682653877
153,148,301,0.9673202614379085
82,89,171,1.0853658536585367
2,11,13,5.5
2308,973,3281,0.42157712305025996
291,792,1083,2.7216494845360826
49,220,269,4.489795918367347
1196,930,2126,0.7775919732441472
32,339,371,10.59375
54,814,868,15.074074074074074
458,698,1156,1.5240174672489082
5,254,259,50.8
7,232,239,33.142857142857146
66,292,358,4.424242424242424
8,301,309,37.625
1500,335,1835,0.22333333333333333
1806,278,2084,0.1539313399778516
2,11,13,5.5
2317,266,2583,0.1148036253776435
1679,892,2571,0.5312686122692079
14,132,146,9.428571428571429
8,35,43,4.375
73,518,591,7.095890410958904
79,186,265,2.3544303797468356
646,930,1576,1.4396284829721362
137,316,453,2.3065693430656933
118,135,253,1.1440677966101696
135,941,1076,6.970370370370371
318,307,625,0.9654088050314465
10,10,20,1.0
624,879,1503,1.4086538461538463
22,138,160,6.2727272727272725
13,452,465,34.76923076923077
30,204,234,6.8
96,194,290,2.0208333333333335
12,51,63,4.25
108,56,164,0.5185185185185185
1578,1042,2620,0.6603295310519645
11,27,38,2.4545454545454546
999,124,1123,0.12412412412412413
35,358,393,10.228571428571428
2832,378,3210,0.13347457627118645
9,314,323,34.888888888888886
16,149,165,9.3125
54,949,1003,17.574074074074073
1049,353,1402,0.336510962821735
15,481,496,32.06666666666667
1408,322,1730,0.22869318181818182
219,782,1001,3.5707762557077625
6,66,72,11.0
8,30,38,3.75
14,536,550,38.285714285714285
1497,272,1769,0.18169672678690715
167,182,349,1.089820359281437
1029,351,1380,0.34110787172011664
39,968,1007,24.82051282051282
674,423,1097,0.6275964391691394
946,227,1173,0.23995771670190275
346,126,472,0.36416184971098264
28,137,165,4.892857142857143
2,11,13,5.5
63,439,502,6.968253968253968
10,45,55,4.5
31,584,615,18.838709677419356
32,198,230,6.1875
16,182,198,11.375
22,607,629,27.59090909090909
18,104,122,5.777777777777778
15,55,70,3.6666666666666665
75,387,462,5.16
1285,996,2281,0.7750972762645915
29,282,311,9.724137931034482
257,173,430,0.6731517509727627
22,217,239,9.863636363636363
207,351,558,1.6956521739130435
2411,217,2628,0.09000414765657404
7,283,290,40.42857142857143
265,183,448,0.690566037735849
31,656,687,21.161290322580644
16,10,26,0.625
1941,769,2710,0.39618753219989694
24,202,226,8.416666666666666
67,33,100,0.4925373134328358
25,157,182,6.28
78,307,385,3.9358974358974357
43,272,315,6.325581395348837
13,860,873,66.15384615384616
73,362,435,4.958904109589041
89,711,800,7.98876404494382
21,277,298,13.19047619047619
1003,256,1259,0.25523429710867396
16,82,98,5.125
10,111,121,11.1
27,328,355,12.148148148148149
14,57,71,4.071428571428571
39,265,304,6.794871794871795
1558,129,1687,0.08279845956354301
748,425,1173,0.5681818181818182
28,20,48,0.7142857142857143
827,305,1132,0.3688029020556227
8,324,332,40.5
861,3,864,0.003484320557491289
10,597,607,59.7
81,570,651,7.037037037037037
816,762,1578,0.9338235294117647
55,403,458,7.327272727272727
9,15,24,1.6666666666666667
14,313,327,22.357142857142858
38,289,327,7.605263157894737
13,166,179,12.76923076923077
14,141,155,10.071428571428571
13,365,378,28.076923076923077
82,1043,1125,12.71951219512195
1197,310,1507,0.25898078529657476
11,17,28,1.5454545454545454
8,109,117,13.625
19,206,225,10.842105263157896
21,632,653,30.095238095238095
37,265,302,7.162162162162162
1406,171,1577,0.12162162162162163
1221,15,1236,0.012285012285012284
7,116,123,16.571428571428573
61,441,502,7.229508196721311
88,507,595,5.761363636363637
30,122,152,4.066666666666666
18,132,150,7.333333333333333
26,31,57,1.1923076923076923
65,103,168,1.5846153846153845
1898,642,2540,0.3382507903055848
420,945,1365,2.25
2312,402,2714,0.17387543252595156
78,346,424,4.435897435897436
47,186,233,3.9574468085106385
47,482,529,10.25531914893617
68,726,794,10.676470588235293
26,425,451,16.346153846153847
213,410,623,1.9248826291079812
5,190,195,38.0
16,112,128,7.0
87,359,446,4.126436781609195
27,233,260,8.62962962962963
126,284,410,2.253968253968254
472,431,903,0.913135593220339
110,782,892,7.109090909090909
50,367,417,7.34
51,469,520,9.196078431372548
620,158,778,0.25483870967741934
18,114,132,6.333333333333333
47,929,976,19.76595744680851
10,212,222,21.2
174,80,254,0.45977011494252873
13,118,131,9.076923076923077
11,265,276,24.09090909090909
14,590,604,42.142857142857146
11,786,797,71.45454545454545
10,508,518,50.8
21,76,97,3.619047619047619
211,182,393,0.8625592417061612
28,98,126,3.5
13,334,347,25.692307692307693
43,309,352,7.186046511627907
531,291,822,0.5480225988700564
8,173,181,21.625
13,147,160,11.307692307692308
9,11,20,1.2222222222222223
17,300,317,17.647058823529413
13,389,402,29.923076923076923
12,404,416,33.666666666666664
22,85,107,3.8636363636363638
353,97,450,0.2747875354107649
73,812,885,11.123287671232877
103,335,438,3.2524271844660193
1313,501,1814,0.38156892612338156
32,255,287,7.96875
5,653,658,130.6
367,138,505,0.3760217983651226
17,195,212,11.470588235294118
33,488,521,14.787878787878787
21,34,55,1.619047619047619
7,66,73,9.428571428571429
327,368,695,1.1253822629969419
960,27,987,0.028125
19,307,326,16.157894736842106
171,185,356,1.0818713450292399
17,165,182,9.705882352941176
261,544,805,2.0842911877394634
72,223,295,3.0972222222222223
36,628,664,17.444444444444443
36,479,515,13.305555555555555
2564,429,2993,0.1673166926677067
94,353,447,3.75531914893617
19,130,149,6.842105263157895
13,210,223,16.153846153846153
104,27,131,0.25961538461538464
54,728,782,13.481481481481481
27,228,255,8.444444444444445
13,315,328,24.23076923076923
191,127,318,0.6649214659685864
2,470,472,235.0
19,52,71,2.736842105263158
407,37,444,0.09090909090909091
2058,130,2188,0.06316812439261418
108,273,381,2.5277777777777777
142,86,228,0.6056338028169014
4,21,25,5.25
8,607,615,75.875
15,359,374,23.933333333333334
1997,557,2554,0.2789183775663495
314,251,565,0.7993630573248408
1040,1060,2100,1.0192307692307692
41,601,642,14.658536585365853
82,204,286,2.4878048780487805
80,400,480,5.0
68,311,379,4.573529411764706
228,116,344,0.5087719298245614
15,501,516,33.4
23,210,233,9.130434782608695
10,133,143,13.3
209,345,554,1.6507177033492824
77,331,408,4.298701298701299
21,567,588,27.0
1255,468,1723,0.37290836653386455
3,12,15,4.0
1095,957,2052,0.873972602739726
40,108,148,2.7
22,248,270,11.272727272727273
20,519,539,25.95
404,909,1313,2.25
59,408,467,6.915254237288136
9,241,250,26.77777777777778
14,276,290,19.714285714285715
97,210,307,2.1649484536082473
158,527,685,3.3354430379746836
120,409,529,3.408333333333333
77,923,1000,11.987012987012987
8,245,253,30.625
22,308,330,14.0
61,317,378,5.19672131147541
105,337,442,3.2095238095238097
25,427,452,17.08
150,132,282,0.88
2419,139,2558,0.05746176105828855
13,895,908,68.84615384615384
20,277,297,13.85
43,104,147,2.4186046511627906
29,175,204,6.0344827586206895
25,33,58,1.32
749,8,757,0.010680907877169559
9,176,185,19.555555555555557
267,454,721,1.700374531835206
23,532,555,23.130434782608695
392,409,801,1.0433673469387754
163,487,650,2.9877300613496933
839,78,917,0.09296781883194279
135,112,247,0.8296296296296296
18,116,134,6.444444444444445
1791,51,1842,0.02847571189279732
5,221,226,44.2
464,42,506,0.09051724137931035
16,363,379,22.6875
222,45,267,0.20270270270270271
18,892,910,49.55555555555556
58,408,466,7.0344827586206895
22,246,268,11.181818181818182
152,697,849,4.5855263157894735
23,219,242,9.521739130434783
49,241,290,4.918367346938775
104,145,249,1.3942307692307692
268,229,497,0.8544776119402985
215,275,490,1.2790697674418605
69,255,324,3.6956521739130435
38,261,299,6.868421052631579
34,122,156,3.588235294117647
27,715,742,26.48148148148148
96,170,266,1.7708333333333333
9,109,118,12.11111111111111
86,31,117,0.36046511627906974
892,56,948,0.06278026905829596
125,43,168,0.344
127,74,201,0.5826771653543307
22,255,277,11.590909090909092
23,162,185,7.043478260869565
11,236,247,21.454545454545453
27,767,794,28.40740740740741
982,8,990,0.008146639511201629
54,7,61,0.12962962962962962
15,125,140,8.333333333333334
78,4,82,0.05128205128205128
12,91,103,7.583333333333333
16,305,321,19.0625
16,61,77,3.8125
654,472,1126,0.7217125382262997
65,762,827,11.723076923076922
26,314,340,12.076923076923077
238,324,562,1.361344537815126
15,47,62,3.1333333333333333
635,778,1413,1.2251968503937007
158,170,328,1.0759493670886076
10,246,256,24.6
5,213,218,42.6
31,400,431,12.903225806451612
32,362,394,11.3125
27,715,742,26.48148148148148
20,305,325,15.25
77,320,397,4.1558441558441555
2,11,13,5.5
12,277,289,23.083333333333332
11,284,295,25.818181818181817
86,391,477,4.546511627906977
2214,347,2561,0.15672990063233966
9,23,32,2.5555555555555554
82,469,551,5.719512195121951
464,322,786,0.6939655172413793
11,864,875,78.54545454545455
26,249,275,9.576923076923077
1792,237,2029,0.13225446428571427
361,5,366,0.013850415512465374
41,489,530,11.926829268292684
2,11,13,5.5
66,547,613,8.287878787878787
132,549,681,4.159090909090909
21,172,193,8.19047619047619
3703,77,3780,0.020793950850661626
9,223,232,24.77777777777778
396,761,1157,1.9217171717171717
42,430,472,10.238095238095237
18,311,329,17.27777777777778
49,31,80,0.6326530612244898
9,336,345,37.333333333333336
12,179,191,14.916666666666666
6,391,397,65.16666666666667
30,178,208,5.933333333333334
57,511,568,8.964912280701755
385,86,471,0.22337662337662337
17,288,305,16.941176470588236
631,433,1064,0.6862123613312203
144,470,614,3.263888888888889
43,770,813,17.906976744186046
145,67,212,0.46206896551724136
31,621,652,20.032258064516128
2,11,13,5.5
243,8,251,0.03292181069958848
47,921,968,19.595744680851062
1141,1039,2180,0.9106047326906223
949,26,975,0.0273972602739726
483,512,995,1.060041407867495
94,276,370,2.9361702127659575
1240,31,1271,0.025
21,275,296,13.095238095238095
20,311,331,15.55
20,268,288,13.4
82,960,1042,11.707317073170731
21,332,353,15.80952380952381
443,443,886,1.0
8,72,80,9.0
2,48,50,24.0
40,43,83,1.075
37,286,323,7.72972972972973
18,284,302,15.777777777777779
15,497,512,33.13333333333333
30,377,407,12.566666666666666
588,78,666,0.1326530612244898
28,503,531,17.964285714285715
23,569,592,24.73913043478261
395,753,1148,1.9063291139240506
13,162,175,12.461538461538462
24,497,521,20.708333333333332
308,61,369,0.19805194805194806
15,113,128,7.533333333333333
17,181,198,10.647058823529411
239,277,516,1.1589958158995817
12,22,34,1.8333333333333333
22,35,57,1.5909090909090908
10,510,520,51.0
205,136,341,0.6634146341463415
9,384,393,42.666666666666664
692,8,700,0.011560693641618497
16,389,405,24.3125
15,27,42,1.8
26,125,151,4.8076923076923075
2458,102,2560,0.04149715215622457
7,206,213,29.428571428571427
5,486,491,97.2
2,90,92,45.0
1014,363,1377,0.35798816568047337
29,98,127,3.3793103448275863
905,228,1133,0.25193370165745854
31,201,232,6.483870967741935
22,387,409,17.59090909090909
77,398,475,5.1688311688311686
62,8,70,0.12903225806451613
15,970,985,64.66666666666667
8,928,936,116.0
85,381,466,4.482352941176471
39,257,296,6.589743589743589
35,44,79,1.2571428571428571
72,321,393,4.458333333333333
42,414,456,9.857142857142858
706,720,1426,1.019830028328612
22,467,489,21.227272727272727
107,593,700,5.542056074766355
1804,469,2273,0.25997782705099776
485,478,963,0.9855670103092784
136,772,908,5.676470588235294
1255,468,1723,0.37290836653386455
535,942,1477,1.7607476635514019
81,22,103,0.2716049382716049
14,94,108,6.714285714285714
82,441,523,5.378048780487805
251,378,629,1.5059760956175299
5,298,303,59.6
19,387,406,20.36842105263158
9,322,331,35.77777777777778
23,653,676,28.391304347826086
595,367,962,0.6168067226890757
158,561,719,3.550632911392405
10,209,219,20.9
101,454,555,4.4950495049504955
2129,37,2166,0.01737905119774542
448,155,603,0.34598214285714285
8,132,140,16.5
13,357,370,27.46153846153846
6,52,58,8.666666666666666
59,60,119,1.0169491525423728
25,518,543,20.72
2,11,13,5.5
17,101,118,5.9411764705882355
17,496,513,29.176470588235293
640,748,1388,1.16875
79,90,169,1.139240506329114
1026,1045,2071,1.0185185185185186
39,373,412,9.564102564102564
13,41,54,3.1538461538461537
488,5,493,0.010245901639344262
162,21,183,0.12962962962962962
29,364,393,12.551724137931034
14,420,434,30.0
86,929,1015,10.80232558139535
8,535,543,66.875
7,145,152,20.714285714285715
388,648,1036,1.6701030927835052
457,813,1270,1.7789934354485777
624,15,639,0.02403846153846154
1242,124,1366,0.0998389694041868
53,559,612,10.547169811320755
11,337,348,30.636363636363637
23,283,306,12.304347826086957
25,363,388,14.52
17,281,298,16.529411764705884
2,11,13,5.5
61,354,415,5.80327868852459
2469,9,2478,0.0036452004860267314
4,424,428,106.0
11,476,487,43.27272727272727
30,388,418,12.933333333333334
11,116,127,10.545454545454545
73,248,321,3.3972602739726026
146,37,183,0.2534246575342466
158,170,328,1.0759493670886076
7,72,79,10.285714285714286
3,397,400,132.33333333333334
2570,372,2942,0.14474708171206227
715,628,1343,0.8783216783216783
14,270,284,19.285714285714285
50,27,77,0.54
16,111,127,6.9375
13,379,392,29.153846153846153
15,69,84,4.6
14,242,256,17.285714285714285
129,30,159,0.23255813953488372
3,207,210,69.0
31,670,701,21.612903225806452
8,583,591,72.875
78,366,444,4.6923076923076925
15,261,276,17.4
170,442,612,2.6
26,334,360,12.846153846153847
290,495,785,1.706896551724138
575,747,1322,1.2991304347826087
2587,327,2914,0.12640123695400077
140,802,942,5.728571428571429
1245,601,1846,0.4827309236947791
23,489,512,21.26086956521739
1237,27,1264,0.021827000808407437
18,128,146,7.111111111111111
1152,8,1160,0.006944444444444444
13,89,102,6.846153846153846
45,280,325,6.222222222222222
9,46,55,5.111111111111111
14,439,453,31.357142857142858
14,105,119,7.5
113,278,391,2.4601769911504423
44,957,1001,21.75
71,495,566,6.971830985915493
7,213,220,30.428571428571427
11,199,210,18.09090909090909
18,267,285,14.833333333333334
711,367,1078,0.5161744022503516
429,968,1397,2.2564102564102564
3669,232,3901,0.06323248841646226
12,302,314,25.166666666666668
1806,783,2589,0.4335548172757475
17,341,358,20.058823529411764
25,378,403,15.12
18,254,272,14.11111111111111
32,186,218,5.8125
637,8,645,0.012558869701726845
57,38,95,0.6666666666666666
40,105,145,2.625
1954,392,2346,0.20061412487205732
222,108,330,0.4864864864864865
31,202,233,6.516129032258065
57,200,257,3.508771929824561
148,126,274,0.8513513513513513
1148,532,1680,0.4634146341463415
612,21,633,0.03431372549019608
6,109,115,18.166666666666668
3,12,15,4.0
69,326,395,4.72463768115942
8,411,419,51.375
93,622,715,6.688172043010753
10,440,450,44.0
26,286,312,11.0
7,249,256,35.57142857142857
89,36,125,0.4044943820224719
747,577,1324,0.7724230254350736
7,157,164,22.428571428571427
72,190,262,2.638888888888889
7,276,283,39.42857142857143
17,30,47,1.7647058823529411
7,245,252,35.0
11,502,513,45.63636363636363
71,25,96,0.352112676056338
1453,195,1648,0.13420509291121818
764,56,820,0.07329842931937172
27,359,386,13.296296296296296
18,527,545,29.27777777777778
386,93,479,0.24093264248704663
30,631,661,21.033333333333335
21,738,759,35.142857142857146
429,5,434,0.011655011655011656
27,433,460,16.037037037037038
27,469,496,17.37037037037037
81,310,391,3.8271604938271606
17,227,244,13.352941176470589
21,497,518,23.666666666666668
17,341,358,20.058823529411764
7,15,22,2.142857142857143
38,595,633,15.657894736842104
3478,163,3641,0.04686601495112133
58,442,500,7.620689655172414
1097,533,1630,0.48587055606198726
21,259,280,12.333333333333334
2,294,296,147.0
80,224,304,2.8
82,24,106,0.2926829268292683
15,348,363,23.2
10,160,170,16.0
639,393,1032,0.6150234741784038
1720,852,2572,0.49534883720930234
19,69,88,3.6315789473684212
19,273,292,14.368421052631579
15,321,336,21.4
25,385,410,15.4
38,30,68,0.7894736842105263
46,33,79,0.717391304347826
530,8,538,0.01509433962264151
746,41,787,0.054959785522788206
25,447,472,17.88
36,269,305,7.472222222222222
10,9,19,0.9
55,191,246,3.4727272727272727
248,316,564,1.2741935483870968
12,106,118,8.833333333333334
1046,589,1635,0.5630975143403442
30,105,135,3.5
17,89,106,5.235294117647059
19,1006,1025,52.94736842105263
4,214,218,53.5
135,137,272,1.0148148148148148
187,513,700,2.7433155080213902
16,373,389,23.3125
11,108,119,9.818181818181818
1384,134,1518,0.0968208092485549
30,239,269,7.966666666666667
73,954,1027,13.068493150684931
1943,8,1951,0.004117344312918168
1195,173,1368,0.14476987447698744
4,386,390,96.5
16,269,285,16.8125
23,289,312,12.565217391304348
10,330,340,33.0
23,546,569,23.73913043478261
140,422,562,3.0142857142857142
705,90,795,0.1276595744680851
514,234,748,0.45525291828793774
329,362,691,1.1003039513677813
208,484,692,2.326923076923077
36,138,174,3.8333333333333335
7,349,356,49.857142857142854
1966,139,2105,0.07070193285859613
26,112,138,4.3076923076923075
4,280,284,70.0
1197,4,1201,0.003341687552213868
11,292,303,26.545454545454547
8,324,332,40.5
1238,676,1914,0.5460420032310178
290,90,380,0.3103448275862069
662,397,1059,0.5996978851963746
11,66,77,6.0
1264,512,1776,0.4050632911392405
73,730,803,10.0
180,168,348,0.9333333333333333
98,111,209,1.1326530612244898
214,524,738,2.4485981308411215
8,433,441,54.125
9,189,198,21.0
22,116,138,5.2727272727272725
11,47,58,4.2727272727272725
337,119,456,0.35311572700296734
22,65,87,2.9545454545454546
18,367,385,20.38888888888889
7,138,145,19.714285714285715
13,186,199,14.307692307692308
20,131,151,6.55
22,145,167,6.590909090909091
177,424,601,2.3954802259887007
1994,187,2181,0.09378134403209629
3020,220,3240,0.0728476821192053
290,5,295,0.017241379310344827
21,40,61,1.9047619047619047
32,233,265,7.28125
14,250,264,17.857142857142858
81,973,1054,12.012345679012345
1125,204,1329,0.18133333333333335
23,442,465,19.217391304347824
27,361,388,13.37037037037037
21,95,116,4.523809523809524
28,244,272,8.714285714285714
3492,396,3888,0.1134020618556701
18,370,388,20.555555555555557
107,593,700,5.542056074766355
13,310,323,23.846153846153847
117,113,230,0.9658119658119658
233,301,534,1.2918454935622317
173,314,487,1.8150289017341041
360,177,537,0.49166666666666664
13,285,298,21.923076923076923
73,291,364,3.9863013698630136
90,783,873,8.7
2085,37,2122,0.017745803357314148
103,11,114,0.10679611650485436
23,220,243,9.565217391304348
26,233,259,8.961538461538462
29,691,720,23.82758620689655
55,81,136,1.4727272727272727
12,250,262,20.833333333333332
46,453,499,9.847826086956522
41,817,858,19.926829268292682
35,434,469,12.4
50,72,122,1.44
20,263,283,13.15
50,27,77,0.54
2325,434,2759,0.18666666666666668
27,30,57,1.1111111111111112
11,221,232,20.09090909090909
1516,116,1632,0.07651715039577836
25,610,635,24.4
17,349,366,20.529411764705884
23,414,437,18.0
11,200,211,18.181818181818183
22,200,222,9.090909090909092
1393,384,1777,0.2756640344580043
140,435,575,3.107142857142857
29,151,180,5.206896551724138
56,276,332,4.928571428571429
46,640,686,13.91304347826087
8,30,38,3.75
19,429,448,22.57894736842105
15,98,113,6.533333333333333
2,430,432,215.0
41,459,500,11.195121951219512
14,325,339,23.214285714285715
70,135,205,1.9285714285714286
10,185,195,18.5
145,548,693,3.779310344827586
32,95,127,2.96875
13,286,299,22.0
93,291,384,3.129032258064516
508,100,608,0.1968503937007874
1322,791,2113,0.5983358547655068
8,89,97,11.125
53,252,305,4.754716981132075
211,83,294,0.3933649289099526
10,185,195,18.5
150,114,264,0.76
87,319,406,3.6666666666666665
18,130,148,7.222222222222222
6,704,710,117.33333333333333
1548,16,1564,0.0103359173126615
6,69,75,11.5
474,447,921,0.9430379746835443
52,158,210,3.0384615384615383
11,368,379,33.45454545454545
64,291,355,4.546875
73,239,312,3.2739726027397262
36,281,317,7.805555555555555
38,339,377,8.921052631578947
115,966,1081,8.4
15,50,65,3.3333333333333335
1270,330,1600,0.25984251968503935
28,432,460,15.428571428571429
193,286,479,1.4818652849740932
31,656,687,21.161290322580644
17,268,285,15.764705882352942
509,620,1129,1.218074656188605
17,96,113,5.647058823529412
7,375,382,53.57142857142857
8,251,259,31.375
3,1035,1038,345.0
2211,32,2243,0.014473089099954772
16,333,349,20.8125
12,782,794,65.16666666666667
9,86,95,9.555555555555555
1411,349,1760,0.24734231041814317
25,58,83,2.32
840,8,848,0.009523809523809525
151,604,755,4.0
116,580,696,5.0
39,295,334,7.564102564102564
16,73,89,4.5625
53,358,411,6.754716981132075
23,14,37,0.6086956521739131
309,185,494,0.598705501618123
1226,489,1715,0.398858075040783
15,719,734,47.93333333333333
27,464,491,17.185185185185187
4,12,16,3.0
1743,530,2273,0.30407343660355707
22,29,51,1.3181818181818181
41,222,263,5.414634146341464
1070,217,1287,0.202803738317757
15,501,516,33.4
10,271,281,27.1
472,52,524,0.11016949152542373
26,114,140,4.384615384615385
54,949,1003,17.574074074074073
15,306,321,20.4
14,173,187,12.357142857142858
20,66,86,3.3
11,133,144,12.090909090909092
18,293,311,16.27777777777778
17,524,541,30.823529411764707
11,126,137,11.454545454545455
17,87,104,5.117647058823529
49,538,587,10.979591836734693
31,542,573,17.483870967741936
86,60,146,0.6976744186046512
13,375,388,28.846153846153847
15,573,588,38.2
526,195,721,0.37072243346007605
6,271,277,45.166666666666664
507,179,686,0.3530571992110454
11,318,329,28.90909090909091
189,148,337,0.783068783068783
36,98,134,2.7222222222222223
21,351,372,16.714285714285715
35,673,708,19.228571428571428
383,141,524,0.3681462140992167
42,481,523,11.452380952380953
18,566,584,31.444444444444443
186,162,348,0.8709677419354839
11,70,81,6.363636363636363
78,392,470,5.0256410256410255
73,258,331,3.5342465753424657
86,285,371,3.313953488372093
75,905,980,12.066666666666666
683,176,859,0.25768667642752563
14,641,655,45.785714285714285
35,136,171,3.8857142857142857
9,63,72,7.0
32,426,458,13.3125
88,636,724,7.2272727272727275
125,99,224,0.792
11,138,149,12.545454545454545
16,491,507,30.6875
15,70,85,4.666666666666667
15,260,275,17.333333333333332
32,197,229,6.15625
19,905,924,47.63157894736842
12,220,232,18.333333333333332
79,54,133,0.6835443037974683
1778,26,1804,0.014623172103487065
36,549,585,15.25
729,782,1511,1.0727023319615911
36,276,312,7.666666666666667
7,273,280,39.0
20,258,278,12.9
40,913,953,22.825
131,276,407,2.1068702290076335
5,9,14,1.8
58,184,242,3.1724137931034484
57,788,845,13.824561403508772
1114,170,1284,0.1526032315978456
868,675,1543,0.7776497695852534
29,295,324,10.172413793103448
40,208,248,5.2
45,196,241,4.355555555555555
28,386,414,13.785714285714286
2771,219,2990,0.079032840129917
375,288,663,0.768
212,290,502,1.3679245283018868
38,734,772,19.31578947368421
935,397,1332,0.42459893048128344
213,119,332,0.5586854460093896
10,175,185,17.5
17,524,541,30.823529411764707
29,500,529,17.24137931034483
17,254,271,14.941176470588236
25,454,479,18.16
67,269,336,4.014925373134329
8,136,144,17.0
2,40,42,20.0
15,469,484,31.266666666666666
32,392,424,12.25
30,254,284,8.466666666666667
11,376,387,34.18181818181818
31,278,309,8.96774193548387
21,154,175,7.333333333333333
19,274,293,14.421052631578947
1963,737,2700,0.37544574630667343
216,445,661,2.060185185185185
50,203,253,4.06
401,338,739,0.8428927680798005
18,416,434,23.11111111111111
59,515,574,8.728813559322035
23,323,346,14.043478260869565
28,284,312,10.142857142857142
22,381,403,17.318181818181817
15,284,299,18.933333333333334
18,31,49,1.7222222222222223
21,277,298,13.19047619047619
279,464,743,1.6630824372759856
3810,276,4086,0.07244094488188976
15,259,274,17.266666666666666
16,267,283,16.6875
40,376,416,9.4
16,11,27,0.6875
178,251,429,1.4101123595505618
1373,49,1422,0.035688273852876914
22,434,456,19.727272727272727
11,327,338,29.727272727272727
19,390,409,20.526315789473685
218,338,556,1.5504587155963303
26,142,168,5.461538461538462
2849,152,3001,0.053352053352053355
75,357,432,4.76
104,229,333,2.201923076923077
552,121,673,0.21920289855072464
10,157,167,15.7
87,803,890,9.229885057471265
1593,396,1989,0.24858757062146894
23,99,122,4.304347826086956
27,434,461,16.074074074074073
29,455,484,15.689655172413794
84,182,266,2.1666666666666665
797,142,939,0.178168130489335
35,116,151,3.3142857142857145
1354,960,2314,0.7090103397341211
9,103,112,11.444444444444445
165,333,498,2.018181818181818
65,157,222,2.4153846153846152
183,438,621,2.3934426229508197
20,492,512,24.6
1787,469,2256,0.26245103525461666
28,497,525,17.75
521,5,526,0.009596928982725527
6,221,227,36.833333333333336
1063,96,1159,0.09031044214487301
12,52,64,4.333333333333333
54,848,902,15.703703703703704
12,226,238,18.833333333333332
13,37,50,2.8461538461538463
199,512,711,2.5728643216080402
535,524,1059,0.9794392523364486
49,148,197,3.020408163265306
172,208,380,1.2093023255813953
10,228,238,22.8
372,111,483,0.29838709677419356
2673,80,2753,0.029928918817807706
2,11,13,5.5
27,88,115,3.259259259259259
36,389,425,10.805555555555555
12,158,170,13.166666666666666
11,298,309,27.09090909090909
9,408,417,45.333333333333336
309,181,490,0.5857605177993528
278,14,292,0.050359712230215826
4,42,46,10.5
2162,587,2749,0.27150786308973174
1888,996,2884,0.527542372881356
68,328,396,4.823529411764706
30,347,377,11.566666666666666
3,55,58,18.333333333333332
156,95,251,0.6089743589743589
34,172,206,5.0588235294117645
341,505,846,1.4809384164222874
77,217,294,2.8181818181818183
58,394,452,6.793103448275862
236,398,634,1.6864406779661016
35,189,224,5.4
33,262,295,7.9393939393939394
1375,418,1793,0.304
30,66,96,2.2
187,164,351,0.8770053475935828
21,159,180,7.571428571428571
26,448,474,17.23076923076923
10,120,130,12.0
19,374,393,19.68421052631579
68,29,97,0.4264705882352941
92,398,490,4.326086956521739
3,12,15,4.0
195,596,791,3.056410256410256
563,293,856,0.5204262877442274
9,22,31,2.4444444444444446
12,334,346,27.833333333333332
24,529,553,22.041666666666668
42,938,980,22.333333333333332
7,132,139,18.857142857142858
106,362,468,3.4150943396226414
12,726,738,60.5
2,29,31,14.5
19,267,286,14.052631578947368
11,436,447,39.63636363636363
152,16,168,0.10526315789473684
9,268,277,29.77777777777778
20,146,166,7.3
167,944,1111,5.652694610778443
11,86,97,7.818181818181818
21,425,446,20.238095238095237
22,622,644,28.272727272727273
3119,91,3210,0.029176017954472586
23,91,114,3.9565217391304346
23,598,621,26.0
8,1003,1011,125.375
10,215,225,21.5
31,352,383,11.35483870967742
38,424,462,11.157894736842104
164,41,205,0.25
96,702,798,7.3125
8,20,28,2.5
55,45,100,0.8181818181818182
7,70,77,10.0
61,297,358,4.868852459016393
265,477,742,1.8
25,533,558,21.32
23,18,41,0.782608695652174
3400,8,3408,0.002352941176470588
23,51,74,2.217391304347826
24,287,311,11.958333333333334
95,540,635,5.684210526315789
9,423,432,47.0
21,335,356,15.952380952380953
3,289,292,96.33333333333333
13,246,259,18.923076923076923
3,11,14,3.6666666666666665
31,376,407,12.129032258064516
36,165,201,4.583333333333333
14,250,264,17.857142857142858
15,419,434,27.933333333333334
262,121,383,0.4618320610687023
19,379,398,19.94736842105263
2312,402,2714,0.17387543252595156
3,93,96,31.0
22,527,549,23.954545454545453
2749,1016,3765,0.36958894143324844
21,179,200,8.523809523809524
21,448,469,21.333333333333332
2,11,13,5.5
909,188,1097,0.2068206820682068
22,202,224,9.181818181818182
42,381,423,9.071428571428571
12,23,35,1.9166666666666667
1833,35,1868,0.019094380796508457
13,140,153,10.76923076923077
12,8,20,0.6666666666666666
29,50,79,1.7241379310344827
57,262,319,4.5964912280701755
39,662,701,16.974358974358974
24,281,305,11.708333333333334
78,302,380,3.871794871794872
25,35,60,1.4
40,172,212,4.3
74,961,1035,12.986486486486486
123,873,996,7.097560975609756
29,504,533,17.379310344827587
4,145,149,36.25
1426,163,1589,0.11430575035063113
31,966,997,31.161290322580644
22,300,322,13.636363636363637
22,337,359,15.318181818181818
73,109,182,1.4931506849315068
3284,153,3437,0.04658952496954933
530,8,538,0.01509433962264151
35,812,847,23.2
383,141,524,0.3681462140992167
124,220,344,1.7741935483870968
16,299,315,18.6875
715,470,1185,0.6573426573426573
36,299,335,8.305555555555555
28,294,322,10.5
16,190,206,11.875
13,168,181,12.923076923076923
10,56,66,5.6
18,42,60,2.3333333333333335
46,483,529,10.5
11,182,193,16.545454545454547
13,34,47,2.6153846153846154
167,944,1111,5.652694610778443
6,232,238,38.666666666666664
726,32,758,0.0440771349862259
131,102,233,0.7786259541984732
42,190,232,4.523809523809524
50,477,527,9.54
2230,36,2266,0.016143497757847534
41,418,459,10.195121951219512
48,265,313,5.520833333333333
89,1032,1121,11.595505617977528
29,502,531,17.310344827586206
37,956,993,25.83783783783784
1273,94,1367,0.07384131971720345
3016,29,3045,0.009615384615384616
3,78,81,26.0
16,268,284,16.75
458,373,831,0.8144104803493449
156,513,669,3.2884615384615383
11,144,155,13.090909090909092
76,482,558,6.342105263157895
9,88,97,9.777777777777779
17,349,366,20.529411764705884
10,5,15,0.5
3,229,232,76.33333333333333
29,248,277,8.551724137931034
20,114,134,5.7
5,190,195,38.0
911,325,1236,0.3567508232711306
11,162,173,14.727272727272727
17,511,528,30.058823529411764
92,823,915,8.945652173913043
16,352,368,22.0
58,173,231,2.9827586206896552
10,108,118,10.8
757,602,1359,0.7952443857331571
24,367,391,15.291666666666666
35,505,540,14.428571428571429
18,38,56,2.111111111111111
23,775,798,33.69565217391305
9,352,361,39.111111111111114
11,246,257,22.363636363636363
4,64,68,16.0
32,188,220,5.875
17,790,807,46.470588235294116
164,196,360,1.1951219512195121
49,880,929,17.959183673469386
2962,154,3116,0.05199189736664416
12,689,701,57.416666666666664
580,985,1565,1.6982758620689655
17,318,335,18.705882352941178
1290,963,2253,0.7465116279069768
27,582,609,21.555555555555557
36,391,427,10.86111111111111
2082,12,2094,0.005763688760806916
36,334,370,9.277777777777779
410,76,486,0.18536585365853658
9,12,21,1.3333333333333333
15,376,391,25.066666666666666
25,154,179,6.16
9,277,286,30.77777777777778
1289,148,1437,0.11481768813033359
56,162,218,2.892857142857143
24,426,450,17.75
146,101,247,0.6917808219178082
17,384,401,22.58823529411765
10,383,393,38.3
26,305,331,11.73076923076923
27,333,360,12.333333333333334
24,472,496,19.666666666666668
42,371,413,8.833333333333334
37,208,245,5.621621621621622
24,281,305,11.708333333333334
13,357,370,27.46153846153846
303,1052,1355,3.4719471947194718
1503,880,2383,0.5854956753160346
67,840,907,12.537313432835822
91,657,748,7.21978021978022
46,170,216,3.6956521739130435
342,452,794,1.3216374269005848
1656,162,1818,0.09782608695652174
62,5,67,0.08064516129032258
57,408,465,7.157894736842105
26,836,862,32.15384615384615
13,145,158,11.153846153846153
10,694,704,69.4
8,88,96,11.0
10,530,540,53.0
253,186,439,0.7351778656126482
61,550,611,9.01639344262295
134,69,203,0.5149253731343284
33,843,876,25.545454545454547
25,264,289,10.56
15,164,179,10.933333333333334
951,128,1079,0.13459516298633017
20,308,328,15.4
443,122,565,0.27539503386004516
8,89,97,11.125
14,408,422,29.142857142857142
127,255,382,2.0078740157480315
1539,180,1719,0.11695906432748537
225,26,251,0.11555555555555555
22,405,427,18.40909090909091
82,9,91,0.10975609756097561
15,605,620,40.333333333333336
92,977,1069,10.619565217391305
17,302,319,17.764705882352942
57,477,534,8.368421052631579
33,84,117,2.5454545454545454
241,211,452,0.8755186721991701
455,527,982,1.1582417582417583
8,264,272,33.0
433,261,694,0.6027713625866051
118,533,651,4.516949152542373
27,466,493,17.25925925925926
205,305,510,1.4878048780487805
308,780,1088,2.5324675324675323
644,33,677,0.05124223602484472
10,125,135,12.5
2767,479,3246,0.17311167329237442
2,11,13,5.5
13,171,184,13.153846153846153
431,332,763,0.7703016241299304
26,346,372,13.307692307692308
82,576,658,7.024390243902439
10,333,343,33.3
21,750,771,35.714285714285715
458,582,1040,1.2707423580786026
31,525,556,16.93548387096774
1035,198,1233,0.19130434782608696
17,642,659,37.76470588235294
8,283,291,35.375
22,315,337,14.318181818181818
12,847,859,70.58333333333333
8,238,246,29.75
127,412,539,3.2440944881889764
153,950,1103,6.209150326797386
3461,183,3644,0.05287489164981219
38,35,73,0.9210526315789473
47,39,86,0.8297872340425532
8,176,184,22.0
3867,83,3950,0.021463666925265062
24,327,351,13.625
32,5,37,0.15625
10,507,517,50.7
525,511,1036,0.9733333333333334
15,162,177,10.8
18,378,396,21.0
379,179,558,0.47229551451187335
10,81,91,8.1
6,17,23,2.8333333333333335
16,196,212,12.25
680,266,946,0.3911764705882353
102,108,210,1.0588235294117647
95,393,488,4.136842105263158
125,678,803,5.424
7,17,24,2.4285714285714284
171,63,234,0.3684210526315789
16,194,210,12.125
12,1123,1135,93.58333333333333
25,191,216,7.64
2,11,13,5.5
124,917,1041,7.395161290322581
10,177,187,17.7
21,637,658,30.333333333333332
7,12,19,1.7142857142857142
5,25,30,5.0
24,345,369,14.375
58,219,277,3.7758620689655173
12,84,96,7.0
2374,167,2541,0.07034540859309182
31,251,282,8.096774193548388
643,158,801,0.24572317262830481
765,19,784,0.02483660130718954
78,604,682,7.743589743589744
5,12,17,2.4
2065,138,2203,0.06682808716707021
127,284,411,2.236220472440945
30,789,819,26.3
123,706,829,5.739837398373984
115,98,213,0.8521739130434782
16,399,415,24.9375
10,364,374,36.4
31,150,181,4.838709677419355
37,325,362,8.783783783783784
27,427,454,15.814814814814815
33,99,132,3.0
516,145,661,0.2810077519379845
2,37,39,18.5
8,143,151,17.875
17,407,424,23.941176470588236
36,475,511,13.194444444444445
53,376,429,7.09433962264151
45,336,381,7.466666666666667
30,205,235,6.833333333333333
132,285,417,2.159090909090909
357,107,464,0.29971988795518206
12,456,468,38.0
22,44,66,2.0
22,549,571,24.954545454545453
69,182,251,2.63768115942029
43,353,396,8.209302325581396
17,376,393,22.11764705882353
18,281,299,15.61111111111111
433,303,736,0.6997690531177829
151,58,209,0.3841059602649007
12,532,544,44.333333333333336
13,228,241,17.53846153846154
126,585,711,4.642857142857143
2222,112,2334,0.050405040504050404
26,821,847,31.576923076923077
10,239,249,23.9
1368,319,1687,0.23318713450292397
10,217,227,21.7
65,217,282,3.3384615384615386
167,944,1111,5.652694610778443
16,307,323,19.1875
51,410,461,8.03921568627451
520,135,655,0.25961538461538464
29,424,453,14.620689655172415
34,155,189,4.5588235294117645
14,951,965,67.92857142857143
1497,901,2398,0.6018704074816299
62,69,131,1.1129032258064515
3,330,333,110.0
18,287,305,15.944444444444445
6,326,332,54.333333333333336
15,249,264,16.6
1398,98,1496,0.07010014306151645
30,151,181,5.033333333333333
1091,803,1894,0.7360219981668195
2,34,36,17.0
28,315,343,11.25
361,825,1186,2.285318559556787
810,239,1049,0.29506172839506173
70,267,337,3.8142857142857145
47,929,976,19.76595744680851
11,201,212,18.272727272727273
2386,421,2807,0.17644593461860855
111,682,793,6.1441441441441444
10,32,42,3.2
21,533,554,25.38095238095238
938,526,1464,0.5607675906183369
776,222,998,0.2860824742268041
27,668,695,24.74074074074074
1270,10,1280,0.007874015748031496
50,463,513,9.26
35,717,752,20.485714285714284
2899,240,3139,0.08278716798896171
26,135,161,5.1923076923076925
1453,410,1863,0.28217481073640743
9,22,31,2.4444444444444446
38,595,633,15.657894736842104
375,353,728,0.9413333333333334
14,344,358,24.571428571428573
71,385,456,5.422535211267606
9,233,242,25.88888888888889
36,281,317,7.805555555555555
44,46,90,1.0454545454545454
400,461,861,1.1525
17,447,464,26.294117647058822
234,314,548,1.3418803418803418
388,424,812,1.092783505154639
355,455,810,1.2816901408450705
102,83,185,0.8137254901960784
5,15,20,3.0
173,339,512,1.9595375722543353
58,322,380,5.551724137931035
36,881,917,24.47222222222222
11,102,113,9.272727272727273
72,365,437,5.069444444444445
414,26,440,0.06280193236714976
34,378,412,11.117647058823529
36,938,974,26.055555555555557
183,33,216,0.18032786885245902
39,238,277,6.102564102564102
101,544,645,5.3861386138613865
121,34,155,0.2809917355371901
3016,29,3045,0.009615384615384616
18,733,751,40.72222222222222
223,144,367,0.6457399103139013
11,305,316,27.727272727272727
325,556,881,1.7107692307692308
412,256,668,0.6213592233009708
1308,1074,2382,0.8211009174311926
32,407,439,12.71875
12,312,324,26.0
798,155,953,0.19423558897243107
102,278,380,2.7254901960784315
94,462,556,4.914893617021277
26,221,247,8.5
11,169,180,15.363636363636363
7,84,91,12.0
96,144,240,1.5
50,43,93,0.86
24,106,130,4.416666666666667
89,125,214,1.404494382022472
11,123,134,11.181818181818182
15,431,446,28.733333333333334
69,121,190,1.7536231884057971
46,720,766,15.652173913043478
24,327,351,13.625
70,480,550,6.857142857142857
470,148,618,0.3148936170212766
307,456,763,1.485342019543974
9,298,307,33.111111111111114
19,330,349,17.36842105263158
45,115,160,2.5555555555555554
41,332,373,8.097560975609756
22,380,402,17.272727272727273
15,375,390,25.0
28,337,365,12.035714285714286
15,163,178,10.866666666666667
260,569,829,2.1884615384615387
16,46,62,2.875
162,272,434,1.6790123456790123
17,197,214,11.588235294117647
15,51,66,3.4
158,416,574,2.632911392405063
662,715,1377,1.0800604229607251
13,716,729,55.07692307692308
130,208,338,1.6
449,83,532,0.18485523385300667
33,140,173,4.242424242424242
16,337,353,21.0625
12,475,487,39.583333333333336
6,586,592,97.66666666666667
15,144,159,9.6
19,15,34,0.7894736842105263
12,120,132,10.0
926,498,1424,0.5377969762419006
20,295,315,14.75
16,399,415,24.9375
1042,18,1060,0.01727447216890595
194,107,301,0.5515463917525774
27,802,829,29.703703703703702
14,108,122,7.714285714285714
478,11,489,0.02301255230125523
94,285,379,3.0319148936170213
11,299,310,27.181818181818183
93,22,115,0.23655913978494625
102,1001,1103,9.813725490196079
20,245,265,12.25
976,815,1791,0.8350409836065574
31,358,389,11.548387096774194
9,403,412,44.77777777777778
43,103,146,2.395348837209302
56,257,313,4.589285714285714
13,86,99,6.615384615384615
4,183,187,45.75
230,348,578,1.5130434782608695
544,155,699,0.2849264705882353
23,169,192,7.3478260869565215
236,84,320,0.3559322033898305
36,79,115,2.1944444444444446
106,493,599,4.650943396226415
23,613,636,26.652173913043477
32,71,103,2.21875
52,516,568,9.923076923076923
46,31,77,0.6739130434782609
748,453,1201,0.6056149732620321
18,292,310,16.22222222222222
19,453,472,23.842105263157894
896,189,1085,0.2109375
1795,362,2157,0.20167130919220055
110,37,147,0.33636363636363636
88,83,171,0.9431818181818182
11,379,390,34.45454545454545
1191,514,1705,0.43157010915197314
14,89,103,6.357142857142857
11,92,103,8.363636363636363
73,142,215,1.9452054794520548
287,381,668,1.3275261324041812
34,255,289,7.5
29,735,764,25.344827586206897
12,462,474,38.5
26,267,293,10.26923076923077
25,122,147,4.88
24,283,307,11.791666666666666
16,240,256,15.0
24,412,436,17.166666666666668
12,150,162,12.5
13,275,288,21.153846153846153
12,305,317,25.416666666666668
1251,114,1365,0.09112709832134293
17,33,50,1.9411764705882353
719,65,784,0.09040333796940195
3,12,15,4.0
11,239,250,21.727272727272727
50,673,723,13.46
12,41,53,3.4166666666666665
3,103,106,34.333333333333336
67,781,848,11.656716417910447
11,114,125,10.363636363636363
4,637,641,159.25
11,214,225,19.454545454545453
12,207,219,17.25
13,436,449,33.53846153846154
38,27,65,0.7105263157894737
7,342,349,48.857142857142854
7,854,861,122.0
13,336,349,25.846153846153847
13,238,251,18.307692307692307
10,93,103,9.3
29,11,40,0.3793103448275862
12,160,172,13.333333333333334
22,290,312,13.181818181818182
3294,38,3332,0.01153612629022465
34,74,108,2.176470588235294
12,131,143,10.916666666666666
12,328,340,27.333333333333332
800,1040,1840,1.3
88,510,598,5.795454545454546
116,884,1000,7.620689655172414
14,280,294,20.0
16,359,375,22.4375
69,269,338,3.898550724637681
391,471,862,1.2046035805626598
1390,5,1395,0.0035971223021582736
19,196,215,10.31578947368421
10,413,423,41.3
21,237,258,11.285714285714286
483,462,945,0.9565217391304348
25,221,246,8.84
134,285,419,2.126865671641791
47,542,589,11.53191489361702
22,16,38,0.7272727272727273
5,228,233,45.6
65,75,140,1.1538461538461537
53,47,100,0.8867924528301887
46,67,113,1.4565217391304348
101,141,242,1.396039603960396
61,178,239,2.918032786885246
6,12,18,2.0
156,517,673,3.3141025641025643
81,335,416,4.135802469135802
18,936,954,52.0
345,844,1189,2.446376811594203
28,198,226,7.071428571428571
14,54,68,3.857142857142857
167,259,426,1.5508982035928143
1557,530,2087,0.340398201669878
29,335,364,11.551724137931034
1538,361,1899,0.23472041612483746
45,364,409,8.088888888888889
22,211,233,9.590909090909092
17,313,330,18.41176470588235
52,367,419,7.0576923076923075
32,351,383,10.96875
28,317,345,11.321428571428571
26,119,145,4.576923076923077
1185,505,1690,0.42616033755274263
68,58,126,0.8529411764705882
223,293,516,1.3139013452914798
5,248,253,49.6
1002,1040,2042,1.0379241516966067
163,420,583,2.576687116564417
43,822,865,19.11627906976744
27,160,187,5.925925925925926
7,273,280,39.0
1800,193,1993,0.10722222222222222
28,901,929,32.17857142857143
332,137,469,0.4126506024096386
626,213,839,0.3402555910543131
26,465,491,17.884615384615383
51,355,406,6.96078431372549
20,750,770,37.5
25,866,891,34.64
193,332,525,1.7202072538860103
11,344,355,31.272727272727273
101,422,523,4.178217821782178
8,166,174,20.75
2,11,13,5.5
11,609,620,55.36363636363637
86,156,242,1.813953488372093
105,102,207,0.9714285714285714
26,975,1001,37.5
36,98,134,2.7222222222222223
35,478,513,13.657142857142857
17,296,313,17.41176470588235
1832,16,1848,0.008733624454148471
27,217,244,8.037037037037036
98,610,708,6.224489795918367
91,434,525,4.769230769230769
8,162,170,20.25
12,644,656,53.666666666666664
51,71,122,1.392156862745098
169,330,499,1.952662721893491
85,568,653,6.682352941176471
12,348,360,29.0
7,82,89,11.714285714285714
28,178,206,6.357142857142857
40,216,256,5.4
22,327,349,14.863636363636363
14,695,709,49.642857142857146
12,689,701,57.416666666666664
66,946,1012,14.333333333333334
13,328,341,25.23076923076923
11,125,136,11.363636363636363
12,252,264,21.0
111,257,368,2.315315315315315
1447,10,1457,0.006910850034554251
2797,30,2827,0.010725777618877368
14,325,339,23.214285714285715
297,545,842,1.835016835016835
17,309,326,18.176470588235293
32,276,308,8.625
15,331,346,22.066666666666666
90,311,401,3.4555555555555557
343,309,652,0.9008746355685131
19,447,466,23.526315789473685
38,411,449,10.81578947368421
204,629,833,3.0833333333333335
13,265,278,20.384615384615383
17,307,324,18.058823529411764
9,699,708,77.66666666666667
21,532,553,25.333333333333332
31,296,327,9.548387096774194
18,483,501,26.833333333333332
31,58,89,1.8709677419354838
378,947,1325,2.505291005291005
29,676,705,23.310344827586206
13,344,357,26.46153846153846
44,61,105,1.3863636363636365
18,26,44,1.4444444444444444
17,30,47,1.7647058823529411
17,215,232,12.647058823529411
3733,76,3809,0.02035896062148406
69,190,259,2.753623188405797
41,389,430,9.487804878048781
65,215,280,3.3076923076923075
14,438,452,31.285714285714285
6,321,327,53.5
32,831,863,25.96875
55,78,133,1.4181818181818182
511,314,825,0.6144814090019569
3,103,106,34.333333333333336
9,148,157,16.444444444444443
143,847,990,5.923076923076923
12,237,249,19.75
17,290,307,17.058823529411764
22,636,658,28.90909090909091
19,26,45,1.368421052631579
101,110,211,1.0891089108910892
82,381,463,4.646341463414634
2088,23,2111,0.011015325670498084
25,275,300,11.0
2,11,13,5.5
131,853,984,6.511450381679389
1283,139,1422,0.1083398285268901
14,364,378,26.0
17,581,598,34.1764705882353
12,560,572,46.666666666666664
12,724,736,60.333333333333336
18,306,324,17.0
24,214,238,8.916666666666666
114,220,334,1.9298245614035088
32,415,447,12.96875
375,432,807,1.152
95,938,1033,9.873684210526315
1074,737,1811,0.686219739292365
29,1045,1074,36.03448275862069
34,361,395,10.617647058823529
127,887,1014,6.984251968503937
442,90,532,0.20361990950226244
43,799,842,18.58139534883721
22,201,223,9.136363636363637
24,231,255,9.625
44,366,410,8.318181818181818
170,758,928,4.458823529411765
410,199,609,0.4853658536585366
102,765,867,7.5
22,100,122,4.545454545454546
209,769,978,3.6794258373205744
10,190,200,19.0
2,11,13,5.5
31,123,154,3.967741935483871
6,251,257,41.833333333333336
6,45,51,7.5
8,184,192,23.0
26,145,171,5.576923076923077
676,390,1066,0.5769230769230769
16,265,281,16.5625
8,676,684,84.5
186,48,234,0.25806451612903225
1805,403,2208,0.22326869806094182
15,1035,1050,69.0
12,87,99,7.25
342,227,569,0.6637426900584795
11,159,170,14.454545454545455
259,169,428,0.6525096525096525
2225,56,2281,0.025168539325842697
123,331,454,2.6910569105691056
687,194,881,0.2823871906841339
16,314,330,19.625
41,285,326,6.951219512195122
753,139,892,0.1845949535192563
98,111,209,1.1326530612244898
28,140,168,5.0
17,380,397,22.352941176470587
159,1096,1255,6.8930817610062896
811,590,1401,0.7274969173859432
260,699,959,2.6884615384615387
591,803,1394,1.3587140439932317
8,283,291,35.375
17,245,262,14.411764705882353
29,456,485,15.724137931034482
35,218,253,6.228571428571429
12,590,602,49.166666666666664
12,20,32,1.6666666666666667
45,763,808,16.955555555555556
110,163,273,1.481818181818182
59,190,249,3.2203389830508473
1035,198,1233,0.19130434782608696
90,300,390,3.3333333333333335
12,49,61,4.083333333333333
42,349,391,8.30952380952381
69,182,251,2.63768115942029
88,246,334,2.7954545454545454
281,417,698,1.4839857651245552
358,276,634,0.770949720670391
18,938,956,52.111111111111114
1662,468,2130,0.2815884476534296
57,22,79,0.38596491228070173
767,433,1200,0.5645371577574967
13,385,398,29.615384615384617
407,261,668,0.6412776412776413
10,129,139,12.9
86,121,207,1.4069767441860466
92,85,177,0.9239130434782609
45,919,964,20.42222222222222
57,144,201,2.526315789473684
193,876,1069,4.538860103626943
14,187,201,13.357142857142858
11,259,270,23.545454545454547
269,737,1006,2.7397769516728623
397,398,795,1.0025188916876575
122,59,181,0.48360655737704916
36,112,148,3.111111111111111
47,41,88,0.8723404255319149
989,34,1023,0.034378159757330634
13,328,341,25.23076923076923
190,367,557,1.931578947368421
240,248,488,1.0333333333333334
12,182,194,15.166666666666666
12,118,130,9.833333333333334
46,734,780,15.956521739130435
67,881,948,13.149253731343284
45,137,182,3.0444444444444443
13,299,312,23.0
180,264,444,1.4666666666666666
504,23,527,0.04563492063492063
81,190,271,2.345679012345679
161,49,210,0.30434782608695654
12,41,53,3.4166666666666665
17,129,146,7.588235294117647
10,140,150,14.0
7,319,326,45.57142857142857
9,58,67,6.444444444444445
17,383,400,22.529411764705884
22,248,270,11.272727272727273
18,614,632,34.111111111111114
16,337,353,21.0625
1373,284,1657,0.20684632192279678
3416,484,3900,0.14168618266978922
13,450,463,34.61538461538461
519,206,725,0.3969171483622351
308,46,354,0.14935064935064934
2,12,14,6.0
27,626,653,23.185185185185187
184,8,192,0.043478260869565216
178,705,883,3.960674157303371
16,215,231,13.4375
83,212,295,2.5542168674698793
3439,273,3712,0.07938354172724629
2566,905,3471,0.3526890101325019
97,459,556,4.731958762886598
12,82,94,6.833333333333333
1327,176,1503,0.13262999246420498
98,119,217,1.2142857142857142
141,483,624,3.425531914893617
750,502,1252,0.6693333333333333
2,11,13,5.5
108,86,194,0.7962962962962963
796,501,1297,0.6293969849246231
1279,1035,2314,0.8092259577795152
795,1001,1796,1.2591194968553459
1693,780,2473,0.4607206142941524
25,291,316,11.64
1993,408,2401,0.20471650777722028
21,327,348,15.571428571428571
25,454,479,18.16
5,41,46,8.2
31,20,51,0.6451612903225806
10,197,207,19.7
124,216,340,1.7419354838709677
13,361,374,27.76923076923077
510,149,659,0.29215686274509806
99,81,180,0.8181818181818182
90,63,153,0.7
70,99,169,1.4142857142857144
42,112,154,2.6666666666666665
26,112,138,4.3076923076923075
96,24,120,0.25
93,452,545,4.860215053763441
7,225,232,32.142857142857146
289,205,494,0.7093425605536332
94,433,527,4.6063829787234045
14,249,263,17.785714285714285
528,154,682,0.2916666666666667
475,180,655,0.37894736842105264
39,63,102,1.6153846153846154
13,712,725,54.76923076923077
15,432,447,28.8
33,818,851,24.78787878787879
126,636,762,5.0476190476190474
100,45,145,0.45
35,387,422,11.057142857142857
34,72,106,2.1176470588235294
17,316,333,18.58823529411765
17,329,346,19.352941176470587
56,59,115,1.0535714285714286
1084,208,1292,0.1918819188191882
13,719,732,55.30769230769231
8,247,255,30.875
580,790,1370,1.3620689655172413
2863,202,3065,0.07055536150890675
181,121,302,0.6685082872928176
1362,960,2322,0.7048458149779736
14,265,279,18.928571428571427
42,259,301,6.166666666666667
24,17,41,0.7083333333333334
570,122,692,0.21403508771929824
69,441,510,6.391304347826087
139,227,366,1.6330935251798562
16,291,307,18.1875
86,208,294,2.4186046511627906
4,465,469,116.25
14,272,286,19.428571428571427
31,235,266,7.580645161290323
126,46,172,0.36507936507936506
31,416,447,13.419354838709678
15,143,158,9.533333333333333
401,629,1030,1.56857855361596
36,413,449,11.472222222222221
175,328,503,1.8742857142857143
12,292,304,24.333333333333332
14,916,930,65.42857142857143
14,303,317,21.642857142857142
27,137,164,5.074074074074074
216,161,377,0.7453703703703703
1854,430,2284,0.2319309600862999
34,234,268,6.882352941176471
7,113,120,16.142857142857142
13,316,329,24.307692307692307
38,231,269,6.078947368421052
349,446,795,1.2779369627507164
67,414,481,6.17910447761194
11,153,164,13.909090909090908
49,625,674,12.755102040816327
18,391,409,21.72222222222222
18,165,183,9.166666666666666
56,281,337,5.017857142857143
463,407,870,0.8790496760259179
22,273,295,12.409090909090908
7,317,324,45.285714285714285
64,223,287,3.484375
10,153,163,15.3
14,110,124,7.857142857142857
69,182,251,2.63768115942029
79,245,324,3.1012658227848102
74,442,516,5.972972972972973
10,319,329,31.9
4,47,51,11.75
26,73,99,2.8076923076923075
67,333,400,4.970149253731344
11,61,72,5.545454545454546
33,129,162,3.909090909090909
12,105,117,8.75
2265,221,2486,0.09757174392935983
28,269,297,9.607142857142858
67,562,629,8.388059701492537
45,252,297,5.6
9,903,912,100.33333333333333
4,29,33,7.25
1605,206,1811,0.12834890965732088
29,315,344,10.862068965517242
1555,129,1684,0.08295819935691319
36,549,585,15.25
482,100,582,0.2074688796680498
44,444,488,10.090909090909092
363,105,468,0.2892561983471074
216,95,311,0.4398148148148148
14,134,148,9.571428571428571
56,263,319,4.696428571428571
81,37,118,0.4567901234567901
8,51,59,6.375
1029,261,1290,0.2536443148688047
55,317,372,5.763636363636364
9,196,205,21.77777777777778
13,230,243,17.692307692307693
172,31,203,0.18023255813953487
18,237,255,13.166666666666666
25,213,238,8.52
19,308,327,16.210526315789473
81,973,1054,12.012345679012345
106,493,599,4.650943396226415
174,150,324,0.8620689655172413
70,228,298,3.257142857142857
13,180,193,13.846153846153847
592,759,1351,1.2820945945945945
75,92,167,1.2266666666666666
14,96,110,6.857142857142857
45,34,79,0.7555555555555555
23,857,880,37.26086956521739
5,126,131,25.2
13,139,152,10.692307692307692
93,173,266,1.8602150537634408
277,647,924,2.335740072202166
77,502,579,6.51948051948052
884,178,1062,0.20135746606334842
10,32,42,3.2
52,473,525,9.096153846153847
11,341,352,31.0
93,420,513,4.516129032258065
5,112,117,22.4
13,595,608,45.76923076923077
11,62,73,5.636363636363637
75,86,161,1.1466666666666667
10,31,41,3.1
20,263,283,13.15
11,131,142,11.909090909090908
69,121,190,1.7536231884057971
26,314,340,12.076923076923077
50,473,523,9.46
17,254,271,14.941176470588236
14,442,456,31.571428571428573
1191,1069,2260,0.8975650713685979
1548,16,1564,0.0103359173126615
21,288,309,13.714285714285714
7,354,361,50.57142857142857
24,434,458,18.083333333333332
22,300,322,13.636363636363637
10,519,529,51.9
19,137,156,7.2105263157894735
8,43,51,5.375
29,114,143,3.9310344827586206
14,147,161,10.5
73,586,659,8.027397260273972
6,27,33,4.5
31,260,291,8.387096774193548
141,168,309,1.1914893617021276
12,655,667,54.583333333333336
124,19,143,0.1532258064516129
54,165,219,3.0555555555555554
6,229,235,38.166666666666664
545,8,553,0.014678899082568808
26,308,334,11.846153846153847
16,88,104,5.5
12,383,395,31.916666666666668
40,291,331,7.275
13,566,579,43.53846153846154
240,355,595,1.4791666666666667
27,608,635,22.51851851851852
229,201,430,0.8777292576419214
31,329,360,10.612903225806452
5,311,316,62.2
14,98,112,7.0
10,305,315,30.5
14,169,183,12.071428571428571
1503,40,1543,0.02661343978709248
31,99,130,3.193548387096774
1468,885,2353,0.6028610354223434
414,118,532,0.28502415458937197
27,105,132,3.888888888888889
498,5,503,0.010040160642570281
81,22,103,0.2716049382716049
18,96,114,5.333333333333333
16,462,478,28.875
19,482,501,25.36842105263158
491,255,746,0.5193482688391039
308,364,672,1.1818181818181819
10,212,222,21.2
92,14,106,0.15217391304347827
178,957,1135,5.376404494382022
8,286,294,35.75
15,190,205,12.666666666666666
233,289,522,1.240343347639485
144,406,550,2.8194444444444446
14,83,97,5.928571428571429
20,409,429,20.45
3634,298,3932,0.08200330214639516
349,10,359,0.02865329512893983
28,267,295,9.535714285714286
84,22,106,0.2619047619047619
9,56,65,6.222222222222222
24,357,381,14.875
218,177,395,0.8119266055045872
268,178,446,0.664179104477612
26,442,468,17.0
11,176,187,16.0
18,754,772,41.888888888888886
135,561,696,4.155555555555556
2556,267,2823,0.10446009389671361
952,84,1036,0.08823529411764706
290,242,532,0.8344827586206897
29,132,161,4.551724137931035
25,549,574,21.96
430,494,924,1.1488372093023256
3,11,14,3.6666666666666665
478,753,1231,1.5753138075313808
1073,84,1157,0.0782851817334576
367,504,871,1.3732970027247957
10,209,219,20.9
4,473,477,118.25
703,41,744,0.05832147937411095
26,438,464,16.846153846153847
92,186,278,2.0217391304347827
54,751,805,13.907407407407407
1034,306,1340,0.29593810444874274
10,387,397,38.7
940,221,1161,0.2351063829787234
31,285,316,9.193548387096774
670,787,1457,1.1746268656716419
45,281,326,6.2444444444444445
10,60,70,6.0
22,720,742,32.72727272727273
738,431,1169,0.5840108401084011
5,140,145,28.0
82,280,362,3.4146341463414633
41,453,494,11.048780487804878
37,427,464,11.54054054054054
53,510,563,9.622641509433961
10,963,973,96.3
30,331,361,11.033333333333333
33,684,717,20.727272727272727
12,321,333,26.75
554,137,691,0.24729241877256317
3,39,42,13.0
15,355,370,23.666666666666668
43,39,82,0.9069767441860465
30,554,584,18.466666666666665
498,444,942,0.891566265060241
34,498,532,14.647058823529411
26,315,341,12.115384615384615
1067,46,1113,0.04311152764761012
950,6,956,0.00631578947368421
16,273,289,17.0625
1920,32,1952,0.016666666666666666
223,708,931,3.1748878923766815
17,435,452,25.58823529411765
15,256,271,17.066666666666666
57,256,313,4.491228070175438
18,145,163,8.055555555555555
11,363,374,33.0
2,41,43,20.5
114,359,473,3.1491228070175437
252,330,582,1.3095238095238095
215,490,705,2.2790697674418605
79,298,377,3.7721518987341773
2,11,13,5.5
6,30,36,5.0
17,377,394,22.176470588235293
57,35,92,0.6140350877192983
11,416,427,37.81818181818182
40,46,86,1.15
27,336,363,12.444444444444445
22,90,112,4.090909090909091
108,662,770,6.12962962962963
420,5,425,0.011904761904761904
43,483,526,11.232558139534884
138,276,414,2.0
22,526,548,23.90909090909091
916,5,921,0.0054585152838427945
15,417,432,27.8
78,392,470,5.0256410256410255
6,275,281,45.833333333333336
68,360,428,5.294117647058823
3,11,14,3.6666666666666665
2,54,56,27.0
24,281,305,11.708333333333334
8,367,375,45.875
35,503,538,14.371428571428572
18,190,208,10.555555555555555
111,682,793,6.1441441441441444
13,301,314,23.153846153846153
12,733,745,61.083333333333336
871,209,1080,0.2399540757749713
490,54,544,0.11020408163265306
320,205,525,0.640625
2,11,13,5.5
1088,322,1410,0.2959558823529412
9,409,418,45.44444444444444
380,505,885,1.3289473684210527
22,881,903,40.04545454545455
2,30,32,15.0
7,120,127,17.142857142857142
43,716,759,16.651162790697676
8,116,124,14.5
32,356,388,11.125
644,5,649,0.007763975155279503
4,401,405,100.25
378,376,754,0.9947089947089947
31,357,388,11.516129032258064
77,327,404,4.246753246753247
15,511,526,34.06666666666667
172,172,344,1.0
70,294,364,4.2
18,288,306,16.0
191,365,556,1.9109947643979057
56,575,631,10.267857142857142
41,682,723,16.634146341463413
8,28,36,3.5
19,823,842,43.31578947368421
55,755,810,13.727272727272727
1426,232,1658,0.16269284712482468
19,349,368,18.36842105263158
34,413,447,12.147058823529411
59,946,1005,16.033898305084747
23,123,146,5.3478260869565215
49,598,647,12.204081632653061
11,255,266,23.181818181818183
17,401,418,23.58823529411765
26,487,513,18.73076923076923
24,267,291,11.125
6,143,149,23.833333333333332
145,340,485,2.3448275862068964
19,850,869,44.73684210526316
77,261,338,3.3896103896103895
12,525,537,43.75
20,419,439,20.95
451,717,1168,1.58980044345898
16,153,169,9.5625
11,278,289,25.272727272727273
2,22,24,11.0
1781,451,2232,0.253228523301516
540,600,1140,1.1111111111111112
570,965,1535,1.6929824561403508
10,253,263,25.3
72,471,543,6.541666666666667
1322,791,2113,0.5983358547655068
66,270,336,4.090909090909091
21,37,58,1.7619047619047619
1039,211,1250,0.2030798845043311
14,95,109,6.785714285714286
25,461,486,18.44
9,112,121,12.444444444444445
6,41,47,6.833333333333333
287,320,607,1.1149825783972125
51,218,269,4.2745098039215685
7,131,138,18.714285714285715
87,266,353,3.057471264367816
11,279,290,25.363636363636363
119,101,220,0.8487394957983193
15,461,476,30.733333333333334
1295,124,1419,0.09575289575289575
2654,259,2913,0.09758854559155991
51,813,864,15.941176470588236
1538,361,1899,0.23472041612483746
2382,17,2399,0.007136859781696054
20,153,173,7.65
45,188,233,4.177777777777778
462,349,811,0.7554112554112554
132,107,239,0.8106060606060606
9,173,182,19.22222222222222
12,326,338,27.166666666666668
10,64,74,6.4
443,609,1052,1.3747178329571106
3379,163,3542,0.048239124001183784
24,281,305,11.708333333333334
45,46,91,1.0222222222222221
664,37,701,0.05572289156626506
1200,269,1469,0.22416666666666665
27,97,124,3.5925925925925926
163,487,650,2.9877300613496933
76,404,480,5.315789473684211
825,695,1520,0.8424242424242424
45,147,192,3.2666666666666666
3,12,15,4.0
8,103,111,12.875
98,24,122,0.24489795918367346
17,111,128,6.529411764705882
18,415,433,23.055555555555557
7,180,187,25.714285714285715
10,10,20,1.0
23,241,264,10.478260869565217
11,204,215,18.545454545454547
11,224,235,20.363636363636363
46,166,212,3.608695652173913
36,440,476,12.222222222222221
23,35,58,1.5217391304347827
50,262,312,5.24
8,96,104,12.0
25,149,174,5.96
25,218,243,8.72
19,766,785,40.31578947368421
60,379,439,6.316666666666666
17,65,82,3.823529411764706
12,150,162,12.5
47,214,261,4.553191489361702
262,63,325,0.24045801526717558
3682,21,3703,0.005703422053231939
11,125,136,11.363636363636363
10,544,554,54.4
26,313,339,12.038461538461538
203,347,550,1.70935960591133
109,380,489,3.4862385321100917
31,525,556,16.93548387096774
21,246,267,11.714285714285714
492,513,1005,1.0426829268292683
123,504,627,4.097560975609756
961,582,1543,0.6056191467221644
22,314,336,14.272727272727273
6,715,721,119.16666666666667
74,454,528,6.135135135135135
558,313,871,0.5609318996415771
1173,93,1266,0.0792838874680307
32,586,618,18.3125
1240,568,1808,0.45806451612903226
2,178,180,89.0
142,26,168,0.18309859154929578
18,488,506,27.11111111111111
46,753,799,16.369565217391305
20,537,557,26.85
9,182,191,20.22222222222222
16,67,83,4.1875
15,257,272,17.133333333333333
20,23,43,1.15
85,102,187,1.2
367,49,416,0.1335149863760218
17,254,271,14.941176470588236
13,518,531,39.84615384615385
194,179,373,0.9226804123711341
493,4,497,0.008113590263691683
1741,470,2211,0.269959793222286
41,460,501,11.21951219512195
15,398,413,26.533333333333335
997,165,1162,0.16549648946840523
16,296,312,18.5
17,452,469,26.58823529411765
23,598,621,26.0
29,361,390,12.448275862068966
176,63,239,0.35795454545454547
32,127,159,3.96875
135,889,1024,6.5851851851851855
23,89,112,3.869565217391304
30,86,116,2.8666666666666667
18,306,324,17.0
12,168,180,14.0
4,575,579,143.75
14,95,109,6.785714285714286
33,475,508,14.393939393939394
20,31,51,1.55
9,115,124,12.777777777777779
1941,289,2230,0.14889232354456466
226,306,532,1.3539823008849559
209,55,264,0.2631578947368421
10,69,79,6.9
40,411,451,10.275
1942,966,2908,0.49742533470648814
3,268,271,89.33333333333333
58,184,242,3.1724137931034484
13,44,57,3.3846153846153846
7,199,206,28.428571428571427
9,16,25,1.7777777777777777
6,161,167,26.833333333333332
37,385,422,10.405405405405405
84,334,418,3.9761904761904763
98,694,792,7.081632653061225
7,89,96,12.714285714285714
697,404,1101,0.5796269727403156
17,190,207,11.176470588235293
301,114,415,0.3787375415282392
2283,492,2775,0.21550591327201052
8,230,238,28.75
12,280,292,23.333333333333332
96,952,1048,9.916666666666666
20,282,302,14.1
941,140,1081,0.1487778958554729
18,265,283,14.722222222222221
10,386,396,38.6
97,451,548,4.649484536082475
16,207,223,12.9375
641,540,1181,0.8424336973478939
58,219,277,3.7758620689655173
868,808,1676,0.9308755760368663
65,201,266,3.0923076923076924
31,285,316,9.193548387096774
96,31,127,0.3229166666666667
12,894,906,74.5
33,162,195,4.909090909090909
39,327,366,8.384615384615385
38,422,460,11.105263157894736
143,846,989,5.916083916083916
12,341,353,28.416666666666668
19,4,23,0.21052631578947367
11,114,125,10.363636363636363
8,98,106,12.25
16,493,509,30.8125
30,254,284,8.466666666666667
10,13,23,1.3
24,368,392,15.333333333333334
19,876,895,46.10526315789474
143,110,253,0.7692307692307693
52,767,819,14.75
2058,130,2188,0.06316812439261418
21,171,192,8.142857142857142
95,284,379,2.9894736842105263
34,108,142,3.176470588235294
35,269,304,7.685714285714286
76,64,140,0.8421052631578947
805,23,828,0.02857142857142857
17,195,212,11.470588235294118
21,286,307,13.619047619047619
25,309,334,12.36
26,570,596,21.923076923076923
217,111,328,0.511520737327189
23,369,392,16.043478260869566
52,50,102,0.9615384615384616
8,84,92,10.5
461,395,856,0.8568329718004338
12,205,217,17.083333333333332
104,71,175,0.6826923076923077
450,611,1061,1.3577777777777778
11,190,201,17.272727272727273
21,283,304,13.476190476190476
62,472,534,7.612903225806452
14,615,629,43.92857142857143
283,94,377,0.3321554770318021
23,384,407,16.695652173913043
44,366,410,8.318181818181818
13,486,499,37.38461538461539
181,121,302,0.6685082872928176
22,516,538,23.454545454545453
1399,941,2340,0.6726233023588277
36,277,313,7.694444444444445
2,11,13,5.5
15,372,387,24.8
216,197,413,0.9120370370370371
10,336,346,33.6
81,310,391,3.8271604938271606
246,241,487,0.9796747967479674
8,340,348,42.5
65,462,527,7.107692307692307
61,412,473,6.754098360655738
26,999,1025,38.42307692307692
1957,26,1983,0.013285641287685232
87,212,299,2.4367816091954024
2,11,13,5.5
86,373,459,4.337209302325581
789,7,796,0.008871989860583017
6,78,84,13.0
7,421,428,60.142857142857146
20,173,193,8.65
21,351,372,16.714285714285715
1921,116,2037,0.06038521603331598
10,74,84,7.4
63,198,261,3.142857142857143
14,152,166,10.857142857142858
14,784,798,56.0
8,336,344,42.0
56,247,303,4.410714285714286
26,458,484,17.615384615384617
910,113,1023,0.12417582417582418
156,200,356,1.2820512820512822
5,719,724,143.8
269,737,1006,2.7397769516728623
21,93,114,4.428571428571429
16,712,728,44.5
14,234,248,16.714285714285715
13,125,138,9.615384615384615
25,474,499,18.96
91,118,209,1.2967032967032968
86,67,153,0.7790697674418605
530,179,709,0.33773584905660375
16,148,164,9.25
19,291,310,15.31578947368421
24,376,400,15.666666666666666
111,753,864,6.783783783783784
1064,409,1473,0.3843984962406015
16,255,271,15.9375
106,78,184,0.7358490566037735
16,128,144,8.0
8,320,328,40.0
61,985,1046,16.147540983606557
8,344,352,43.0
16,102,118,6.375
29,144,173,4.9655172413793105
28,872,900,31.142857142857142
10,320,330,32.0
28,246,274,8.785714285714286
79,471,550,5.962025316455696
14,249,263,17.785714285714285
19,300,319,15.789473684210526
18,843,861,46.833333333333336
25,266,291,10.64
68,29,97,0.4264705882352941
17,217,234,12.764705882352942
17,254,271,14.941176470588236
58,238,296,4.103448275862069
2164,247,2411,0.11414048059149723
11,112,123,10.181818181818182
6,92,98,15.333333333333334
39,308,347,7.897435897435898
5,161,166,32.2
90,871,961,9.677777777777777
328,234,562,0.7134146341463414
751,832,1583,1.1078561917443408
22,337,359,15.318181818181818
7,140,147,20.0
9,279,288,31.0
35,156,191,4.457142857142857
322,64,386,0.19875776397515527
34,169,203,4.970588235294118
40,360,400,9.0
11,303,314,27.545454545454547
5,425,430,85.0
14,872,886,62.285714285714285
98,192,290,1.9591836734693877
19,552,571,29.05263157894737
183,42,225,0.22950819672131148
25,32,57,1.28
174,337,511,1.9367816091954022
357,329,686,0.9215686274509803
25,402,427,16.08
26,769,795,29.576923076923077
17,533,550,31.352941176470587
46,8,54,0.17391304347826086
28,133,161,4.75
42,36,78,0.8571428571428571
16,247,263,15.4375
8,44,52,5.5
23,245,268,10.652173913043478
387,286,673,0.7390180878552972
109,215,324,1.9724770642201834
748,286,1034,0.38235294117647056
135,133,268,0.9851851851851852
1814,260,2074,0.14332965821389196
11,278,289,25.272727272727273
18,510,528,28.333333333333332
51,120,171,2.3529411764705883
30,370,400,12.333333333333334
248,150,398,0.6048387096774194
125,439,564,3.512
17,108,125,6.352941176470588
34,602,636,17.705882352941178
100,863,963,8.63
151,485,636,3.2119205298013247
5,688,693,137.6
85,751,836,8.83529411764706
173,493,666,2.8497109826589595
106,96,202,0.9056603773584906
6,251,257,41.833333333333336
495,4,499,0.00808080808080808
99,957,1056,9.666666666666666
33,251,284,7.606060606060606
759,1070,1829,1.4097496706192358
62,185,247,2.9838709677419355
15,134,149,8.933333333333334
2729,321,3050,0.1176255038475632
1251,83,1334,0.06634692246203037
17,307,324,18.058823529411764
35,924,959,26.4
14,102,116,7.285714285714286
62,547,609,8.82258064516129
41,65,106,1.5853658536585367
44,131,175,2.977272727272727
2,11,13,5.5
48,244,292,5.083333333333333
123,129,252,1.048780487804878
205,305,510,1.4878048780487805
2420,87,2507,0.03595041322314049
12,253,265,21.083333333333332
9,56,65,6.222222222222222
12,625,637,52.083333333333336
9,141,150,15.666666666666666
1014,363,1377,0.35798816568047337
318,46,364,0.14465408805031446
5,152,157,30.4
1710,315,2025,0.18421052631578946
95,251,346,2.642105263157895
33,412,445,12.484848484848484
2554,223,2777,0.08731401722787784
6,240,246,40.0
25,241,266,9.64
2428,61,2489,0.02512355848434926
16,184,200,11.5
37,45,82,1.2162162162162162
12,351,363,29.25
2,71,73,35.5
117,113,230,0.9658119658119658
205,581,786,2.8341463414634145
111,309,420,2.7837837837837838
250,396,646,1.584
295,856,1151,2.9016949152542373
7,13,20,1.8571428571428572
35,826,861,23.6
17,190,207,11.176470588235293
10,174,184,17.4
11,313,324,28.454545454545453
1620,223,1843,0.13765432098765432
9,186,195,20.666666666666668
3205,111,3316,0.034633385335413415
914,373,1287,0.40809628008752735
128,169,297,1.3203125
85,603,688,7.094117647058823
16,172,188,10.75
654,377,1031,0.5764525993883792
24,682,706,28.416666666666668
487,319,806,0.6550308008213552
27,269,296,9.962962962962964
98,111,209,1.1326530612244898
168,877,1045,5.220238095238095
10,235,245,23.5
11,223,234,20.272727272727273
36,168,204,4.666666666666667
37,150,187,4.054054054054054
88,756,844,8.590909090909092
21,338,359,16.095238095238095
3630,106,3736,0.029201101928374655
60,261,321,4.35
7,68,75,9.714285714285714
74,458,532,6.1891891891891895
46,232,278,5.043478260869565
14,289,303,20.642857142857142
41,301,342,7.341463414634147
2598,387,2985,0.1489607390300231
394,49,443,0.12436548223350254
91,332,423,3.6483516483516483
20,448,468,22.4
47,222,269,4.723404255319149
4,138,142,34.5
284,447,731,1.573943661971831
51,8,59,0.1568627450980392
16,215,231,13.4375
13,381,394,29.307692307692307
15,209,224,13.933333333333334
12,367,379,30.583333333333332
39,514,553,13.179487179487179
11,388,399,35.27272727272727
81,421,502,5.197530864197531
27,328,355,12.148148148148149
20,108,128,5.4
104,583,687,5.605769230769231
6,77,83,12.833333333333334
43,573,616,13.325581395348838
23,573,596,24.91304347826087
24,91,115,3.7916666666666665
125,193,318,1.544
14,256,270,18.285714285714285
17,227,244,13.352941176470589
1598,256,1854,0.16020025031289112
65,461,526,7.092307692307692
38,246,284,6.473684210526316
1,32,33,32.0
1804,469,2273,0.25997782705099776
13,140,153,10.76923076923077
1145,105,1250,0.09170305676855896
12,366,378,30.5
837,428,1265,0.5113500597371565
30,600,630,20.0
25,31,56,1.24
2,11,13,5.5
24,498,522,20.75
23,857,880,37.26086956521739
553,472,1025,0.8535262206148282
1355,46,1401,0.03394833948339483
2324,191,2515,0.08218588640275387
711,172,883,0.2419127988748242
15,290,305,19.333333333333332
365,326,691,0.8931506849315068
65,693,758,10.661538461538461
3,330,333,110.0
520,37,557,0.07115384615384615
571,93,664,0.1628721541155867
55,148,203,2.690909090909091
17,217,234,12.764705882352942
304,964,1268,3.1710526315789473
38,400,438,10.526315789473685
79,128,207,1.620253164556962
1283,647,1930,0.5042868277474669
208,146,354,0.7019230769230769
12,120,132,10.0
143,219,362,1.5314685314685315
9,290,299,32.22222222222222
48,163,211,3.3958333333333335
18,534,552,29.666666666666668
9,221,230,24.555555555555557
35,409,444,11.685714285714285
13,102,115,7.846153846153846
487,289,776,0.5934291581108829
9,76,85,8.444444444444445
19,465,484,24.473684210526315
252,180,432,0.7142857142857143
9,109,118,12.11111111111111
12,283,295,23.583333333333332
15,355,370,23.666666666666668
32,296,328,9.25
2843,402,3245,0.14139992965177628
1532,289,1821,0.18864229765013055
203,309,512,1.522167487684729
27,225,252,8.333333333333334
12,367,379,30.583333333333332
26,279,305,10.73076923076923
7,325,332,46.42857142857143
408,944,1352,2.3137254901960786
18,416,434,23.11111111111111
22,434,456,19.727272727272727
12,522,534,43.5
39,425,464,10.897435897435898
374,491,865,1.3128342245989304
11,343,354,31.181818181818183
1201,453,1654,0.3771856786011657
4,11,15,2.75
139,154,293,1.1079136690647482
574,419,993,0.7299651567944251
30,825,855,27.5
62,185,247,2.9838709677419355
259,774,1033,2.988416988416988
11,110,121,10.0
84,624,708,7.428571428571429
6,79,85,13.166666666666666
10,762,772,76.2
36,272,308,7.555555555555555
33,688,721,20.848484848484848
5,149,154,29.8
14,142,156,10.142857142857142
14,975,989,69.64285714285714
843,436,1279,0.5172004744958482
14,394,408,28.142857142857142
29,110,139,3.793103448275862
356,697,1053,1.9578651685393258
610,410,1020,0.6721311475409836
8,314,322,39.25
109,502,611,4.605504587155964
5,302,307,60.4
38,688,726,18.105263157894736
22,376,398,17.09090909090909
2316,140,2456,0.06044905008635579
50,217,267,4.34
19,630,649,33.1578947368421
13,122,135,9.384615384615385
14,527,541,37.642857142857146
77,100,177,1.2987012987012987
1475,607,2082,0.41152542372881357
37,333,370,9.0
817,140,957,0.17135862913096694
5,139,144,27.8
3527,417,3944,0.11823079104054438
40,266,306,6.65
25,427,452,17.08
21,262,283,12.476190476190476
654,289,943,0.4418960244648318
19,758,777,39.89473684210526
25,925,950,37.0
14,530,544,37.857142857142854
2462,852,3314,0.3460601137286759
6,224,230,37.333333333333336
41,730,771,17.804878048780488
47,438,485,9.319148936170214
145,614,759,4.23448275862069
52,223,275,4.288461538461538
8,260,268,32.5
59,199,258,3.3728813559322033
79,846,925,10.708860759493671
241,479,720,1.987551867219917
1548,16,1564,0.0103359173126615
54,367,421,6.796296296296297
44,462,506,10.5
48,128,176,2.6666666666666665
22,22,44,1.0
19,298,317,15.68421052631579
26,483,509,18.576923076923077
21,520,541,24.761904761904763
624,145,769,0.23237179487179488
106,362,468,3.4150943396226414
2392,247,2639,0.10326086956521739
89,956,1045,10.741573033707866
10,330,340,33.0
190,466,656,2.4526315789473685
203,418,621,2.0591133004926108
194,266,460,1.3711340206185567
48,1147,1195,23.895833333333332
39,277,316,7.102564102564102
38,210,248,5.526315789473684
41,278,319,6.780487804878049
247,364,611,1.4736842105263157
15,121,136,8.066666666666666
32,186,218,5.8125
100,312,412,3.12
41,19,60,0.4634146341463415
62,341,403,5.5
172,1043,1215,6.063953488372093
1255,691,1946,0.550597609561753
16,295,311,18.4375
64,178,242,2.78125
27,444,471,16.444444444444443
131,489,620,3.732824427480916
54,396,450,7.333333333333333
1166,399,1565,0.3421955403087479
7,221,228,31.571428571428573
7,213,220,30.428571428571427
135,284,419,2.1037037037037036
23,311,334,13.521739130434783
16,117,133,7.3125
885,322,1207,0.3638418079096045
107,15,122,0.14018691588785046
22,150,172,6.818181818181818
103,257,360,2.495145631067961
186,313,499,1.6827956989247312
31,340,371,10.96774193548387
28,367,395,13.107142857142858
23,517,540,22.47826086956522
12,279,291,23.25
60,418,478,6.966666666666667
12,262,274,21.833333333333332
25,27,52,1.08
3003,213,3216,0.07092907092907093
26,50,76,1.9230769230769231
64,506,570,7.90625
235,510,745,2.1702127659574466
352,815,1167,2.315340909090909
13,95,108,7.3076923076923075
107,181,288,1.691588785046729
17,397,414,23.352941176470587
15,8,23,0.5333333333333333
15,426,441,28.4
107,542,649,5.065420560747664
3153,62,3215,0.019663812242308912
2,11,13,5.5
21,171,192,8.142857142857142
92,415,507,4.510869565217392
18,288,306,16.0
13,764,777,58.76923076923077
17,260,277,15.294117647058824
18,545,563,30.27777777777778
40,558,598,13.95
7,350,357,50.0
7,157,164,22.428571428571427
18,114,132,6.333333333333333
7,448,455,64.0
2,35,37,17.5
25,401,426,16.04
14,320,334,22.857142857142858
37,197,234,5.324324324324325
19,363,382,19.105263157894736
260,611,871,2.35
55,277,332,5.036363636363636
2810,849,3659,0.302135231316726
39,523,562,13.41025641025641
23,409,432,17.782608695652176
16,244,260,15.25
11,224,235,20.363636363636363
22,418,440,19.0
289,146,435,0.5051903114186851
3,18,21,6.0
11,218,229,19.818181818181817
24,5,29,0.20833333333333334
9,467,476,51.888888888888886
3478,233,3711,0.06699252443933296
21,259,280,12.333333333333334
9,360,369,40.0
21,46,67,2.1904761904761907
10,313,323,31.3
91,52,143,0.5714285714285714
14,169,183,12.071428571428571
16,676,692,42.25
64,349,413,5.453125
25,164,189,6.56
31,458,489,14.774193548387096
35,51,86,1.457142857142857
112,256,368,2.2857142857142856
7,262,269,37.42857142857143
71,155,226,2.183098591549296
53,448,501,8.452830188679245
1118,515,1633,0.4606440071556351
50,225,275,4.5
46,319,365,6.934782608695652
258,420,678,1.627906976744186
51,634,685,12.431372549019608
11,1,12,0.09090909090909091
1237,7,1244,0.005658852061438965
165,46,211,0.2787878787878788
394,109,503,0.2766497461928934
706,314,1020,0.4447592067988669
24,238,262,9.916666666666666
16,256,272,16.0
42,246,288,5.857142857142857
20,364,384,18.2
482,524,1006,1.0871369294605808
227,162,389,0.7136563876651982
13,349,362,26.846153846153847
51,32,83,0.6274509803921569
12,40,52,3.3333333333333335
20,244,264,12.2
95,485,580,5.105263157894737
20,477,497,23.85
17,413,430,24.294117647058822
32,939,971,29.34375
59,387,446,6.559322033898305
10,212,222,21.2
36,488,524,13.555555555555555
84,574,658,6.833333333333333
20,415,435,20.75
20,434,454,21.7
146,38,184,0.2602739726027397
301,383,684,1.2724252491694352
231,40,271,0.17316017316017315
477,380,857,0.7966457023060797
422,8,430,0.018957345971563982
19,152,171,8.0
90,95,185,1.0555555555555556
18,372,390,20.666666666666668
868,476,1344,0.5483870967741935
35,258,293,7.371428571428571
19,140,159,7.368421052631579
11,262,273,23.818181818181817
18,363,381,20.166666666666668
12,763,775,63.583333333333336
51,371,422,7.2745098039215685
56,449,505,8.017857142857142
873,541,1414,0.6197021764032073
31,299,330,9.64516129032258
2348,16,2364,0.0068143100511073255
1051,257,1308,0.2445290199809705
24,331,355,13.791666666666666
1391,39,1430,0.028037383177570093
70,455,525,6.5
40,276,316,6.9
10,27,37,2.7
16,90,106,5.625
1786,181,1967,0.1013437849944009
1296,521,1817,0.4020061728395062
26,284,310,10.923076923076923
9,315,324,35.0
18,372,390,20.666666666666668
28,493,521,17.607142857142858
2392,306,2698,0.12792642140468227
9,22,31,2.4444444444444446
570,398,968,0.6982456140350877
13,450,463,34.61538461538461
9,178,187,19.77777777777778
17,310,327,18.235294117647058
43,188,231,4.372093023255814
12,341,353,28.416666666666668
35,331,366,9.457142857142857
92,404,496,4.391304347826087
466,4,470,0.008583690987124463
31,497,528,16.032258064516128
50,539,589,10.78
10,242,252,24.2
21,621,642,29.571428571428573
10,974,984,97.4
62,160,222,2.5806451612903225
959,266,1225,0.2773722627737226
238,504,742,2.1176470588235294
393,402,795,1.0229007633587786
17,308,325,18.11764705882353
34,411,445,12.088235294117647
378,706,1084,1.8677248677248677
1982,46,2028,0.02320887991927346
87,117,204,1.3448275862068966
69,564,633,8.173913043478262
10,117,127,11.7
50,478,528,9.56
10,294,304,29.4
21,95,116,4.523809523809524
15,519,534,34.6
72,164,236,2.2777777777777777
251,176,427,0.701195219123506
2,12,14,6.0
7,174,181,24.857142857142858
35,752,787,21.485714285714284
3,36,39,12.0
14,934,948,66.71428571428571
4,12,16,3.0
13,425,438,32.69230769230769
42,518,560,12.333333333333334
890,1112,2002,1.249438202247191
14,125,139,8.928571428571429
219,489,708,2.232876712328767
2028,138,2166,0.06804733727810651
32,169,201,5.28125
6,116,122,19.333333333333332
31,187,218,6.032258064516129
16,593,609,37.0625
452,989,1441,2.188053097345133
377,201,578,0.53315649867374
308,844,1152,2.74025974025974
9,465,474,51.666666666666664
14,200,214,14.285714285714286
8,48,56,6.0
1322,260,1582,0.19667170953101362
52,145,197,2.7884615384615383
12,184,196,15.333333333333334
13,261,274,20.076923076923077
19,374,393,19.68421052631579
37,1066,1103,28.81081081081081
27,278,305,10.296296296296296
15,115,130,7.666666666666667
37,4,41,0.10810810810810811
35,442,477,12.628571428571428
20,752,772,37.6
24,161,185,6.708333333333333
64,276,340,4.3125
319,527,846,1.652037617554859
7,560,567,80.0
22,290,312,13.181818181818182
1135,107,1242,0.09427312775330396
23,62,85,2.6956521739130435
380,4,384,0.010526315789473684
726,589,1315,0.8112947658402204
229,39,268,0.1703056768558952
1263,390,1653,0.3087885985748218
30,178,208,5.933333333333334
26,348,374,13.384615384615385
78,83,161,1.064102564102564
10,267,277,26.7
22,150,172,6.818181818181818
11,314,325,28.545454545454547
32,526,558,16.4375
17,446,463,26.235294117647058
3113,640,3753,0.20558946353999358
20,925,945,46.25
12,257,269,21.416666666666668
615,369,984,0.6
4,502,506,125.5
21,182,203,8.666666666666666
15,24,39,1.6
14,79,93,5.642857142857143
50,158,208,3.16
45,396,441,8.8
24,417,441,17.375
3005,54,3059,0.017970049916805324
25,206,231,8.24
842,991,1833,1.176959619952494
15,392,407,26.133333333333333
51,14,65,0.27450980392156865
22,284,306,12.909090909090908
55,96,151,1.7454545454545454
15,347,362,23.133333333333333
86,464,550,5.395348837209302
23,310,333,13.478260869565217
16,196,212,12.25
65,76,141,1.1692307692307693
23,119,142,5.173913043478261
761,366,1127,0.480946123521682
16,359,375,22.4375
80,379,459,4.7375
388,352,740,0.9072164948453608
24,220,244,9.166666666666666
77,343,420,4.454545454545454
281,13,294,0.046263345195729534
1703,36,1739,0.021139166177334117
62,315,377,5.080645161290323
18,324,342,18.0
1258,477,1735,0.37917329093799684
34,55,89,1.6176470588235294
215,259,474,1.2046511627906977
74,516,590,6.972972972972973
47,19,66,0.40425531914893614
183,59,242,0.3224043715846995
540,281,821,0.5203703703703704
20,576,596,28.8
49,580,629,11.83673469387755
14,342,356,24.428571428571427
152,746,898,4.907894736842105
37,418,455,11.297297297297296
29,285,314,9.827586206896552
2180,213,2393,0.09770642201834863
536,130,666,0.24253731343283583
37,179,216,4.837837837837838
13,672,685,51.69230769230769
15,60,75,4.0
38,565,603,14.868421052631579
52,258,310,4.961538461538462
38,232,270,6.105263157894737
16,575,591,35.9375
808,128,936,0.15841584158415842
81,142,223,1.7530864197530864
36,210,246,5.833333333333333
463,399,862,0.8617710583153347
2,11,13,5.5
57,262,319,4.5964912280701755
15,37,52,2.466666666666667
14,247,261,17.642857142857142
23,63,86,2.739130434782609
329,276,605,0.8389057750759878
2,585,587,292.5
29,370,399,12.758620689655173
14,590,604,42.142857142857146
40,113,153,2.825
65,420,485,6.461538461538462
25,734,759,29.36
79,797,876,10.08860759493671
15,272,287,18.133333333333333
39,221,260,5.666666666666667
77,343,420,4.454545454545454
91,587,678,6.450549450549451
16,221,237,13.8125
2,30,32,15.0
68,119,187,1.75
95,938,1033,9.873684210526315
219,15,234,0.0684931506849315
22,552,574,25.09090909090909
12,21,33,1.75
125,273,398,2.184
12,15,27,1.25
9,291,300,32.333333333333336
775,443,1218,0.5716129032258065
49,228,277,4.653061224489796
41,63,104,1.5365853658536586
28,1001,1029,35.75
21,155,176,7.380952380952381
5,385,390,77.0
7,159,166,22.714285714285715
85,404,489,4.752941176470588
95,175,270,1.8421052631578947
253,760,1013,3.0039525691699605
24,362,386,15.083333333333334
55,359,414,6.527272727272727
66,495,561,7.5
10,109,119,10.9
11,267,278,24.272727272727273
43,417,460,9.69767441860465
32,50,82,1.5625
75,24,99,0.32
3097,952,4049,0.3073942525024217
1546,303,1849,0.19598965071151359
518,425,943,0.8204633204633205
31,147,178,4.741935483870968
124,600,724,4.838709677419355
22,36,58,1.6363636363636365
2,11,13,5.5
40,435,475,10.875
156,350,506,2.2435897435897436
104,86,190,0.8269230769230769
19,100,119,5.2631578947368425
23,49,72,2.130434782608696
10,229,239,22.9
17,197,214,11.588235294117647
498,341,839,0.6847389558232931
14,227,241,16.214285714285715
13,343,356,26.384615384615383
40,338,378,8.45
14,24,38,1.7142857142857142
28,613,641,21.892857142857142
39,283,322,7.256410256410256
54,649,703,12.018518518518519
12,23,35,1.9166666666666667
25,867,892,34.68
23,225,248,9.782608695652174
12,231,243,19.25
3056,188,3244,0.061518324607329845
13,353,366,27.153846153846153
303,143,446,0.47194719471947194
14,530,544,37.857142857142854
94,351,445,3.734042553191489
8,102,110,12.75
23,340,363,14.782608695652174
17,35,52,2.0588235294117645
10,175,185,17.5
243,466,709,1.9176954732510287
64,798,862,12.46875
91,285,376,3.131868131868132
11,397,408,36.09090909090909
26,180,206,6.923076923076923
9,408,417,45.333333333333336
98,474,572,4.836734693877551
1539,180,1719,0.11695906432748537
15,516,531,34.4
9,46,55,5.111111111111111
524,66,590,0.12595419847328243
26,433,459,16.653846153846153
10,441,451,44.1
1180,1023,2203,0.8669491525423729
17,139,156,8.176470588235293
11,282,293,25.636363636363637
76,534,610,7.026315789473684
41,600,641,14.634146341463415
7,293,300,41.857142857142854
50,202,252,4.04
26,253,279,9.73076923076923
39,409,448,10.487179487179487
13,240,253,18.46153846153846
6,131,137,21.833333333333332
15,376,391,25.066666666666666
117,113,230,0.9658119658119658
213,410,623,1.9248826291079812
4,12,16,3.0
23,146,169,6.3478260869565215
3415,199,3614,0.058272327964860905
7,346,353,49.42857142857143
167,452,619,2.7065868263473054
300,420,720,1.4
32,923,955,28.84375
20,241,261,12.05
11,295,306,26.818181818181817
6,213,219,35.5
149,1011,1160,6.785234899328859
40,55,95,1.375
11,261,272,23.727272727272727
15,88,103,5.866666666666666
135,559,694,4.140740740740741
14,288,302,20.571428571428573
1598,128,1726,0.08010012515644556
1625,142,1767,0.08738461538461538
15,190,205,12.666666666666666
137,258,395,1.8832116788321167
2420,87,2507,0.03595041322314049
22,217,239,9.863636363636363
16,370,386,23.125
10,608,618,60.8
30,159,189,5.3
33,485,518,14.696969696969697
39,760,799,19.487179487179485
860,390,1250,0.45348837209302323
667,514,1181,0.7706146926536732
32,336,368,10.5
26,25,51,0.9615384615384616
19,276,295,14.526315789473685
15,400,415,26.666666666666668
831,161,992,0.19374247894103488
48,471,519,9.8125
400,461,861,1.1525
55,359,414,6.527272727272727
4,472,476,118.0
23,143,166,6.217391304347826
203,18,221,0.08866995073891626
21,395,416,18.80952380952381
1289,278,1567,0.2156710628394104
11,406,417,36.90909090909091
3,41,44,13.666666666666666
9,367,376,40.77777777777778
24,99,123,4.125
25,957,982,38.28
13,28,41,2.1538461538461537
17,37,54,2.176470588235294
11,320,331,29.09090909090909
32,829,861,25.90625
164,196,360,1.1951219512195121
664,37,701,0.05572289156626506
87,191,278,2.1954022988505746
51,365,416,7.1568627450980395
10,90,100,9.0
29,341,370,11.758620689655173
13,226,239,17.384615384615383
1880,944,2824,0.502127659574468
13,277,290,21.307692307692307
279,175,454,0.6272401433691757
78,398,476,5.102564102564102
203,238,441,1.1724137931034482
38,178,216,4.684210526315789
71,270,341,3.8028169014084505
75,287,362,3.8266666666666667
169,485,654,2.8698224852071004
22,254,276,11.545454545454545
69,352,421,5.101449275362318
20,269,289,13.45
69,186,255,2.6956521739130435
22,919,941,41.77272727272727
75,6,81,0.08
71,142,213,2.0
33,498,531,15.090909090909092
29,385,414,13.275862068965518
158,527,685,3.3354430379746836
4,637,641,159.25
67,21,88,0.31343283582089554
154,158,312,1.025974025974026
105,407,512,3.876190476190476
7,368,375,52.57142857142857
32,662,694,20.6875
2,11,13,5.5
9,35,44,3.888888888888889
49,143,192,2.9183673469387754
12,231,243,19.25
42,211,253,5.023809523809524
15,264,279,17.6
11,463,474,42.09090909090909
1173,146,1319,0.12446717817561807
16,330,346,20.625
9,170,179,18.88888888888889
10,119,129,11.9
18,128,146,7.111111111111111
1483,13,1496,0.008766014834794335
6,230,236,38.333333333333336
2503,485,2988,0.1937674790251698
133,212,345,1.593984962406015
17,96,113,5.647058823529412
38,389,427,10.236842105263158
7,19,26,2.7142857142857144
23,958,981,41.65217391304348
13,211,224,16.23076923076923
417,793,1210,1.9016786570743405
13,290,303,22.307692307692307
18,392,410,21.77777777777778
3246,22,3268,0.006777572396796057
11,519,530,47.18181818181818
273,210,483,0.7692307692307693
1453,195,1648,0.13420509291121818
172,31,203,0.18023255813953487
786,299,1085,0.38040712468193383
63,583,646,9.253968253968255
38,358,396,9.421052631578947
19,769,788,40.473684210526315
66,771,837,11.681818181818182
71,235,306,3.3098591549295775
23,538,561,23.391304347826086
547,179,726,0.3272394881170018
4,441,445,110.25
29,93,122,3.206896551724138
21,214,235,10.19047619047619
12,112,124,9.333333333333334
2983,185,3168,0.062018102581294
69,68,137,0.9855072463768116
2734,654,3388,0.23920994879297733
101,34,135,0.33663366336633666
5,311,316,62.2
14,741,755,52.92857142857143
635,354,989,0.5574803149606299
23,374,397,16.26086956521739
547,842,1389,1.5393053016453382
744,230,974,0.30913978494623656
81,34,115,0.41975308641975306
16,138,154,8.625
25,30,55,1.2
10,569,579,56.9
73,141,214,1.9315068493150684
44,371,415,8.431818181818182
14,123,137,8.785714285714286
93,577,670,6.204301075268817
135,336,471,2.488888888888889
552,5,557,0.009057971014492754
954,604,1558,0.6331236897274634
31,253,284,8.161290322580646
30,783,813,26.1
88,83,171,0.9431818181818182
87,279,366,3.206896551724138
77,935,1012,12.142857142857142
131,484,615,3.6946564885496183
464,42,506,0.09051724137931035
20,353,373,17.65
12,726,738,60.5
22,378,400,17.181818181818183
783,916,1699,1.169859514687101
29,71,100,2.4482758620689653
29,174,203,6.0
89,81,170,0.9101123595505618
42,232,274,5.523809523809524
1163,669,1832,0.5752364574376613
3,294,297,98.0
288,376,664,1.3055555555555556
15,293,308,19.533333333333335
18,317,335,17.61111111111111
95,924,1019,9.726315789473684
11,496,507,45.09090909090909
44,878,922,19.954545454545453
3422,92,3514,0.026884862653419054
29,375,404,12.931034482758621
183,300,483,1.639344262295082
241,4,245,0.016597510373443983
29,964,993,33.241379310344826
10,120,130,12.0
32,340,372,10.625
11,260,271,23.636363636363637
20,811,831,40.55
132,204,336,1.5454545454545454
12,1123,1135,93.58333333333333
32,362,394,11.3125
328,758,1086,2.3109756097560976
14,56,70,4.0
514,801,1315,1.5583657587548638
946,792,1738,0.8372093023255814
72,324,396,4.5
53,859,912,16.20754716981132
63,139,202,2.2063492063492065
129,359,488,2.7829457364341086
24,156,180,6.5
9,96,105,10.666666666666666
2,11,13,5.5
36,288,324,8.0
42,260,302,6.190476190476191
38,292,330,7.684210526315789
242,166,408,0.6859504132231405
1463,268,1731,0.18318523581681476
18,47,65,2.611111111111111
20,207,227,10.35
33,162,195,4.909090909090909
168,877,1045,5.220238095238095
114,703,817,6.166666666666667
25,221,246,8.84
67,799,866,11.925373134328359
322,404,726,1.2546583850931676
7,412,419,58.857142857142854
63,836,899,13.26984126984127
20,450,470,22.5
14,318,332,22.714285714285715
1753,420,2173,0.23958927552766685
21,338,359,16.095238095238095
298,736,1034,2.469798657718121
9,254,263,28.22222222222222
9,390,399,43.333333333333336
1037,354,1391,0.3413693346190935
13,489,502,37.61538461538461
340,722,1062,2.123529411764706
547,179,726,0.3272394881170018
210,79,289,0.3761904761904762
10,208,218,20.8
987,457,1444,0.4630192502532928
35,172,207,4.914285714285715
45,733,778,16.288888888888888
209,508,717,2.430622009569378
16,26,42,1.625
101,454,555,4.4950495049504955
954,206,1160,0.21593291404612158
22,264,286,12.0
66,52,118,0.7878787878787878
2,49,51,24.5
2042,21,2063,0.01028403525954946
33,542,575,16.424242424242426
6,162,168,27.0
72,577,649,8.01388888888889
16,206,222,12.875
12,319,331,26.583333333333332
9,404,413,44.888888888888886
14,230,244,16.428571428571427
11,153,164,13.909090909090908
6,359,365,59.833333333333336
20,310,330,15.5
10,322,332,32.2
27,489,516,18.11111111111111
29,435,464,15.0
2,11,13,5.5
12,176,188,14.666666666666666
20,420,440,21.0
18,386,404,21.444444444444443
22,285,307,12.954545454545455
1870,308,2178,0.16470588235294117
2,11,13,5.5
441,29,470,0.06575963718820861
7,339,346,48.42857142857143
12,103,115,8.583333333333334
634,5,639,0.007886435331230283
54,522,576,9.666666666666666
21,217,238,10.333333333333334
18,389,407,21.61111111111111
18,163,181,9.055555555555555
31,343,374,11.064516129032258
69,237,306,3.4347826086956523
22,60,82,2.727272727272727
10,249,259,24.9
29,901,930,31.06896551724138
95,937,1032,9.863157894736842
411,273,684,0.6642335766423357
234,951,1185,4.064102564102564
2,11,13,5.5
52,128,180,2.4615384615384617
42,349,391,8.30952380952381
2,11,13,5.5
43,22,65,0.5116279069767442
409,163,572,0.39853300733496333
8,34,42,4.25
40,937,977,23.425
108,153,261,1.4166666666666667
24,558,582,23.25
36,319,355,8.86111111111111
26,252,278,9.692307692307692
917,134,1051,0.14612868047982552
20,246,266,12.3
545,958,1503,1.7577981651376147
12,298,310,24.833333333333332
668,551,1219,0.8248502994011976
655,602,1257,0.9190839694656489
14,167,181,11.928571428571429
39,506,545,12.974358974358974
69,179,248,2.5942028985507246
81,84,165,1.037037037037037
13,94,107,7.230769230769231
35,907,942,25.914285714285715
313,52,365,0.16613418530351437
29,205,234,7.068965517241379
35,415,450,11.857142857142858
402,124,526,0.30845771144278605
10,234,244,23.4
40,794,834,19.85
19,175,194,9.210526315789474
144,411,555,2.8541666666666665
9,115,124,12.777777777777779
11,255,266,23.181818181818183
66,771,837,11.681818181818182
29,300,329,10.344827586206897
80,363,443,4.5375
145,148,293,1.0206896551724138
49,538,587,10.979591836734693
673,386,1059,0.5735512630014858
51,63,114,1.2352941176470589
58,469,527,8.086206896551724
2906,248,3154,0.08534067446662079
36,138,174,3.8333333333333335
42,16,58,0.38095238095238093
782,304,1086,0.3887468030690537
50,499,549,9.98
57,525,582,9.210526315789474
45,246,291,5.466666666666667
53,963,1016,18.169811320754718
32,264,296,8.25
13,316,329,24.307692307692307
49,31,80,0.6326530612244898
11,477,488,43.36363636363637
54,732,786,13.555555555555555
11,294,305,26.727272727272727
12,476,488,39.666666666666664
44,89,133,2.022727272727273
5,428,433,85.6
138,122,260,0.8840579710144928
14,313,327,22.357142857142858
19,188,207,9.894736842105264
1951,472,2423,0.24192721681189133
15,444,459,29.6
18,191,209,10.61111111111111
7,416,423,59.42857142857143
2404,956,3360,0.39767054908485855
15,316,331,21.066666666666666
11,219,230,19.90909090909091
5,79,84,15.8
23,120,143,5.217391304347826
44,61,105,1.3863636363636365
27,97,124,3.5925925925925926
502,106,608,0.21115537848605578
11,268,279,24.363636363636363
9,316,325,35.111111111111114
78,604,682,7.743589743589744
26,339,365,13.038461538461538
2,20,22,10.0
608,380,988,0.625
13,268,281,20.615384615384617
21,63,84,3.0
108,65,173,0.6018518518518519
16,37,53,2.3125
13,676,689,52.0
1583,218,1801,0.13771320277953253
2132,475,2607,0.2227954971857411
36,472,508,13.11111111111111
158,144,302,0.9113924050632911
18,384,402,21.333333333333332
93,574,667,6.172043010752688
9,64,73,7.111111111111111
925,341,1266,0.36864864864864866
20,374,394,18.7
10,366,376,36.6
16,711,727,44.4375
14,418,432,29.857142857142858
36,228,264,6.333333333333333
10,191,201,19.1
133,371,504,2.789473684210526
340,445,785,1.3088235294117647
24,834,858,34.75
45,477,522,10.6
39,293,332,7.512820512820513
14,311,325,22.214285714285715
210,471,681,2.242857142857143
15,359,374,23.933333333333334
25,566,591,22.64
24,108,132,4.5
2,11,13,5.5
16,301,317,18.8125
8,9,17,1.125
102,245,347,2.4019607843137254
47,167,214,3.5531914893617023
1651,928,2579,0.562083585705633
127,284,411,2.236220472440945
219,296,515,1.3515981735159817
451,413,864,0.9157427937915743
124,76,200,0.6129032258064516
959,346,1305,0.3607924921793535
15,206,221,13.733333333333333
32,981,1013,30.65625
471,349,820,0.7409766454352441
196,293,489,1.4948979591836735
70,47,117,0.6714285714285714
63,329,392,5.222222222222222
9,527,536,58.55555555555556
1049,5,1054,0.004766444232602479
18,360,378,20.0
91,12,103,0.13186813186813187
262,514,776,1.9618320610687023
11,221,232,20.09090909090909
2017,291,2308,0.1442736737729301
16,289,305,18.0625
7,23,30,3.2857142857142856
1140,1025,2165,0.8991228070175439
28,366,394,13.071428571428571
42,803,845,19.11904761904762
344,567,911,1.6482558139534884
300,424,724,1.4133333333333333
2340,1031,3371,0.4405982905982906
1878,294,2172,0.15654952076677317
91,818,909,8.989010989010989
22,297,319,13.5
74,324,398,4.378378378378378
69,111,180,1.608695652173913
209,508,717,2.430622009569378
26,205,231,7.884615384615385
13,104,117,8.0
39,459,498,11.76923076923077
49,17,66,0.3469387755102041
6,147,153,24.5
1744,31,1775,0.017775229357798166
1079,986,2065,0.9138090824837812
21,297,318,14.142857142857142
71,138,209,1.943661971830986
22,595,617,27.045454545454547
287,508,795,1.7700348432055748
496,548,1044,1.1048387096774193
11,132,143,12.0
211,671,882,3.1800947867298577
11,303,314,27.545454545454547
408,944,1352,2.3137254901960786
92,905,997,9.83695652173913
9,248,257,27.555555555555557
18,840,858,46.666666666666664
11,387,398,35.18181818181818
11,327,338,29.727272727272727
26,906,932,34.84615384615385
7,355,362,50.714285714285715
35,442,477,12.628571428571428
2496,425,2921,0.1702724358974359
19,491,510,25.842105263157894
623,494,1117,0.7929373996789727
9,388,397,43.111111111111114
20,497,517,24.85
8,270,278,33.75
35,387,422,11.057142857142857
1140,82,1222,0.07192982456140351
283,194,477,0.6855123674911661
36,36,72,1.0
615,410,1025,0.6666666666666666
15,358,373,23.866666666666667
12,87,99,7.25
7,63,70,9.0
156,51,207,0.3269230769230769
190,516,706,2.7157894736842105
16,251,267,15.6875
10,155,165,15.5
14,259,273,18.5
191,342,533,1.7905759162303665
26,204,230,7.846153846153846
123,331,454,2.6910569105691056
7,54,61,7.714285714285714
239,860,1099,3.598326359832636
73,390,463,5.342465753424658
819,408,1227,0.4981684981684982
60,213,273,3.55
19,309,328,16.263157894736842
339,276,615,0.8141592920353983
36,318,354,8.833333333333334
21,685,706,32.61904761904762
100,934,1034,9.34
86,502,588,5.837209302325581
10,103,113,10.3
57,367,424,6.43859649122807
108,56,164,0.5185185185185185
1251,368,1619,0.2941646682653877
154,552,706,3.5844155844155843
26,116,142,4.461538461538462
71,116,187,1.6338028169014085
358,276,634,0.770949720670391
29,213,242,7.344827586206897
65,879,944,13.523076923076923
75,428,503,5.706666666666667
34,875,909,25.735294117647058
1106,120,1226,0.10849909584086799
184,287,471,1.559782608695652
12,733,745,61.083333333333336
206,25,231,0.12135922330097088
268,178,446,0.664179104477612
65,217,282,3.3384615384615386
47,25,72,0.5319148936170213
19,542,561,28.526315789473685
310,227,537,0.7322580645161291
153,619,772,4.045751633986928
27,573,600,21.22222222222222
23,120,143,5.217391304347826
43,272,315,6.325581395348837
54,751,805,13.907407407407407
1504,493,1997,0.32779255319148937
291,690,981,2.3711340206185567
40,956,996,23.9
204,589,793,2.8872549019607843
1277,156,1433,0.12216131558339859
20,725,745,36.25
76,922,998,12.131578947368421
10,374,384,37.4
2,11,13,5.5
31,309,340,9.96774193548387
6,444,450,74.0
1647,122,1769,0.07407407407407407
2039,265,2304,0.12996566944580676
13,867,880,66.6923076923077
200,390,590,1.95
92,516,608,5.608695652173913
10,15,25,1.5
426,656,1082,1.539906103286385
9,365,374,40.55555555555556
39,182,221,4.666666666666667
10,519,529,51.9
46,434,480,9.434782608695652
208,588,796,2.826923076923077
16,348,364,21.75
12,727,739,60.583333333333336
11,593,604,53.90909090909091
78,35,113,0.44871794871794873
57,632,689,11.087719298245615
41,491,532,11.975609756097562
487,669,1156,1.373716632443532
422,944,1366,2.2369668246445498
10,480,490,48.0
27,217,244,8.037037037037036
11,29,40,2.6363636363636362
10,254,264,25.4
9,136,145,15.11111111111111
13,99,112,7.615384615384615
10,440,450,44.0
66,946,1012,14.333333333333334
16,629,645,39.3125
12,688,700,57.333333333333336
52,121,173,2.326923076923077
118,140,258,1.1864406779661016
73,907,980,12.424657534246576
222,45,267,0.20270270270270271
10,320,330,32.0
542,267,809,0.492619926199262
23,348,371,15.130434782608695
556,239,795,0.42985611510791366
98,47,145,0.47959183673469385
1042,18,1060,0.01727447216890595
371,202,573,0.5444743935309974
99,244,343,2.4646464646464645
20,493,513,24.65
15,526,541,35.06666666666667
162,411,573,2.537037037037037
100,870,970,8.7
48,198,246,4.125
14,475,489,33.92857142857143
510,156,666,0.3058823529411765
65,380,445,5.846153846153846
2067,16,2083,0.0077406869859700045
40,526,566,13.15
71,270,341,3.8028169014084505
3833,25,3858,0.006522306287503261
22,889,911,40.40909090909091
47,255,302,5.425531914893617
16,248,264,15.5
26,433,459,16.653846153846153
7,201,208,28.714285714285715
22,284,306,12.909090909090908
2392,83,2475,0.03469899665551839
133,213,346,1.6015037593984962
1195,330,1525,0.27615062761506276
20,258,278,12.9
184,287,471,1.559782608695652
28,140,168,5.0
13,594,607,45.69230769230769
46,743,789,16.152173913043477
13,228,241,17.53846153846154
22,675,697,30.681818181818183
62,26,88,0.41935483870967744
7,375,382,53.57142857142857
8,360,368,45.0
259,402,661,1.5521235521235521
27,410,437,15.185185185185185
2512,21,2533,0.008359872611464968
10,419,429,41.9
36,311,347,8.63888888888889
16,331,347,20.6875
22,695,717,31.59090909090909
71,236,307,3.323943661971831
12,1083,1095,90.25
30,436,466,14.533333333333333
1277,488,1765,0.38214565387627253
14,454,468,32.42857142857143
21,164,185,7.809523809523809
42,364,406,8.666666666666666
62,326,388,5.258064516129032
9,408,417,45.333333333333336
24,395,419,16.458333333333332
5,578,583,115.6
30,268,298,8.933333333333334
20,93,113,4.65
42,555,597,13.214285714285714
388,313,701,0.8067010309278351
5,17,22,3.4
47,118,165,2.5106382978723403
213,410,623,1.9248826291079812
15,309,324,20.6
35,933,968,26.65714285714286
69,425,494,6.159420289855072
41,350,391,8.536585365853659
25,549,574,21.96
9,764,773,84.88888888888889
18,363,381,20.166666666666668
9,243,252,27.0
10,119,129,11.9
19,410,429,21.57894736842105
9,511,520,56.77777777777778
2,11,13,5.5
15,139,154,9.266666666666667
298,736,1034,2.469798657718121
1503,911,2414,0.6061210911510313
19,172,191,9.052631578947368
4,98,102,24.5
400,961,1361,2.4025
52,66,118,1.2692307692307692
140,558,698,3.9857142857142858
1308,574,1882,0.43883792048929665
12,18,30,1.5
1155,531,1686,0.4597402597402597
77,547,624,7.103896103896104
295,210,505,0.711864406779661
33,528,561,16.0
215,4,219,0.018604651162790697
27,139,166,5.148148148148148
184,858,1042,4.663043478260869
24,506,530,21.083333333333332
76,221,297,2.9078947368421053
53,161,214,3.0377358490566038
58,625,683,10.775862068965518
22,100,122,4.545454545454546
25,347,372,13.88
288,796,1084,2.763888888888889
41,150,191,3.658536585365854
17,702,719,41.294117647058826
1417,141,1558,0.0995059985885674
26,685,711,26.346153846153847
243,8,251,0.03292181069958848
6,411,417,68.5
16,399,415,24.9375
49,56,105,1.1428571428571428
2,11,13,5.5
13,1002,1015,77.07692307692308
17,447,464,26.294117647058822
50,75,125,1.5
15,420,435,28.0
22,377,399,17.136363636363637
26,423,449,16.26923076923077
8,821,829,102.625
10,254,264,25.4
9,193,202,21.444444444444443
15,210,225,14.0
24,344,368,14.333333333333334
91,596,687,6.549450549450549
25,904,929,36.16
2285,143,2428,0.06258205689277899
2015,349,2364,0.17320099255583127
13,875,888,67.3076923076923
31,772,803,24.903225806451612
16,265,281,16.5625
12,267,279,22.25
106,596,702,5.622641509433962
39,39,78,1.0
9,56,65,6.222222222222222
13,572,585,44.0
20,643,663,32.15
11,204,215,18.545454545454547
1,143,144,143.0
154,35,189,0.22727272727272727
1598,314,1912,0.1964956195244055
23,194,217,8.434782608695652
53,224,277,4.226415094339623
43,309,352,7.186046511627907
86,459,545,5.337209302325581
128,37,165,0.2890625
1479,894,2373,0.6044624746450304
65,550,615,8.461538461538462
28,212,240,7.571428571428571
254,37,291,0.14566929133858267
24,506,530,21.083333333333332
23,31,54,1.3478260869565217
25,562,587,22.48
8,312,320,39.0
121,161,282,1.3305785123966942
6,71,77,11.833333333333334
7,148,155,21.142857142857142
76,253,329,3.3289473684210527
25,234,259,9.36
9,95,104,10.555555555555555
26,380,406,14.615384615384615
341,230,571,0.6744868035190615
1166,399,1565,0.3421955403087479
80,664,744,8.3
26,663,689,25.5
20,173,193,8.65
40,413,453,10.325
118,835,953,7.076271186440678
12,285,297,23.75
36,198,234,5.5
164,906,1070,5.524390243902439
43,343,386,7.976744186046512
157,104,261,0.6624203821656051
184,8,192,0.043478260869565216
697,392,1089,0.5624103299856528
107,355,462,3.317757009345794
14,226,240,16.142857142857142
29,98,127,3.3793103448275863
82,39,121,0.47560975609756095
57,227,284,3.982456140350877
28,874,902,31.214285714285715
15,534,549,35.6
4,64,68,16.0
10,397,407,39.7
12,242,254,20.166666666666668
215,4,219,0.018604651162790697
81,421,502,5.197530864197531
57,34,91,0.5964912280701754
11,628,639,57.09090909090909
115,202,317,1.7565217391304349
20,328,348,16.4
42,269,311,6.404761904761905
676,390,1066,0.5769230769230769
3,11,14,3.6666666666666665
9,357,366,39.666666666666664
13,467,480,35.92307692307692
73,954,1027,13.068493150684931
2,48,50,24.0
14,95,109,6.785714285714286
56,517,573,9.232142857142858
154,469,623,3.0454545454545454
23,608,631,26.434782608695652
27,361,388,13.37037037037037
2,11,13,5.5
17,669,686,39.35294117647059
710,42,752,0.059154929577464786
17,94,111,5.529411764705882
7,5,12,0.7142857142857143
10,496,506,49.6
98,48,146,0.4897959183673469
9,71,80,7.888888888888889
72,357,429,4.958333333333333
285,664,949,2.329824561403509
20,419,439,20.95
33,312,345,9.454545454545455
16,347,363,21.6875
879,345,1224,0.3924914675767918
159,280,439,1.7610062893081762
20,788,808,39.4
583,429,1012,0.7358490566037735
20,925,945,46.25
6,175,181,29.166666666666668
22,71,93,3.227272727272727
15,91,106,6.066666666666666
11,121,132,11.0
15,39,54,2.6
14,815,829,58.214285714285715
110,658,768,5.9818181818181815
25,304,329,12.16
44,44,88,1.0
24,202,226,8.416666666666666
12,349,361,29.083333333333332
423,125,548,0.29550827423167847
39,213,252,5.461538461538462
17,332,349,19.529411764705884
73,443,516,6.068493150684931
199,216,415,1.085427135678392
45,34,79,0.7555555555555555
2,11,13,5.5
2089,914,3003,0.43752991862134993
11,219,230,19.90909090909091
2313,194,2507,0.08387375702550799
56,54,110,0.9642857142857143
9,507,516,56.333333333333336
38,616,654,16.210526315789473
431,129,560,0.29930394431554525
8,177,185,22.125
11,477,488,43.36363636363637
40,359,399,8.975
138,196,334,1.4202898550724639
119,235,354,1.9747899159663866
68,196,264,2.8823529411764706
30,588,618,19.6
17,499,516,29.352941176470587
50,244,294,4.88
17,249,266,14.647058823529411
834,53,887,0.06354916067146282
2,12,14,6.0
36,367,403,10.194444444444445
53,559,612,10.547169811320755
19,509,528,26.789473684210527
10,248,258,24.8
47,208,255,4.425531914893617
303,469,772,1.5478547854785478
382,318,700,0.8324607329842932
8,245,253,30.625
15,206,221,13.733333333333333
18,214,232,11.88888888888889
41,601,642,14.658536585365853
158,267,425,1.6898734177215189
86,171,257,1.9883720930232558
285,62,347,0.21754385964912282
22,118,140,5.363636363636363
69,384,453,5.565217391304348
1328,492,1820,0.3704819277108434
31,717,748,23.129032258064516
707,162,869,0.22913719943422914
2,37,39,18.5
370,222,592,0.6
9,131,140,14.555555555555555
1313,98,1411,0.07463823305407463
17,292,309,17.176470588235293
17,561,578,33.0
784,403,1187,0.514030612244898
30,156,186,5.2
912,512,1424,0.5614035087719298
16,9,25,0.5625
10,101,111,10.1
190,321,511,1.6894736842105262
2,11,13,5.5
78,398,476,5.102564102564102
15,273,288,18.2
47,298,345,6.340425531914893
10,364,374,36.4
62,925,987,14.919354838709678
9,79,88,8.777777777777779
7,93,100,13.285714285714286
41,139,180,3.3902439024390243
221,930,1151,4.208144796380091
7,12,19,1.7142857142857142
48,14,62,0.2916666666666667
1768,581,2349,0.32861990950226244
18,342,360,19.0
18,668,686,37.111111111111114
28,422,450,15.071428571428571
9,233,242,25.88888888888889
1655,65,1720,0.03927492447129909
23,5,28,0.21739130434782608
24,318,342,13.25
7,32,39,4.571428571428571
653,239,892,0.3660030627871363
86,118,204,1.372093023255814
32,713,745,22.28125
17,85,102,5.0
8,364,372,45.5
2,11,13,5.5
47,530,577,11.27659574468085
260,175,435,0.6730769230769231
42,505,547,12.023809523809524
22,682,704,31.0
14,274,288,19.571428571428573
56,972,1028,17.357142857142858
20,370,390,18.5
7,1002,1009,143.14285714285714
34,48,82,1.411764705882353
4,267,271,66.75
2028,174,2202,0.08579881656804733
11,226,237,20.545454545454547
70,465,535,6.642857142857143
9,558,567,62.0
106,462,568,4.3584905660377355
355,233,588,0.6563380281690141
11,247,258,22.454545454545453
79,492,571,6.227848101265823
152,1010,1162,6.644736842105263
15,284,299,18.933333333333334
2842,236,3078,0.08304011259676285
214,287,501,1.341121495327103
17,238,255,14.0
12,24,36,2.0
710,457,1167,0.643661971830986
222,7,229,0.03153153153153153
6,98,104,16.333333333333332
137,90,227,0.656934306569343
16,31,47,1.9375
1934,182,2116,0.09410548086866598
55,148,203,2.690909090909091
20,326,346,16.3
1367,230,1597,0.16825164594001463
24,434,458,18.083333333333332
451,479,930,1.0620842572062084
3,38,41,12.666666666666666
133,312,445,2.345864661654135
10,212,222,21.2
9,420,429,46.666666666666664
53,609,662,11.49056603773585
14,52,66,3.7142857142857144
9,18,27,2.0
15,331,346,22.066666666666666
38,307,345,8.078947368421053
461,269,730,0.5835140997830802
41,397,438,9.682926829268293
12,226,238,18.833333333333332
18,603,621,33.5
511,4,515,0.007827788649706457
17,541,558,31.823529411764707
65,320,385,4.923076923076923
64,149,213,2.328125
17,395,412,23.235294117647058
2584,217,2801,0.08397832817337461
15,279,294,18.6
190,367,557,1.931578947368421
10,382,392,38.2
788,28,816,0.03553299492385787
2053,63,2116,0.030686799805163176
48,489,537,10.1875
22,315,337,14.318181818181818
1000,475,1475,0.475
10,343,353,34.3
19,99,118,5.2105263157894735
262,864,1126,3.2977099236641223
10,325,335,32.5
7,49,56,7.0
810,239,1049,0.29506172839506173
2460,48,2508,0.01951219512195122
554,315,869,0.5685920577617328
420,835,1255,1.9880952380952381
6,182,188,30.333333333333332
77,605,682,7.857142857142857
345,386,731,1.1188405797101448
14,274,288,19.571428571428573
14,293,307,20.928571428571427
43,799,842,18.58139534883721
35,38,73,1.0857142857142856
84,260,344,3.0952380952380953
44,440,484,10.0
10,910,920,91.0
3,12,15,4.0
961,776,1737,0.8074921956295525
414,83,497,0.20048309178743962
39,31,70,0.7948717948717948
57,268,325,4.701754385964913
19,200,219,10.526315789473685
409,195,604,0.4767726161369193
279,988,1267,3.5412186379928317
74,302,376,4.081081081081081
17,64,81,3.764705882352941
520,422,942,0.8115384615384615
11,202,213,18.363636363636363
11,235,246,21.363636363636363
30,201,231,6.7
26,354,380,13.615384615384615
538,24,562,0.04460966542750929
26,339,365,13.038461538461538
25,448,473,17.92
51,168,219,3.2941176470588234
106,108,214,1.0188679245283019
738,547,1285,0.7411924119241192
6,60,66,10.0
12,298,310,24.833333333333332
19,425,444,22.36842105263158
841,515,1356,0.6123662306777645
14,118,132,8.428571428571429
48,211,259,4.395833333333333
27,656,683,24.296296296296298
26,425,451,16.346153846153847
1221,497,1718,0.407043407043407
99,522,621,5.2727272727272725
9,389,398,43.22222222222222
33,106,139,3.212121212121212
14,872,886,62.285714285714285
6,298,304,49.666666666666664
1636,628,2264,0.38386308068459657
2084,45,2129,0.021593090211132437
16,290,306,18.125
9,403,412,44.77777777777778
88,397,485,4.511363636363637
15,499,514,33.266666666666666
53,385,438,7.264150943396227
145,381,526,2.627586206896552
27,276,303,10.222222222222221
28,282,310,10.071428571428571
1232,681,1913,0.5527597402597403
8,107,115,13.375
40,210,250,5.25
20,157,177,7.85
10,30,40,3.0
747,649,1396,0.8688085676037484
37,286,323,7.72972972972973
11,170,181,15.454545454545455
788,109,897,0.1383248730964467
14,125,139,8.928571428571429
56,555,611,9.910714285714286
50,487,537,9.74
79,627,706,7.936708860759493
100,201,301,2.01
658,97,755,0.1474164133738602
42,711,753,16.928571428571427
108,332,440,3.074074074074074
56,74,130,1.3214285714285714
206,786,992,3.8155339805825244
272,422,694,1.5514705882352942
19,668,687,35.1578947368421
145,148,293,1.0206896551724138
1083,21,1104,0.019390581717451522
14,382,396,27.285714285714285
459,33,492,0.0718954248366013
18,366,384,20.333333333333332
30,454,484,15.133333333333333
148,907,1055,6.128378378378378
145,340,485,2.3448275862068964
17,163,180,9.588235294117647
2,11,13,5.5
44,37,81,0.8409090909090909
28,493,521,17.607142857142858
11,392,403,35.63636363636363
46,409,455,8.891304347826088
12,437,449,36.416666666666664
6,87,93,14.5
19,354,373,18.63157894736842
26,466,492,17.923076923076923
7,12,19,1.7142857142857142
155,778,933,5.019354838709678
12,424,436,35.333333333333336
30,606,636,20.2
52,120,172,2.3076923076923075
18,764,782,42.44444444444444
22,135,157,6.136363636363637
12,388,400,32.333333333333336
256,160,416,0.625
21,414,435,19.714285714285715
62,573,635,9.241935483870968
1544,27,1571,0.017487046632124352
21,168,189,8.0
23,330,353,14.347826086956522
24,609,633,25.375
94,145,239,1.5425531914893618
8,402,410,50.25
37,760,797,20.54054054054054
17,308,325,18.11764705882353
68,726,794,10.676470588235293
58,26,84,0.4482758620689655
12,856,868,71.33333333333333
1506,444,1950,0.2948207171314741
29,63,92,2.1724137931034484
35,32,67,0.9142857142857143
22,679,701,30.863636363636363
17,608,625,35.76470588235294
636,382,1018,0.60062893081761
26,249,275,9.576923076923077
17,479,496,28.176470588235293
13,318,331,24.46153846153846
11,280,291,25.454545454545453
27,217,244,8.037037037037036
11,294,305,26.727272727272727
141,198,339,1.4042553191489362
36,145,181,4.027777777777778
2862,794,3656,0.2774283717679944
7,91,98,13.0
29,154,183,5.310344827586207
461,821,1282,1.7809110629067244
34,353,387,10.382352941176471
37,379,416,10.243243243243244
112,564,676,5.035714285714286
40,249,289,6.225
31,313,344,10.096774193548388
44,30,74,0.6818181818181818
38,43,81,1.131578947368421
848,539,1387,0.6356132075471698
5,396,401,79.2
53,421,474,7.943396226415095
35,37,72,1.0571428571428572
16,125,141,7.8125
2222,925,3147,0.4162916291629163
15,271,286,18.066666666666666
3,293,296,97.66666666666667
29,278,307,9.586206896551724
9,187,196,20.77777777777778
8,646,654,80.75
45,271,316,6.022222222222222
94,115,209,1.2234042553191489
3,11,14,3.6666666666666665
19,263,282,13.842105263157896
281,89,370,0.3167259786476868
20,353,373,17.65
8,161,169,20.125
36,248,284,6.888888888888889
35,584,619,16.685714285714287
26,549,575,21.115384615384617
19,266,285,14.0
8,301,309,37.625
40,399,439,9.975
112,187,299,1.6696428571428572
15,207,222,13.8
7,366,373,52.285714285714285
10,110,120,11.0
66,296,362,4.484848484848484
16,281,297,17.5625
8,138,146,17.25
14,492,506,35.142857142857146
26,149,175,5.730769230769231
10,292,302,29.2
20,120,140,6.0
14,231,245,16.5
167,641,808,3.838323353293413
493,203,696,0.4117647058823529
14,163,177,11.642857142857142
17,380,397,22.352941176470587
25,70,95,2.8
123,47,170,0.3821138211382114
1255,870,2125,0.6932270916334662
194,107,301,0.5515463917525774
20,288,308,14.4
19,701,720,36.89473684210526
10,258,268,25.8
19,419,438,22.05263157894737
10,245,255,24.5
14,111,125,7.928571428571429
75,327,402,4.36
122,165,287,1.3524590163934427
91,285,376,3.131868131868132
4,125,129,31.25
531,319,850,0.60075329566855
701,143,844,0.20399429386590584
3,12,15,4.0
1455,376,1831,0.2584192439862543
90,231,321,2.566666666666667
2867,337,3204,0.11754447157307289
32,445,477,13.90625
611,353,964,0.5777414075286416
45,389,434,8.644444444444444
167,944,1111,5.652694610778443
290,495,785,1.706896551724138
2,12,14,6.0
495,140,635,0.2828282828282828
47,275,322,5.851063829787234
30,310,340,10.333333333333334
17,386,403,22.705882352941178
12,395,407,32.916666666666664
30,453,483,15.1
27,373,400,13.814814814814815
30,377,407,12.566666666666666
8,186,194,23.25
196,360,556,1.836734693877551
29,105,134,3.6206896551724137
103,609,712,5.912621359223301
13,309,322,23.76923076923077
12,437,449,36.416666666666664
101,127,228,1.2574257425742574
13,127,140,9.76923076923077
317,370,687,1.167192429022082
71,31,102,0.43661971830985913
23,870,893,37.82608695652174
11,193,204,17.545454545454547
502,190,692,0.3784860557768924
32,392,424,12.25
49,134,183,2.7346938775510203
9,423,432,47.0
9,277,286,30.77777777777778
78,105,183,1.3461538461538463
964,201,1165,0.20850622406639005
11,519,530,47.18181818181818
141,229,370,1.624113475177305
12,337,349,28.083333333333332
4,108,112,27.0
9,84,93,9.333333333333334
30,57,87,1.9
36,488,524,13.555555555555555
99,279,378,2.8181818181818183
45,34,79,0.7555555555555555
8,31,39,3.875
8,215,223,26.875
78,404,482,5.17948717948718
2,11,13,5.5
31,531,562,17.129032258064516
72,258,330,3.5833333333333335
27,24,51,0.8888888888888888
3,11,14,3.6666666666666665
155,355,510,2.2903225806451615
20,501,521,25.05
184,858,1042,4.663043478260869
17,798,815,46.94117647058823
108,512,620,4.7407407407407405
9,370,379,41.111111111111114
12,181,193,15.083333333333334
12,520,532,43.333333333333336
118,430,548,3.6440677966101696
16,242,258,15.125
45,83,128,1.8444444444444446
21,542,563,25.80952380952381
2,55,57,27.5
23,307,330,13.347826086956522
679,219,898,0.3225331369661267
19,991,1010,52.1578947368421
118,179,297,1.5169491525423728
634,237,871,0.37381703470031546
5,333,338,66.6
19,14,33,0.7368421052631579
20,265,285,13.25
30,295,325,9.833333333333334
206,130,336,0.6310679611650486
277,262,539,0.9458483754512635
199,400,599,2.0100502512562812
9,248,257,27.555555555555557
13,309,322,23.76923076923077
1467,42,1509,0.028629856850715747
11,19,30,1.7272727272727273
4,770,774,192.5
100,671,771,6.71
20,477,497,23.85
29,232,261,8.0
182,87,269,0.47802197802197804
88,355,443,4.034090909090909
10,64,74,6.4
1423,117,1540,0.08222066057624737
2983,4,2987,0.0013409319477036541
10,390,400,39.0
73,484,557,6.63013698630137
2,11,13,5.5
25,307,332,12.28
15,753,768,50.2
59,197,256,3.3389830508474576
414,460,874,1.1111111111111112
44,14,58,0.3181818181818182
31,412,443,13.290322580645162
18,362,380,20.11111111111111
8,82,90,10.25
11,129,140,11.727272727272727
1956,272,2228,0.1390593047034765
36,551,587,15.305555555555555
7,161,168,23.0
1764,463,2227,0.2624716553287982
28,140,168,5.0
77,502,579,6.51948051948052
23,71,94,3.0869565217391304
30,380,410,12.666666666666666
26,242,268,9.307692307692308
77,935,1012,12.142857142857142
11,140,151,12.727272727272727
207,792,999,3.8260869565217392
30,445,475,14.833333333333334
1284,29,1313,0.022585669781931463
92,398,490,4.326086956521739
82,728,810,8.878048780487806
12,328,340,27.333333333333332
1778,26,1804,0.014623172103487065
12,434,446,36.166666666666664
62,98,160,1.5806451612903225
17,124,141,7.294117647058823
735,61,796,0.08299319727891157
450,807,1257,1.7933333333333332
103,378,481,3.6699029126213594
84,196,280,2.3333333333333335
74,377,451,5.094594594594595
35,97,132,2.7714285714285714
26,5,31,0.19230769230769232
21,1082,1103,51.523809523809526
33,963,996,29.181818181818183
13,71,84,5.461538461538462
10,851,861,85.1
21,283,304,13.476190476190476
23,224,247,9.73913043478261
25,149,174,5.96
123,384,507,3.1219512195121952
3395,507,3902,0.14933726067746686
28,100,128,3.5714285714285716
24,734,758,30.583333333333332
72,14,86,0.19444444444444445
16,169,185,10.5625
3,265,268,88.33333333333333
224,373,597,1.6651785714285714
243,536,779,2.205761316872428
8,170,178,21.25
62,532,594,8.580645161290322
143,110,253,0.7692307692307693
288,642,930,2.2291666666666665
13,238,251,18.307692307692307
12,66,78,5.5
3421,160,3581,0.0467699503069278
930,49,979,0.05268817204301075
15,296,311,19.733333333333334
297,935,1232,3.1481481481481484
24,434,458,18.083333333333332
7,175,182,25.0
12,532,544,44.333333333333336
22,275,297,12.5
42,216,258,5.142857142857143
146,573,719,3.9246575342465753
240,6,246,0.025
1008,535,1543,0.5307539682539683
55,279,334,5.072727272727272
17,137,154,8.058823529411764
59,19,78,0.3220338983050847
20,176,196,8.8
38,630,668,16.57894736842105
146,149,295,1.0205479452054795
384,690,1074,1.796875
566,385,951,0.6802120141342756
8,326,334,40.75
134,303,437,2.2611940298507465
1602,163,1765,0.1017478152309613
6,29,35,4.833333333333333
18,372,390,20.666666666666668
9,297,306,33.0
88,878,966,9.977272727272727
23,40,63,1.7391304347826086
222,45,267,0.20270270270270271
24,279,303,11.625
718,176,894,0.24512534818941503
60,35,95,0.5833333333333334
13,271,284,20.846153846153847
90,311,401,3.4555555555555557
95,540,635,5.684210526315789
25,368,393,14.72
22,205,227,9.318181818181818
74,248,322,3.3513513513513513
40,439,479,10.975
182,897,1079,4.928571428571429
448,154,602,0.34375
7,293,300,41.857142857142854
3,728,731,242.66666666666666
90,496,586,5.511111111111111
33,829,862,25.12121212121212
125,398,523,3.184
18,222,240,12.333333333333334
37,26,63,0.7027027027027027
640,748,1388,1.16875
1126,180,1306,0.15985790408525755
50,363,413,7.26
75,444,519,5.92
348,485,833,1.3936781609195403
108,237,345,2.1944444444444446
11,203,214,18.454545454545453
17,170,187,10.0
25,209,234,8.36
355,233,588,0.6563380281690141
3580,140,3720,0.03910614525139665
1503,748,2251,0.4976713240186294
35,145,180,4.142857142857143
241,211,452,0.8755186721991701
19,331,350,17.42105263157895
17,191,208,11.235294117647058
733,146,879,0.19918144611186903
32,669,701,20.90625
18,246,264,13.666666666666666
86,264,350,3.0697674418604652
14,268,282,19.142857142857142
2,11,13,5.5
26,348,374,13.384615384615385
16,379,395,23.6875
1350,84,1434,0.06222222222222222
43,35,78,0.813953488372093
25,30,55,1.2
11,120,131,10.909090909090908
59,254,313,4.305084745762712
88,862,950,9.795454545454545
12,255,267,21.25
10,71,81,7.1
361,366,727,1.0138504155124655
68,164,232,2.411764705882353
132,321,453,2.4318181818181817
10,112,122,11.2
866,169,1035,0.1951501154734411
588,1117,1705,1.8996598639455782
44,957,1001,21.75
12,298,310,24.833333333333332
81,1614,1695,19.925925925925927
153,362,515,2.366013071895425
87,359,446,4.126436781609195
12,908,920,75.66666666666667
300,85,385,0.2833333333333333
124,336,460,2.7096774193548385
22,341,363,15.5
15,380,395,25.333333333333332
529,152,681,0.28733459357277885
16,40,56,2.5
551,688,1239,1.2486388384754992
115,56,171,0.48695652173913045
18,91,109,5.055555555555555
15,37,52,2.466666666666667
33,888,921,26.90909090909091
1118,53,1171,0.04740608228980322
172,208,380,1.2093023255813953
21,416,437,19.80952380952381
13,31,44,2.3846153846153846
14,41,55,2.9285714285714284
72,14,86,0.19444444444444445
2212,895,3107,0.4046112115732369
18,141,159,7.833333333333333
77,630,707,8.181818181818182
81,243,324,3.0
13,328,341,25.23076923076923
14,114,128,8.142857142857142
58,151,209,2.603448275862069
35,263,298,7.514285714285714
459,508,967,1.1067538126361656
104,36,140,0.34615384615384615
3025,598,3623,0.19768595041322315
5,582,587,116.4
77,547,624,7.103896103896104
9,220,229,24.444444444444443
42,513,555,12.214285714285714
19,463,482,24.36842105263158
840,8,848,0.009523809523809525
407,650,1057,1.597051597051597
3584,451,4035,0.12583705357142858
10,103,113,10.3
739,649,1388,0.878213802435724
345,691,1036,2.0028985507246375
18,155,173,8.61111111111111
15,327,342,21.8
43,212,255,4.930232558139535
12,239,251,19.916666666666668
16,337,353,21.0625
508,758,1266,1.4921259842519685
19,39,58,2.0526315789473686
27,177,204,6.555555555555555
28,1001,1029,35.75
83,803,886,9.674698795180722
39,566,605,14.512820512820513
12,52,64,4.333333333333333
40,232,272,5.8
11,44,55,4.0
684,675,1359,0.9868421052631579
12,264,276,22.0
25,21,46,0.84
87,283,370,3.2528735632183907
15,270,285,18.0
36,341,377,9.472222222222221
12,424,436,35.333333333333336
13,555,568,42.69230769230769
276,6,282,0.021739130434782608
18,460,478,25.555555555555557
53,321,374,6.056603773584905
491,111,602,0.22606924643584522
14,745,759,53.214285714285715
12,281,293,23.416666666666668
143,110,253,0.7692307692307693
25,487,512,19.48
10,325,335,32.5
2609,48,2657,0.018397853583748562
7,211,218,30.142857142857142
10,235,245,23.5
35,407,442,11.628571428571428
10,278,288,27.8
64,387,451,6.046875
11,173,184,15.727272727272727
54,59,113,1.0925925925925926
10,92,102,9.2
21,11,32,0.5238095238095238
17,75,92,4.411764705882353
518,425,943,0.8204633204633205
81,68,149,0.8395061728395061
11,268,279,24.363636363636363
54,633,687,11.722222222222221
52,453,505,8.711538461538462
19,291,310,15.31578947368421
5,256,261,51.2
21,235,256,11.19047619047619
463,444,907,0.958963282937365
8,233,241,29.125
164,472,636,2.8780487804878048
371,521,892,1.4043126684636118
14,382,396,27.285714285714285
14,132,146,9.428571428571429
172,405,577,2.354651162790698
2517,105,2622,0.041716328963051254
114,822,936,7.2105263157894735
74,280,354,3.7837837837837838
14,252,266,18.0
155,37,192,0.23870967741935484
180,264,444,1.4666666666666666
110,31,141,0.2818181818181818
18,816,834,45.333333333333336
10,175,185,17.5
10,507,517,50.7
57,268,325,4.701754385964913
122,220,342,1.8032786885245902
24,108,132,4.5
11,150,161,13.636363636363637
16,107,123,6.6875
16,136,152,8.5
2,11,13,5.5
24,383,407,15.958333333333334
35,332,367,9.485714285714286
39,393,432,10.076923076923077
36,1009,1045,28.02777777777778
19,109,128,5.7368421052631575
23,68,91,2.9565217391304346
59,522,581,8.847457627118644
7,262,269,37.42857142857143
57,329,386,5.771929824561403
68,912,980,13.411764705882353
1966,611,2577,0.31078331637843337
4,82,86,20.5
596,124,720,0.2080536912751678
5,170,175,34.0
16,982,998,61.375
33,303,336,9.181818181818182
3492,102,3594,0.029209621993127148
16,211,227,13.1875
2054,189,2243,0.09201557935735151
308,221,529,0.7175324675324676
13,249,262,19.153846153846153
8,34,42,4.25
25,251,276,10.04
14,535,549,38.214285714285715
43,819,862,19.046511627906977
22,42,64,1.9090909090909092
21,469,490,22.333333333333332
22,383,405,17.40909090909091
17,216,233,12.705882352941176
9,423,432,47.0
15,26,41,1.7333333333333334
14,18,32,1.2857142857142858
17,413,430,24.294117647058822
27,403,430,14.925925925925926
50,31,81,0.62
43,300,343,6.976744186046512
287,381,668,1.3275261324041812
23,68,91,2.9565217391304346
12,22,34,1.8333333333333333
13,262,275,20.153846153846153
35,385,420,11.0
4,416,420,104.0
709,252,961,0.3554301833568406
65,283,348,4.3538461538461535
4,424,428,106.0
7,418,425,59.714285714285715
9,254,263,28.22222222222222
8,98,106,12.25
35,924,959,26.4
25,174,199,6.96
15,284,299,18.933333333333334
198,202,400,1.02020202020202
6,339,345,56.5
33,743,776,22.515151515151516
100,361,461,3.61
48,611,659,12.729166666666666
1173,362,1535,0.30861040068201195
1636,943,2579,0.5764058679706602
210,149,359,0.7095238095238096
18,262,280,14.555555555555555
40,39,79,0.975
2384,110,2494,0.04614093959731544
14,398,412,28.428571428571427
2592,825,3417,0.31828703703703703
6,444,450,74.0
68,312,380,4.588235294117647
23,914,937,39.73913043478261
463,603,1066,1.3023758099352052
99,538,637,5.434343434343434
28,967,995,34.535714285714285
10,259,269,25.9
1260,1070,2330,0.8492063492063492
55,43,98,0.7818181818181819
27,549,576,20.333333333333332
11,136,147,12.363636363636363
89,582,671,6.53932584269663
341,827,1168,2.4252199413489737
35,292,327,8.342857142857143
11,127,138,11.545454545454545
5,579,584,115.8
21,513,534,24.428571428571427
149,765,914,5.134228187919463
25,95,120,3.8
1485,999,2484,0.6727272727272727
4,27,31,6.75
6,276,282,46.0
19,202,221,10.631578947368421
15,13,28,0.8666666666666667
471,525,996,1.1146496815286624
18,79,97,4.388888888888889
52,341,393,6.5576923076923075
5,179,184,35.8
215,167,382,0.7767441860465116
18,294,312,16.333333333333332
392,323,715,0.8239795918367347
5,205,210,41.0
8,154,162,19.25
17,186,203,10.941176470588236
48,553,601,11.520833333333334
18,278,296,15.444444444444445
21,877,898,41.76190476190476
11,151,162,13.727272727272727
59,946,1005,16.033898305084747
10,102,112,10.2
18,175,193,9.722222222222221
14,169,183,12.071428571428571
70,193,263,2.757142857142857
547,179,726,0.3272394881170018
12,727,739,60.583333333333336
948,365,1313,0.3850210970464135
129,285,414,2.2093023255813953
29,415,444,14.310344827586206
4,395,399,98.75
81,159,240,1.962962962962963
38,30,68,0.7894736842105263
67,375,442,5.597014925373134
74,536,610,7.243243243243243
85,462,547,5.435294117647059
204,154,358,0.7549019607843137
33,8,41,0.24242424242424243
49,592,641,12.081632653061224
16,107,123,6.6875
39,114,153,2.923076923076923
30,28,58,0.9333333333333333
39,268,307,6.871794871794871
5,213,218,42.6
11,229,240,20.818181818181817
28,207,235,7.392857142857143
10,255,265,25.5
384,238,622,0.6197916666666666
31,267,298,8.612903225806452
1262,619,1881,0.49049128367670364
11,401,412,36.45454545454545
17,356,373,20.941176470588236
65,46,111,0.7076923076923077
28,1001,1029,35.75
25,347,372,13.88
45,34,79,0.7555555555555555
54,60,114,1.1111111111111112
27,497,524,18.40740740740741
34,36,70,1.0588235294117647
43,80,123,1.8604651162790697
13,311,324,23.923076923076923
448,505,953,1.1272321428571428
500,570,1070,1.14
147,366,513,2.489795918367347
26,510,536,19.615384615384617
3,11,14,3.6666666666666665
48,342,390,7.125
19,766,785,40.31578947368421
21,225,246,10.714285714285714
25,319,344,12.76
1268,920,2188,0.7255520504731862
2429,130,2559,0.05351996706463565
10,249,259,24.9
38,202,240,5.315789473684211
1923,175,2098,0.09100364014560583
381,955,1336,2.506561679790026
245,968,1213,3.951020408163265
143,110,253,0.7692307692307693
495,151,646,0.30505050505050507
42,717,759,17.071428571428573
35,443,478,12.657142857142857
14,243,257,17.357142857142858
7,373,380,53.285714285714285
47,100,147,2.127659574468085
13,149,162,11.461538461538462
16,272,288,17.0
1412,467,1879,0.3307365439093484
663,41,704,0.06184012066365008
16,318,334,19.875
68,311,379,4.573529411764706
129,161,290,1.248062015503876
66,743,809,11.257575757575758
608,380,988,0.625
91,570,661,6.263736263736264
30,377,407,12.566666666666666
371,19,390,0.05121293800539083
65,536,601,8.246153846153845
23,259,282,11.26086956521739
189,144,333,0.7619047619047619
21,321,342,15.285714285714286
20,493,513,24.65
9,128,137,14.222222222222221
18,379,397,21.055555555555557
2328,788,3116,0.3384879725085911
8,213,221,26.625
550,510,1060,0.9272727272727272
43,14,57,0.32558139534883723
12,142,154,11.833333333333334
23,336,359,14.608695652173912
13,382,395,29.384615384615383
80,752,832,9.4
12,279,291,23.25
89,375,464,4.213483146067416
66,743,809,11.257575757575758
137,552,689,4.029197080291971
147,3,150,0.02040816326530612
14,255,269,18.214285714285715
388,648,1036,1.6701030927835052
12,23,35,1.9166666666666667
924,29,953,0.031385281385281384
2,43,45,21.5
9,352,361,39.111111111111114
83,192,275,2.3132530120481927
9,124,133,13.777777777777779
21,716,737,34.095238095238095
11,296,307,26.90909090909091
659,422,1081,0.6403641881638846
287,381,668,1.3275261324041812
6,447,453,74.5
2295,433,2728,0.1886710239651416
320,367,687,1.146875
8,253,261,31.625
23,56,79,2.4347826086956523
103,677,780,6.572815533980583
78,404,482,5.17948717948718
64,384,448,6.0
29,688,717,23.724137931034484
42,66,108,1.5714285714285714
25,377,402,15.08
25,55,80,2.2
542,203,745,0.37453874538745385
49,302,351,6.163265306122449
12,172,184,14.333333333333334
4,42,46,10.5
25,38,63,1.52
29,218,247,7.517241379310345
75,456,531,6.08
6,59,65,9.833333333333334
677,65,742,0.09601181683899557
16,209,225,13.0625
14,8,22,0.5714285714285714
17,77,94,4.529411764705882
18,409,427,22.72222222222222
14,532,546,38.0
11,315,326,28.636363636363637
18,417,435,23.166666666666668
5,579,584,115.8
3,11,14,3.6666666666666665
34,69,103,2.0294117647058822
57,609,666,10.68421052631579
8,295,303,36.875
4,177,181,44.25
3433,5,3438,0.0014564520827264782
540,281,821,0.5203703703703704
57,302,359,5.298245614035087
2404,956,3360,0.39767054908485855
54,751,805,13.907407407407407
18,237,255,13.166666666666666
367,255,622,0.6948228882833788
31,279,310,9.0
550,510,1060,0.9272727272727272
25,818,843,32.72
281,462,743,1.6441281138790036
26,564,590,21.692307692307693
20,347,367,17.35
39,327,366,8.384615384615385
30,303,333,10.1
21,259,280,12.333333333333334
25,705,730,28.2
12,583,595,48.583333333333336
41,731,772,17.829268292682926
470,276,746,0.5872340425531914
1349,28,1377,0.020756115641215715
11,351,362,31.90909090909091
1056,247,1303,0.23390151515151514
334,725,1059,2.1706586826347305
2383,321,2704,0.1347041544271926
12,168,180,14.0
301,155,456,0.5149501661129569
47,47,94,1.0
249,286,535,1.1485943775100402
569,281,850,0.4938488576449912
2176,207,2383,0.09512867647058823
3,210,213,70.0
107,368,475,3.439252336448598
123,106,229,0.8617886178861789
10,314,324,31.4
24,290,314,12.083333333333334
12,205,217,17.083333333333332
18,614,632,34.111111111111114
215,324,539,1.5069767441860464
291,788,1079,2.7079037800687287
10,257,267,25.7
13,13,26,1.0
29,242,271,8.344827586206897
85,56,141,0.6588235294117647
53,200,253,3.7735849056603774
38,365,403,9.605263157894736
10,250,260,25.0
509,620,1129,1.218074656188605
130,136,266,1.0461538461538462
1187,890,2077,0.7497893850042123
69,505,574,7.318840579710145
142,91,233,0.6408450704225352
208,146,354,0.7019230769230769
105,738,843,7.0285714285714285
29,339,368,11.689655172413794
26,473,499,18.192307692307693
58,428,486,7.379310344827586
3171,290,3461,0.09145380006307159
46,127,173,2.760869565217391
65,550,615,8.461538461538462
15,287,302,19.133333333333333
1453,195,1648,0.13420509291121818
3434,561,3995,0.16336633663366337
8,177,185,22.125
509,6,515,0.011787819253438114
466,828,1294,1.7768240343347639
19,441,460,23.210526315789473
1911,1018,2929,0.532705389848247
70,352,422,5.0285714285714285
23,48,71,2.0869565217391304
135,35,170,0.25925925925925924
57,761,818,13.350877192982455
10,280,290,28.0
70,13,83,0.18571428571428572
11,256,267,23.272727272727273
63,365,428,5.7936507936507935
7,233,240,33.285714285714285
377,120,497,0.3183023872679045
308,45,353,0.1461038961038961
8,251,259,31.375
13,548,561,42.15384615384615
9,127,136,14.11111111111111
21,329,350,15.666666666666666
23,71,94,3.0869565217391304
26,144,170,5.538461538461538
33,106,139,3.212121212121212
52,105,157,2.019230769230769
15,312,327,20.8
592,296,888,0.5
28,426,454,15.214285714285714
377,386,763,1.023872679045093
2843,36,2879,0.01266268026732325
24,373,397,15.541666666666666
2,351,353,175.5
1091,682,1773,0.6251145737855178
16,421,437,26.3125
2749,357,3106,0.1298654056020371
80,514,594,6.425
25,530,555,21.2
54,459,513,8.5
3848,169,4017,0.04391891891891892
761,146,907,0.19185282522996058
34,481,515,14.147058823529411
7,376,383,53.714285714285715
18,307,325,17.055555555555557
1866,443,2309,0.23740621650589497
421,735,1156,1.7458432304038005
458,158,616,0.34497816593886466
90,534,624,5.933333333333334
41,600,641,14.634146341463415
13,184,197,14.153846153846153
15,396,411,26.4
28,259,287,9.25
118,241,359,2.042372881355932
20,519,539,25.95
151,845,996,5.596026490066225
11,170,181,15.454545454545455
72,983,1055,13.652777777777779
66,832,898,12.606060606060606
18,276,294,15.333333333333334
1354,809,2163,0.5974889217134417
100,558,658,5.58
27,162,189,6.0
16,142,158,8.875
12,766,778,63.833333333333336
1270,330,1600,0.25984251968503935
189,309,498,1.6349206349206349
26,25,51,0.9615384615384616
2,11,13,5.5
11,211,222,19.181818181818183
100,103,203,1.03
5,49,54,9.8
885,809,1694,0.9141242937853107
14,480,494,34.285714285714285
167,279,446,1.6706586826347305
28,775,803,27.678571428571427
15,216,231,14.4
1051,257,1308,0.2445290199809705
12,413,425,34.416666666666664
392,409,801,1.0433673469387754
26,87,113,3.3461538461538463
71,262,333,3.6901408450704225
22,272,294,12.363636363636363
18,268,286,14.88888888888889
12,295,307,24.583333333333332
1136,481,1617,0.4234154929577465
19,164,183,8.631578947368421
1177,841,2018,0.7145284621920136
2664,24,2688,0.009009009009009009
233,144,377,0.6180257510729614
17,102,119,6.0
915,416,1331,0.4546448087431694
58,209,267,3.603448275862069
1096,610,1706,0.5565693430656934
265,477,742,1.8
37,615,652,16.62162162162162
18,94,112,5.222222222222222
91,82,173,0.9010989010989011
18,289,307,16.055555555555557
2,11,13,5.5
44,349,393,7.931818181818182
76,37,113,0.4868421052631579
394,49,443,0.12436548223350254
24,101,125,4.208333333333333
11,280,291,25.454545454545453
13,245,258,18.846153846153847
11,297,308,27.0
76,650,726,8.552631578947368
25,273,298,10.92
15,643,658,42.86666666666667
60,969,1029,16.15
9,125,134,13.88888888888889
56,53,109,0.9464285714285714
24,362,386,15.083333333333334
13,430,443,33.07692307692308
1383,265,1648,0.19161243673174258
11,223,234,20.272727272727273
40,240,280,6.0
13,305,318,23.46153846153846
23,112,135,4.869565217391305
17,337,354,19.823529411764707
39,292,331,7.487179487179487
18,610,628,33.888888888888886
96,63,159,0.65625
159,511,670,3.2138364779874213
66,26,92,0.3939393939393939
22,314,336,14.272727272727273
12,848,860,70.66666666666667
13,19,32,1.4615384615384615
20,616,636,30.8
139,191,330,1.3741007194244603
131,1471,1602,11.229007633587786
10,193,203,19.3
22,603,625,27.40909090909091
58,180,238,3.103448275862069
59,14,73,0.23728813559322035
197,122,319,0.6192893401015228
292,17,309,0.05821917808219178
68,39,107,0.5735294117647058
35,719,754,20.542857142857144
27,532,559,19.703703703703702
9,390,399,43.333333333333336
2679,211,2890,0.07876073161627473
38,30,68,0.7894736842105263
46,930,976,20.217391304347824
33,560,593,16.96969696969697
11,500,511,45.45454545454545
428,614,1042,1.4345794392523366
103,632,735,6.135922330097087
11,648,659,58.90909090909091
54,254,308,4.703703703703703
7,23,30,3.2857142857142856
370,222,592,0.6
1039,222,1261,0.2136669874879692
11,68,79,6.181818181818182
30,393,423,13.1
262,123,385,0.46946564885496184
14,250,264,17.857142857142858
393,629,1022,1.6005089058524173
5,59,64,11.8
18,376,394,20.88888888888889
10,458,468,45.8
12,423,435,35.25
813,517,1330,0.6359163591635917
105,730,835,6.9523809523809526
9,275,284,30.555555555555557
8,259,267,32.375
8,96,104,12.0
24,154,178,6.416666666666667
2174,138,2312,0.06347746090156393
98,111,209,1.1326530612244898
68,26,94,0.38235294117647056
9,53,62,5.888888888888889
9,65,74,7.222222222222222
17,642,659,37.76470588235294
11,250,261,22.727272727272727
52,263,315,5.0576923076923075
7,14,21,2.0
2,11,13,5.5
64,394,458,6.15625
87,94,181,1.0804597701149425
59,69,128,1.1694915254237288
143,295,438,2.062937062937063
11,351,362,31.90909090909091
261,804,1065,3.0804597701149423
943,194,1137,0.20572640509013787
61,466,527,7.639344262295082
17,665,682,39.11764705882353
51,316,367,6.196078431372549
806,519,1325,0.6439205955334988
157,534,691,3.4012738853503186
2495,598,3093,0.23967935871743487
16,215,231,13.4375
157,9,166,0.05732484076433121
6,105,111,17.5
86,91,177,1.058139534883721
32,302,334,9.4375
9,163,172,18.11111111111111
199,318,517,1.5979899497487438
2,11,13,5.5
31,248,279,8.0
24,480,504,20.0
22,147,169,6.681818181818182
36,341,377,9.472222222222221
11,380,391,34.54545454545455
17,404,421,23.764705882352942
13,206,219,15.846153846153847
3007,130,3137,0.04323245759893582
30,252,282,8.4
14,294,308,21.0
242,351,593,1.4504132231404958
424,315,739,0.7429245283018868
12,189,201,15.75
2212,895,3107,0.4046112115732369
9,244,253,27.11111111111111
7,36,43,5.142857142857143
851,506,1357,0.5945945945945946
5,912,917,182.4
5,136,141,27.2
12,116,128,9.666666666666666
2437,269,2706,0.11038161674189577
23,580,603,25.217391304347824
714,444,1158,0.6218487394957983
128,308,436,2.40625
70,143,213,2.0428571428571427
50,50,100,1.0
20,128,148,6.4
277,627,904,2.2635379061371843
38,80,118,2.1052631578947367
9,88,97,9.777777777777779
52,312,364,6.0
442,604,1046,1.3665158371040724
2245,263,2508,0.11714922048997772
1323,5,1328,0.003779289493575208
98,21,119,0.21428571428571427
35,701,736,20.02857142857143
30,522,552,17.4
3263,483,3746,0.14802329144958626
268,178,446,0.664179104477612
12,543,555,45.25
20,325,345,16.25
77,54,131,0.7012987012987013
34,60,94,1.7647058823529411
775,674,1449,0.8696774193548387
26,769,795,29.576923076923077
698,289,987,0.4140401146131805
126,97,223,0.7698412698412699
30,656,686,21.866666666666667
112,295,407,2.6339285714285716
18,27,45,1.5
13,192,205,14.76923076923077
114,703,817,6.166666666666667
118,556,674,4.711864406779661
28,340,368,12.142857142857142
313,1094,1407,3.4952076677316293
3,42,45,14.0
14,213,227,15.214285714285714
270,69,339,0.25555555555555554
10,182,192,18.2
20,569,589,28.45
18,492,510,27.333333333333332
28,271,299,9.678571428571429
20,248,268,12.4
23,289,312,12.565217391304348
15,443,458,29.533333333333335
59,106,165,1.7966101694915255
26,15,41,0.5769230769230769
7,65,72,9.285714285714286
8,125,133,15.625
30,591,621,19.7
168,172,340,1.0238095238095237
18,326,344,18.11111111111111
18,197,215,10.944444444444445
6,109,115,18.166666666666668
13,23,36,1.7692307692307692
114,632,746,5.543859649122807
2058,130,2188,0.06316812439261418
3,31,34,10.333333333333334
17,129,146,7.588235294117647
69,451,520,6.536231884057971
13,287,300,22.076923076923077
454,4,458,0.00881057268722467
33,238,271,7.212121212121212
23,148,171,6.434782608695652
16,331,347,20.6875
1408,322,1730,0.22869318181818182
22,910,932,41.36363636363637
49,134,183,2.7346938775510203
937,881,1818,0.9402347918890075
19,625,644,32.89473684210526
26,433,459,16.653846153846153
2106,66,2172,0.03133903133903134
95,230,325,2.4210526315789473
16,462,478,28.875
12,120,132,10.0
545,863,1408,1.58348623853211
651,515,1166,0.7910906298003072
3614,268,3882,0.07415605976757056
94,451,545,4.797872340425532
36,412,448,11.444444444444445
91,806,897,8.857142857142858
7,336,343,48.0
60,9,69,0.15
70,278,348,3.9714285714285715
17,4,21,0.23529411764705882
23,148,171,6.434782608695652
10,277,287,27.7
9,144,153,16.0
10,155,165,15.5
16,28,44,1.75
279,988,1267,3.5412186379928317
297,354,651,1.1919191919191918
46,530,576,11.521739130434783
10,424,434,42.4
1237,632,1869,0.5109135004042037
556,210,766,0.3776978417266187
30,215,245,7.166666666666667
254,784,1038,3.0866141732283463
15,590,605,39.333333333333336
320,288,608,0.9
242,140,382,0.5785123966942148
2,40,42,20.0
21,165,186,7.857142857142857
9,90,99,10.0
35,305,340,8.714285714285714
49,221,270,4.510204081632653
9,441,450,49.0
74,496,570,6.702702702702703
408,416,824,1.0196078431372548
20,132,152,6.6
171,451,622,2.6374269005847952
2666,965,3631,0.36196549137284323
266,287,553,1.0789473684210527
2,11,13,5.5
48,105,153,2.1875
236,128,364,0.5423728813559322
147,570,717,3.877551020408163
50,581,631,11.62
32,151,183,4.71875
154,730,884,4.740259740259741
101,418,519,4.138613861386139
76,111,187,1.4605263157894737
25,519,544,20.76
301,472,773,1.5681063122923589
778,219,997,0.2814910025706941
34,88,122,2.588235294117647
27,37,64,1.3703703703703705
40,46,86,1.15
15,879,894,58.6
46,930,976,20.217391304347824
433,261,694,0.6027713625866051
32,452,484,14.125
18,282,300,15.666666666666666
12,383,395,31.916666666666668
7,145,152,20.714285714285715
1806,278,2084,0.1539313399778516
68,317,385,4.661764705882353
1004,264,1268,0.26294820717131473
28,547,575,19.535714285714285
382,579,961,1.5157068062827226
21,314,335,14.952380952380953
7,260,267,37.142857142857146
324,652,976,2.0123456790123457
31,161,192,5.193548387096774
20,107,127,5.35
43,554,597,12.883720930232558
26,127,153,4.884615384615385
570,98,668,0.17192982456140352
1930,5,1935,0.0025906735751295338
575,747,1322,1.2991304347826087
632,162,794,0.2563291139240506
17,68,85,4.0
1595,182,1777,0.11410658307210031
1336,783,2119,0.5860778443113772
650,203,853,0.3123076923076923
260,398,658,1.5307692307692307
97,799,896,8.237113402061855
14,176,190,12.571428571428571
1169,40,1209,0.03421727972626176
25,242,267,9.68
86,464,550,5.395348837209302
288,7,295,0.024305555555555556
18,405,423,22.5
12,314,326,26.166666666666668
438,204,642,0.4657534246575342
11,96,107,8.727272727272727
5,59,64,11.8
83,278,361,3.3493975903614457
54,330,384,6.111111111111111
19,345,364,18.157894736842106
66,771,837,11.681818181818182
52,236,288,4.538461538461538
69,69,138,1.0
509,661,1170,1.2986247544204321
15,397,412,26.466666666666665
20,106,126,5.3
10,210,220,21.0
11,378,389,34.36363636363637
8,553,561,69.125
82,298,380,3.6341463414634148
9,423,432,47.0
49,368,417,7.510204081632653
5,253,258,50.6
181,604,785,3.3370165745856353
1193,597,1790,0.5004191114836547
18,264,282,14.666666666666666
27,243,270,9.0
130,802,932,6.1692307692307695
26,503,529,19.346153846153847
267,607,874,2.2734082397003745
42,96,138,2.2857142857142856
5,456,461,91.2
40,614,654,15.35
6,71,77,11.833333333333334
164,361,525,2.201219512195122
19,279,298,14.68421052631579
1877,381,2258,0.20298348428343102
20,148,168,7.4
11,337,348,30.636363636363637
22,235,257,10.681818181818182
27,292,319,10.814814814814815
16,233,249,14.5625
3362,249,3611,0.07406305770374777
38,48,86,1.263157894736842
11,323,334,29.363636363636363
82,437,519,5.329268292682927
70,538,608,7.685714285714286
101,902,1003,8.930693069306932
754,122,876,0.16180371352785147
138,822,960,5.956521739130435
17,449,466,26.41176470588235
15,423,438,28.2
27,452,479,16.74074074074074
14,412,426,29.428571428571427
5,31,36,6.2
14,455,469,32.5
47,454,501,9.659574468085106
3288,4,3292,0.0012165450121654502
68,213,281,3.1323529411764706
27,290,317,10.74074074074074
17,288,305,16.941176470588236
18,614,632,34.111111111111114
20,305,325,15.25
32,242,274,7.5625
166,275,441,1.6566265060240963
177,424,601,2.3954802259887007
4,634,638,158.5
690,24,714,0.034782608695652174
41,355,396,8.658536585365853
24,616,640,25.666666666666668
195,594,789,3.046153846153846
30,367,397,12.233333333333333
13,166,179,12.76923076923077
949,155,1104,0.16332982086406744
101,162,263,1.603960396039604
80,14,94,0.175
22,58,80,2.6363636363636362
39,523,562,13.41025641025641
1704,428,2132,0.2511737089201878
16,46,62,2.875
16,350,366,21.875
16,166,182,10.375
217,198,415,0.9124423963133641
30,96,126,3.2
12,37,49,3.0833333333333335
543,462,1005,0.850828729281768
62,598,660,9.64516129032258
27,83,110,3.074074074074074
34,19,53,0.5588235294117647
18,263,281,14.61111111111111
60,300,360,5.0
14,273,287,19.5
31,635,666,20.483870967741936
18,159,177,8.833333333333334
92,419,511,4.554347826086956
8,84,92,10.5
8,107,115,13.375
1361,791,2152,0.5811903012490816
126,543,669,4.309523809523809
118,896,1014,7.593220338983051
28,606,634,21.642857142857142
13,330,343,25.384615384615383
19,144,163,7.578947368421052
164,360,524,2.1951219512195124
20,66,86,3.3
866,449,1315,0.5184757505773672
17,349,366,20.529411764705884
23,291,314,12.652173913043478
12,22,34,1.8333333333333333
304,153,457,0.5032894736842105
33,118,151,3.5757575757575757
175,484,659,2.7657142857142856
307,479,786,1.5602605863192183
1179,107,1286,0.090754877014419
562,781,1343,1.3896797153024911
3416,16,3432,0.00468384074941452
2,48,50,24.0
35,152,187,4.3428571428571425
283,194,477,0.6855123674911661
142,86,228,0.6056338028169014
23,409,432,17.782608695652176
19,454,473,23.894736842105264
98,360,458,3.673469387755102
8,611,619,76.375
15,358,373,23.866666666666667
263,220,483,0.8365019011406845
25,28,53,1.12
78,105,183,1.3461538461538463
287,320,607,1.1149825783972125
11,114,125,10.363636363636363
346,905,1251,2.615606936416185
4,132,136,33.0
12,372,384,31.0
15,296,311,19.733333333333334
19,876,895,46.10526315789474
27,323,350,11.962962962962964
39,216,255,5.538461538461538
21,621,642,29.571428571428573
1526,1130,2656,0.7404980340760158
17,133,150,7.823529411764706
136,305,441,2.2426470588235294
15,435,450,29.0
15,278,293,18.533333333333335
49,179,228,3.6530612244897958
43,196,239,4.558139534883721
95,377,472,3.968421052631579
3027,264,3291,0.08721506442021804
11,281,292,25.545454545454547
69,441,510,6.391304347826087
11,148,159,13.454545454545455
152,871,1023,5.730263157894737
69,42,111,0.6086956521739131
1238,1213,2451,0.9798061389337641
746,124,870,0.16621983914209115
12,613,625,51.083333333333336
41,408,449,9.951219512195122
163,977,1140,5.993865030674846
20,31,51,1.55
14,442,456,31.571428571428573
7,138,145,19.714285714285715
37,7,44,0.1891891891891892
44,359,403,8.159090909090908
8,295,303,36.875
96,273,369,2.84375
19,123,142,6.473684210526316
156,332,488,2.128205128205128
37,87,124,2.3513513513513513
18,461,479,25.61111111111111
815,227,1042,0.2785276073619632
61,194,255,3.180327868852459
9,279,288,31.0
54,381,435,7.055555555555555
15,328,343,21.866666666666667
1957,26,1983,0.013285641287685232
95,92,187,0.968421052631579
100,58,158,0.58
20,1030,1050,51.5
23,334,357,14.521739130434783
209,127,336,0.6076555023923444
15,360,375,24.0
26,406,432,15.615384615384615
67,470,537,7.014925373134329
49,118,167,2.4081632653061225
206,48,254,0.23300970873786409
85,26,111,0.3058823529411765
28,837,865,29.892857142857142
518,147,665,0.28378378378378377
3,728,731,242.66666666666666
14,308,322,22.0
88,407,495,4.625
107,380,487,3.5514018691588785
7,274,281,39.142857142857146
15,429,444,28.6
97,673,770,6.938144329896907
10,289,299,28.9
23,294,317,12.782608695652174
56,687,743,12.267857142857142
146,666,812,4.561643835616438
153,148,301,0.9673202614379085
22,147,169,6.681818181818182
1721,832,2553,0.4834398605461941
114,455,569,3.991228070175439
1313,501,1814,0.38156892612338156
48,82,130,1.7083333333333333
1047,350,1397,0.3342884431709647
24,112,136,4.666666666666667
10,611,621,61.1
73,559,632,7.657534246575342
79,327,406,4.139240506329114
52,397,449,7.634615384615385
3408,12,3420,0.0035211267605633804
163,319,482,1.9570552147239264
88,671,759,7.625
78,509,587,6.5256410256410255
29,777,806,26.79310344827586
6,324,330,54.0
25,415,440,16.6
10,26,36,2.6
19,396,415,20.842105263157894
36,186,222,5.166666666666667
19,300,319,15.789473684210526
704,149,853,0.21164772727272727
13,310,323,23.846153846153847
43,334,377,7.767441860465116
319,846,1165,2.652037617554859
66,346,412,5.242424242424242
50,299,349,5.98
26,38,64,1.4615384615384615
493,104,597,0.21095334685598377
25,324,349,12.96
35,461,496,13.17142857142857
408,625,1033,1.5318627450980393
3022,945,3967,0.3127068166776969
16,106,122,6.625
2721,5,2726,0.0018375597206909224
3,239,242,79.66666666666667
21,686,707,32.666666666666664
21,695,716,33.095238095238095
7,211,218,30.142857142857142
15,119,134,7.933333333333334
131,199,330,1.5190839694656488
19,325,344,17.105263157894736
1460,236,1696,0.16164383561643836
10,104,114,10.4
318,677,995,2.1289308176100628
29,467,496,16.103448275862068
133,13,146,0.09774436090225563
19,273,292,14.368421052631579
21,380,401,18.095238095238095
5,29,34,5.8
734,579,1313,0.7888283378746594
27,307,334,11.37037037037037
46,531,577,11.543478260869565
68,29,97,0.4264705882352941
17,252,269,14.823529411764707
13,139,152,10.692307692307692
6,26,32,4.333333333333333
41,207,248,5.048780487804878
1514,193,1707,0.12747688243064728
76,535,611,7.0394736842105265
462,349,811,0.7554112554112554
9,35,44,3.888888888888889
239,71,310,0.29707112970711297
60,555,615,9.25
13,239,252,18.384615384615383
1468,179,1647,0.12193460490463215
13,245,258,18.846153846153847
22,103,125,4.681818181818182
104,702,806,6.75
164,561,725,3.4207317073170733
191,195,386,1.0209424083769634
203,11,214,0.054187192118226604
11,222,233,20.181818181818183
173,269,442,1.5549132947976878
21,706,727,33.61904761904762
1369,434,1803,0.3170197224251278
328,234,562,0.7134146341463414
126,454,580,3.6031746031746033
11,463,474,42.09090909090909
81,350,431,4.320987654320987
23,613,636,26.652173913043477
9,210,219,23.333333333333332
8,308,316,38.5
7,345,352,49.285714285714285
45,334,379,7.4222222222222225
47,332,379,7.0638297872340425
60,391,451,6.516666666666667
179,138,317,0.770949720670391
18,754,772,41.888888888888886
7,112,119,16.0
59,201,260,3.406779661016949
115,11,126,0.09565217391304348
48,464,512,9.666666666666666
22,610,632,27.727272727272727
2,27,29,13.5
8,305,313,38.125
565,196,761,0.34690265486725663
2511,455,2966,0.1812027080844285
17,323,340,19.0
3,103,106,34.333333333333336
8,143,151,17.875
10,520,530,52.0
1323,548,1871,0.41421012849584277
385,381,766,0.9896103896103896
29,129,158,4.448275862068965
9,108,117,12.0
440,351,791,0.7977272727272727
518,425,943,0.8204633204633205
17,46,63,2.7058823529411766
16,33,49,2.0625
29,45,74,1.5517241379310345
11,535,546,48.63636363636363
80,47,127,0.5875
19,313,332,16.473684210526315
18,46,64,2.5555555555555554
15,202,217,13.466666666666667
3703,84,3787,0.022684310018903593
32,374,406,11.6875
25,242,267,9.68
14,368,382,26.285714285714285
529,156,685,0.2948960302457467
26,348,374,13.384615384615385
69,241,310,3.4927536231884058
49,349,398,7.122448979591836
34,96,130,2.823529411764706
45,334,379,7.4222222222222225
4,226,230,56.5
20,123,143,6.15
39,31,70,0.7948717948717948
1939,639,2578,0.32955131511088187
4,11,15,2.75
233,401,634,1.7210300429184548
19,216,235,11.368421052631579
15,402,417,26.8
66,393,459,5.954545454545454
20,282,302,14.1
44,955,999,21.704545454545453
33,382,415,11.575757575757576
11,431,442,39.18181818181818
32,176,208,5.5
579,600,1179,1.0362694300518134
85,246,331,2.8941176470588235
15,366,381,24.4
55,515,570,9.363636363636363
8,51,59,6.375
5,168,173,33.6
44,878,922,19.954545454545453
81,417,498,5.148148148148148
22,22,44,1.0
19,147,166,7.7368421052631575
27,455,482,16.85185185185185
9,401,410,44.55555555555556
32,85,117,2.65625
1287,474,1761,0.3682983682983683
14,384,398,27.428571428571427
436,525,961,1.2041284403669725
50,367,417,7.34
57,632,689,11.087719298245615
40,359,399,8.975
26,357,383,13.73076923076923
305,399,704,1.3081967213114754
9,123,132,13.666666666666666
23,122,145,5.304347826086956
23,407,430,17.695652173913043
38,422,460,11.105263157894736
10,188,198,18.8
6,176,182,29.333333333333332
8,96,104,12.0
3776,8,3784,0.00211864406779661
961,134,1095,0.13943808532778357
42,212,254,5.0476190476190474
13,103,116,7.923076923076923
7,268,275,38.285714285714285
8,494,502,61.75
199,216,415,1.085427135678392
22,424,446,19.272727272727273
1727,398,2125,0.23045744064852344
79,627,706,7.936708860759493
8,351,359,43.875
17,107,124,6.294117647058823
20,643,663,32.15
104,709,813,6.8173076923076925
87,134,221,1.5402298850574712
108,332,440,3.074074074074074
4,183,187,45.75
52,670,722,12.884615384615385
1956,272,2228,0.1390593047034765
33,221,254,6.696969696969697
455,400,855,0.8791208791208791
8,245,253,30.625
29,320,349,11.03448275862069
22,477,499,21.681818181818183
18,156,174,8.666666666666666
22,547,569,24.863636363636363
36,472,508,13.11111111111111
16,35,51,2.1875
143,157,300,1.097902097902098
56,54,110,0.9642857142857143
8,308,316,38.5
31,150,181,4.838709677419355
15,301,316,20.066666666666666
93,650,743,6.989247311827957
3,49,52,16.333333333333332
765,533,1298,0.6967320261437908
481,443,924,0.920997920997921
654,24,678,0.03669724770642202
30,155,185,5.166666666666667
567,8,575,0.014109347442680775
12,291,303,24.25
298,365,663,1.2248322147651007
7,279,286,39.857142857142854
12,219,231,18.25
9,465,474,51.666666666666664
420,945,1365,2.25
17,391,408,23.0
115,202,317,1.7565217391304349
69,451,520,6.536231884057971
12,460,472,38.333333333333336
698,824,1522,1.180515759312321
13,457,470,35.15384615384615
52,414,466,7.961538461538462
15,29,44,1.9333333333333333
28,360,388,12.857142857142858
6,41,47,6.833333333333333
276,627,903,2.2717391304347827
46,166,212,3.608695652173913
20,27,47,1.35
75,325,400,4.333333333333333
137,182,319,1.3284671532846715
17,204,221,12.0
26,765,791,29.423076923076923
52,503,555,9.673076923076923
17,452,469,26.58823529411765
62,249,311,4.016129032258065
19,568,587,29.894736842105264
8,320,328,40.0
14,18,32,1.2857142857142858
34,49,83,1.4411764705882353
18,502,520,27.88888888888889
9,310,319,34.44444444444444
9,194,203,21.555555555555557
21,474,495,22.571428571428573
84,427,511,5.083333333333333
1994,187,2181,0.09378134403209629
1485,999,2484,0.6727272727272727
21,38,59,1.8095238095238095
16,202,218,12.625
62,102,164,1.6451612903225807
14,279,293,19.928571428571427
26,172,198,6.615384615384615
28,346,374,12.357142857142858
28,229,257,8.178571428571429
431,270,701,0.6264501160092807
33,444,477,13.454545454545455
17,627,644,36.88235294117647
1009,295,1304,0.2923686818632309
24,51,75,2.125
737,558,1295,0.757123473541384
34,360,394,10.588235294117647
70,734,804,10.485714285714286
1237,13,1250,0.010509296685529508
35,317,352,9.057142857142857
102,696,798,6.823529411764706
9,96,105,10.666666666666666
20,404,424,20.2
3,544,547,181.33333333333334
24,267,291,11.125
33,310,343,9.393939393939394
5,25,30,5.0
18,257,275,14.277777777777779
22,382,404,17.363636363636363
32,281,313,8.78125
57,632,689,11.087719298245615
40,203,243,5.075
553,423,976,0.7649186256781193
284,265,549,0.9330985915492958
274,956,1230,3.489051094890511
1228,840,2068,0.6840390879478827
70,196,266,2.8
252,157,409,0.623015873015873
12,200,212,16.666666666666668
15,117,132,7.8
116,580,696,5.0
15,210,225,14.0
40,436,476,10.9
138,381,519,2.760869565217391
19,336,355,17.68421052631579
14,129,143,9.214285714285714
22,167,189,7.590909090909091
21,859,880,40.904761904761905
23,553,576,24.043478260869566
28,463,491,16.535714285714285
9,18,27,2.0
2130,154,2284,0.07230046948356808
96,194,290,2.0208333333333335
68,317,385,4.661764705882353
12,290,302,24.166666666666668
11,129,140,11.727272727272727
55,322,377,5.8545454545454545
2,37,39,18.5
255,207,462,0.8117647058823529
35,746,781,21.314285714285713
113,49,162,0.4336283185840708
9,862,871,95.77777777777777
6,267,273,44.5
6,260,266,43.333333333333336
16,958,974,59.875
23,700,723,30.434782608695652
862,473,1335,0.548723897911833
193,164,357,0.8497409326424871
1447,10,1457,0.006910850034554251
17,127,144,7.470588235294118
31,234,265,7.548387096774194
41,482,523,11.75609756097561
11,255,266,23.181818181818183
145,292,437,2.013793103448276
15,32,47,2.1333333333333333
96,211,307,2.1979166666666665
16,629,645,39.3125
76,247,323,3.25
11,396,407,36.0
3422,92,3514,0.026884862653419054
53,133,186,2.509433962264151
131,419,550,3.198473282442748
31,187,218,6.032258064516129
1183,479,1662,0.40490278951817416
15,444,459,29.6
15,344,359,22.933333333333334
9,29,38,3.2222222222222223
39,336,375,8.615384615384615
4,345,349,86.25
204,369,573,1.8088235294117647
102,43,145,0.4215686274509804
1264,295,1559,0.23338607594936708
19,410,429,21.57894736842105
945,5,950,0.005291005291005291
44,232,276,5.2727272727272725
1171,351,1522,0.2997438087105038
128,357,485,2.7890625
18,262,280,14.555555555555555
26,370,396,14.23076923076923
900,427,1327,0.47444444444444445
50,367,417,7.34
22,19,41,0.8636363636363636
19,427,446,22.473684210526315
17,434,451,25.529411764705884
197,1031,1228,5.233502538071066
15,55,70,3.6666666666666665
10,252,262,25.2
368,344,712,0.9347826086956522
2,523,525,261.5
764,50,814,0.06544502617801047
319,359,678,1.1253918495297806
548,346,894,0.6313868613138686
13,183,196,14.076923076923077
104,331,435,3.1826923076923075
14,300,314,21.428571428571427
9,21,30,2.3333333333333335
22,224,246,10.181818181818182
17,254,271,14.941176470588236
15,29,44,1.9333333333333333
3,31,34,10.333333333333334
27,88,115,3.259259259259259
22,967,989,43.95454545454545
3,211,214,70.33333333333333
6,151,157,25.166666666666668
20,377,397,18.85
226,306,532,1.3539823008849559
8,26,34,3.25
9,21,30,2.3333333333333335
123,305,428,2.4796747967479673
27,83,110,3.074074074074074
256,236,492,0.921875
21,219,240,10.428571428571429
22,806,828,36.63636363636363
250,396,646,1.584
2890,128,3018,0.044290657439446365
17,225,242,13.235294117647058
3,34,37,11.333333333333334
26,5,31,0.19230769230769232
33,43,76,1.303030303030303
24,473,497,19.708333333333332
29,676,705,23.310344827586206
38,241,279,6.342105263157895
5,107,112,21.4
20,428,448,21.4
18,725,743,40.27777777777778
4,88,92,22.0
19,408,427,21.473684210526315
12,192,204,16.0
43,475,518,11.046511627906977
27,159,186,5.888888888888889
19,266,285,14.0
20,525,545,26.25
1378,74,1452,0.05370101596516691
19,344,363,18.105263157894736
64,815,879,12.734375
12,845,857,70.41666666666667
370,5,375,0.013513513513513514
5,66,71,13.2
44,46,90,1.0454545454545454
11,358,369,32.54545454545455
4,298,302,74.5
2285,143,2428,0.06258205689277899
27,304,331,11.25925925925926
85,268,353,3.152941176470588
17,139,156,8.176470588235293
58,416,474,7.172413793103448
140,587,727,4.192857142857143
65,126,191,1.9384615384615385
125,45,170,0.36
7,84,91,12.0
627,458,1085,0.7304625199362041
87,646,733,7.425287356321839
232,196,428,0.8448275862068966
394,49,443,0.12436548223350254
1767,757,2524,0.42840973401245047
114,857,971,7.517543859649122
139,789,928,5.676258992805756
13,309,322,23.76923076923077
200,99,299,0.495
1199,590,1789,0.4920767306088407
25,154,179,6.16
164,521,685,3.176829268292683
2,20,22,10.0
101,257,358,2.5445544554455446
352,815,1167,2.315340909090909
75,329,404,4.386666666666667
30,36,66,1.2
40,39,79,0.975
19,133,152,7.0
33,236,269,7.151515151515151
56,36,92,0.6428571428571429
1129,20,1149,0.01771479185119575
19,538,557,28.31578947368421
5,35,40,7.0
3505,130,3635,0.037089871611982884
315,344,659,1.092063492063492
5,91,96,18.2
23,331,354,14.391304347826088
150,304,454,2.026666666666667
1189,365,1554,0.3069806560134567
76,356,432,4.684210526315789
16,299,315,18.6875
160,31,191,0.19375
23,62,85,2.6956521739130435
6,60,66,10.0
115,202,317,1.7565217391304349
26,16,42,0.6153846153846154
48,211,259,4.395833333333333
24,289,313,12.041666666666666
660,141,801,0.21363636363636362
46,167,213,3.630434782608696
22,115,137,5.2272727272727275
10,256,266,25.6
14,323,337,23.071428571428573
26,149,175,5.730769230769231
57,374,431,6.56140350877193
28,559,587,19.964285714285715
139,91,230,0.6546762589928058
13,118,131,9.076923076923077
129,285,414,2.2093023255813953
45,847,892,18.822222222222223
23,284,307,12.347826086956522
18,447,465,24.833333333333332
610,410,1020,0.6721311475409836
7,344,351,49.142857142857146
17,225,242,13.235294117647058
2,192,194,96.0
48,96,144,2.0
41,114,155,2.7804878048780486
2,11,13,5.5
13,293,306,22.53846153846154
1710,495,2205,0.2894736842105263
13,26,39,2.0
1602,163,1765,0.1017478152309613
135,443,578,3.2814814814814817
12,318,330,26.5
38,293,331,7.7105263157894735
161,139,300,0.8633540372670807
3,11,14,3.6666666666666665
380,505,885,1.3289473684210527
2111,318,2429,0.1506395073424917
153,715,868,4.673202614379085
790,290,1080,0.3670886075949367
92,163,255,1.7717391304347827
48,532,580,11.083333333333334
130,408,538,3.1384615384615384
6,433,439,72.16666666666667
115,202,317,1.7565217391304349
12,371,383,30.916666666666668
1053,945,1998,0.8974358974358975
39,138,177,3.5384615384615383
48,244,292,5.083333333333333
7,880,887,125.71428571428571
6,101,107,16.833333333333332
217,318,535,1.4654377880184333
31,24,55,0.7741935483870968
2953,214,3167,0.07246867592279038
92,158,250,1.7173913043478262
10,103,113,10.3
1091,803,1894,0.7360219981668195
12,468,480,39.0
3245,8,3253,0.002465331278890601
2,11,13,5.5
40,360,400,9.0
443,441,884,0.9954853273137697
2068,14,2082,0.006769825918762089
32,346,378,10.8125
17,667,684,39.23529411764706
14,476,490,34.0
16,387,403,24.1875
36,504,540,14.0
48,696,744,14.5
1386,1017,2403,0.7337662337662337
5,396,401,79.2
130,534,664,4.107692307692307
185,435,620,2.3513513513513513
315,817,1132,2.5936507936507938
23,258,281,11.217391304347826
15,32,47,2.1333333333333333
34,576,610,16.941176470588236
18,226,244,12.555555555555555
15,25,40,1.6666666666666667
19,156,175,8.210526315789474
109,911,1020,8.357798165137615
386,178,564,0.46113989637305697
106,308,414,2.9056603773584904
168,390,558,2.3214285714285716
47,323,370,6.872340425531915
81,753,834,9.296296296296296
117,121,238,1.0341880341880343
9,241,250,26.77777777777778
11,281,292,25.545454545454547
744,421,1165,0.5658602150537635
19,783,802,41.21052631578947
91,163,254,1.7912087912087913
31,161,192,5.193548387096774
67,324,391,4.835820895522388
17,158,175,9.294117647058824
3,78,81,26.0
42,559,601,13.30952380952381
32,139,171,4.34375
1177,12,1189,0.010195412064570943
123,1028,1151,8.357723577235772
111,190,301,1.7117117117117118
1349,1088,2437,0.8065233506300964
1899,58,1957,0.030542390731964193
30,116,146,3.8666666666666667
27,355,382,13.148148148148149
265,42,307,0.15849056603773584
1058,36,1094,0.034026465028355386
68,283,351,4.161764705882353
10,250,260,25.0
49,732,781,14.938775510204081
18,157,175,8.722222222222221
175,175,350,1.0
56,651,707,11.625
71,156,227,2.1971830985915495
28,14,42,0.5
20,227,247,11.35
408,332,740,0.8137254901960784
84,507,591,6.035714285714286
49,276,325,5.63265306122449
23,28,51,1.2173913043478262
115,109,224,0.9478260869565217
263,96,359,0.3650190114068441
13,129,142,9.923076923076923
24,5,29,0.20833333333333334
23,524,547,22.782608695652176
2,11,13,5.5
49,1053,1102,21.489795918367346
426,656,1082,1.539906103286385
17,344,361,20.235294117647058
588,78,666,0.1326530612244898
12,856,868,71.33333333333333
268,569,837,2.123134328358209
836,906,1742,1.0837320574162679
169,243,412,1.4378698224852071
31,87,118,2.806451612903226
146,37,183,0.2534246575342466
18,63,81,3.5
247,133,380,0.5384615384615384
166,47,213,0.28313253012048195
44,278,322,6.318181818181818
16,310,326,19.375
188,474,662,2.521276595744681
9,65,74,7.222222222222222
12,346,358,28.833333333333332
57,613,670,10.75438596491228
87,61,148,0.7011494252873564
570,1020,1590,1.7894736842105263
31,592,623,19.096774193548388
10,205,215,20.5
5,311,316,62.2
22,424,446,19.272727272727273
17,798,815,46.94117647058823
64,454,518,7.09375
47,658,705,14.0
74,742,816,10.027027027027026
30,377,407,12.566666666666666
60,389,449,6.483333333333333
24,593,617,24.708333333333332
11,136,147,12.363636363636363
26,84,110,3.230769230769231
37,141,178,3.810810810810811
8,387,395,48.375
21,227,248,10.80952380952381
23,403,426,17.52173913043478
46,68,114,1.4782608695652173
1423,286,1709,0.20098383696416022
110,273,383,2.481818181818182
309,38,347,0.12297734627831715
14,289,303,20.642857142857142
8,154,162,19.25
10,67,77,6.7
142,91,233,0.6408450704225352
463,478,941,1.0323974082073435
794,737,1531,0.9282115869017632
14,839,853,59.92857142857143
27,59,86,2.185185185185185
317,375,692,1.1829652996845426
15,244,259,16.266666666666666
493,361,854,0.7322515212981744
17,321,338,18.88235294117647
15,39,54,2.6
8,83,91,10.375
206,249,455,1.2087378640776698
441,503,944,1.1405895691609977
50,380,430,7.6
702,895,1597,1.274928774928775
20,323,343,16.15
197,357,554,1.8121827411167513
10,459,469,45.9
143,791,934,5.531468531468532
3120,139,3259,0.04455128205128205
57,121,178,2.1228070175438596
6,155,161,25.833333333333332
29,217,246,7.482758620689655
14,662,676,47.285714285714285
17,219,236,12.882352941176471
24,335,359,13.958333333333334
15,264,279,17.6
20,37,57,1.85
15,487,502,32.46666666666667
980,1065,2045,1.086734693877551
12,86,98,7.166666666666667
769,35,804,0.045513654096228866
550,697,1247,1.2672727272727273
12,126,138,10.5
46,496,542,10.782608695652174
10,360,370,36.0
33,345,378,10.454545454545455
8,439,447,54.875
73,101,174,1.3835616438356164
4,267,271,66.75
375,180,555,0.48
200,23,223,0.115
46,621,667,13.5
4,424,428,106.0
2,31,33,15.5
28,253,281,9.035714285714286
1213,46,1259,0.03792250618301731
2,11,13,5.5
25,28,53,1.12
8,44,52,5.5
22,221,243,10.045454545454545
56,442,498,7.892857142857143
25,524,549,20.96
13,84,97,6.461538461538462
55,317,372,5.763636363636364
1043,568,1611,0.5445829338446788
59,422,481,7.1525423728813555
67,496,563,7.402985074626866
135,659,794,4.881481481481481
15,307,322,20.466666666666665
125,386,511,3.088
2,11,13,5.5
12,92,104,7.666666666666667
12,375,387,31.25
41,227,268,5.536585365853658
1486,305,1791,0.20524899057873486
8,5,13,0.625
108,61,169,0.5648148148148148
3849,6,3855,0.001558846453624318
14,325,339,23.214285714285715
28,575,603,20.535714285714285
14,539,553,38.5
99,81,180,0.8181818181818182
258,21,279,0.08139534883720931
78,398,476,5.102564102564102
52,342,394,6.576923076923077
2,11,13,5.5
1256,767,2023,0.6106687898089171
383,164,547,0.4281984334203655
42,363,405,8.642857142857142
26,307,333,11.807692307692308
2626,430,3056,0.16374714394516374
1192,495,1687,0.4152684563758389
85,242,327,2.847058823529412
24,343,367,14.291666666666666
6,76,82,12.666666666666666
17,621,638,36.529411764705884
84,344,428,4.095238095238095
18,153,171,8.5
24,658,682,27.416666666666668
828,103,931,0.12439613526570048
113,392,505,3.4690265486725664
23,38,61,1.6521739130434783
296,463,759,1.5641891891891893
2186,227,2413,0.10384263494967978
84,283,367,3.369047619047619
31,232,263,7.483870967741935
12,331,343,27.583333333333332
48,373,421,7.770833333333333
218,423,641,1.9403669724770642
2362,8,2370,0.003386960203217612
505,103,608,0.20396039603960395
28,376,404,13.428571428571429
289,18,307,0.06228373702422145
11,107,118,9.727272727272727
21,366,387,17.428571428571427
18,373,391,20.72222222222222
9,272,281,30.22222222222222
10,297,307,29.7
12,220,232,18.333333333333332
12,238,250,19.833333333333332
26,390,416,15.0
973,499,1472,0.512846865364851
409,144,553,0.35207823960880197
2775,93,2868,0.03351351351351351
314,251,565,0.7993630573248408
4,164,168,41.0
22,53,75,2.409090909090909
59,243,302,4.11864406779661
2517,105,2622,0.041716328963051254
53,869,922,16.39622641509434
47,34,81,0.723404255319149
24,412,436,17.166666666666668
52,666,718,12.807692307692308
73,306,379,4.191780821917808
12,263,275,21.916666666666668
8,84,92,10.5
23,857,880,37.26086956521739
183,588,771,3.2131147540983607
46,535,581,11.630434782608695
14,189,203,13.5
75,535,610,7.133333333333334
10,500,510,50.0
44,529,573,12.022727272727273
54,522,576,9.666666666666666
2429,16,2445,0.006587072869493619
19,564,583,29.68421052631579
8,175,183,21.875
11,14,25,1.2727272727272727
55,211,266,3.8363636363636364
12,201,213,16.75
116,104,220,0.896551724137931
358,276,634,0.770949720670391
21,337,358,16.047619047619047
97,662,759,6.824742268041237
3,16,19,5.333333333333333
17,604,621,35.529411764705884
2,11,13,5.5
15,129,144,8.6
123,151,274,1.2276422764227641
101,108,209,1.0693069306930694
3018,295,3313,0.09774685222001325
24,79,103,3.2916666666666665
51,676,727,13.254901960784315
267,80,347,0.299625468164794
115,318,433,2.765217391304348
23,374,397,16.26086956521739
65,150,215,2.3076923076923075
11,300,311,27.272727272727273
1575,1157,2732,0.7346031746031746
1484,8,1492,0.005390835579514825
27,230,257,8.518518518518519
32,49,81,1.53125
617,210,827,0.34035656401944897
38,217,255,5.7105263157894735
23,5,28,0.21739130434782608
77,282,359,3.6623376623376624
15,43,58,2.8666666666666667
9,671,680,74.55555555555556
11,502,513,45.63636363636363
30,427,457,14.233333333333333
9,195,204,21.666666666666668
130,983,1113,7.561538461538461
23,360,383,15.652173913043478
25,27,52,1.08
24,367,391,15.291666666666666
8,68,76,8.5
22,113,135,5.136363636363637
15,391,406,26.066666666666666
14,262,276,18.714285714285715
31,5,36,0.16129032258064516
26,335,361,12.884615384615385
449,353,802,0.7861915367483296
26,253,279,9.73076923076923
20,138,158,6.9
589,988,1577,1.6774193548387097
33,412,445,12.484848484848484
62,953,1015,15.370967741935484
209,343,552,1.6411483253588517
1177,12,1189,0.010195412064570943
20,943,963,47.15
15,192,207,12.8
27,791,818,29.296296296296298
31,771,802,24.870967741935484
2414,198,2612,0.0820215410107705
8,97,105,12.125
18,353,371,19.61111111111111
68,705,773,10.367647058823529
326,525,851,1.6104294478527608
169,179,348,1.0591715976331362
38,440,478,11.578947368421053
1417,662,2079,0.4671841919548342
829,432,1261,0.5211097708082026
14,272,286,19.428571428571427
21,182,203,8.666666666666666
14,299,313,21.357142857142858
12,452,464,37.666666666666664
19,20,39,1.0526315789473684
442,160,602,0.36199095022624433
41,272,313,6.634146341463414
27,31,58,1.1481481481481481
982,8,990,0.008146639511201629
7,295,302,42.142857142857146
12,110,122,9.166666666666666
8,181,189,22.625
227,516,743,2.2731277533039647
21,110,131,5.238095238095238
14,164,178,11.714285714285714
41,984,1025,24.0
13,323,336,24.846153846153847
45,707,752,15.71111111111111
60,281,341,4.683333333333334
154,581,735,3.772727272727273
85,333,418,3.9176470588235293
2,11,13,5.5
11,265,276,24.09090909090909
2,11,13,5.5
32,63,95,1.96875
7,112,119,16.0
49,282,331,5.755102040816326
32,291,323,9.09375
35,794,829,22.685714285714287
1100,498,1598,0.4527272727272727
21,358,379,17.047619047619047
97,16,113,0.16494845360824742
6,226,232,37.666666666666664
25,208,233,8.32
6,297,303,49.5
10,582,592,58.2
52,40,92,0.7692307692307693
10,78,88,7.8
82,149,231,1.8170731707317074
460,30,490,0.06521739130434782
14,259,273,18.5
3,43,46,14.333333333333334
1161,155,1316,0.1335055986218777
15,56,71,3.7333333333333334
71,72,143,1.0140845070422535
153,619,772,4.045751633986928
1142,576,1718,0.5043782837127846
134,303,437,2.2611940298507465
51,505,556,9.901960784313726
546,342,888,0.6263736263736264
2644,17,2661,0.006429652042360061
32,627,659,19.59375
187,496,683,2.6524064171122994
38,188,226,4.947368421052632
13,47,60,3.6153846153846154
38,61,99,1.605263157894737
19,346,365,18.210526315789473
387,68,455,0.17571059431524547
203,210,413,1.0344827586206897
26,510,536,19.615384615384617
30,105,135,3.5
30,105,135,3.5
1619,881,2500,0.5441630636195183
301,472,773,1.5681063122923589
63,114,177,1.8095238095238095
8,257,265,32.125
39,226,265,5.794871794871795
13,168,181,12.923076923076923
3,356,359,118.66666666666667
530,461,991,0.869811320754717
260,699,959,2.6884615384615387
7,134,141,19.142857142857142
3,32,35,10.666666666666666
75,340,415,4.533333333333333
116,243,359,2.0948275862068964
622,10,632,0.01607717041800643
14,444,458,31.714285714285715
2709,1173,3882,0.4330011074197121
52,141,193,2.7115384615384617
3458,521,3979,0.15066512434933488
158,52,210,0.3291139240506329
32,174,206,5.4375
12,343,355,28.583333333333332
262,569,831,2.1717557251908395
386,862,1248,2.233160621761658
11,151,162,13.727272727272727
120,213,333,1.775
33,661,694,20.03030303030303
39,331,370,8.487179487179487
22,249,271,11.318181818181818
16,153,169,9.5625
30,362,392,12.066666666666666
12,87,99,7.25
9,74,83,8.222222222222221
17,123,140,7.235294117647059
274,417,691,1.5218978102189782
6,32,38,5.333333333333333
98,1038,1136,10.591836734693878
42,685,727,16.30952380952381
78,357,435,4.576923076923077
670,17,687,0.025373134328358207
180,141,321,0.7833333333333333
15,119,134,7.933333333333334
5,358,363,71.6
6,201,207,33.5
21,533,554,25.38095238095238
46,43,89,0.9347826086956522
426,130,556,0.3051643192488263
1141,8,1149,0.007011393514460999
31,234,265,7.548387096774194
35,233,268,6.6571428571428575
15,406,421,27.066666666666666
408,205,613,0.5024509803921569
17,233,250,13.705882352941176
215,84,299,0.39069767441860465
115,322,437,2.8
935,271,1206,0.2898395721925134
722,594,1316,0.8227146814404432
3316,71,3387,0.02141133896260555
21,79,100,3.761904761904762
2,11,13,5.5
66,29,95,0.4393939393939394
24,684,708,28.5
16,362,378,22.625
22,336,358,15.272727272727273
11,643,654,58.45454545454545
32,622,654,19.4375
11,455,466,41.36363636363637
90,127,217,1.4111111111111112
53,278,331,5.245283018867925
13,262,275,20.153846153846153
15,19,34,1.2666666666666666
4,298,302,74.5
81,38,119,0.4691358024691358
30,249,279,8.3
75,590,665,7.866666666666666
104,30,134,0.28846153846153844
28,280,308,10.0
3501,147,3648,0.04198800342759212
72,50,122,0.6944444444444444
13,276,289,21.23076923076923
16,415,431,25.9375
39,509,548,13.051282051282051
24,386,410,16.083333333333332
29,252,281,8.689655172413794
1573,14,1587,0.008900190718372537
77,560,637,7.2727272727272725
157,104,261,0.6624203821656051
105,201,306,1.9142857142857144
93,254,347,2.7311827956989245
816,797,1613,0.9767156862745098
11,393,404,35.72727272727273
38,43,81,1.131578947368421
10,118,128,11.8
47,319,366,6.787234042553192
15,333,348,22.2
32,757,789,23.65625
674,285,959,0.4228486646884273
14,289,303,20.642857142857142
43,30,73,0.6976744186046512
197,58,255,0.29441624365482233
11,579,590,52.63636363636363
54,429,483,7.944444444444445
58,941,999,16.224137931034484
32,831,863,25.96875
48,693,741,14.4375
2236,261,2497,0.1167262969588551
2568,112,2680,0.04361370716510903
967,436,1403,0.45087900723888313
211,182,393,0.8625592417061612
26,351,377,13.5
10,106,116,10.6
16,500,516,31.25
23,212,235,9.217391304347826
33,84,117,2.5454545454545454
50,75,125,1.5
87,134,221,1.5402298850574712
169,702,871,4.153846153846154
122,373,495,3.057377049180328
17,348,365,20.470588235294116
30,591,621,19.7
47,288,335,6.127659574468085
233,260,493,1.1158798283261802
1861,987,2848,0.5303600214938206
83,221,304,2.6626506024096384
49,201,250,4.1020408163265305
11,110,121,10.0
143,318,461,2.2237762237762237
87,283,370,3.2528735632183907
133,384,517,2.887218045112782
82,599,681,7.304878048780488
31,278,309,8.96774193548387
12,353,365,29.416666666666668
33,188,221,5.696969696969697
8,359,367,44.875
340,722,1062,2.123529411764706
66,32,98,0.48484848484848486
21,515,536,24.523809523809526
17,550,567,32.35294117647059
495,452,947,0.9131313131313131
41,532,573,12.975609756097562
8,96,104,12.0
74,469,543,6.337837837837838
12,190,202,15.833333333333334
12,388,400,32.333333333333336
28,223,251,7.964285714285714
3263,483,3746,0.14802329144958626
10,280,290,28.0
54,286,340,5.296296296296297
468,77,545,0.16452991452991453
722,30,752,0.04155124653739612
18,333,351,18.5
7,226,233,32.285714285714285
9,22,31,2.4444444444444446
28,323,351,11.535714285714286
9,52,61,5.777777777777778
12,209,221,17.416666666666668
30,259,289,8.633333333333333
3,11,14,3.6666666666666665
2107,1085,3192,0.5149501661129569
10,533,543,53.3
161,139,300,0.8633540372670807
14,306,320,21.857142857142858
3,41,44,13.666666666666666
1484,8,1492,0.005390835579514825
765,309,1074,0.403921568627451
25,327,352,13.08
47,432,479,9.191489361702128
825,214,1039,0.2593939393939394
70,29,99,0.4142857142857143
12,228,240,19.0
6,196,202,32.666666666666664
26,355,381,13.653846153846153
33,345,378,10.454545454545455
233,368,601,1.5793991416309012
235,476,711,2.025531914893617
100,558,658,5.58
2,11,13,5.5
31,63,94,2.032258064516129
5,29,34,5.8
75,684,759,9.12
34,541,575,15.911764705882353
11,476,487,43.27272727272727
13,446,459,34.30769230769231
15,50,65,3.3333333333333335
37,361,398,9.756756756756756
8,111,119,13.875
43,662,705,15.395348837209303
56,157,213,2.8035714285714284
93,452,545,4.860215053763441
242,351,593,1.4504132231404958
55,422,477,7.672727272727273
12,216,228,18.0
40,250,290,6.25
53,333,386,6.283018867924528
43,345,388,8.023255813953488
34,669,703,19.676470588235293
15,355,370,23.666666666666668
495,140,635,0.2828282828282828
187,389,576,2.0802139037433154
1393,148,1541,0.10624551328068917
73,362,435,4.958904109589041
900,427,1327,0.47444444444444445
39,686,725,17.58974358974359
16,119,135,7.4375
21,238,259,11.333333333333334
53,334,387,6.30188679245283
9,12,21,1.3333333333333333
14,260,274,18.571428571428573
54,208,262,3.8518518518518516
274,229,503,0.8357664233576643
33,100,133,3.0303030303030303
30,344,374,11.466666666666667
43,463,506,10.767441860465116
11,5,16,0.45454545454545453
13,249,262,19.153846153846153
1156,379,1535,0.32785467128027684
9,664,673,73.77777777777777
432,127,559,0.29398148148148145
101,969,1070,9.594059405940595
820,342,1162,0.4170731707317073
1068,7,1075,0.006554307116104869
1114,170,1284,0.1526032315978456
24,257,281,10.708333333333334
18,159,177,8.833333333333334
53,425,478,8.018867924528301
18,936,954,52.0
1670,454,2124,0.2718562874251497
188,41,229,0.21808510638297873
16,289,305,18.0625
20,395,415,19.75
15,205,220,13.666666666666666
49,488,537,9.959183673469388
35,749,784,21.4
17,282,299,16.58823529411765
29,922,951,31.79310344827586
78,37,115,0.47435897435897434
558,306,864,0.5483870967741935
71,612,683,8.619718309859154
20,278,298,13.9
27,357,384,13.222222222222221
1262,48,1310,0.03803486529318542
20,70,90,3.5
9,373,382,41.44444444444444
20,108,128,5.4
409,195,604,0.4767726161369193
22,595,617,27.045454545454547
11,299,310,27.181818181818183
266,767,1033,2.8834586466165413
29,550,579,18.96551724137931
9,35,44,3.888888888888889
82,715,797,8.71951219512195
19,418,437,22.0
817,305,1122,0.3733170134638923
174,416,590,2.3908045977011496
45,469,514,10.422222222222222
27,382,409,14.148148148148149
11,179,190,16.272727272727273
55,275,330,5.0
15,331,346,22.066666666666666
32,515,547,16.09375
35,196,231,5.6
46,255,301,5.543478260869565
27,902,929,33.407407407407405
16,132,148,8.25
66,200,266,3.0303030303030303
12,618,630,51.5
17,56,73,3.2941176470588234
81,279,360,3.4444444444444446
375,432,807,1.152
90,63,153,0.7
1762,280,2042,0.15891032917139614
8,140,148,17.5
531,199,730,0.3747645951035782
2,25,27,12.5
464,322,786,0.6939655172413793
1251,206,1457,0.16466826538768986
87,803,890,9.229885057471265
21,632,653,30.095238095238095
14,97,111,6.928571428571429
100,595,695,5.95
20,346,366,17.3
23,338,361,14.695652173913043
9,724,733,80.44444444444444
24,32,56,1.3333333333333333
49,438,487,8.938775510204081
8,337,345,42.125
1903,5,1908,0.002627430373095113
36,410,446,11.38888888888889
5,12,17,2.4
950,141,1091,0.14842105263157895
2983,185,3168,0.062018102581294
849,222,1071,0.26148409893992935
35,626,661,17.885714285714286
1608,128,1736,0.07960199004975124
135,614,749,4.548148148148148
9,613,622,68.11111111111111
647,246,893,0.3802163833075734
59,420,479,7.11864406779661
41,271,312,6.609756097560975
114,569,683,4.991228070175438
540,116,656,0.21481481481481482
14,257,271,18.357142857142858
16,48,64,3.0
33,394,427,11.93939393939394
20,136,156,6.8
3070,187,3257,0.060912052117263846
61,519,580,8.508196721311476
32,239,271,7.46875
77,241,318,3.1298701298701297
599,144,743,0.24040066777963273
260,194,454,0.7461538461538462
34,445,479,13.088235294117647
260,305,565,1.1730769230769231
81,347,428,4.283950617283951
30,334,364,11.133333333333333
46,321,367,6.978260869565218
25,706,731,28.24
16,257,273,16.0625
2,392,394,196.0
13,405,418,31.153846153846153
235,463,698,1.9702127659574469
46,697,743,15.152173913043478
20,132,152,6.6
431,129,560,0.29930394431554525
16,9,25,0.5625
92,186,278,2.0217391304347827
18,502,520,27.88888888888889
28,375,403,13.392857142857142
20,374,394,18.7
2579,158,2737,0.061264055835595195
50,581,631,11.62
63,757,820,12.015873015873016
233,824,1057,3.536480686695279
843,767,1610,0.9098457888493475
2569,125,2694,0.04865706500583885
83,283,366,3.4096385542168677
103,678,781,6.58252427184466
17,458,475,26.941176470588236
2765,328,3093,0.118625678119349
937,199,1136,0.21237993596584845
40,235,275,5.875
15,398,413,26.533333333333335
28,575,603,20.535714285714285
47,870,917,18.51063829787234
5,38,43,7.6
2,11,13,5.5
761,503,1264,0.6609724047306176
28,317,345,11.321428571428571
17,434,451,25.529411764705884
22,595,617,27.045454545454547
260,260,520,1.0
1083,21,1104,0.019390581717451522
37,442,479,11.945945945945946
10,94,104,9.4
3,19,22,6.333333333333333
645,94,739,0.14573643410852713
13,103,116,7.923076923076923
35,763,798,21.8
492,513,1005,1.0426829268292683
70,182,252,2.6
51,180,231,3.5294117647058822
64,346,410,5.40625
31,280,311,9.03225806451613
65,361,426,5.553846153846154
40,357,397,8.925
88,720,808,8.181818181818182
13,128,141,9.846153846153847
1930,5,1935,0.0025906735751295338
14,513,527,36.642857142857146
55,71,126,1.290909090909091
14,68,82,4.857142857142857
14,581,595,41.5
40,254,294,6.35
798,112,910,0.14035087719298245
72,32,104,0.4444444444444444
1361,532,1893,0.3908890521675239
16,269,285,16.8125
100,359,459,3.59
61,231,292,3.7868852459016393
2797,30,2827,0.010725777618877368
66,495,561,7.5
13,760,773,58.46153846153846
101,171,272,1.693069306930693
14,122,136,8.714285714285714
10,51,61,5.1
899,325,1224,0.3615127919911012
13,592,605,45.53846153846154
1787,514,2301,0.2876329043088976
17,210,227,12.352941176470589
15,217,232,14.466666666666667
13,327,340,25.153846153846153
18,484,502,26.88888888888889
1370,943,2313,0.6883211678832116
26,42,68,1.6153846153846154
2189,62,2251,0.02832343535861124
9,283,292,31.444444444444443
621,603,1224,0.9710144927536232
2616,138,2754,0.052752293577981654
33,354,387,10.727272727272727
102,8,110,0.0784313725490196
31,322,353,10.387096774193548
124,958,1082,7.725806451612903
8,646,654,80.75
346,127,473,0.3670520231213873
13,115,128,8.846153846153847
761,91,852,0.11957950065703023
8,140,148,17.5
4,770,774,192.5
804,291,1095,0.3619402985074627
22,394,416,17.90909090909091
55,45,100,0.8181818181818182
6,117,123,19.5
12,410,422,34.166666666666664
2,363,365,181.5
111,686,797,6.18018018018018
33,257,290,7.787878787878788
9,285,294,31.666666666666668
17,254,271,14.941176470588236
14,358,372,25.571428571428573
128,530,658,4.140625
29,93,122,3.206896551724138
8,35,43,4.375
485,478,963,0.9855670103092784
55,128,183,2.327272727272727
162,597,759,3.685185185185185
47,304,351,6.468085106382978
2,11,13,5.5
8,551,559,68.875
61,915,976,15.0
248,138,386,0.5564516129032258
116,299,415,2.5775862068965516
11,311,322,28.272727272727273
1343,409,1752,0.304542069992554
360,694,1054,1.9277777777777778
11,305,316,27.727272727272727
24,773,797,32.208333333333336
13,445,458,34.23076923076923
4,34,38,8.5
55,277,332,5.036363636363636
196,293,489,1.4948979591836735
39,31,70,0.7948717948717948
11,252,263,22.90909090909091
34,74,108,2.176470588235294
12,35,47,2.9166666666666665
44,462,506,10.5
11,699,710,63.54545454545455
22,19,41,0.8636363636363636
70,282,352,4.0285714285714285
15,488,503,32.53333333333333
45,535,580,11.88888888888889
18,170,188,9.444444444444445
16,26,42,1.625
12,324,336,27.0
34,104,138,3.0588235294117645
60,77,137,1.2833333333333334
65,471,536,7.246153846153846
40,796,836,19.9
23,29,52,1.2608695652173914
18,389,407,21.61111111111111
76,15,91,0.19736842105263158
35,147,182,4.2
11,203,214,18.454545454545453
225,829,1054,3.6844444444444444
789,351,1140,0.4448669201520912
16,359,375,22.4375
1409,238,1647,0.16891412349183818
10,253,263,25.3
138,323,461,2.3405797101449277
30,217,247,7.233333333333333
46,8,54,0.17391304347826086
25,221,246,8.84
20,222,242,11.1
2,11,13,5.5
226,984,1210,4.353982300884955
24,164,188,6.833333333333333
2370,267,2637,0.11265822784810127
12,191,203,15.916666666666666
42,358,400,8.523809523809524
45,677,722,15.044444444444444
1448,110,1558,0.07596685082872928
12,227,239,18.916666666666668
17,120,137,7.0588235294117645
110,382,492,3.4727272727272727
3,93,96,31.0
25,609,634,24.36
12,281,293,23.416666666666668
16,115,131,7.1875
11,99,110,9.0
19,40,59,2.1052631578947367
21,214,235,10.19047619047619
17,604,621,35.529411764705884
24,344,368,14.333333333333334
2,31,33,15.5
20,37,57,1.85
101,455,556,4.5049504950495045
33,749,782,22.696969696969695
15,326,341,21.733333333333334
371,158,529,0.42587601078167114
5,99,104,19.8
22,36,58,1.6363636363636365
635,937,1572,1.4755905511811023
24,218,242,9.083333333333334
18,389,407,21.61111111111111
330,1043,1373,3.1606060606060606
25,398,423,15.92
429,342,771,0.7972027972027972
653,400,1053,0.6125574272588055
32,215,247,6.71875
26,975,1001,37.5
145,22,167,0.15172413793103448
77,911,988,11.831168831168831
575,747,1322,1.2991304347826087
97,451,548,4.649484536082475
400,461,861,1.1525
10,234,244,23.4
33,242,275,7.333333333333333
57,367,424,6.43859649122807
21,259,280,12.333333333333334
47,581,628,12.361702127659575
108,443,551,4.101851851851852
2554,223,2777,0.08731401722787784
198,293,491,1.47979797979798
1,943,944,943.0
1744,31,1775,0.017775229357798166
114,419,533,3.675438596491228
2225,765,2990,0.3438202247191011
230,26,256,0.11304347826086956
53,296,349,5.584905660377358
306,58,364,0.1895424836601307
54,406,460,7.518518518518518
2078,25,2103,0.01203079884504331
12,155,167,12.916666666666666
30,764,794,25.466666666666665
29,349,378,12.03448275862069
26,152,178,5.846153846153846
213,337,550,1.5821596244131455
102,452,554,4.431372549019608
53,512,565,9.660377358490566
8,28,36,3.5
648,6,654,0.009259259259259259
17,256,273,15.058823529411764
7,170,177,24.285714285714285
19,123,142,6.473684210526316
42,289,331,6.880952380952381
86,617,703,7.174418604651163
217,315,532,1.4516129032258065
25,482,507,19.28
2,11,13,5.5
9,458,467,50.888888888888886
464,85,549,0.18318965517241378
66,63,129,0.9545454545454546
38,225,263,5.921052631578948
210,931,1141,4.433333333333334
377,386,763,1.023872679045093
7,138,145,19.714285714285715
23,253,276,11.0
109,427,536,3.9174311926605503
68,138,206,2.0294117647058822
17,550,567,32.35294117647059
936,184,1120,0.19658119658119658
10,107,117,10.7
260,619,879,2.3807692307692307
10,176,186,17.6
22,630,652,28.636363636363637
21,415,436,19.761904761904763
19,425,444,22.36842105263158
42,559,601,13.30952380952381
26,437,463,16.807692307692307
46,503,549,10.934782608695652
52,207,259,3.980769230769231
69,60,129,0.8695652173913043
20,560,580,28.0
152,16,168,0.10526315789473684
36,114,150,3.1666666666666665
76,99,175,1.3026315789473684
21,507,528,24.142857142857142
357,579,936,1.6218487394957983
65,305,370,4.6923076923076925
16,131,147,8.1875
10,16,26,1.6
518,195,713,0.3764478764478765
411,273,684,0.6642335766423357
67,56,123,0.835820895522388
3181,126,3307,0.039610185476265325
22,368,390,16.727272727272727
120,247,367,2.058333333333333
2,11,13,5.5
15,519,534,34.6
429,262,691,0.6107226107226107
102,88,190,0.8627450980392157
3,796,799,265.3333333333333
224,882,1106,3.9375
33,888,921,26.90909090909091
259,873,1132,3.370656370656371
3235,11,3246,0.0034003091190108192
28,494,522,17.642857142857142
1795,8,1803,0.004456824512534819
36,31,67,0.8611111111111112
26,5,31,0.19230769230769232
104,238,342,2.2884615384615383
394,805,1199,2.0431472081218276
13,198,211,15.23076923076923
1898,642,2540,0.3382507903055848
22,74,96,3.3636363636363638
1011,37,1048,0.036597428288822946
9,234,243,26.0
336,160,496,0.47619047619047616
26,526,552,20.23076923076923
19,378,397,19.894736842105264
114,284,398,2.491228070175439
2,11,13,5.5
6,334,340,55.666666666666664
32,460,492,14.375
234,964,1198,4.119658119658119
508,100,608,0.1968503937007874
63,329,392,5.222222222222222
18,132,150,7.333333333333333
11,460,471,41.81818181818182
333,338,671,1.015015015015015
17,702,719,41.294117647058826
487,119,606,0.24435318275154005
57,498,555,8.736842105263158
10,478,488,47.8
58,65,123,1.1206896551724137
734,699,1433,0.952316076294278
23,305,328,13.26086956521739
18,484,502,26.88888888888889
27,455,482,16.85185185185185
52,378,430,7.269230769230769
50,31,81,0.62
17,695,712,40.88235294117647
19,339,358,17.842105263157894
39,88,127,2.2564102564102564
82,502,584,6.121951219512195
32,206,238,6.4375
137,742,879,5.416058394160584
50,473,523,9.46
7,202,209,28.857142857142858
20,253,273,12.65
27,222,249,8.222222222222221
16,131,147,8.1875
15,244,259,16.266666666666666
28,212,240,7.571428571428571
816,159,975,0.1948529411764706
48,266,314,5.541666666666667
17,499,516,29.352941176470587
22,270,292,12.272727272727273
7,12,19,1.7142857142857142
3452,573,4025,0.16599073001158748
2863,202,3065,0.07055536150890675
33,639,672,19.363636363636363
82,379,461,4.621951219512195
3421,160,3581,0.0467699503069278
90,819,909,9.1
270,868,1138,3.214814814814815
12,326,338,27.166666666666668
8,260,268,32.5
144,313,457,2.173611111111111
116,153,269,1.3189655172413792
701,143,844,0.20399429386590584
38,236,274,6.2105263157894735
26,934,960,35.92307692307692
53,230,283,4.339622641509434
900,33,933,0.03666666666666667
23,195,218,8.478260869565217
24,548,572,22.833333333333332
31,22,53,0.7096774193548387
11,381,392,34.63636363636363
19,19,38,1.0
132,91,223,0.6893939393939394
34,19,53,0.5588235294117647
29,176,205,6.068965517241379
53,278,331,5.245283018867925
151,168,319,1.1125827814569536
118,430,548,3.6440677966101696
1760,4,1764,0.0022727272727272726
13,184,197,14.153846153846153
12,349,361,29.083333333333332
29,456,485,15.724137931034482
1105,143,1248,0.12941176470588237
29,140,169,4.827586206896552
890,205,1095,0.2303370786516854
30,758,788,25.266666666666666
16,270,286,16.875
25,464,489,18.56
227,318,545,1.4008810572687225
23,310,333,13.478260869565217
22,131,153,5.954545454545454
41,180,221,4.390243902439025
18,1111,1129,61.72222222222222
45,262,307,5.822222222222222
47,410,457,8.72340425531915
10,256,266,25.6
8,327,335,40.875
43,326,369,7.5813953488372094
5,526,531,105.2
12,389,401,32.416666666666664
292,373,665,1.2773972602739727
18,241,259,13.38888888888889
63,422,485,6.698412698412699
174,337,511,1.9367816091954022
1740,964,2704,0.5540229885057472
11,99,110,9.0
50,439,489,8.78
41,452,493,11.024390243902438
21,807,828,38.42857142857143
101,257,358,2.5445544554455446
1678,34,1712,0.02026221692491061
26,313,339,12.038461538461538
1548,16,1564,0.0103359173126615
16,102,118,6.375
23,71,94,3.0869565217391304
62,338,400,5.451612903225806
20,787,807,39.35
1740,143,1883,0.08218390804597701
269,225,494,0.8364312267657993
107,66,173,0.616822429906542
6,195,201,32.5
98,223,321,2.2755102040816326
19,253,272,13.31578947368421
370,586,956,1.5837837837837838
694,341,1035,0.49135446685878964
19,236,255,12.421052631578947
15,312,327,20.8
86,84,170,0.9767441860465116
23,325,348,14.130434782608695
13,363,376,27.923076923076923
16,476,492,29.75
984,199,1183,0.20223577235772358
16,313,329,19.5625
152,12,164,0.07894736842105263
134,261,395,1.9477611940298507
18,161,179,8.944444444444445
31,192,223,6.193548387096774
15,249,264,16.6
83,148,231,1.783132530120482
31,307,338,9.903225806451612
3088,165,3253,0.053432642487046635
28,583,611,20.821428571428573
367,70,437,0.1907356948228883
48,295,343,6.145833333333333
6,45,51,7.5
65,383,448,5.892307692307693
36,954,990,26.5
30,69,99,2.3
10,38,48,3.8
1767,64,1831,0.03621958121109225
1615,50,1665,0.030959752321981424
76,30,106,0.39473684210526316
166,328,494,1.9759036144578312
16,398,414,24.875
1407,99,1506,0.07036247334754797
111,399,510,3.5945945945945947
172,1043,1215,6.063953488372093
221,211,432,0.9547511312217195
959,386,1345,0.40250260688216893
344,1010,1354,2.936046511627907
163,297,460,1.822085889570552
60,220,280,3.6666666666666665
10,299,309,29.9
162,170,332,1.0493827160493827
15,27,42,1.8
35,434,469,12.4
25,41,66,1.64
10,608,618,60.8
2035,463,2498,0.22751842751842752
9,415,424,46.111111111111114
338,343,681,1.014792899408284
83,341,424,4.108433734939759
13,143,156,11.0
790,290,1080,0.3670886075949367
14,412,426,29.428571428571427
25,94,119,3.76
43,267,310,6.209302325581396
15,300,315,20.0
10,253,263,25.3
45,208,253,4.622222222222222
142,347,489,2.443661971830986
13,26,39,2.0
68,164,232,2.411764705882353
305,399,704,1.3081967213114754
7,143,150,20.428571428571427
224,493,717,2.200892857142857
95,743,838,7.821052631578947
17,784,801,46.11764705882353
36,350,386,9.722222222222221
10,261,271,26.1
15,643,658,42.86666666666667
170,523,693,3.0764705882352943
14,276,290,19.714285714285715
13,184,197,14.153846153846153
16,859,875,53.6875
188,137,325,0.7287234042553191
44,242,286,5.5
30,713,743,23.766666666666666
15,123,138,8.2
60,902,962,15.033333333333333
120,4,124,0.03333333333333333
15,143,158,9.533333333333333
42,917,959,21.833333333333332
26,64,90,2.4615384615384617
39,536,575,13.743589743589743
735,387,1122,0.5265306122448979
5,307,312,61.4
25,168,193,6.72
64,144,208,2.25
8,409,417,51.125
21,228,249,10.857142857142858
153,27,180,0.17647058823529413
12,920,932,76.66666666666667
13,385,398,29.615384615384617
246,423,669,1.7195121951219512
9,103,112,11.444444444444445
92,532,624,5.782608695652174
80,264,344,3.3
25,948,973,37.92
9,134,143,14.88888888888889
13,31,44,2.3846153846153846
16,214,230,13.375
169,330,499,1.952662721893491
39,429,468,11.0
382,932,1314,2.43979057591623
23,275,298,11.956521739130435
605,68,673,0.11239669421487604
346,669,1015,1.9335260115606936
1586,167,1753,0.10529634300126103
21,284,305,13.523809523809524
27,297,324,11.0
62,431,493,6.951612903225806
30,285,315,9.5
24,258,282,10.75
156,370,526,2.371794871794872
116,332,448,2.8620689655172415
234,192,426,0.8205128205128205
25,26,51,1.04
21,188,209,8.952380952380953
12,3,15,0.25
491,108,599,0.219959266802444
14,420,434,30.0
36,522,558,14.5
214,12,226,0.056074766355140186
13,121,134,9.307692307692308
40,37,77,0.925
55,183,238,3.327272727272727
1479,15,1494,0.010141987829614604
27,948,975,35.111111111111114
40,319,359,7.975
17,77,94,4.529411764705882
276,173,449,0.6268115942028986
573,339,912,0.5916230366492147
12,275,287,22.916666666666668
605,400,1005,0.6611570247933884
721,641,1362,0.8890429958391124
636,405,1041,0.6367924528301887
3,44,47,14.666666666666666
36,962,998,26.72222222222222
1110,200,1310,0.18018018018018017
2231,144,2375,0.06454504706409682
165,420,585,2.5454545454545454
2,25,27,12.5
483,526,1009,1.0890269151138716
1448,349,1797,0.24102209944751382
1056,597,1653,0.5653409090909091
75,985,1060,13.133333333333333
82,509,591,6.2073170731707314
43,196,239,4.558139534883721
100,561,661,5.61
10,115,125,11.5
274,480,754,1.7518248175182483
817,140,957,0.17135862913096694
8,23,31,2.875
15,386,401,25.733333333333334
1909,253,2162,0.13253012048192772
12,257,269,21.416666666666668
127,376,503,2.9606299212598426
166,152,318,0.9156626506024096
13,307,320,23.615384615384617
14,142,156,10.142857142857142
11,122,133,11.090909090909092
210,154,364,0.7333333333333333
45,421,466,9.355555555555556
14,314,328,22.428571428571427
67,347,414,5.17910447761194
46,8,54,0.17391304347826086
22,338,360,15.363636363636363
29,252,281,8.689655172413794
2303,19,2322,0.008250108554059922
38,41,79,1.0789473684210527
2,11,13,5.5
622,222,844,0.35691318327974275
8,91,99,11.375
75,161,236,2.1466666666666665
86,696,782,8.093023255813954
229,391,620,1.7074235807860263
673,227,900,0.337295690936107
8,54,62,6.75
14,349,363,24.928571428571427
5,126,131,25.2
11,363,374,33.0
87,673,760,7.735632183908046
31,325,356,10.483870967741936
4,64,68,16.0
532,536,1068,1.0075187969924813
158,437,595,2.7658227848101267
10,383,393,38.3
12,431,443,35.916666666666664
3,775,778,258.3333333333333
29,16,45,0.5517241379310345
22,232,254,10.545454545454545
19,131,150,6.894736842105263
2,417,419,208.5
62,5,67,0.08064516129032258
49,278,327,5.673469387755102
17,45,62,2.6470588235294117
392,310,702,0.7908163265306123
11,227,238,20.636363636363637
15,389,404,25.933333333333334
45,196,241,4.355555555555555
35,179,214,5.114285714285714
14,511,525,36.5
342,159,501,0.4649122807017544
17,264,281,15.529411764705882
251,249,500,0.9920318725099602
9,30,39,3.3333333333333335
1096,257,1353,0.23448905109489052
195,141,336,0.7230769230769231
714,444,1158,0.6218487394957983
274,1011,1285,3.68978102189781
10,175,185,17.5
1291,521,1812,0.40356312935708755
17,21,38,1.2352941176470589
74,138,212,1.864864864864865
56,54,110,0.9642857142857143
18,17,35,0.9444444444444444
16,375,391,23.4375
372,474,846,1.2741935483870968
113,331,444,2.9292035398230087
16,283,299,17.6875
139,248,387,1.7841726618705036
1277,488,1765,0.38214565387627253
13,357,370,27.46153846153846
531,52,583,0.09792843691148775
13,237,250,18.23076923076923
350,111,461,0.3171428571428571
38,264,302,6.947368421052632
10,266,276,26.6
19,254,273,13.368421052631579
11,320,331,29.09090909090909
188,67,255,0.35638297872340424
30,453,483,15.1
17,136,153,8.0
50,385,435,7.7
48,636,684,13.25
42,32,74,0.7619047619047619
32,829,861,25.90625
31,256,287,8.258064516129032
11,295,306,26.818181818181817
90,927,1017,10.3
13,115,128,8.846153846153847
2459,863,3322,0.35095567303782027
7,177,184,25.285714285714285
9,309,318,34.333333333333336
576,117,693,0.203125
1349,1088,2437,0.8065233506300964
162,170,332,1.0493827160493827
37,141,178,3.810810810810811
8,136,144,17.0
19,85,104,4.473684210526316
1149,180,1329,0.1566579634464752
27,286,313,10.592592592592593
9,383,392,42.55555555555556
11,397,408,36.09090909090909
12,318,330,26.5
177,203,380,1.1468926553672316
2111,318,2429,0.1506395073424917
18,854,872,47.44444444444444
24,59,83,2.4583333333333335
21,283,304,13.476190476190476
38,68,106,1.7894736842105263
286,598,884,2.090909090909091
135,137,272,1.0148148148148148
2,523,525,261.5
3,36,39,12.0
22,208,230,9.454545454545455
215,275,490,1.2790697674418605
2058,130,2188,0.06316812439261418
12,201,213,16.75
9,55,64,6.111111111111111
1623,218,1841,0.13431916204559458
28,337,365,12.035714285714286
48,198,246,4.125
233,407,640,1.7467811158798283
6,273,279,45.5
2,11,13,5.5
774,182,956,0.2351421188630491
10,117,127,11.7
13,253,266,19.46153846153846
9,22,31,2.4444444444444446
15,312,327,20.8
10,282,292,28.2
99,957,1056,9.666666666666666
1231,1003,2234,0.8147847278635256
101,6,107,0.0594059405940594
3,11,14,3.6666666666666665
8,110,118,13.75
617,222,839,0.35980551053484605
19,375,394,19.736842105263158
14,565,579,40.357142857142854
13,117,130,9.0
1039,624,1663,0.6005774783445621
21,739,760,35.19047619047619
19,147,166,7.7368421052631575
28,627,655,22.392857142857142
30,259,289,8.633333333333333
29,319,348,11.0
15,453,468,30.2
1453,385,1838,0.2649690295939436
189,483,672,2.5555555555555554
3,12,15,4.0
29,504,533,17.379310344827587
267,156,423,0.5842696629213483
31,893,924,28.806451612903224
8,42,50,5.25
1296,103,1399,0.07947530864197531
27,902,929,33.407407407407405
40,95,135,2.375
2,5,7,2.5
8,431,439,53.875
756,116,872,0.15343915343915343
56,341,397,6.089285714285714
331,692,1023,2.090634441087613
12,170,182,14.166666666666666
96,345,441,3.59375
1906,210,2116,0.11017838405036726
24,51,75,2.125
33,557,590,16.87878787878788
91,20,111,0.21978021978021978
12,94,106,7.833333333333333
103,11,114,0.10679611650485436
130,665,795,5.115384615384615
1461,923,2384,0.6317590691307323
74,742,816,10.027027027027026
1058,244,1302,0.23062381852551986
294,414,708,1.4081632653061225
16,92,108,5.75
223,625,848,2.802690582959641
55,190,245,3.4545454545454546
50,43,93,0.86
13,343,356,26.384615384615383
100,31,131,0.31
28,37,65,1.3214285714285714
18,946,964,52.55555555555556
2479,14,2493,0.005647438483259379
73,754,827,10.32876712328767
16,376,392,23.5
33,393,426,11.909090909090908
20,417,437,20.85
644,799,1443,1.2406832298136645
12,502,514,41.833333333333336
8,44,52,5.5
15,68,83,4.533333333333333
100,170,270,1.7
8,241,249,30.125
204,904,1108,4.431372549019608
23,102,125,4.434782608695652
12,38,50,3.1666666666666665
26,407,433,15.653846153846153
47,99,146,2.106382978723404
13,365,378,28.076923076923077
16,266,282,16.625
29,455,484,15.689655172413794
96,609,705,6.34375
5,69,74,13.8
17,6,23,0.35294117647058826
10,10,20,1.0
113,534,647,4.725663716814159
214,336,550,1.5700934579439252
9,358,367,39.77777777777778
115,487,602,4.234782608695652
2,11,13,5.5
2,11,13,5.5
42,170,212,4.0476190476190474
86,42,128,0.4883720930232558
1503,40,1543,0.02661343978709248
31,531,562,17.129032258064516
232,318,550,1.3706896551724137
104,91,195,0.875
4,19,23,4.75
11,643,654,58.45454545454545
22,301,323,13.681818181818182
12,648,660,54.0
36,433,469,12.027777777777779
5,13,18,2.6
13,332,345,25.53846153846154
4,395,399,98.75
12,243,255,20.25
2,11,13,5.5
1343,409,1752,0.304542069992554
30,362,392,12.066666666666666
31,478,509,15.419354838709678
2,11,13,5.5
493,582,1075,1.18052738336714
12,191,203,15.916666666666666
247,145,392,0.5870445344129555
14,289,303,20.642857142857142
7,105,112,15.0
17,204,221,12.0
30,964,994,32.13333333333333
1414,276,1690,0.19519094766619519
232,108,340,0.46551724137931033
2565,285,2850,0.1111111111111111
437,392,829,0.897025171624714
2770,74,2844,0.026714801444043323
24,399,423,16.625
170,442,612,2.6
2195,25,2220,0.011389521640091117
115,246,361,2.139130434782609
32,284,316,8.875
28,148,176,5.285714285714286
23,245,268,10.652173913043478
182,631,813,3.467032967032967
145,67,212,0.46206896551724136
535,480,1015,0.897196261682243
421,538,959,1.2779097387173397
12,305,317,25.416666666666668
3100,124,3224,0.04
65,129,194,1.9846153846153847
4,12,16,3.0
58,430,488,7.413793103448276
14,304,318,21.714285714285715
21,453,474,21.571428571428573
15,573,588,38.2
39,584,623,14.974358974358974
129,804,933,6.232558139534884
621,743,1364,1.1964573268921095
25,205,230,8.2
52,856,908,16.46153846153846
34,348,382,10.235294117647058
2,372,374,186.0
11,300,311,27.272727272727273
9,590,599,65.55555555555556
8,325,333,40.625
3,728,731,242.66666666666666
3027,264,3291,0.08721506442021804
14,514,528,36.714285714285715
36,125,161,3.4722222222222223
472,259,731,0.548728813559322
5,82,87,16.4
32,519,551,16.21875
26,495,521,19.03846153846154
2,11,13,5.5
680,266,946,0.3911764705882353
86,451,537,5.244186046511628
10,130,140,13.0
9,221,230,24.555555555555557
24,859,883,35.791666666666664
30,102,132,3.4
73,382,455,5.232876712328767
2267,427,2694,0.18835465372739302
107,265,372,2.4766355140186915
18,310,328,17.22222222222222
25,221,246,8.84
292,492,784,1.6849315068493151
55,278,333,5.054545454545455
29,421,450,14.517241379310345
32,592,624,18.5
35,78,113,2.2285714285714286
352,139,491,0.39488636363636365
14,191,205,13.642857142857142
16,89,105,5.5625
33,926,959,28.060606060606062
8,244,252,30.5
227,162,389,0.7136563876651982
85,61,146,0.7176470588235294
19,66,85,3.473684210526316
41,150,191,3.658536585365854
96,606,702,6.3125
16,408,424,25.5
472,34,506,0.07203389830508475
12,164,176,13.666666666666666
57,137,194,2.4035087719298245
10,212,222,21.2
13,89,102,6.846153846153846
10,588,598,58.8
9,105,114,11.666666666666666
4,330,334,82.5
574,323,897,0.5627177700348432
532,5,537,0.009398496240601503
75,605,680,8.066666666666666
876,62,938,0.07077625570776255
809,951,1760,1.1755253399258343
2,255,257,127.5
16,285,301,17.8125
11,383,394,34.81818181818182
74,961,1035,12.986486486486486
47,297,344,6.319148936170213
14,326,340,23.285714285714285
49,33,82,0.673469387755102
55,279,334,5.072727272727272
3,12,15,4.0
176,215,391,1.2215909090909092
9,102,111,11.333333333333334
38,54,92,1.4210526315789473
1925,460,2385,0.23896103896103896
16,131,147,8.1875
3,397,400,132.33333333333334
650,212,862,0.3261538461538461
28,316,344,11.285714285714286
19,538,557,28.31578947368421
34,66,100,1.9411764705882353
67,245,312,3.656716417910448
31,280,311,9.03225806451613
93,61,154,0.6559139784946236
32,485,517,15.15625
763,152,915,0.19921363040629095
29,50,79,1.7241379310344827
127,38,165,0.2992125984251969
817,305,1122,0.3733170134638923
13,1072,1085,82.46153846153847
9,311,320,34.55555555555556
68,490,558,7.205882352941177
37,189,226,5.108108108108108
19,21,40,1.105263157894737
45,29,74,0.6444444444444445
64,253,317,3.953125
535,942,1477,1.7607476635514019
17,393,410,23.11764705882353
1234,497,1731,0.4027552674230146
348,5,353,0.014367816091954023
288,860,1148,2.986111111111111
2477,279,2756,0.112636253532499
217,208,425,0.9585253456221198
10,74,84,7.4
9,382,391,42.44444444444444
15,397,412,26.466666666666665
11,5,16,0.45454545454545453
27,515,542,19.074074074074073
1254,499,1753,0.39792663476874
44,249,293,5.659090909090909
911,325,1236,0.3567508232711306
2778,283,3061,0.10187185025197984
34,564,598,16.58823529411765
60,385,445,6.416666666666667
660,56,716,0.08484848484848485
667,514,1181,0.7706146926536732
344,567,911,1.6482558139534884
1504,493,1997,0.32779255319148937
25,39,64,1.56
82,235,317,2.8658536585365852
2,12,14,6.0
374,65,439,0.17379679144385027
137,572,709,4.175182481751825
15,175,190,11.666666666666666
65,440,505,6.769230769230769
34,471,505,13.852941176470589
107,323,430,3.0186915887850465
23,222,245,9.652173913043478
3,13,16,4.333333333333333
8,236,244,29.5
43,128,171,2.9767441860465116
16,373,389,23.3125
41,183,224,4.463414634146342
133,353,486,2.654135338345865
18,115,133,6.388888888888889
43,758,801,17.627906976744185
53,375,428,7.0754716981132075
57,372,429,6.526315789473684
1620,223,1843,0.13765432098765432
376,342,718,0.9095744680851063
1541,1014,2555,0.6580142764438677
28,375,403,13.392857142857142
14,623,637,44.5
10,341,351,34.1
13,29,42,2.230769230769231
1010,784,1794,0.7762376237623763
906,373,1279,0.4116997792494481
133,212,345,1.593984962406015
2,11,13,5.5
41,603,644,14.707317073170731
12,689,701,57.416666666666664
16,372,388,23.25
26,146,172,5.615384615384615
97,406,503,4.185567010309279
21,325,346,15.476190476190476
12,19,31,1.5833333333333333
31,41,72,1.3225806451612903
11,498,509,45.27272727272727
1190,258,1448,0.21680672268907564
12,101,113,8.416666666666666
23,399,422,17.347826086956523
20,346,366,17.3
15,432,447,28.8
643,444,1087,0.6905132192846034
8,238,246,29.75
38,507,545,13.342105263157896
26,244,270,9.384615384615385
16,360,376,22.5
26,372,398,14.307692307692308
261,623,884,2.3869731800766285
867,207,1074,0.23875432525951557
12,114,126,9.5
545,8,553,0.014678899082568808
17,89,106,5.235294117647059
9,180,189,20.0
73,537,610,7.3561643835616435
94,611,705,6.5
22,229,251,10.409090909090908
11,297,308,27.0
34,508,542,14.941176470588236
16,373,389,23.3125
100,197,297,1.97
17,270,287,15.882352941176471
18,892,910,49.55555555555556
21,76,97,3.619047619047619
14,532,546,38.0
43,132,175,3.0697674418604652
2,11,13,5.5
25,34,59,1.36
8,402,410,50.25
126,792,918,6.285714285714286
21,665,686,31.666666666666668
30,151,181,5.033333333333333
22,362,384,16.454545454545453
5,249,254,49.8
39,575,614,14.743589743589743
97,11,108,0.1134020618556701
204,598,802,2.9313725490196076
8,304,312,38.0
377,386,763,1.023872679045093
15,242,257,16.133333333333333
11,500,511,45.45454545454545
64,38,102,0.59375
36,228,264,6.333333333333333
18,127,145,7.055555555555555
56,147,203,2.625
289,18,307,0.06228373702422145
3,17,20,5.666666666666667
686,727,1413,1.0597667638483965
72,983,1055,13.652777777777779
19,115,134,6.052631578947368
115,318,433,2.765217391304348
451,701,1152,1.5543237250554325
1009,295,1304,0.2923686818632309
29,550,579,18.96551724137931
73,460,533,6.301369863013699
7,362,369,51.714285714285715
17,845,862,49.705882352941174
8,200,208,25.0
81,683,764,8.432098765432098
49,31,80,0.6326530612244898
2946,936,3882,0.31771894093686354
1377,41,1418,0.029774872912127815
1327,176,1503,0.13262999246420498
89,117,206,1.3146067415730338
29,129,158,4.448275862068965
12,633,645,52.75
18,466,484,25.88888888888889
32,162,194,5.0625
7,383,390,54.714285714285715
11,310,321,28.181818181818183
10,68,78,6.8
1858,704,2562,0.3789020452099031
81,349,430,4.308641975308642
595,367,962,0.6168067226890757
161,524,685,3.2546583850931676
52,757,809,14.557692307692308
45,411,456,9.133333333333333
22,451,473,20.5
26,54,80,2.076923076923077
57,372,429,6.526315789473684
29,55,84,1.896551724137931
41,1013,1054,24.70731707317073
23,123,146,5.3478260869565215
12,101,113,8.416666666666666
34,541,575,15.911764705882353
20,351,371,17.55
2,11,13,5.5
27,300,327,11.11111111111111
29,205,234,7.068965517241379
16,349,365,21.8125
56,442,498,7.892857142857143
23,323,346,14.043478260869565
21,205,226,9.761904761904763
10,115,125,11.5
11,193,204,17.545454545454547
10,255,265,25.5
144,439,583,3.048611111111111
16,160,176,10.0
4,476,480,119.0
12,263,275,21.916666666666668
17,191,208,11.235294117647058
13,230,243,17.692307692307693
119,556,675,4.6722689075630255
17,40,57,2.3529411764705883
835,909,1744,1.0886227544910179
29,563,592,19.413793103448278
28,872,900,31.142857142857142
1766,74,1840,0.04190260475651189
4,112,116,28.0
14,187,201,13.357142857142858
17,274,291,16.11764705882353
26,382,408,14.692307692307692
21,31,52,1.4761904761904763
2153,253,2406,0.11751045053413842
25,347,372,13.88
23,1005,1028,43.69565217391305
66,102,168,1.5454545454545454
28,62,90,2.2142857142857144
22,818,840,37.18181818181818
146,69,215,0.4726027397260274
15,149,164,9.933333333333334
119,112,231,0.9411764705882353
1064,409,1473,0.3843984962406015
72,87,159,1.2083333333333333
16,661,677,41.3125
17,24,41,1.411764705882353
31,249,280,8.03225806451613
16,138,154,8.625
32,430,462,13.4375
286,191,477,0.6678321678321678
19,124,143,6.526315789473684
200,99,299,0.495
1741,470,2211,0.269959793222286
26,212,238,8.153846153846153
266,767,1033,2.8834586466165413
19,884,903,46.526315789473685
56,816,872,14.571428571428571
202,430,632,2.128712871287129
46,94,140,2.0434782608695654
8,143,151,17.875
16,236,252,14.75
154,279,433,1.8116883116883118
639,554,1193,0.86697965571205
929,168,1097,0.18083961248654468
506,340,846,0.6719367588932806
45,29,74,0.6444444444444445
37,467,504,12.621621621621621
9,109,118,12.11111111111111
1767,60,1827,0.03395585738539898
25,427,452,17.08
32,95,127,2.96875
8,142,150,17.75
118,535,653,4.533898305084746
11,544,555,49.45454545454545
13,333,346,25.615384615384617
28,413,441,14.75
11,300,311,27.272727272727273
79,298,377,3.7721518987341773
15,32,47,2.1333333333333333
1203,35,1238,0.029093931837073983
13,250,263,19.23076923076923
18,1131,1149,62.833333333333336
70,506,576,7.228571428571429
9,218,227,24.22222222222222
102,569,671,5.578431372549019
103,64,167,0.6213592233009708
134,385,519,2.873134328358209
23,795,818,34.56521739130435
22,319,341,14.5
104,92,196,0.8846153846153846
12,565,577,47.083333333333336
84,608,692,7.238095238095238
12,87,99,7.25
347,308,655,0.8876080691642652
32,233,265,7.28125
9,254,263,28.22222222222222
68,328,396,4.823529411764706
435,121,556,0.27816091954022987
99,148,247,1.494949494949495
160,75,235,0.46875
22,263,285,11.954545454545455
537,203,740,0.3780260707635009
1849,676,2525,0.3656030286641428
17,629,646,37.0
22,581,603,26.40909090909091
1231,84,1315,0.06823720552396426
79,395,474,5.0
111,509,620,4.585585585585585
209,138,347,0.6602870813397129
6,59,65,9.833333333333334
89,302,391,3.393258426966292
12,304,316,25.333333333333332
262,514,776,1.9618320610687023
453,375,828,0.8278145695364238
1012,582,1594,0.575098814229249
15,265,280,17.666666666666668
3,1035,1038,345.0
215,180,395,0.8372093023255814
242,121,363,0.5
26,1268,1294,48.76923076923077
11,330,341,30.0
28,294,322,10.5
751,832,1583,1.1078561917443408
26,226,252,8.692307692307692
77,668,745,8.675324675324676
1708,46,1754,0.026932084309133488
17,155,172,9.117647058823529
15,157,172,10.466666666666667
28,14,42,0.5
1029,351,1380,0.34110787172011664
10,373,383,37.3
75,387,462,5.16
36,51,87,1.4166666666666667
624,382,1006,0.6121794871794872
25,371,396,14.84
245,346,591,1.4122448979591837
20,105,125,5.25
36,33,69,0.9166666666666666
461,269,730,0.5835140997830802
240,308,548,1.2833333333333334
1524,189,1713,0.12401574803149606
13,200,213,15.384615384615385
16,159,175,9.9375
38,57,95,1.5
1909,253,2162,0.13253012048192772
24,905,929,37.708333333333336
102,382,484,3.7450980392156863
60,368,428,6.133333333333334
527,128,655,0.2428842504743833
47,767,814,16.319148936170212
115,954,1069,8.295652173913043
26,84,110,3.230769230769231
22,725,747,32.95454545454545
29,248,277,8.551724137931034
1479,317,1796,0.21433400946585532
68,267,335,3.926470588235294
4,27,31,6.75
26,292,318,11.23076923076923
13,265,278,20.384615384615383
7,464,471,66.28571428571429
2252,324,2576,0.1438721136767318
10,440,450,44.0
9,47,56,5.222222222222222
536,801,1337,1.4944029850746268
860,390,1250,0.45348837209302323
18,431,449,23.944444444444443
12,348,360,29.0
74,64,138,0.8648648648648649
1845,212,2057,0.11490514905149052
80,752,832,9.4
85,66,151,0.7764705882352941
50,273,323,5.46
20,374,394,18.7
65,131,196,2.0153846153846153
39,575,614,14.743589743589743
13,847,860,65.15384615384616
16,242,258,15.125
41,424,465,10.341463414634147
18,248,266,13.777777777777779
69,74,143,1.0724637681159421
239,366,605,1.5313807531380754
114,489,603,4.2894736842105265
8,434,442,54.25
49,254,303,5.183673469387755
2712,284,2996,0.10471976401179942
17,798,815,46.94117647058823
44,551,595,12.522727272727273
14,391,405,27.928571428571427
83,23,106,0.27710843373493976
35,718,753,20.514285714285716
816,23,839,0.028186274509803922
14,18,32,1.2857142857142858
44,497,541,11.295454545454545
913,130,1043,0.14238773274917854
288,329,617,1.1423611111111112
772,515,1287,0.667098445595855
113,392,505,3.4690265486725664
865,177,1042,0.2046242774566474
9,382,391,42.44444444444444
11,230,241,20.90909090909091
13,354,367,27.23076923076923
883,971,1854,1.0996602491506229
103,352,455,3.4174757281553396
419,264,683,0.630071599045346
18,372,390,20.666666666666668
15,232,247,15.466666666666667
336,418,754,1.244047619047619
131,976,1107,7.450381679389313
27,656,683,24.296296296296298
12,389,401,32.416666666666664
1784,991,2775,0.5554932735426009
10,156,166,15.6
7,125,132,17.857142857142858
11,115,126,10.454545454545455
277,647,924,2.335740072202166
185,325,510,1.7567567567567568
29,143,172,4.931034482758621
276,447,723,1.6195652173913044
9,510,519,56.666666666666664
19,701,720,36.89473684210526
56,10,66,0.17857142857142858
20,433,453,21.65
16,226,242,14.125
16,958,974,59.875
11,109,120,9.909090909090908
81,1047,1128,12.925925925925926
35,186,221,5.314285714285714
91,406,497,4.461538461538462
1714,14,1728,0.008168028004667444
4,11,15,2.75
20,281,301,14.05
81,220,301,2.7160493827160495
1515,663,2178,0.4376237623762376
29,347,376,11.96551724137931
8,409,417,51.125
98,110,208,1.1224489795918366
20,521,541,26.05
2718,920,3638,0.3384841795437822
1183,634,1817,0.5359256128486898
9,177,186,19.666666666666668
45,21,66,0.4666666666666667
226,306,532,1.3539823008849559
39,459,498,11.76923076923077
10,364,374,36.4
307,784,1091,2.553745928338762
493,104,597,0.21095334685598377
13,91,104,7.0
5,279,284,55.8
109,380,489,3.4862385321100917
24,241,265,10.041666666666666
17,235,252,13.823529411764707
84,291,375,3.4642857142857144
321,36,357,0.11214953271028037
498,621,1119,1.2469879518072289
20,364,384,18.2
789,209,998,0.26489226869455007
461,150,611,0.32537960954446854
226,626,852,2.769911504424779
20,325,345,16.25
15,348,363,23.2
78,303,381,3.8846153846153846
13,589,602,45.30769230769231
12,355,367,29.583333333333332
28,232,260,8.285714285714286
514,234,748,0.45525291828793774
23,118,141,5.130434782608695
68,919,987,13.514705882352942
30,410,440,13.666666666666666
13,297,310,22.846153846153847
47,145,192,3.0851063829787235
500,8,508,0.016
187,90,277,0.48128342245989303
19,354,373,18.63157894736842
18,194,212,10.777777777777779
768,112,880,0.14583333333333334
1420,316,1736,0.22253521126760564
578,136,714,0.23529411764705882
18,417,435,23.166666666666668
37,269,306,7.27027027027027
23,180,203,7.826086956521739
25,782,807,31.28
259,56,315,0.21621621621621623
50,363,413,7.26
121,26,147,0.21487603305785125
12,793,805,66.08333333333333
19,151,170,7.947368421052632
10,130,140,13.0
1541,1014,2555,0.6580142764438677
1277,156,1433,0.12216131558339859
31,307,338,9.903225806451612
6,462,468,77.0
1977,171,2148,0.08649468892261002
21,305,326,14.523809523809524
12,49,61,4.083333333333333
11,263,274,23.90909090909091
13,115,128,8.846153846153847
53,97,150,1.830188679245283
22,359,381,16.318181818181817
541,1027,1568,1.8983364140480592
9,140,149,15.555555555555555
116,260,376,2.2413793103448274
1548,16,1564,0.0103359173126615
10,46,56,4.6
136,152,288,1.1176470588235294
10,136,146,13.6
5,279,284,55.8
42,427,469,10.166666666666666
18,5,23,0.2777777777777778
20,103,123,5.15
18,758,776,42.111111111111114
1713,5,1718,0.002918855808523059
106,419,525,3.952830188679245
15,630,645,42.0
18,545,563,30.27777777777778
10,160,170,16.0
28,512,540,18.285714285714285
16,362,378,22.625
8,473,481,59.125
386,272,658,0.7046632124352331
24,373,397,15.541666666666666
25,398,423,15.92
44,681,725,15.477272727272727
15,368,383,24.533333333333335
19,500,519,26.31578947368421
308,56,364,0.18181818181818182
53,425,478,8.018867924528301
24,180,204,7.5
157,99,256,0.6305732484076433
162,597,759,3.685185185185185
1083,71,1154,0.06555863342566944
114,284,398,2.491228070175439
363,105,468,0.2892561983471074
17,347,364,20.41176470588235
52,95,147,1.8269230769230769
1245,601,1846,0.4827309236947791
18,791,809,43.94444444444444
6,147,153,24.5
19,354,373,18.63157894736842
36,128,164,3.5555555555555554
9,101,110,11.222222222222221
10,381,391,38.1
12,726,738,60.5
247,145,392,0.5870445344129555
12,348,360,29.0
14,291,305,20.785714285714285
11,236,247,21.454545454545453
62,452,514,7.290322580645161
34,213,247,6.264705882352941
11,349,360,31.727272727272727
30,513,543,17.1
37,364,401,9.837837837837839
1487,8,1495,0.005379959650302623
16,401,417,25.0625
248,556,804,2.2419354838709675
23,163,186,7.086956521739131
36,5,41,0.1388888888888889
743,1025,1768,1.3795423956931359
15,510,525,34.0
125,588,713,4.704
10,283,293,28.3
71,104,175,1.4647887323943662
2115,367,2482,0.1735224586288416
451,55,506,0.12195121951219512
7,38,45,5.428571428571429
23,23,46,1.0
23,240,263,10.434782608695652
27,4,31,0.14814814814814814
39,654,693,16.76923076923077
12,238,250,19.833333333333332
115,102,217,0.8869565217391304
271,508,779,1.8745387453874538
20,933,953,46.65
26,442,468,17.0
70,271,341,3.8714285714285714
15,446,461,29.733333333333334
43,412,455,9.581395348837209
28,348,376,12.428571428571429
56,362,418,6.464285714285714
10,308,318,30.8
146,49,195,0.3356164383561644
39,751,790,19.256410256410255
153,201,354,1.3137254901960784
17,395,412,23.235294117647058
168,877,1045,5.220238095238095
17,166,183,9.764705882352942
438,240,678,0.547945205479452
2,11,13,5.5
834,5,839,0.005995203836930456
95,408,503,4.294736842105263
52,75,127,1.4423076923076923
8,282,290,35.25
270,112,382,0.4148148148148148
37,194,231,5.243243243243243
58,235,293,4.051724137931035
18,353,371,19.61111111111111
136,911,1047,6.698529411764706
31,236,267,7.612903225806452
140,802,942,5.728571428571429
3340,312,3652,0.09341317365269461
1537,107,1644,0.06961613532856213
34,688,722,20.235294117647058
898,331,1229,0.3685968819599109
105,408,513,3.8857142857142857
7,285,292,40.714285714285715
7,223,230,31.857142857142858
18,292,310,16.22222222222222
15,157,172,10.466666666666667
65,605,670,9.307692307692308
39,536,575,13.743589743589743
15,307,322,20.466666666666665
137,24,161,0.17518248175182483
22,138,160,6.2727272727272725
23,458,481,19.91304347826087
11,128,139,11.636363636363637
315,278,593,0.8825396825396825
1274,588,1862,0.46153846153846156
682,131,813,0.19208211143695014
13,383,396,29.46153846153846
2,39,41,19.5
54,208,262,3.8518518518518516
18,303,321,16.833333333333332
19,28,47,1.4736842105263157
1313,181,1494,0.13785224676313784
37,17,54,0.4594594594594595
39,225,264,5.769230769230769
12,121,133,10.083333333333334
738,253,991,0.3428184281842818
1608,128,1736,0.07960199004975124
8,11,19,1.375
343,355,698,1.0349854227405249
323,228,551,0.7058823529411765
156,930,1086,5.961538461538462
15,265,280,17.666666666666668
222,553,775,2.490990990990991
19,98,117,5.157894736842105
618,903,1521,1.4611650485436893
58,535,593,9.224137931034482
94,276,370,2.9361702127659575
11,313,324,28.454545454545453
11,392,403,35.63636363636363
381,955,1336,2.506561679790026
24,152,176,6.333333333333333
2556,44,2600,0.017214397496087636
1113,159,1272,0.14285714285714285
5,223,228,44.6
538,322,860,0.5985130111524164
455,413,868,0.9076923076923077
44,304,348,6.909090909090909
68,39,107,0.5735294117647058
10,246,256,24.6
435,468,903,1.0758620689655172
1308,183,1491,0.13990825688073394
79,22,101,0.27848101265822783
12,847,859,70.58333333333333
26,59,85,2.269230769230769
50,249,299,4.98
19,381,400,20.05263157894737
21,187,208,8.904761904761905
21,749,770,35.666666666666664
1131,475,1606,0.41998231653404067
16,73,89,4.5625
85,61,146,0.7176470588235294
69,190,259,2.753623188405797
67,72,139,1.0746268656716418
14,43,57,3.0714285714285716
250,776,1026,3.104
61,301,362,4.934426229508197
35,149,184,4.257142857142857
355,281,636,0.7915492957746478
3,38,41,12.666666666666666
25,904,929,36.16
10,216,226,21.6
42,241,283,5.738095238095238
916,284,1200,0.31004366812227074
29,441,470,15.206896551724139
27,24,51,0.8888888888888888
51,177,228,3.4705882352941178
8,127,135,15.875
72,698,770,9.694444444444445
73,167,240,2.287671232876712
555,5,560,0.009009009009009009
198,496,694,2.505050505050505
20,226,246,11.3
29,13,42,0.4482758620689655
30,339,369,11.3
14,328,342,23.428571428571427
3027,264,3291,0.08721506442021804
14,464,478,33.142857142857146
54,407,461,7.537037037037037
12,61,73,5.083333333333333
29,58,87,2.0
13,296,309,22.76923076923077
37,60,97,1.6216216216216217
24,267,291,11.125
42,578,620,13.761904761904763
35,35,70,1.0
26,681,707,26.192307692307693
62,181,243,2.9193548387096775
302,129,431,0.4271523178807947
16,298,314,18.625
32,190,222,5.9375
11,318,329,28.90909090909091
9,193,202,21.444444444444443
254,784,1038,3.0866141732283463
18,185,203,10.277777777777779
3,31,34,10.333333333333334
21,518,539,24.666666666666668
19,396,415,20.842105263157894
41,341,382,8.317073170731707
75,524,599,6.986666666666666
30,162,192,5.4
12,246,258,20.5
146,106,252,0.726027397260274
7,828,835,118.28571428571429
22,261,283,11.863636363636363
23,242,265,10.521739130434783
3867,88,3955,0.022756658908714766
10,87,97,8.7
12,231,243,19.25
129,41,170,0.3178294573643411
9,371,380,41.22222222222222
115,202,317,1.7565217391304349
40,359,399,8.975
82,2384,2466,29.073170731707318
1862,392,2254,0.21052631578947367
49,56,105,1.1428571428571428
10,175,185,17.5
25,222,247,8.88
22,391,413,17.772727272727273
17,87,104,5.117647058823529
18,998,1016,55.44444444444444
5,286,291,57.2
13,376,389,28.923076923076923
13,140,153,10.76923076923077
864,44,908,0.05092592592592592
28,465,493,16.607142857142858
19,552,571,29.05263157894737
252,206,458,0.8174603174603174
806,422,1228,0.5235732009925558
40,547,587,13.675
21,294,315,14.0
57,194,251,3.4035087719298245
426,778,1204,1.8262910798122065
11,416,427,37.81818181818182
20,114,134,5.7
34,601,635,17.676470588235293
2,58,60,29.0
212,290,502,1.3679245283018868
35,656,691,18.742857142857144
10,274,284,27.4
9,322,331,35.77777777777778
31,772,803,24.903225806451612
150,418,568,2.7866666666666666
36,550,586,15.277777777777779
16,476,492,29.75
16,331,347,20.6875
49,31,80,0.6326530612244898
37,646,683,17.45945945945946
9,141,150,15.666666666666666
15,945,960,63.0
3,180,183,60.0
6,275,281,45.833333333333336
1249,14,1263,0.01120896717373899
39,406,445,10.41025641025641
36,478,514,13.277777777777779
448,505,953,1.1272321428571428
23,63,86,2.739130434782609
19,167,186,8.789473684210526
18,94,112,5.222222222222222
26,975,1001,37.5
1223,594,1817,0.4856909239574816
19,96,115,5.052631578947368
29,346,375,11.931034482758621
624,15,639,0.02403846153846154
25,22,47,0.88
922,693,1615,0.7516268980477223
14,571,585,40.785714285714285
4,343,347,85.75
12,371,383,30.916666666666668
2340,1031,3371,0.4405982905982906
143,92,235,0.6433566433566433
1865,47,1912,0.02520107238605898
14,692,706,49.42857142857143
2,11,13,5.5
61,271,332,4.442622950819672
16,388,404,24.25
2,36,38,18.0
1036,254,1290,0.24517374517374518
8,817,825,102.125
49,185,234,3.7755102040816326
6,225,231,37.5
386,126,512,0.32642487046632124
695,12,707,0.017266187050359712
9,63,72,7.0
23,283,306,12.304347826086957
6,283,289,47.166666666666664
16,494,510,30.875
127,291,418,2.2913385826771653
25,518,543,20.72
6,191,197,31.833333333333332
14,850,864,60.714285714285715
1314,328,1642,0.2496194824961948
146,366,512,2.506849315068493
40,359,399,8.975
125,436,561,3.488
97,496,593,5.11340206185567
50,1017,1067,20.34
9,361,370,40.111111111111114
2181,227,2408,0.10408069692801467
312,180,492,0.5769230769230769
1620,223,1843,0.13765432098765432
25,549,574,21.96
845,206,1051,0.24378698224852072
27,159,186,5.888888888888889
22,320,342,14.545454545454545
14,534,548,38.142857142857146
1933,379,2312,0.19606828763579928
83,303,386,3.6506024096385543
212,26,238,0.12264150943396226
20,705,725,35.25
32,265,297,8.28125
27,443,470,16.40740740740741
21,381,402,18.142857142857142
164,375,539,2.2865853658536586
31,343,374,11.064516129032258
19,138,157,7.2631578947368425
986,206,1192,0.20892494929006086
25,474,499,18.96
237,209,446,0.8818565400843882
3,11,14,3.6666666666666665
53,274,327,5.169811320754717
51,272,323,5.333333333333333
26,390,416,15.0
20,269,289,13.45
17,376,393,22.11764705882353
37,438,475,11.837837837837839
11,343,354,31.181818181818183
76,373,449,4.907894736842105
36,295,331,8.194444444444445
307,573,880,1.8664495114006514
60,64,124,1.0666666666666667
22,424,446,19.272727272727273
40,216,256,5.4
19,347,366,18.263157894736842
20,107,127,5.35
49,335,384,6.836734693877551
292,380,672,1.3013698630136987
70,47,117,0.6714285714285714
1413,12,1425,0.008492569002123142
8,228,236,28.5
573,339,912,0.5916230366492147
120,166,286,1.3833333333333333
1187,304,1491,0.2561078348778433
12,206,218,17.166666666666668
21,128,149,6.095238095238095
27,670,697,24.814814814814813
23,103,126,4.478260869565218
34,420,454,12.352941176470589
148,293,441,1.9797297297297298
2,26,28,13.0
102,205,307,2.0098039215686274
21,213,234,10.142857142857142
301,345,646,1.1461794019933556
15,103,118,6.866666666666666
30,344,374,11.466666666666667
72,502,574,6.972222222222222
80,583,663,7.2875
98,12,110,0.12244897959183673
337,398,735,1.1810089020771513
1491,301,1792,0.20187793427230047
4,312,316,78.0
28,42,70,1.5
12,330,342,27.5
36,416,452,11.555555555555555
398,619,1017,1.5552763819095476
22,240,262,10.909090909090908
57,8,65,0.14035087719298245
29,370,399,12.758620689655173
3088,165,3253,0.053432642487046635
93,289,382,3.10752688172043
28,299,327,10.678571428571429
2032,9,2041,0.0044291338582677165
100,735,835,7.35
30,656,686,21.866666666666667
12,168,180,14.0
13,309,322,23.76923076923077
66,146,212,2.212121212121212
10,74,84,7.4
616,22,638,0.03571428571428571
11,332,343,30.181818181818183
809,636,1445,0.7861557478368356
28,223,251,7.964285714285714
9,181,190,20.11111111111111
8,161,169,20.125
22,145,167,6.590909090909091
41,410,451,10.0
19,274,293,14.421052631578947
17,136,153,8.0
14,171,185,12.214285714285714
19,500,519,26.31578947368421
13,78,91,6.0
45,867,912,19.266666666666666
21,186,207,8.857142857142858
10,356,366,35.6
118,179,297,1.5169491525423728
20,253,273,12.65
72,410,482,5.694444444444445
12,570,582,47.5
1130,550,1680,0.48672566371681414
65,461,526,7.092307692307692
19,408,427,21.473684210526315
2488,871,3359,0.35008038585209006
243,81,324,0.3333333333333333
12,191,203,15.916666666666666
22,257,279,11.681818181818182
1192,196,1388,0.1644295302013423
9,409,418,45.44444444444444
178,146,324,0.8202247191011236
66,856,922,12.969696969696969
26,415,441,15.961538461538462
59,69,128,1.1694915254237288
9,419,428,46.55555555555556
13,417,430,32.07692307692308
2,35,37,17.5
665,230,895,0.3458646616541353
81,350,431,4.320987654320987
4,64,68,16.0
44,374,418,8.5
86,696,782,8.093023255813954
2276,187,2463,0.08216168717047452
103,64,167,0.6213592233009708
15,946,961,63.06666666666667
33,433,466,13.121212121212121
17,33,50,1.9411764705882353
73,270,343,3.6986301369863015
22,342,364,15.545454545454545
20,254,274,12.7
138,27,165,0.1956521739130435
74,278,352,3.7567567567567566
82,19,101,0.23170731707317074
24,632,656,26.333333333333332
191,293,484,1.5340314136125655
44,18,62,0.4090909090909091
23,258,281,11.217391304347826
424,908,1332,2.141509433962264
18,50,68,2.7777777777777777
2,11,13,5.5
34,85,119,2.5
49,335,384,6.836734693877551
23,118,141,5.130434782608695
28,49,77,1.75
351,1012,1363,2.883190883190883
3,12,15,4.0
7,34,41,4.857142857142857
13,214,227,16.46153846153846
9,37,46,4.111111111111111
13,314,327,24.153846153846153
51,100,151,1.9607843137254901
411,656,1067,1.5961070559610706
35,379,414,10.82857142857143
68,223,291,3.2794117647058822
17,494,511,29.058823529411764
7,497,504,71.0
15,20,35,1.3333333333333333
35,172,207,4.914285714285715
6,33,39,5.5
114,1139,1253,9.991228070175438
13,309,322,23.76923076923077
19,172,191,9.052631578947368
12,509,521,42.416666666666664
94,13,107,0.13829787234042554
18,159,177,8.833333333333334
2530,16,2546,0.006324110671936759
204,8,212,0.0392156862745098
2,11,13,5.5
122,373,495,3.057377049180328
2,145,147,72.5
29,218,247,7.517241379310345
48,128,176,2.6666666666666665
26,345,371,13.26923076923077
55,976,1031,17.745454545454546
27,360,387,13.333333333333334
10,508,518,50.8
17,303,320,17.823529411764707
14,872,886,62.285714285714285
6,200,206,33.333333333333336
3,27,30,9.0
101,885,986,8.762376237623762
13,597,610,45.92307692307692
52,214,266,4.115384615384615
27,111,138,4.111111111111111
261,284,545,1.0881226053639848
34,907,941,26.676470588235293
12,179,191,14.916666666666666
5,13,18,2.6
51,477,528,9.352941176470589
74,906,980,12.243243243243244
55,96,151,1.7454545454545454
28,123,151,4.392857142857143
271,6,277,0.02214022140221402
352,686,1038,1.9488636363636365
38,528,566,13.894736842105264
14,902,916,64.42857142857143
78,378,456,4.846153846153846
230,829,1059,3.6043478260869564
44,158,202,3.590909090909091
18,51,69,2.8333333333333335
8,583,591,72.875
19,101,120,5.315789473684211
16,283,299,17.6875
12,559,571,46.583333333333336
112,187,299,1.6696428571428572
13,190,203,14.615384615384615
4,441,445,110.25
14,266,280,19.0
1051,894,1945,0.8506184586108468
6,131,137,21.833333333333332
464,322,786,0.6939655172413793
239,758,997,3.1715481171548117
24,32,56,1.3333333333333333
23,301,324,13.08695652173913
33,118,151,3.5757575757575757
152,496,648,3.263157894736842
27,13,40,0.48148148148148145
20,250,270,12.5
10,14,24,1.4
4,424,428,106.0
90,285,375,3.1666666666666665
23,332,355,14.434782608695652
43,103,146,2.395348837209302
15,214,229,14.266666666666667
4,105,109,26.25
25,1060,1085,42.4
53,408,461,7.69811320754717
9,352,361,39.111111111111114
24,386,410,16.083333333333332
50,506,556,10.12
93,417,510,4.483870967741935
1222,1007,2229,0.8240589198036007
654,753,1407,1.151376146788991
125,675,800,5.4
1599,697,2296,0.4358974358974359
58,44,102,0.7586206896551724
7,232,239,33.142857142857146
31,417,448,13.451612903225806
41,88,129,2.1463414634146343
345,172,517,0.4985507246376812
42,388,430,9.238095238095237
1173,624,1797,0.5319693094629157
463,798,1261,1.7235421166306695
11,81,92,7.363636363636363
2107,39,2146,0.018509729473184623
8,252,260,31.5
17,678,695,39.88235294117647
45,469,514,10.422222222222222
83,148,231,1.783132530120482
4,11,15,2.75
18,923,941,51.27777777777778
2794,101,2895,0.03614889047959914
26,462,488,17.76923076923077
864,44,908,0.05092592592592592
585,17,602,0.02905982905982906
516,321,837,0.622093023255814
52,94,146,1.8076923076923077
17,437,454,25.705882352941178
18,317,335,17.61111111111111
41,88,129,2.1463414634146343
61,351,412,5.754098360655738
262,112,374,0.42748091603053434
190,74,264,0.3894736842105263
40,744,784,18.6
43,363,406,8.44186046511628
971,247,1218,0.25437693099897013
69,186,255,2.6956521739130435
861,515,1376,0.5981416957026713
93,215,308,2.3118279569892475
67,142,209,2.1194029850746268
12,300,312,25.0
26,681,707,26.192307692307693
15,68,83,4.533333333333333
52,296,348,5.6923076923076925
12,114,126,9.5
381,955,1336,2.506561679790026
25,247,272,9.88
61,220,281,3.6065573770491803
21,313,334,14.904761904761905
120,28,148,0.23333333333333334
197,515,712,2.6142131979695433
7,41,48,5.857142857142857
71,609,680,8.577464788732394
37,313,350,8.45945945945946
591,17,608,0.028764805414551606
13,712,725,54.76923076923077
26,999,1025,38.42307692307692
43,44,87,1.0232558139534884
14,172,186,12.285714285714286
133,180,313,1.3533834586466165
82,42,124,0.5121951219512195
77,487,564,6.324675324675325
2,252,254,126.0
54,263,317,4.87037037037037
35,92,127,2.6285714285714286
2,469,471,234.5
51,508,559,9.96078431372549
328,122,450,0.3719512195121951
2664,24,2688,0.009009009009009009
44,115,159,2.6136363636363638
492,381,873,0.774390243902439
21,34,55,1.619047619047619
23,255,278,11.08695652173913
26,458,484,17.615384615384617
61,475,536,7.786885245901639
53,40,93,0.7547169811320755
22,395,417,17.954545454545453
9,44,53,4.888888888888889
15,193,208,12.866666666666667
98,640,738,6.530612244897959
94,881,975,9.372340425531915
1042,181,1223,0.17370441458733205
17,691,708,40.64705882352941
9,18,27,2.0
80,345,425,4.3125
57,221,278,3.8771929824561404
12,447,459,37.25
919,50,969,0.0544069640914037
429,765,1194,1.7832167832167831
982,8,990,0.008146639511201629
16,249,265,15.5625
222,67,289,0.30180180180180183
95,737,832,7.757894736842105
656,677,1333,1.0320121951219512
19,500,519,26.31578947368421
3260,141,3401,0.04325153374233129
844,120,964,0.14218009478672985
1621,462,2083,0.2850092535471931
41,1013,1054,24.70731707317073
39,905,944,23.205128205128204
18,555,573,30.833333333333332
20,237,257,11.85
1258,414,1672,0.32909379968203495
16,780,796,48.75
24,467,491,19.458333333333332
89,173,262,1.9438202247191012
37,17,54,0.4594594594594595
562,7,569,0.012455516014234875
205,136,341,0.6634146341463415
451,289,740,0.6407982261640798
13,334,347,25.692307692307693
54,407,461,7.537037037037037
82,134,216,1.6341463414634145
2788,85,2873,0.03048780487804878
81,142,223,1.7530864197530864
332,221,553,0.6656626506024096
215,176,391,0.8186046511627907
38,565,603,14.868421052631579
7,301,308,43.0
295,8,303,0.02711864406779661
5,12,17,2.4
18,107,125,5.944444444444445
53,739,792,13.943396226415095
14,455,469,32.5
43,432,475,10.046511627906977
590,538,1128,0.911864406779661
115,737,852,6.408695652173913
18,188,206,10.444444444444445
27,574,601,21.25925925925926
1792,981,2773,0.5474330357142857
59,648,707,10.983050847457626
13,124,137,9.538461538461538
25,99,124,3.96
12,31,43,2.5833333333333335
115,454,569,3.9478260869565216
41,604,645,14.731707317073171
906,490,1396,0.5408388520971302
14,103,117,7.357142857142857
8,318,326,39.75
36,391,427,10.86111111111111
77,112,189,1.4545454545454546
32,176,208,5.5
22,83,105,3.772727272727273
58,184,242,3.1724137931034484
177,235,412,1.3276836158192091
1112,403,1515,0.36241007194244607
35,479,514,13.685714285714285
381,1008,1389,2.645669291338583
61,459,520,7.524590163934426
13,240,253,18.46153846153846
36,504,540,14.0
8,35,43,4.375
5,571,576,114.2
164,521,685,3.176829268292683
1173,290,1463,0.24722932651321397
22,257,279,11.681818181818182
2186,227,2413,0.10384263494967978
575,439,1014,0.7634782608695653
66,311,377,4.712121212121212
59,38,97,0.6440677966101694
37,196,233,5.297297297297297
76,819,895,10.776315789473685
12,366,378,30.5
18,945,963,52.5
14,294,308,21.0
10,108,118,10.8
19,354,373,18.63157894736842
19,246,265,12.947368421052632
99,586,685,5.91919191919192
34,301,335,8.852941176470589
8,379,387,47.375
31,299,330,9.64516129032258
35,918,953,26.228571428571428
282,686,968,2.4326241134751774
12,366,378,30.5
25,315,340,12.6
5,56,61,11.2
46,208,254,4.521739130434782
95,143,238,1.5052631578947369
48,82,130,1.7083333333333333
55,89,144,1.6181818181818182
11,136,147,12.363636363636363
10,441,451,44.1
293,261,554,0.8907849829351536
10,216,226,21.6
126,163,289,1.2936507936507937
27,133,160,4.925925925925926
23,659,682,28.652173913043477
838,797,1635,0.951073985680191
6,217,223,36.166666666666664
487,119,606,0.24435318275154005
2030,298,2328,0.14679802955665025
24,498,522,20.75
241,211,452,0.8755186721991701
313,476,789,1.5207667731629393
174,777,951,4.4655172413793105
44,271,315,6.159090909090909
148,6,154,0.04054054054054054
53,256,309,4.830188679245283
408,332,740,0.8137254901960784
45,567,612,12.6
226,209,435,0.9247787610619469
244,990,1234,4.057377049180328
10,162,172,16.2
269,68,337,0.2527881040892193
11,207,218,18.818181818181817
104,934,1038,8.98076923076923
11,309,320,28.09090909090909
135,137,272,1.0148148148148148
53,250,303,4.716981132075472
25,34,59,1.36
18,754,772,41.888888888888886
1578,1042,2620,0.6603295310519645
547,243,790,0.44424131627056673
15,183,198,12.2
9,29,38,3.2222222222222223
8,409,417,51.125
6,272,278,45.333333333333336
57,329,386,5.771929824561403
22,112,134,5.090909090909091
54,334,388,6.185185185185185
312,180,492,0.5769230769230769
7,361,368,51.57142857142857
12,225,237,18.75
12,239,251,19.916666666666668
218,92,310,0.42201834862385323
386,126,512,0.32642487046632124
11,107,118,9.727272727272727
63,108,171,1.7142857142857142
306,460,766,1.5032679738562091
105,329,434,3.1333333333333333
59,423,482,7.169491525423729
20,306,326,15.3
11,160,171,14.545454545454545
61,18,79,0.29508196721311475
14,205,219,14.642857142857142
56,575,631,10.267857142857142
9,654,663,72.66666666666667
189,140,329,0.7407407407407407
345,971,1316,2.8144927536231883
12,300,312,25.0
18,339,357,18.833333333333332
113,249,362,2.2035398230088497
331,139,470,0.4199395770392749
28,178,206,6.357142857142857
90,49,139,0.5444444444444444
3379,163,3542,0.048239124001183784
11,439,450,39.90909090909091
1203,429,1632,0.3566084788029925
56,240,296,4.285714285714286
18,261,279,14.5
253,781,1034,3.0869565217391304
16,572,588,35.75
39,373,412,9.564102564102564
21,221,242,10.523809523809524
14,218,232,15.571428571428571
47,307,354,6.531914893617022
13,345,358,26.53846153846154
156,95,251,0.6089743589743589
21,277,298,13.19047619047619
36,361,397,10.027777777777779
3,577,580,192.33333333333334
397,128,525,0.3224181360201511
13,43,56,3.3076923076923075
47,35,82,0.7446808510638298
1058,244,1302,0.23062381852551986
1486,305,1791,0.20524899057873486
16,240,256,15.0
48,295,343,6.145833333333333
48,578,626,12.041666666666666
31,273,304,8.806451612903226
182,897,1079,4.928571428571429
110,496,606,4.509090909090909
124,47,171,0.3790322580645161
10,336,346,33.6
10,186,196,18.6
21,11,32,0.5238095238095238
17,120,137,7.0588235294117645
4,183,187,45.75
58,354,412,6.103448275862069
17,100,117,5.882352941176471
84,624,708,7.428571428571429
45,282,327,6.266666666666667
13,141,154,10.846153846153847
21,528,549,25.142857142857142
62,31,93,0.5
21,391,412,18.61904761904762
57,688,745,12.070175438596491
437,262,699,0.5995423340961098
11,242,253,22.0
199,484,683,2.4321608040201004
33,678,711,20.545454545454547
37,51,88,1.3783783783783783
127,239,366,1.8818897637795275
26,73,99,2.8076923076923075
58,1067,1125,18.396551724137932
1045,28,1073,0.026794258373205742
26,245,271,9.423076923076923
137,5,142,0.0364963503649635
1292,762,2054,0.5897832817337462
19,330,349,17.36842105263158
97,210,307,2.1649484536082473
640,947,1587,1.4796875
10,230,240,23.0
14,574,588,41.0
26,394,420,15.153846153846153
15,278,293,18.533333333333335
155,521,676,3.361290322580645
25,117,142,4.68
2013,32,2045,0.015896671634376552
22,20,42,0.9090909090909091
44,236,280,5.363636363636363
234,442,676,1.8888888888888888
13,438,451,33.69230769230769
2,11,13,5.5
2,43,45,21.5
78,5,83,0.0641025641025641
328,234,562,0.7134146341463414
227,907,1134,3.995594713656388
8,144,152,18.0
1763,929,2692,0.526942711287578
83,226,309,2.7228915662650603
39,109,148,2.7948717948717947
17,163,180,9.588235294117647
1581,176,1757,0.11132194813409235
76,68,144,0.8947368421052632
7,50,57,7.142857142857143
11,206,217,18.727272727272727
77,605,682,7.857142857142857
37,296,333,8.0
21,620,641,29.523809523809526
32,68,100,2.125
2,11,13,5.5
971,247,1218,0.25437693099897013
81,38,119,0.4691358024691358
195,78,273,0.4
441,141,582,0.3197278911564626
25,266,291,10.64
7,37,44,5.285714285714286
21,352,373,16.761904761904763
282,53,335,0.1879432624113475
24,381,405,15.875
1237,626,1863,0.5060630557801131
14,352,366,25.142857142857142
210,35,245,0.16666666666666666
40,38,78,0.95
1297,668,1965,0.5150346954510409
25,328,353,13.12
7,293,300,41.857142857142854
30,259,289,8.633333333333333
23,271,294,11.782608695652174
104,419,523,4.028846153846154
96,24,120,0.25
20,402,422,20.1
25,925,950,37.0
138,196,334,1.4202898550724639
8,39,47,4.875
71,908,979,12.788732394366198
3,304,307,101.33333333333333
14,125,139,8.928571428571429
345,644,989,1.8666666666666667
821,105,926,0.1278928136419001
34,309,343,9.088235294117647
22,179,201,8.136363636363637
13,245,258,18.846153846153847
153,147,300,0.9607843137254902
46,627,673,13.630434782608695
1225,292,1517,0.2383673469387755
12,241,253,20.083333333333332
11,267,278,24.272727272727273
738,253,991,0.3428184281842818
6,76,82,12.666666666666666
6,84,90,14.0
12,294,306,24.5
3,11,14,3.6666666666666665
382,905,1287,2.369109947643979
84,22,106,0.2619047619047619
374,42,416,0.11229946524064172
1194,346,1540,0.2897822445561139
30,975,1005,32.5
7,44,51,6.285714285714286
115,202,317,1.7565217391304349
8,90,98,11.25
77,241,318,3.1298701298701297
79,154,233,1.9493670886075949
12,87,99,7.25
10,130,140,13.0
20,401,421,20.05
29,774,803,26.689655172413794
9,189,198,21.0
3,11,14,3.6666666666666665
2,11,13,5.5
34,62,96,1.8235294117647058
9,83,92,9.222222222222221
304,153,457,0.5032894736842105
477,466,943,0.9769392033542977
36,563,599,15.63888888888889
17,407,424,23.941176470588236
39,98,137,2.5128205128205128
3246,22,3268,0.006777572396796057
2,11,13,5.5
72,927,999,12.875
916,284,1200,0.31004366812227074
8,194,202,24.25
14,363,377,25.928571428571427
14,270,284,19.285714285714285
14,286,300,20.428571428571427
13,39,52,3.0
10,22,32,2.2
392,409,801,1.0433673469387754
12,161,173,13.416666666666666
50,856,906,17.12
1298,1054,2352,0.8120184899845917
20,497,517,24.85
3,12,15,4.0
29,640,669,22.06896551724138
13,216,229,16.615384615384617
22,19,41,0.8636363636363636
30,334,364,11.133333333333333
39,8,47,0.20512820512820512
35,161,196,4.6
12,164,176,13.666666666666666
388,313,701,0.8067010309278351
681,42,723,0.06167400881057269
17,438,455,25.764705882352942
617,264,881,0.42787682333873583
36,218,254,6.055555555555555
52,206,258,3.9615384615384617
9,161,170,17.88888888888889
1472,641,2113,0.43546195652173914
1822,136,1958,0.07464324917672886
57,399,456,7.0
42,381,423,9.071428571428571
11,110,121,10.0
230,335,565,1.4565217391304348
12,574,586,47.833333333333336
4,361,365,90.25
3,43,46,14.333333333333334
547,144,691,0.263254113345521
121,501,622,4.140495867768595
23,51,74,2.217391304347826
9,502,511,55.77777777777778
10,182,192,18.2
17,1055,1072,62.05882352941177
797,105,902,0.13174404015056462
358,276,634,0.770949720670391
378,331,709,0.8756613756613757
504,14,518,0.027777777777777776
99,166,265,1.6767676767676767
4,224,228,56.0
18,42,60,2.3333333333333335
810,263,1073,0.32469135802469135
163,977,1140,5.993865030674846
15,481,496,32.06666666666667
10,418,428,41.8
27,437,464,16.185185185185187
12,77,89,6.416666666666667
13,437,450,33.61538461538461
440,391,831,0.8886363636363637
53,615,668,11.60377358490566
27,582,609,21.555555555555557
10,348,358,34.8
1648,82,1730,0.04975728155339806
18,515,533,28.61111111111111
26,253,279,9.73076923076923
52,42,94,0.8076923076923077
3056,188,3244,0.061518324607329845
181,129,310,0.712707182320442
11,961,972,87.36363636363636
25,324,349,12.96
167,449,616,2.688622754491018
761,503,1264,0.6609724047306176
1972,182,2154,0.0922920892494929
1613,5,1618,0.0030998140111593306
13,558,571,42.92307692307692
287,232,519,0.8083623693379791
51,71,122,1.392156862745098
51,297,348,5.823529411764706
30,453,483,15.1
9,366,375,40.666666666666664
31,58,89,1.8709677419354838
27,295,322,10.925925925925926
77,30,107,0.38961038961038963
18,226,244,12.555555555555555
746,11,757,0.014745308310991957
495,140,635,0.2828282828282828
56,125,181,2.232142857142857
46,521,567,11.326086956521738
227,318,545,1.4008810572687225
86,671,757,7.8023255813953485
119,48,167,0.40336134453781514
70,307,377,4.385714285714286
35,434,469,12.4
39,533,572,13.666666666666666
483,486,969,1.0062111801242235
1521,5,1526,0.003287310979618672
9,839,848,93.22222222222223
566,359,925,0.6342756183745583
494,905,1399,1.8319838056680162
188,763,951,4.058510638297872
1184,984,2168,0.831081081081081
12,118,130,9.833333333333334
9,66,75,7.333333333333333
46,187,233,4.065217391304348
103,189,292,1.8349514563106797
1034,984,2018,0.9516441005802708
45,376,421,8.355555555555556
72,577,649,8.01388888888889
26,266,292,10.23076923076923
101,477,578,4.7227722772277225
13,334,347,25.692307692307693
23,29,52,1.2608695652173914
1283,478,1761,0.372564302416212
248,189,437,0.7620967741935484
35,311,346,8.885714285714286
20,210,230,10.5
26,23,49,0.8846153846153846
73,356,429,4.876712328767123
587,743,1330,1.2657580919931857
27,530,557,19.62962962962963
25,461,486,18.44
65,350,415,5.384615384615385
453,422,875,0.9315673289183223
57,137,194,2.4035087719298245
142,314,456,2.211267605633803
80,142,222,1.775
581,164,745,0.2822719449225473
238,311,549,1.3067226890756303
12,194,206,16.166666666666668
25,363,388,14.52
33,166,199,5.03030303030303
14,48,62,3.4285714285714284
8,490,498,61.25
2141,963,3104,0.44978981784212985
121,390,511,3.2231404958677685
7,336,343,48.0
250,232,482,0.928
17,326,343,19.176470588235293
44,504,548,11.454545454545455
32,515,547,16.09375
251,116,367,0.46215139442231074
153,201,354,1.3137254901960784
16,318,334,19.875
107,321,428,3.0
239,313,552,1.3096234309623431
18,309,327,17.166666666666668
18,469,487,26.055555555555557
489,327,816,0.6687116564417178
2,11,13,5.5
10,301,311,30.1
105,140,245,1.3333333333333333
918,15,933,0.016339869281045753
85,521,606,6.129411764705883
2,11,13,5.5
19,429,448,22.57894736842105
724,256,980,0.35359116022099446
65,536,601,8.246153846153845
36,52,88,1.4444444444444444
9,278,287,30.88888888888889
8,136,144,17.0
1148,678,1826,0.5905923344947736
18,104,122,5.777777777777778
44,506,550,11.5
12,291,303,24.25
48,345,393,7.1875
125,260,385,2.08
29,410,439,14.137931034482758
407,261,668,0.6412776412776413
11,250,261,22.727272727272727
76,174,250,2.289473684210526
57,109,166,1.912280701754386
120,216,336,1.8
1398,63,1461,0.045064377682403435
86,223,309,2.5930232558139537
1441,871,2312,0.604441360166551
15,300,315,20.0
16,284,300,17.75
1532,314,1846,0.20496083550913838
15,68,83,4.533333333333333
17,212,229,12.470588235294118
205,121,326,0.5902439024390244
74,51,125,0.6891891891891891
8,49,57,6.125
143,847,990,5.923076923076923
19,404,423,21.263157894736842
77,18,95,0.23376623376623376
48,298,346,6.208333333333333
575,621,1196,1.08
24,886,910,36.916666666666664
177,211,388,1.192090395480226
55,484,539,8.8
3433,5,3438,0.0014564520827264782
27,450,477,16.666666666666668
17,242,259,14.235294117647058
28,352,380,12.571428571428571
928,1014,1942,1.0926724137931034
12,256,268,21.333333333333332
786,299,1085,0.38040712468193383
5,291,296,58.2
3,12,15,4.0
19,487,506,25.63157894736842
2,11,13,5.5
168,877,1045,5.220238095238095
490,54,544,0.11020408163265306
353,969,1322,2.745042492917847
16,362,378,22.625
156,1065,1221,6.826923076923077
236,398,634,1.6864406779661016
244,465,709,1.9057377049180328
44,81,125,1.8409090909090908
12,601,613,50.083333333333336
35,340,375,9.714285714285714
58,434,492,7.482758620689655
44,46,90,1.0454545454545454
8,365,373,45.625
40,32,72,0.8
7,516,523,73.71428571428571
21,357,378,17.0
324,652,976,2.0123456790123457
10,762,772,76.2
51,548,599,10.745098039215685
1873,232,2105,0.12386545648691938
349,446,795,1.2779369627507164
155,383,538,2.470967741935484
56,321,377,5.732142857142857
18,121,139,6.722222222222222
11,463,474,42.09090909090909
1392,221,1613,0.15876436781609196
2,25,27,12.5
547,949,1496,1.7349177330895795
89,23,112,0.25842696629213485
58,420,478,7.241379310344827
6,704,710,117.33333333333333
25,324,349,12.96
987,457,1444,0.4630192502532928
417,288,705,0.6906474820143885
14,755,769,53.92857142857143
141,146,287,1.0354609929078014
26,428,454,16.46153846153846
14,368,382,26.285714285714285
35,292,327,8.342857142857143
1411,178,1589,0.1261516654854713
226,345,571,1.5265486725663717
16,331,347,20.6875
93,84,177,0.9032258064516129
1886,299,2185,0.15853658536585366
469,478,947,1.019189765458422
3415,199,3614,0.058272327964860905
109,745,854,6.834862385321101
57,688,745,12.070175438596491
1060,8,1068,0.007547169811320755
130,110,240,0.8461538461538461
2427,311,2738,0.12814173877214668
77,364,441,4.7272727272727275
1313,501,1814,0.38156892612338156
9,109,118,12.11111111111111
218,101,319,0.463302752293578
14,368,382,26.285714285714285
39,237,276,6.076923076923077
78,172,250,2.2051282051282053
2076,219,2295,0.10549132947976879
145,414,559,2.8551724137931034
182,35,217,0.19230769230769232
10,185,195,18.5
75,387,462,5.16
1045,28,1073,0.026794258373205742
1131,475,1606,0.41998231653404067
32,403,435,12.59375
79,977,1056,12.367088607594937
24,161,185,6.708333333333333
62,490,552,7.903225806451613
2,27,29,13.5
19,172,191,9.052631578947368
13,403,416,31.0
23,212,235,9.217391304347826
1687,196,1883,0.11618257261410789
48,41,89,0.8541666666666666
21,807,828,38.42857142857143
26,437,463,16.807692307692307
18,117,135,6.5
2386,315,2701,0.1320201173512154
17,499,516,29.352941176470587
307,272,579,0.8859934853420195
7,12,19,1.7142857142857142
234,964,1198,4.119658119658119
38,517,555,13.605263157894736
136,309,445,2.2720588235294117
32,16,48,0.5
1635,183,1818,0.11192660550458716
6,33,39,5.5
30,70,100,2.3333333333333335
6,137,143,22.833333333333332
74,331,405,4.472972972972973
16,204,220,12.75
384,104,488,0.2708333333333333
21,357,378,17.0
20,180,200,9.0
354,493,847,1.3926553672316384
1949,14,1963,0.007183170856849667
15,230,245,15.333333333333334
201,186,387,0.9253731343283582
12,163,175,13.583333333333334
13,276,289,21.23076923076923
11,182,193,16.545454545454547
17,261,278,15.352941176470589
8,79,87,9.875
21,165,186,7.857142857142857
12,441,453,36.75
106,63,169,0.5943396226415094
17,275,292,16.176470588235293
45,733,778,16.288888888888888
103,99,202,0.9611650485436893
6,60,66,10.0
21,453,474,21.571428571428573
243,919,1162,3.7818930041152266
11,283,294,25.727272727272727
26,221,247,8.5
99,551,650,5.565656565656566
3421,160,3581,0.0467699503069278
93,79,172,0.8494623655913979
9,405,414,45.0
211,243,454,1.1516587677725119
1478,752,2230,0.5087956698240866
26,401,427,15.423076923076923
239,437,676,1.8284518828451883
24,19,43,0.7916666666666666
526,195,721,0.37072243346007605
44,878,922,19.954545454545453
20,442,462,22.1
4,17,21,4.25
11,354,365,32.18181818181818
3015,658,3673,0.21824212271973467
2366,318,2684,0.13440405748098055
33,351,384,10.636363636363637
18,91,109,5.055555555555555
2512,21,2533,0.008359872611464968
32,375,407,11.71875
26,549,575,21.115384615384617
108,179,287,1.6574074074074074
24,600,624,25.0
576,344,920,0.5972222222222222
16,370,386,23.125
48,886,934,18.458333333333332
44,328,372,7.454545454545454
429,968,1397,2.2564102564102564
124,274,398,2.2096774193548385
20,788,808,39.4
161,305,466,1.8944099378881987
59,515,574,8.728813559322035
55,190,245,3.4545454545454546
2,11,13,5.5
42,26,68,0.6190476190476191
12,291,303,24.25
22,570,592,25.90909090909091
9,62,71,6.888888888888889
39,771,810,19.76923076923077
25,1053,1078,42.12
2752,690,3442,0.2507267441860465
56,4,60,0.07142857142857142
23,284,307,12.347826086956522
25,308,333,12.32
32,248,280,7.75
19,610,629,32.10526315789474
13,275,288,21.153846153846153
41,731,772,17.829268292682926
301,155,456,0.5149501661129569
9,119,128,13.222222222222221
716,907,1623,1.2667597765363128
6,236,242,39.333333333333336
36,295,331,8.194444444444445
2533,348,2881,0.13738649822345045
11,168,179,15.272727272727273
10,189,199,18.9
1545,214,1759,0.13851132686084142
26,632,658,24.307692307692307
20,209,229,10.45
8,71,79,8.875
267,505,772,1.8913857677902621
16,549,565,34.3125
11,313,324,28.454545454545453
6,102,108,17.0
17,496,513,29.176470588235293
7,344,351,49.142857142857146
242,39,281,0.16115702479338842
92,186,278,2.0217391304347827
1186,3,1189,0.002529510961214165
32,453,485,14.15625
26,635,661,24.423076923076923
819,159,978,0.19413919413919414
7,255,262,36.42857142857143
105,345,450,3.2857142857142856
19,453,472,23.842105263157894
33,8,41,0.24242424242424243
18,235,253,13.055555555555555
123,548,671,4.455284552845528
692,418,1110,0.6040462427745664
768,591,1359,0.76953125
59,519,578,8.796610169491526
49,131,180,2.673469387755102
96,273,369,2.84375
12,183,195,15.25
16,153,169,9.5625
40,46,86,1.15
66,465,531,7.045454545454546
182,249,431,1.3681318681318682
32,187,219,5.84375
283,345,628,1.2190812720848057
80,1007,1087,12.5875
16,33,49,2.0625
1390,536,1926,0.3856115107913669
874,812,1686,0.9290617848970252
7,231,238,33.0
134,161,295,1.2014925373134329
865,177,1042,0.2046242774566474
28,17,45,0.6071428571428571
25,317,342,12.68
9,458,467,50.888888888888886
64,276,340,4.3125
25,434,459,17.36
30,848,878,28.266666666666666
332,221,553,0.6656626506024096
22,323,345,14.681818181818182
10,233,243,23.3
201,498,699,2.4776119402985075
143,110,253,0.7692307692307693
45,262,307,5.822222222222222
30,268,298,8.933333333333334
25,490,515,19.6
82,502,584,6.121951219512195
86,171,257,1.9883720930232558
281,31,312,0.1103202846975089
12,470,482,39.166666666666664
76,156,232,2.0526315789473686
1735,148,1883,0.08530259365994236
24,859,883,35.791666666666664
39,239,278,6.128205128205129
23,165,188,7.173913043478261
21,355,376,16.904761904761905
8,451,459,56.375
35,292,327,8.342857142857143
8,239,247,29.875
101,544,645,5.3861386138613865
13,388,401,29.846153846153847
29,19,48,0.6551724137931034
3,663,666,221.0
16,249,265,15.5625
17,218,235,12.823529411764707
34,262,296,7.705882352941177
152,31,183,0.20394736842105263
11,272,283,24.727272727272727
336,160,496,0.47619047619047616
93,451,544,4.849462365591398
9,390,399,43.333333333333336
3223,190,3413,0.0589512876202296
21,352,373,16.761904761904763
70,118,188,1.6857142857142857
22,233,255,10.590909090909092
20,248,268,12.4
17,384,401,22.58823529411765
11,269,280,24.454545454545453
1548,8,1556,0.00516795865633075
49,487,536,9.938775510204081
15,121,136,8.066666666666666
33,299,332,9.06060606060606
30,39,69,1.3
4,390,394,97.5
394,87,481,0.22081218274111675
30,830,860,27.666666666666668
25,122,147,4.88
28,321,349,11.464285714285714
838,561,1399,0.6694510739856802
52,45,97,0.8653846153846154
160,432,592,2.7
14,230,244,16.428571428571427
230,189,419,0.8217391304347826
11,329,340,29.90909090909091
15,378,393,25.2
32,106,138,3.3125
23,141,164,6.130434782608695
2649,9,2658,0.0033975084937712344
8,343,351,42.875
38,121,159,3.1842105263157894
13,333,346,25.615384615384617
422,123,545,0.2914691943127962
47,950,997,20.21276595744681
21,193,214,9.19047619047619
85,225,310,2.6470588235294117
92,238,330,2.5869565217391304
398,677,1075,1.7010050251256281
44,162,206,3.6818181818181817
220,7,227,0.031818181818181815
549,326,875,0.5938069216757741
69,264,333,3.8260869565217392
1,27,28,27.0
12,212,224,17.666666666666668
10,209,219,20.9
333,37,370,0.1111111111111111
7,174,181,24.857142857142858
14,525,539,37.5
6,29,35,4.833333333333333
30,436,466,14.533333333333333
11,764,775,69.45454545454545
88,386,474,4.386363636363637
13,125,138,9.615384615384615
16,129,145,8.0625
1743,530,2273,0.30407343660355707
6,157,163,26.166666666666668
18,96,114,5.333333333333333
502,91,593,0.18127490039840638
47,328,375,6.9787234042553195
559,559,1118,1.0
48,419,467,8.729166666666666
472,431,903,0.913135593220339
371,202,573,0.5444743935309974
62,832,894,13.419354838709678
79,140,219,1.7721518987341771
18,466,484,25.88888888888889
33,833,866,25.242424242424242
48,136,184,2.8333333333333335
116,260,376,2.2413793103448274
120,432,552,3.6
13,399,412,30.692307692307693
1073,323,1396,0.30102516309412863
208,154,362,0.7403846153846154
22,846,868,38.45454545454545
15,243,258,16.2
904,961,1865,1.0630530973451326
17,229,246,13.470588235294118
11,98,109,8.909090909090908
1140,82,1222,0.07192982456140351
47,438,485,9.319148936170214
102,696,798,6.823529411764706
15,859,874,57.266666666666666
100,170,270,1.7
15,88,103,5.866666666666666
25,87,112,3.48
118,249,367,2.110169491525424
41,447,488,10.902439024390244
14,79,93,5.642857142857143
44,544,588,12.363636363636363
27,121,148,4.481481481481482
20,931,951,46.55
8,357,365,44.625
34,258,292,7.588235294117647
36,620,656,17.22222222222222
18,416,434,23.11111111111111
13,445,458,34.23076923076923
10,286,296,28.6
47,416,463,8.851063829787234
12,461,473,38.416666666666664
25,490,515,19.6
195,451,646,2.312820512820513
17,370,387,21.764705882352942
14,342,356,24.428571428571427
17,120,137,7.0588235294117645
17,337,354,19.823529411764707
25,451,476,18.04
2863,138,3001,0.048201187565490744
1686,313,1999,0.18564650059311982
13,71,84,5.461538461538462
53,317,370,5.981132075471698
14,328,342,23.428571428571427
17,93,110,5.470588235294118
36,109,145,3.0277777777777777
2070,701,2771,0.3386473429951691
48,284,332,5.916666666666667
9,223,232,24.77777777777778
135,661,796,4.896296296296296
21,364,385,17.333333333333332
22,494,516,22.454545454545453
20,169,189,8.45
73,173,246,2.3698630136986303
261,889,1150,3.4061302681992336
10,506,516,50.6
14,352,366,25.142857142857142
13,101,114,7.769230769230769
90,90,180,1.0
92,108,200,1.173913043478261
125,748,873,5.984
1051,407,1458,0.3872502378686965
67,948,1015,14.149253731343284
183,895,1078,4.890710382513661
18,35,53,1.9444444444444444
12,315,327,26.25
2119,1057,3176,0.49882019820670126
19,389,408,20.473684210526315
11,715,726,65.0
1736,1022,2758,0.5887096774193549
456,650,1106,1.4254385964912282
454,36,490,0.07929515418502203
36,289,325,8.027777777777779
42,262,304,6.238095238095238
796,877,1673,1.1017587939698492
75,156,231,2.08
2107,1085,3192,0.5149501661129569
12,163,175,13.583333333333334
560,526,1086,0.9392857142857143
2,11,13,5.5
2248,430,2678,0.19128113879003558
121,551,672,4.553719008264463
371,19,390,0.05121293800539083
9,270,279,30.0
39,459,498,11.76923076923077
263,220,483,0.8365019011406845
9,148,157,16.444444444444443
17,1055,1072,62.05882352941177
37,129,166,3.4864864864864864
30,789,819,26.3
43,400,443,9.30232558139535
1956,32,1988,0.016359918200409
16,140,156,8.75
30,339,369,11.3
206,361,567,1.7524271844660195
14,488,502,34.857142857142854
348,241,589,0.6925287356321839
37,258,295,6.972972972972973
54,147,201,2.7222222222222223
34,435,469,12.794117647058824
35,374,409,10.685714285714285
25,31,56,1.24
15,432,447,28.8
48,5,53,0.10416666666666667
71,447,518,6.295774647887324
69,26,95,0.37681159420289856
12,213,225,17.75
53,113,166,2.1320754716981134
11,463,474,42.09090909090909
40,744,784,18.6
30,572,602,19.066666666666666
295,8,303,0.02711864406779661
126,28,154,0.2222222222222222
14,383,397,27.357142857142858
1040,532,1572,0.5115384615384615
23,18,41,0.782608695652174
1068,746,1814,0.6985018726591761
16,379,395,23.6875
15,252,267,16.8
365,159,524,0.43561643835616437
2,11,13,5.5
14,169,183,12.071428571428571
80,514,594,6.425
91,65,156,0.7142857142857143
27,344,371,12.74074074074074
14,395,409,28.214285714285715
62,504,566,8.129032258064516
532,458,990,0.8609022556390977
22,619,641,28.136363636363637
16,204,220,12.75
865,264,1129,0.30520231213872834
1357,134,1491,0.09874723655121592
212,677,889,3.193396226415094
17,381,398,22.41176470588235
11,102,113,9.272727272727273
31,201,232,6.483870967741935
19,314,333,16.526315789473685
36,460,496,12.777777777777779
42,348,390,8.285714285714286
96,36,132,0.375
10,348,358,34.8
18,342,360,19.0
470,8,478,0.01702127659574468
31,180,211,5.806451612903226
94,656,750,6.9787234042553195
77,484,561,6.285714285714286
870,941,1811,1.0816091954022988
2106,1090,3196,0.5175688509021842
16,274,290,17.125
55,431,486,7.836363636363636
87,134,221,1.5402298850574712
26,934,960,35.92307692307692
8,301,309,37.625
135,561,696,4.155555555555556
9,122,131,13.555555555555555
10,121,131,12.1
2062,177,2239,0.08583899127061105
295,8,303,0.02711864406779661
2780,268,3048,0.09640287769784173
70,86,156,1.2285714285714286
32,291,323,9.09375
3,111,114,37.0
13,539,552,41.46153846153846
47,149,196,3.1702127659574466
1331,573,1904,0.43050338091660406
152,697,849,4.5855263157894735
63,457,520,7.253968253968254
24,434,458,18.083333333333332
27,355,382,13.148148148148149
15,312,327,20.8
668,5,673,0.0074850299401197605
21,150,171,7.142857142857143
4,48,52,12.0
646,653,1299,1.0108359133126934
14,530,544,37.857142857142854
54,100,154,1.8518518518518519
328,232,560,0.7073170731707317
152,697,849,4.5855263157894735
2662,683,3345,0.2565740045078888
40,433,473,10.825
298,143,441,0.4798657718120805
9,22,31,2.4444444444444446
8,458,466,57.25
1930,87,2017,0.04507772020725389
29,152,181,5.241379310344827
54,848,902,15.703703703703704
1354,960,2314,0.7090103397341211
414,356,770,0.8599033816425121
3397,123,3520,0.03620841919340595
1284,59,1343,0.045950155763239874
41,341,382,8.317073170731707
27,251,278,9.296296296296296
682,131,813,0.19208211143695014
62,4,66,0.06451612903225806
410,199,609,0.4853658536585366
59,387,446,6.559322033898305
16,544,560,34.0
49,337,386,6.877551020408164
72,181,253,2.513888888888889
437,546,983,1.2494279176201373
17,790,807,46.470588235294116
13,366,379,28.153846153846153
16,576,592,36.0
16,439,455,27.4375
139,52,191,0.37410071942446044
1767,757,2524,0.42840973401245047
50,125,175,2.5
26,862,888,33.15384615384615
301,909,1210,3.0199335548172757
1707,191,1898,0.11189220855301699
58,62,120,1.0689655172413792
973,625,1598,0.6423432682425488
669,309,978,0.4618834080717489
12,1009,1021,84.08333333333333
11,262,273,23.818181818181817
536,612,1148,1.1417910447761195
44,544,588,12.363636363636363
172,208,380,1.2093023255813953
13,288,301,22.153846153846153
1080,598,1678,0.5537037037037037
22,1031,1053,46.86363636363637
31,371,402,11.96774193548387
289,270,559,0.9342560553633218
676,130,806,0.19230769230769232
81,16,97,0.19753086419753085
340,722,1062,2.123529411764706
27,332,359,12.296296296296296
14,188,202,13.428571428571429
249,126,375,0.5060240963855421
902,26,928,0.028824833702882482
114,822,936,7.2105263157894735
776,342,1118,0.44072164948453607
103,376,479,3.650485436893204
51,120,171,2.3529411764705883
2,11,13,5.5
141,356,497,2.524822695035461
19,236,255,12.421052631578947
29,14,43,0.4827586206896552
107,37,144,0.34579439252336447
14,784,798,56.0
862,119,981,0.13805104408352667
34,380,414,11.176470588235293
70,90,160,1.2857142857142858
11,295,306,26.818181818181817
21,358,379,17.047619047619047
5,358,363,71.6
104,8,112,0.07692307692307693
394,87,481,0.22081218274111675
26,681,707,26.192307692307693
6,336,342,56.0
12,422,434,35.166666666666664
38,35,73,0.9210526315789473
20,37,57,1.85
2,11,13,5.5
35,142,177,4.057142857142857
63,854,917,13.555555555555555
24,182,206,7.583333333333333
122,373,495,3.057377049180328
15,190,205,12.666666666666666
55,211,266,3.8363636363636364
40,24,64,0.6
16,32,48,2.0
33,335,368,10.151515151515152
1266,658,1924,0.5197472353870458
111,422,533,3.8018018018018016
12,348,360,29.0
80,34,114,0.425
48,758,806,15.791666666666666
69,40,109,0.5797101449275363
205,121,326,0.5902439024390244
16,281,297,17.5625
19,36,55,1.894736842105263
299,739,1038,2.471571906354515
21,462,483,22.0
18,142,160,7.888888888888889
24,439,463,18.291666666666668
20,291,311,14.55
531,265,796,0.4990583804143126
9,458,467,50.888888888888886
26,393,419,15.115384615384615
37,484,521,13.08108108108108
25,533,558,21.32
41,489,530,11.926829268292684
103,312,415,3.029126213592233
32,249,281,7.78125
12,116,128,9.666666666666666
990,399,1389,0.403030303030303
8,146,154,18.25
45,337,382,7.488888888888889
51,515,566,10.098039215686274
2028,138,2166,0.06804733727810651
48,74,122,1.5416666666666667
40,348,388,8.7
48,269,317,5.604166666666667
19,286,305,15.052631578947368
84,858,942,10.214285714285714
641,202,843,0.31513260530421217
34,206,240,6.0588235294117645
34,508,542,14.941176470588236
15,264,279,17.6
244,868,1112,3.557377049180328
11,313,324,28.454545454545453
10,181,191,18.1
395,494,889,1.250632911392405
9,90,99,10.0
22,864,886,39.27272727272727
2442,1050,3492,0.42997542997543
1052,860,1912,0.8174904942965779
11,194,205,17.636363636363637
89,12,101,0.1348314606741573
7,75,82,10.714285714285714
12,231,243,19.25
239,548,787,2.292887029288703
17,441,458,25.941176470588236
130,312,442,2.4
290,116,406,0.4
87,372,459,4.275862068965517
146,473,619,3.23972602739726
883,289,1172,0.3272933182332956
12,397,409,33.083333333333336
151,356,507,2.357615894039735
31,661,692,21.322580645161292
25,823,848,32.92
157,534,691,3.4012738853503186
57,96,153,1.6842105263157894
8,233,241,29.125
27,563,590,20.85185185185185
20,265,285,13.25
16,328,344,20.5
19,267,286,14.052631578947368
25,490,515,19.6
840,304,1144,0.3619047619047619
12,215,227,17.916666666666668
1575,1157,2732,0.7346031746031746
36,30,66,0.8333333333333334
3716,76,3792,0.02045209903121636
16,113,129,7.0625
62,407,469,6.564516129032258
64,142,206,2.21875
1257,260,1517,0.20684168655529037
94,61,155,0.648936170212766
10,34,44,3.4
54,346,400,6.407407407407407
20,270,290,13.5
26,470,496,18.076923076923077
15,326,341,21.733333333333334
51,345,396,6.764705882352941
25,551,576,22.04
104,855,959,8.221153846153847
12,948,960,79.0
8,320,328,40.0
13,412,425,31.692307692307693
16,403,419,25.1875
1197,310,1507,0.25898078529657476
39,628,667,16.102564102564102
5,289,294,57.8
200,226,426,1.13
1167,865,2032,0.7412167952013711
198,81,279,0.4090909090909091
60,30,90,0.5
193,31,224,0.16062176165803108
2863,138,3001,0.048201187565490744
40,456,496,11.4
414,733,1147,1.7705314009661837
819,334,1153,0.4078144078144078
45,395,440,8.777777777777779
30,399,429,13.3
6,138,144,23.0
23,346,369,15.043478260869565
9,393,402,43.666666666666664
6,359,365,59.833333333333336
18,143,161,7.944444444444445
26,307,333,11.807692307692308
151,86,237,0.5695364238410596
15,193,208,12.866666666666667
439,714,1153,1.6264236902050113
49,461,510,9.408163265306122
15,414,429,27.6
105,45,150,0.42857142857142855
22,113,135,5.136363636363637
23,162,185,7.043478260869565
576,8,584,0.013888888888888888
8,320,328,40.0
11,702,713,63.81818181818182
813,668,1481,0.8216482164821648
4,71,75,17.75
200,321,521,1.605
39,690,729,17.692307692307693
27,218,245,8.074074074074074
14,455,469,32.5
7,85,92,12.142857142857142
706,720,1426,1.019830028328612
28,375,403,13.392857142857142
20,297,317,14.85
2,36,38,18.0
335,5,340,0.014925373134328358
271,35,306,0.12915129151291513
20,66,86,3.3
103,542,645,5.262135922330097
44,614,658,13.954545454545455
13,894,907,68.76923076923077
194,237,431,1.2216494845360826
60,638,698,10.633333333333333
11,32,43,2.909090909090909
12,35,47,2.9166666666666665
51,297,348,5.823529411764706
88,709,797,8.056818181818182
1533,8,1541,0.005218525766470972
97,11,108,0.1134020618556701
69,429,498,6.217391304347826
35,627,662,17.914285714285715
136,444,580,3.264705882352941
17,210,227,12.352941176470589
307,456,763,1.485342019543974
14,259,273,18.5
83,50,133,0.6024096385542169
3,11,14,3.6666666666666665
1600,123,1723,0.076875
1320,61,1381,0.04621212121212121
26,13,39,0.5
39,415,454,10.64102564102564
35,13,48,0.37142857142857144
156,460,616,2.948717948717949
15,6,21,0.4
180,9,189,0.05
38,659,697,17.342105263157894
1312,353,1665,0.2690548780487805
905,228,1133,0.25193370165745854
83,203,286,2.4457831325301207
27,432,459,16.0
455,400,855,0.8791208791208791
48,345,393,7.1875
28,546,574,19.5
11,138,149,12.545454545454545
17,55,72,3.235294117647059
18,100,118,5.555555555555555
195,596,791,3.056410256410256
1173,362,1535,0.30861040068201195
6,33,39,5.5
221,371,592,1.6787330316742082
67,448,515,6.686567164179104
74,304,378,4.108108108108108
109,291,400,2.669724770642202
17,479,496,28.176470588235293
14,584,598,41.714285714285715
13,159,172,12.23076923076923
20,24,44,1.2
153,310,463,2.026143790849673
16,367,383,22.9375
22,972,994,44.18181818181818
240,378,618,1.575
984,385,1369,0.391260162601626
5,21,26,4.2
30,314,344,10.466666666666667
10,498,508,49.8
38,264,302,6.947368421052632
3,157,160,52.333333333333336
111,72,183,0.6486486486486487
32,488,520,15.25
355,662,1017,1.8647887323943662
1840,179,2019,0.09728260869565217
28,223,251,7.964285714285714
10,108,118,10.8
13,327,340,25.153846153846153
1093,203,1296,0.18572735590118938
21,909,930,43.285714285714285
118,966,1084,8.186440677966102
60,483,543,8.05
8,5,13,0.625
15,285,300,19.0
16,38,54,2.375
8,583,591,72.875
6,102,108,17.0
25,541,566,21.64
2392,247,2639,0.10326086956521739
545,189,734,0.3467889908256881
22,191,213,8.681818181818182
35,434,469,12.4
19,256,275,13.473684210526315
175,45,220,0.2571428571428571
697,404,1101,0.5796269727403156
659,422,1081,0.6403641881638846
21,376,397,17.904761904761905
22,212,234,9.636363636363637
493,4,497,0.008113590263691683
65,749,814,11.523076923076923
32,95,127,2.96875
9,458,467,50.888888888888886
11,22,33,2.0
167,449,616,2.688622754491018
17,237,254,13.941176470588236
72,369,441,5.125
764,470,1234,0.6151832460732984
13,338,351,26.0
768,739,1507,0.9622395833333334
238,338,576,1.4201680672268908
54,542,596,10.037037037037036
22,287,309,13.045454545454545
1255,39,1294,0.031075697211155377
26,41,67,1.5769230769230769
1390,5,1395,0.0035971223021582736
8,328,336,41.0
621,293,914,0.4718196457326892
4,768,772,192.0
34,64,98,1.8823529411764706
649,1023,1672,1.576271186440678
45,278,323,6.177777777777778
46,800,846,17.391304347826086
346,127,473,0.3670520231213873
38,123,161,3.236842105263158
21,222,243,10.571428571428571
916,284,1200,0.31004366812227074
21,164,185,7.809523809523809
14,348,362,24.857142857142858
54,122,176,2.259259259259259
12,397,409,33.083333333333336
28,872,900,31.142857142857142
14,42,56,3.0
7,24,31,3.4285714285714284
36,133,169,3.6944444444444446
5,38,43,7.6
70,90,160,1.2857142857142858
372,97,469,0.260752688172043
17,376,393,22.11764705882353
1923,46,1969,0.02392095683827353
203,347,550,1.70935960591133
467,557,1024,1.1927194860813704
9,705,714,78.33333333333333
81,157,238,1.9382716049382716
32,320,352,10.0
346,219,565,0.6329479768786127
505,520,1025,1.0297029702970297
48,532,580,11.083333333333334
28,480,508,17.142857142857142
466,4,470,0.008583690987124463
12,49,61,4.083333333333333
8,104,112,13.0
14,162,176,11.571428571428571
40,326,366,8.15
9,19,28,2.111111111111111
249,122,371,0.4899598393574297
2735,61,2796,0.02230347349177331
46,621,667,13.5
10,47,57,4.7
16,91,107,5.6875
13,94,107,7.230769230769231
14,25,39,1.7857142857142858
77,935,1012,12.142857142857142
688,807,1495,1.1729651162790697
422,8,430,0.018957345971563982
33,757,790,22.939393939393938
91,790,881,8.68131868131868
44,692,736,15.727272727272727
7,40,47,5.714285714285714
10,141,151,14.1
72,277,349,3.8472222222222223
24,365,389,15.208333333333334
63,810,873,12.857142857142858
91,270,361,2.967032967032967
10,156,166,15.6
47,47,94,1.0
23,114,137,4.956521739130435
16,192,208,12.0
229,400,629,1.7467248908296944
11,237,248,21.545454545454547
47,796,843,16.93617021276596
22,439,461,19.954545454545453
7,133,140,19.0
128,357,485,2.7890625
76,627,703,8.25
878,778,1656,0.8861047835990888
15,374,389,24.933333333333334
8,527,535,65.875
14,193,207,13.785714285714286
7,63,70,9.0
307,224,531,0.7296416938110749
46,320,366,6.956521739130435
51,218,269,4.2745098039215685
48,471,519,9.8125
2,11,13,5.5
31,314,345,10.129032258064516
149,199,348,1.3355704697986577
38,158,196,4.157894736842105
87,370,457,4.252873563218391
16,79,95,4.9375
40,822,862,20.55
26,354,380,13.615384615384615
479,325,804,0.6784968684759917
15,117,132,7.8
29,473,502,16.310344827586206
22,552,574,25.09090909090909
26,510,536,19.615384615384617
23,224,247,9.73913043478261
2,29,31,14.5
47,650,697,13.829787234042554
52,746,798,14.346153846153847
11,250,261,22.727272727272727
44,242,286,5.5
20,250,270,12.5
1262,771,2033,0.6109350237717908
26,579,605,22.26923076923077
453,223,676,0.4922737306843267
333,338,671,1.015015015015015
57,140,197,2.456140350877193
8,173,181,21.625
64,427,491,6.671875
154,875,1029,5.681818181818182
87,341,428,3.9195402298850577
22,415,437,18.863636363636363
99,244,343,2.4646464646464645
65,422,487,6.492307692307692
8,373,381,46.625
2832,378,3210,0.13347457627118645
190,148,338,0.7789473684210526
9,264,273,29.333333333333332
61,496,557,8.131147540983607
40,218,258,5.45
16,275,291,17.1875
18,410,428,22.77777777777778
11,141,152,12.818181818181818
23,125,148,5.434782608695652
21,270,291,12.857142857142858
56,492,548,8.785714285714286
8,55,63,6.875
14,725,739,51.785714285714285
35,5,40,0.14285714285714285
2,140,142,70.0
16,388,404,24.25
98,474,572,4.836734693877551
9,26,35,2.888888888888889
715,470,1185,0.6573426573426573
1740,143,1883,0.08218390804597701
992,399,1391,0.4022177419354839
15,392,407,26.133333333333333
850,709,1559,0.8341176470588235
17,359,376,21.11764705882353
560,54,614,0.09642857142857143
8,273,281,34.125
31,772,803,24.903225806451612
44,270,314,6.136363636363637
45,115,160,2.5555555555555554
484,644,1128,1.3305785123966942
88,312,400,3.5454545454545454
236,398,634,1.6864406779661016
25,396,421,15.84
265,18,283,0.06792452830188679
9,19,28,2.111111111111111
12,103,115,8.583333333333334
624,15,639,0.02403846153846154
547,144,691,0.263254113345521
87,803,890,9.229885057471265
10,54,64,5.4
45,946,991,21.022222222222222
4,21,25,5.25
16,236,252,14.75
17,14,31,0.8235294117647058
259,221,480,0.8532818532818532
7,32,39,4.571428571428571
284,295,579,1.0387323943661972
435,719,1154,1.6528735632183909
488,5,493,0.010245901639344262
7,293,300,41.857142857142854
115,202,317,1.7565217391304349
7,276,283,39.42857142857143
9,130,139,14.444444444444445
31,303,334,9.774193548387096
3703,77,3780,0.020793950850661626
1067,209,1276,0.1958762886597938
16,609,625,38.0625
94,122,216,1.297872340425532
763,152,915,0.19921363040629095
116,521,637,4.491379310344827
76,331,407,4.355263157894737
2326,603,2929,0.2592433361994841
9,484,493,53.77777777777778
10,320,330,32.0
102,435,537,4.264705882352941
31,497,528,16.032258064516128
46,25,71,0.5434782608695652
2039,265,2304,0.12996566944580676
14,43,57,3.0714285714285716
107,66,173,0.616822429906542
362,327,689,0.9033149171270718
2548,8,2556,0.0031397174254317113
226,181,407,0.8008849557522124
5,29,34,5.8
6,555,561,92.5
3127,631,3758,0.20179085385353374
16,500,516,31.25
162,233,395,1.4382716049382716
11,232,243,21.09090909090909
23,42,65,1.826086956521739
50,757,807,15.14
189,176,365,0.9312169312169312
79,356,435,4.506329113924051
113,340,453,3.0088495575221237
39,308,347,7.897435897435898
20,462,482,23.1
45,867,912,19.266666666666666
156,510,666,3.269230769230769
703,187,890,0.26600284495021337
8,221,229,27.625
20,27,47,1.35
13,279,292,21.46153846153846
29,142,171,4.896551724137931
145,67,212,0.46206896551724136
20,469,489,23.45
545,901,1446,1.653211009174312
109,75,184,0.6880733944954128
23,63,86,2.739130434782609
184,570,754,3.097826086956522
8,21,29,2.625
41,706,747,17.21951219512195
6,173,179,28.833333333333332
12,205,217,17.083333333333332
35,172,207,4.914285714285715
7,286,293,40.857142857142854
9,590,599,65.55555555555556
1645,74,1719,0.044984802431610946
25,387,412,15.48
21,260,281,12.380952380952381
1355,262,1617,0.19335793357933578
49,104,153,2.122448979591837
71,25,96,0.352112676056338
8,332,340,41.5
180,263,443,1.461111111111111
12,336,348,28.0
1226,489,1715,0.398858075040783
11,395,406,35.90909090909091
54,254,308,4.703703703703703
17,702,719,41.294117647058826
203,278,481,1.3694581280788178
351,1012,1363,2.883190883190883
22,702,724,31.90909090909091
18,407,425,22.61111111111111
22,210,232,9.545454545454545
10,286,296,28.6
18,320,338,17.77777777777778
1344,37,1381,0.027529761904761904
24,526,550,21.916666666666668
91,357,448,3.923076923076923
13,332,345,25.53846153846154
25,131,156,5.24
1923,46,1969,0.02392095683827353
92,121,213,1.315217391304348
4,226,230,56.5
88,878,966,9.977272727272727
39,468,507,12.0
47,29,76,0.6170212765957447
29,136,165,4.689655172413793
15,345,360,23.0
504,14,518,0.027777777777777776
9,395,404,43.888888888888886
18,233,251,12.944444444444445
98,599,697,6.112244897959184
7,82,89,11.714285714285714
37,823,860,22.243243243243242
1956,272,2228,0.1390593047034765
20,66,86,3.3
76,121,197,1.5921052631578947
82,149,231,1.8170731707317074
131,586,717,4.473282442748092
27,448,475,16.59259259259259
1527,436,1963,0.28552717747216766
597,636,1233,1.065326633165829
82,298,380,3.6341463414634148
17,24,41,1.411764705882353
12,162,174,13.5
21,418,439,19.904761904761905
49,403,452,8.224489795918368
261,255,516,0.9770114942528736
39,78,117,2.0
11,207,218,18.818181818181817
16,978,994,61.125
6,119,125,19.833333333333332
358,276,634,0.770949720670391
11,5,16,0.45454545454545453
281,4,285,0.014234875444839857
9,570,579,63.333333333333336
2057,245,2302,0.11910549343704424
69,341,410,4.942028985507246
761,366,1127,0.480946123521682
10,173,183,17.3
18,496,514,27.555555555555557
645,197,842,0.3054263565891473
23,259,282,11.26086956521739
39,213,252,5.461538461538462
119,538,657,4.5210084033613445
4,29,33,7.25
36,602,638,16.72222222222222
16,37,53,2.3125
57,69,126,1.2105263157894737
704,149,853,0.21164772727272727
13,244,257,18.76923076923077
73,312,385,4.273972602739726
9,666,675,74.0
15,348,363,23.2
12,457,469,38.083333333333336
621,603,1224,0.9710144927536232
8,221,229,27.625
15,205,220,13.666666666666666
10,256,266,25.6
8,298,306,37.25
13,166,179,12.76923076923077
80,23,103,0.2875
18,42,60,2.3333333333333335
21,171,192,8.142857142857142
14,202,216,14.428571428571429
571,273,844,0.47810858143607704
682,9,691,0.013196480938416423
492,513,1005,1.0426829268292683
58,958,1016,16.517241379310345
761,146,907,0.19185282522996058
1231,169,1400,0.1372867587327376
516,347,863,0.6724806201550387
6,3,9,0.5
78,94,172,1.205128205128205
45,421,466,9.355555555555556
35,47,82,1.3428571428571427
21,356,377,16.952380952380953
13,127,140,9.76923076923077
36,151,187,4.194444444444445
23,94,117,4.086956521739131
135,35,170,0.25925925925925924
832,546,1378,0.65625
2,11,13,5.5
9,465,474,51.666666666666664
40,304,344,7.6
24,715,739,29.791666666666668
16,291,307,18.1875
14,134,148,9.571428571428571
101,439,540,4.346534653465347
25,350,375,14.0
89,9,98,0.10112359550561797
12,351,363,29.25
20,66,86,3.3
28,337,365,12.035714285714286
13,47,60,3.6153846153846154
302,495,797,1.6390728476821192
34,369,403,10.852941176470589
244,868,1112,3.557377049180328
472,431,903,0.913135593220339
40,32,72,0.8
24,148,172,6.166666666666667
9,122,131,13.555555555555555
13,332,345,25.53846153846154
31,299,330,9.64516129032258
50,559,609,11.18
13,184,197,14.153846153846153
24,223,247,9.291666666666666
14,662,676,47.285714285714285
39,771,810,19.76923076923077
68,721,789,10.602941176470589
646,368,1014,0.5696594427244582
123,305,428,2.4796747967479673
6,98,104,16.333333333333332
81,973,1054,12.012345679012345
40,46,86,1.15
22,371,393,16.863636363636363
735,622,1357,0.8462585034013606
8,360,368,45.0
158,650,808,4.113924050632911
21,271,292,12.904761904761905
321,422,743,1.3146417445482865
27,298,325,11.037037037037036
1184,104,1288,0.08783783783783784
629,1036,1665,1.6470588235294117
936,308,1244,0.32905982905982906
5,166,171,33.2
174,150,324,0.8620689655172413
18,141,159,7.833333333333333
2482,677,3159,0.27276390008058016
16,388,404,24.25
17,371,388,21.823529411764707
28,159,187,5.678571428571429
19,193,212,10.157894736842104
227,92,319,0.4052863436123348
43,103,146,2.395348837209302
8,91,99,11.375
16,174,190,10.875
41,260,301,6.341463414634147
3634,298,3932,0.08200330214639516
799,919,1718,1.1501877346683353
16,213,229,13.3125
10,144,154,14.4
56,176,232,3.142857142857143
83,50,133,0.6024096385542169
64,76,140,1.1875
631,393,1024,0.6228209191759112
517,28,545,0.05415860735009671
266,110,376,0.41353383458646614
35,207,242,5.914285714285715
1488,448,1936,0.3010752688172043
128,246,374,1.921875
13,276,289,21.23076923076923
13,493,506,37.92307692307692
22,275,297,12.5
8,478,486,59.75
25,315,340,12.6
1792,421,2213,0.23493303571428573
125,439,564,3.512
16,281,297,17.5625
284,28,312,0.09859154929577464
45,34,79,0.7555555555555555
379,95,474,0.25065963060686014
9,192,201,21.333333333333332
730,50,780,0.0684931506849315
38,30,68,0.7894736842105263
121,147,268,1.2148760330578512
66,12,78,0.18181818181818182
58,307,365,5.293103448275862
254,851,1105,3.3503937007874014
66,946,1012,14.333333333333334
25,41,66,1.64
18,386,404,21.444444444444443
216,5,221,0.023148148148148147
545,189,734,0.3467889908256881
26,5,31,0.19230769230769232
10,639,649,63.9
22,938,960,42.63636363636363
6,202,208,33.666666666666664
9,111,120,12.333333333333334
20,155,175,7.75
77,546,623,7.090909090909091
35,43,78,1.2285714285714286
12,37,49,3.0833333333333335
821,704,1525,0.8574908647990256
65,553,618,8.507692307692308
1571,586,2157,0.3730108211330363
50,9,59,0.18
31,150,181,4.838709677419355
38,439,477,11.552631578947368
8,132,140,16.5
8,193,201,24.125
43,80,123,1.8604651162790697
10,102,112,10.2
17,597,614,35.11764705882353
40,438,478,10.95
145,72,217,0.496551724137931
25,33,58,1.32
10,397,407,39.7
118,121,239,1.0254237288135593
408,88,496,0.21568627450980393
251,249,500,0.9920318725099602
204,589,793,2.8872549019607843
7,522,529,74.57142857142857
25,180,205,7.2
47,750,797,15.957446808510639
475,14,489,0.029473684210526315
9,954,963,106.0
663,41,704,0.06184012066365008
52,517,569,9.942307692307692
28,901,929,32.17857142857143
8,274,282,34.25
91,425,516,4.670329670329671
20,340,360,17.0
448,807,1255,1.8013392857142858
8,305,313,38.125
43,43,86,1.0
24,432,456,18.0
1899,58,1957,0.030542390731964193
14,39,53,2.7857142857142856
9,860,869,95.55555555555556
122,480,602,3.9344262295081966
13,629,642,48.38461538461539
603,470,1073,0.7794361525704809
134,296,430,2.208955223880597
928,226,1154,0.2435344827586207
20,137,157,6.85
8,182,190,22.75
32,162,194,5.0625
205,399,604,1.946341463414634
15,275,290,18.333333333333332
357,559,916,1.5658263305322129
5,166,171,33.2
47,82,129,1.7446808510638299
9,170,179,18.88888888888889
37,265,302,7.162162162162162
11,100,111,9.090909090909092
22,383,405,17.40909090909091
6,562,568,93.66666666666667
18,952,970,52.888888888888886
14,24,38,1.7142857142857142
10,46,56,4.6
89,375,464,4.213483146067416
29,252,281,8.689655172413794
78,357,435,4.576923076923077
10,239,249,23.9
95,399,494,4.2
63,33,96,0.5238095238095238
69,349,418,5.057971014492754
92,333,425,3.619565217391304
12,336,348,28.0
25,292,317,11.68
727,681,1408,0.936726272352132
9,183,192,20.333333333333332
2032,9,2041,0.0044291338582677165
11,104,115,9.454545454545455
25,94,119,3.76
35,636,671,18.17142857142857
30,306,336,10.2
414,356,770,0.8599033816425121
173,137,310,0.791907514450867
10,108,118,10.8
27,38,65,1.4074074074074074
145,725,870,5.0
10,25,35,2.5
41,420,461,10.24390243902439
23,372,395,16.17391304347826
143,160,303,1.118881118881119
23,442,465,19.217391304347824
11,120,131,10.909090909090908
11,102,113,9.272727272727273
9,270,279,30.0
2,11,13,5.5
3012,506,3518,0.16799468791500663
21,339,360,16.142857142857142
28,262,290,9.357142857142858
26,388,414,14.923076923076923
2,51,53,25.5
2,11,13,5.5
37,608,645,16.43243243243243
8,164,172,20.5
92,532,624,5.782608695652174
44,286,330,6.5
30,336,366,11.2
28,607,635,21.678571428571427
1821,348,2169,0.19110378912685339
13,418,431,32.15384615384615
36,227,263,6.305555555555555
899,325,1224,0.3615127919911012
14,276,290,19.714285714285715
414,240,654,0.5797101449275363
14,273,287,19.5
232,256,488,1.103448275862069
114,203,317,1.780701754385965
19,20,39,1.0526315789473684
485,4,489,0.008247422680412371
15,544,559,36.266666666666666
52,545,597,10.48076923076923
9,178,187,19.77777777777778
8,99,107,12.375
157,370,527,2.356687898089172
20,234,254,11.7
18,364,382,20.22222222222222
23,20,43,0.8695652173913043
10,217,227,21.7
14,238,252,17.0
7,96,103,13.714285714285714
1806,14,1820,0.007751937984496124
27,595,622,22.037037037037038
21,227,248,10.80952380952381
15,131,146,8.733333333333333
42,246,288,5.857142857142857
414,356,770,0.8599033816425121
58,502,560,8.655172413793103
14,288,302,20.571428571428573
1102,544,1646,0.49364791288566245
13,249,262,19.153846153846153
27,339,366,12.555555555555555
23,261,284,11.347826086956522
138,323,461,2.3405797101449277
15,499,514,33.266666666666666
81,358,439,4.419753086419753
12,164,176,13.666666666666666
411,162,573,0.39416058394160586
46,397,443,8.630434782608695
6,295,301,49.166666666666664
8,224,232,28.0
12,52,64,4.333333333333333
13,46,59,3.5384615384615383
31,251,282,8.096774193548388
87,569,656,6.540229885057471
4,622,626,155.5
2325,434,2759,0.18666666666666668
8,5,13,0.625
26,233,259,8.961538461538462
372,510,882,1.3709677419354838
414,211,625,0.5096618357487923
110,699,809,6.3545454545454545
28,634,662,22.642857142857142
2059,67,2126,0.03254006799417193
216,126,342,0.5833333333333334
60,57,117,0.95
488,595,1083,1.2192622950819672
3269,408,3677,0.12480881003364944
389,50,439,0.12853470437017994
143,415,558,2.902097902097902
19,123,142,6.473684210526316
12,348,360,29.0
777,87,864,0.11196911196911197
242,351,593,1.4504132231404958
31,279,310,9.0
156,365,521,2.33974358974359
101,554,655,5.485148514851486
166,350,516,2.108433734939759
10,653,663,65.3
50,192,242,3.84
164,541,705,3.298780487804878
69,7,76,0.10144927536231885
21,123,144,5.857142857142857
2,11,13,5.5
49,251,300,5.122448979591836
53,248,301,4.679245283018868
262,114,376,0.4351145038167939
1837,340,2177,0.18508437670114317
157,362,519,2.305732484076433
1040,1060,2100,1.0192307692307692
925,464,1389,0.5016216216216216
301,114,415,0.3787375415282392
98,741,839,7.561224489795919
358,483,841,1.3491620111731844
23,228,251,9.91304347826087
24,340,364,14.166666666666666
3,157,160,52.333333333333336
34,348,382,10.235294117647058
151,604,755,4.0
1070,7,1077,0.0065420560747663555
27,455,482,16.85185185185185
1527,740,2267,0.48461034708578915
64,253,317,3.953125
7,519,526,74.14285714285714
776,342,1118,0.44072164948453607
196,291,487,1.4846938775510203
145,22,167,0.15172413793103448
64,94,158,1.46875
15,392,407,26.133333333333333
8,217,225,27.125
682,194,876,0.2844574780058651
174,777,951,4.4655172413793105
64,253,317,3.953125
20,500,520,25.0
98,15,113,0.15306122448979592
52,378,430,7.269230769230769
14,45,59,3.2142857142857144
12,343,355,28.583333333333332
82,196,278,2.3902439024390243
14,221,235,15.785714285714286
2475,369,2844,0.14909090909090908
14,236,250,16.857142857142858
14,250,264,17.857142857142858
60,90,150,1.5
43,51,94,1.186046511627907
17,297,314,17.470588235294116
33,360,393,10.909090909090908
2193,471,2664,0.21477428180574556
20,105,125,5.25
70,588,658,8.4
552,318,870,0.5760869565217391
61,88,149,1.4426229508196722
19,214,233,11.263157894736842
158,507,665,3.2088607594936707
20,119,139,5.95
871,319,1190,0.36624569460390355
32,321,353,10.03125
407,123,530,0.3022113022113022
14,133,147,9.5
6,517,523,86.16666666666667
20,37,57,1.85
21,695,716,33.095238095238095
8,252,260,31.5
2838,36,2874,0.012684989429175475
108,387,495,3.5833333333333335
42,685,727,16.30952380952381
8,423,431,52.875
65,395,460,6.076923076923077
44,478,522,10.863636363636363
10,317,327,31.7
11,200,211,18.181818181818183
28,17,45,0.6071428571428571
13,392,405,30.153846153846153
12,461,473,38.416666666666664
29,426,455,14.689655172413794
21,344,365,16.38095238095238
33,129,162,3.909090909090909
7,362,369,51.714285714285715
11,253,264,23.0
17,114,131,6.705882352941177
167,182,349,1.089820359281437
1054,379,1433,0.35958254269449713
194,491,685,2.5309278350515463
2661,15,2676,0.005636978579481398
13,783,796,60.23076923076923
1191,250,1441,0.20990764063811923
17,216,233,12.705882352941176
941,408,1349,0.43358129649309246
1566,195,1761,0.12452107279693486
670,129,799,0.1925373134328358
13,345,358,26.53846153846154
516,321,837,0.622093023255814
3,13,16,4.333333333333333
26,789,815,30.346153846153847
72,308,380,4.277777777777778
28,101,129,3.607142857142857
27,332,359,12.296296296296296
13,401,414,30.846153846153847
57,28,85,0.49122807017543857
139,109,248,0.7841726618705036
250,776,1026,3.104
54,21,75,0.3888888888888889
20,249,269,12.45
321,384,705,1.1962616822429906
235,278,513,1.1829787234042553
761,146,907,0.19185282522996058
63,98,161,1.5555555555555556
5,362,367,72.4
103,554,657,5.378640776699029
39,45,84,1.1538461538461537
212,364,576,1.7169811320754718
37,87,124,2.3513513513513513
15,77,92,5.133333333333334
21,355,376,16.904761904761905
38,225,263,5.921052631578948
74,546,620,7.378378378378378
18,786,804,43.666666666666664
826,100,926,0.12106537530266344
9,111,120,12.333333333333334
1977,171,2148,0.08649468892261002
2293,150,2443,0.06541648495420846
36,891,927,24.75
124,18,142,0.14516129032258066
6,30,36,5.0
6,264,270,44.0
796,6,802,0.007537688442211055
31,201,232,6.483870967741935
19,585,604,30.789473684210527
203,578,781,2.8472906403940885
17,99,116,5.823529411764706
232,316,548,1.3620689655172413
25,347,372,13.88
15,127,142,8.466666666666667
26,462,488,17.76923076923077
20,305,325,15.25
70,706,776,10.085714285714285
15,242,257,16.133333333333333
152,697,849,4.5855263157894735
18,662,680,36.77777777777778
112,197,309,1.7589285714285714
8,94,102,11.75
239,439,678,1.8368200836820083
42,919,961,21.88095238095238
9,336,345,37.333333333333336
24,907,931,37.791666666666664
39,32,71,0.8205128205128205
703,184,887,0.26173541963015645
54,396,450,7.333333333333333
10,58,68,5.8
18,508,526,28.22222222222222
17,29,46,1.7058823529411764
11,153,164,13.909090909090908
319,159,478,0.49843260188087773
565,179,744,0.3168141592920354
111,422,533,3.8018018018018016
210,724,934,3.447619047619048
17,14,31,0.8235294117647058
1464,789,2253,0.5389344262295082
66,856,922,12.969696969696969
1446,520,1966,0.359612724757953
5,179,184,35.8
17,361,378,21.235294117647058
8,140,148,17.5
17,467,484,27.470588235294116
261,215,476,0.8237547892720306
37,440,477,11.891891891891891
23,330,353,14.347826086956522
1734,459,2193,0.2647058823529412
28,271,299,9.678571428571429
48,276,324,5.75
14,79,93,5.642857142857143
35,749,784,21.4
1060,8,1068,0.007547169811320755
64,459,523,7.171875
46,621,667,13.5
299,623,922,2.0836120401337794
42,297,339,7.071428571428571
227,8,235,0.03524229074889868
18,352,370,19.555555555555557
2141,963,3104,0.44978981784212985
11,143,154,13.0
14,841,855,60.07142857142857
29,297,326,10.241379310344827
958,327,1285,0.34133611691022964
738,253,991,0.3428184281842818
194,84,278,0.4329896907216495
18,460,478,25.555555555555557
35,216,251,6.171428571428572
11,19,30,1.7272727272727273
14,512,526,36.57142857142857
22,395,417,17.954545454545453
2,11,13,5.5
15,175,190,11.666666666666666
23,914,937,39.73913043478261
18,656,674,36.44444444444444
16,321,337,20.0625
15,933,948,62.2
43,80,123,1.8604651162790697
221,333,554,1.506787330316742
10,102,112,10.2
348,992,1340,2.8505747126436782
35,216,251,6.171428571428572
55,45,100,0.8181818181818182
7,140,147,20.0
572,266,838,0.46503496503496505
12,41,53,3.4166666666666665
2,11,13,5.5
26,25,51,0.9615384615384616
17,11,28,0.6470588235294118
20,15,35,0.75
29,39,68,1.3448275862068966
27,380,407,14.074074074074074
323,272,595,0.8421052631578947
14,148,162,10.571428571428571
15,287,302,19.133333333333333
4,352,356,88.0
53,454,507,8.566037735849056
383,100,483,0.26109660574412535
18,277,295,15.38888888888889
7,134,141,19.142857142857142
62,507,569,8.17741935483871
15,210,225,14.0
75,323,398,4.306666666666667
45,445,490,9.88888888888889
443,730,1173,1.6478555304740405
35,636,671,18.17142857142857
23,296,319,12.869565217391305
23,79,102,3.4347826086956523
8,379,387,47.375
3220,153,3373,0.04751552795031056
1440,633,2073,0.4395833333333333
69,564,633,8.173913043478262
556,210,766,0.3776978417266187
20,26,46,1.3
21,386,407,18.38095238095238
417,4,421,0.009592326139088728
84,289,373,3.4404761904761907
9,746,755,82.88888888888889
9,44,53,4.888888888888889
29,394,423,13.586206896551724
17,397,414,23.352941176470587
3120,139,3259,0.04455128205128205
36,294,330,8.166666666666666
33,678,711,20.545454545454547
16,243,259,15.1875
27,463,490,17.14814814814815
20,114,134,5.7
343,355,698,1.0349854227405249
21,380,401,18.095238095238095
435,356,791,0.8183908045977012
40,116,156,2.9
8,233,241,29.125
95,49,144,0.5157894736842106
181,646,827,3.569060773480663
24,327,351,13.625
35,174,209,4.9714285714285715
24,398,422,16.583333333333332
281,4,285,0.014234875444839857
22,909,931,41.31818181818182
20,245,265,12.25
47,346,393,7.361702127659575
18,295,313,16.38888888888889
42,609,651,14.5
160,368,528,2.3
2363,781,3144,0.3305120609394837
399,576,975,1.443609022556391
391,407,798,1.040920716112532
21,457,478,21.761904761904763
19,307,326,16.157894736842106
323,388,711,1.2012383900928794
2993,429,3422,0.14333444704310055
8,279,287,34.875
9,111,120,12.333333333333334
8,101,109,12.625
11,359,370,32.63636363636363
40,399,439,9.975
154,298,452,1.9350649350649352
889,482,1371,0.5421822272215973
43,483,526,11.232558139534884
12,15,27,1.25
43,22,65,0.5116279069767442
12,255,267,21.25
32,166,198,5.1875
74,95,169,1.2837837837837838
6,221,227,36.833333333333336
36,962,998,26.72222222222222
80,379,459,4.7375
54,823,877,15.24074074074074
14,405,419,28.928571428571427
342,159,501,0.4649122807017544
101,42,143,0.4158415841584158
65,314,379,4.8307692307692305
53,1091,1144,20.58490566037736
10,216,226,21.6
45,442,487,9.822222222222223
35,437,472,12.485714285714286
17,269,286,15.823529411764707
43,372,415,8.651162790697674
30,392,422,13.066666666666666
40,386,426,9.65
34,174,208,5.117647058823529
1245,269,1514,0.21606425702811244
27,262,289,9.703703703703704
1026,1045,2071,1.0185185185185186
21,40,61,1.9047619047619047
57,140,197,2.456140350877193
77,254,331,3.2987012987012987
81,792,873,9.777777777777779
19,96,115,5.052631578947368
40,336,376,8.4
244,990,1234,4.057377049180328
9,30,39,3.3333333333333335
66,274,340,4.151515151515151
299,64,363,0.2140468227424749
81,45,126,0.5555555555555556
19,805,824,42.36842105263158
13,258,271,19.846153846153847
178,1015,1193,5.702247191011236
1053,945,1998,0.8974358974358975
2797,30,2827,0.010725777618877368
11,474,485,43.09090909090909
69,440,509,6.3768115942028984
24,553,577,23.041666666666668
25,349,374,13.96
151,657,808,4.3509933774834435
1704,428,2132,0.2511737089201878
18,18,36,1.0
37,47,84,1.2702702702702702
36,33,69,0.9166666666666666
21,507,528,24.142857142857142
43,483,526,11.232558139534884
146,37,183,0.2534246575342466
33,93,126,2.8181818181818183
67,483,550,7.208955223880597
30,323,353,10.766666666666667
60,188,248,3.1333333333333333
213,337,550,1.5821596244131455
39,8,47,0.20512820512820512
1267,174,1441,0.13733228097868982
22,17,39,0.7727272727272727
11,185,196,16.818181818181817
83,24,107,0.2891566265060241
215,22,237,0.10232558139534884
19,73,92,3.8421052631578947
3135,490,3625,0.15629984051036683
26,373,399,14.346153846153847
43,294,337,6.837209302325581
9,269,278,29.88888888888889
17,401,418,23.58823529411765
12,251,263,20.916666666666668
30,259,289,8.633333333333333
20,241,261,12.05
38,634,672,16.68421052631579
11,222,233,20.181818181818183
26,462,488,17.76923076923077
10,308,318,30.8
501,105,606,0.20958083832335328
661,349,1010,0.5279878971255674
1075,887,1962,0.8251162790697675
466,360,826,0.7725321888412017
2206,387,2593,0.17543064369900271
8,83,91,10.375
30,519,549,17.3
10,694,704,69.4
2,11,13,5.5
31,197,228,6.354838709677419
16,87,103,5.4375
12,47,59,3.9166666666666665
38,68,106,1.7894736842105263
11,257,268,23.363636363636363
44,430,474,9.772727272727273
10,30,40,3.0
49,461,510,9.408163265306122
13,285,298,21.923076923076923
58,459,517,7.913793103448276
10,108,118,10.8
1438,711,2149,0.4944367176634214
22,248,270,11.272727272727273
852,857,1709,1.005868544600939
208,586,794,2.8173076923076925
16,385,401,24.0625
23,214,237,9.304347826086957
18,392,410,21.77777777777778
9,298,307,33.111111111111114
9,391,400,43.44444444444444
1003,898,1901,0.8953140578265204
57,96,153,1.6842105263157894
50,478,528,9.56
10,111,121,11.1
24,658,682,27.416666666666668
148,560,708,3.7837837837837838
604,181,785,0.2996688741721854
104,764,868,7.346153846153846
41,326,367,7.951219512195122
16,266,282,16.625
473,137,610,0.28964059196617337
11,551,562,50.09090909090909
448,951,1399,2.122767857142857
1218,597,1815,0.49014778325123154
883,116,999,0.13137032842582105
30,295,325,9.833333333333334
250,1056,1306,4.224
29,71,100,2.4482758620689653
2797,30,2827,0.010725777618877368
39,197,236,5.051282051282051
2,11,13,5.5
53,963,1016,18.169811320754718
30,133,163,4.433333333333334
6,92,98,15.333333333333334
3097,952,4049,0.3073942525024217
493,104,597,0.21095334685598377
70,907,977,12.957142857142857
15,331,346,22.066666666666666
252,79,331,0.3134920634920635
41,231,272,5.634146341463414
13,78,91,6.0
22,369,391,16.772727272727273
30,795,825,26.5
16,289,305,18.0625
125,588,713,4.704
10,241,251,24.1
20,93,113,4.65
16,349,365,21.8125
248,170,418,0.6854838709677419
2632,132,2764,0.05015197568389058
69,269,338,3.898550724637681
11,340,351,30.90909090909091
433,261,694,0.6027713625866051
24,61,85,2.5416666666666665
24,356,380,14.833333333333334
23,403,426,17.52173913043478
26,226,252,8.692307692307692
13,160,173,12.307692307692308
11,81,92,7.363636363636363
198,583,781,2.9444444444444446
12,672,684,56.0
139,109,248,0.7841726618705036
26,465,491,17.884615384615383
1213,950,2163,0.7831821929101401
43,231,274,5.372093023255814
37,153,190,4.135135135135135
4,340,344,85.0
22,539,561,24.5
489,327,816,0.6687116564417178
17,47,64,2.764705882352941
44,81,125,1.8409090909090908
74,44,118,0.5945945945945946
127,69,196,0.5433070866141733
496,132,628,0.2661290322580645
451,371,822,0.8226164079822617
15,271,286,18.066666666666666
252,330,582,1.3095238095238095
44,286,330,6.5
1331,832,2163,0.6250939143501127
31,267,298,8.612903225806452
617,210,827,0.34035656401944897
36,5,41,0.1388888888888889
180,80,260,0.4444444444444444
48,250,298,5.208333333333333
568,917,1485,1.6144366197183098
341,827,1168,2.4252199413489737
29,572,601,19.724137931034484
861,515,1376,0.5981416957026713
11,312,323,28.363636363636363
97,406,503,4.185567010309279
458,366,824,0.7991266375545851
19,276,295,14.526315789473685
37,264,301,7.135135135135135
55,598,653,10.872727272727273
11,226,237,20.545454545454547
33,236,269,7.151515151515151
3677,267,3944,0.07261354364971444
20,472,492,23.6
18,40,58,2.2222222222222223
35,249,284,7.114285714285714
20,258,278,12.9
18,293,311,16.27777777777778
19,264,283,13.894736842105264
101,755,856,7.475247524752476
600,154,754,0.25666666666666665
6,212,218,35.333333333333336
10,208,218,20.8
27,255,282,9.444444444444445
2303,19,2322,0.008250108554059922
11,322,333,29.272727272727273
12,648,660,54.0
358,721,1079,2.0139664804469275
8,294,302,36.75
9,375,384,41.666666666666664
17,297,314,17.470588235294116
74,516,590,6.972972972972973
665,230,895,0.3458646616541353
22,422,444,19.181818181818183
10,462,472,46.2
26,663,689,25.5
24,200,224,8.333333333333334
11,327,338,29.727272727272727
3220,153,3373,0.04751552795031056
51,321,372,6.294117647058823
34,213,247,6.264705882352941
23,212,235,9.217391304347826
9,654,663,72.66666666666667
6,228,234,38.0
24,635,659,26.458333333333332
423,164,587,0.3877068557919622
2,11,13,5.5
260,569,829,2.1884615384615387
141,427,568,3.028368794326241
30,342,372,11.4
34,69,103,2.0294117647058822
269,909,1178,3.379182156133829
188,41,229,0.21808510638297873
47,340,387,7.23404255319149
1821,348,2169,0.19110378912685339
10,235,245,23.5
180,100,280,0.5555555555555556
32,279,311,8.71875
92,346,438,3.760869565217391
13,640,653,49.23076923076923
19,63,82,3.3157894736842106
2243,12,2255,0.005349977708426215
19,496,515,26.105263157894736
17,333,350,19.58823529411765
21,453,474,21.571428571428573
17,76,93,4.470588235294118
1690,958,2648,0.5668639053254438
1881,220,2101,0.11695906432748537
13,61,74,4.6923076923076925
20,627,647,31.35
23,311,334,13.521739130434783
13,343,356,26.384615384615383
2168,276,2444,0.12730627306273062
16,544,560,34.0
9,141,150,15.666666666666666
2966,131,3097,0.04416722859069454
25,263,288,10.52
88,320,408,3.6363636363636362
89,302,391,3.393258426966292
222,180,402,0.8108108108108109
80,30,110,0.375
131,489,620,3.732824427480916
9,292,301,32.44444444444444
94,253,347,2.6914893617021276
111,19,130,0.17117117117117117
741,539,1280,0.7273954116059379
73,258,331,3.5342465753424657
25,4,29,0.16
14,388,402,27.714285714285715
6,249,255,41.5
13,237,250,18.23076923076923
1237,27,1264,0.021827000808407437
283,194,477,0.6855123674911661
96,170,266,1.7708333333333333
1,593,594,593.0
13,141,154,10.846153846153847
1492,171,1663,0.1146112600536193
10,64,74,6.4
12,405,417,33.75
11,159,170,14.454545454545455
205,96,301,0.4682926829268293
26,376,402,14.461538461538462
30,777,807,25.9
13,716,729,55.07692307692308
19,320,339,16.842105263157894
8,174,182,21.75
32,245,277,7.65625
936,308,1244,0.32905982905982906
73,969,1042,13.273972602739725
24,440,464,18.333333333333332
91,428,519,4.7032967032967035
40,547,587,13.675
8,426,434,53.25
39,213,252,5.461538461538462
16,131,147,8.1875
73,532,605,7.287671232876712
36,598,634,16.61111111111111
1578,1042,2620,0.6603295310519645
115,954,1069,8.295652173913043
26,278,304,10.692307692307692
483,132,615,0.2732919254658385
57,69,126,1.2105263157894737
20,66,86,3.3
13,360,373,27.692307692307693
12,856,868,71.33333333333333
12,239,251,19.916666666666668
72,795,867,11.041666666666666
19,256,275,13.473684210526315
6,191,197,31.833333333333332
14,215,229,15.357142857142858
13,807,820,62.07692307692308
52,829,881,15.942307692307692
237,176,413,0.7426160337552743
2833,195,3028,0.06883162725026473
16,620,636,38.75
24,564,588,23.5
33,299,332,9.06060606060606
28,244,272,8.714285714285714
29,87,116,3.0
21,19,40,0.9047619047619048
75,324,399,4.32
17,137,154,8.058823529411764
12,105,117,8.75
29,136,165,4.689655172413793
10,366,376,36.6
1230,381,1611,0.3097560975609756
154,309,463,2.0064935064935066
303,1052,1355,3.4719471947194718
14,302,316,21.571428571428573
397,216,613,0.5440806045340051
32,406,438,12.6875
6,169,175,28.166666666666668
60,256,316,4.266666666666667
24,928,952,38.666666666666664
13,392,405,30.153846153846153
31,584,615,18.838709677419356
17,570,587,33.529411764705884
23,30,53,1.3043478260869565
707,634,1341,0.8967468175388967
9,539,548,59.888888888888886
54,435,489,8.055555555555555
16,373,389,23.3125
16,420,436,26.25
9,116,125,12.88888888888889
1349,471,1820,0.3491475166790215
16,240,256,15.0
103,312,415,3.029126213592233
14,192,206,13.714285714285714
19,523,542,27.526315789473685
319,846,1165,2.652037617554859
59,112,171,1.8983050847457628
327,426,753,1.3027522935779816
28,756,784,27.0
6,35,41,5.833333333333333
18,262,280,14.555555555555555
506,340,846,0.6719367588932806
159,313,472,1.9685534591194969
4,38,42,9.5
387,165,552,0.4263565891472868
149,494,643,3.315436241610738
19,69,88,3.6315789473684212
1552,260,1812,0.16752577319587628
18,147,165,8.166666666666666
13,245,258,18.846153846153847
22,83,105,3.772727272727273
26,25,51,0.9615384615384616
81,537,618,6.62962962962963
10,140,150,14.0
264,146,410,0.553030303030303
80,236,316,2.95
12,373,385,31.083333333333332
87,438,525,5.0344827586206895
223,293,516,1.3139013452914798
12,392,404,32.666666666666664
33,106,139,3.212121212121212
65,126,191,1.9384615384615385
28,24,52,0.8571428571428571
29,72,101,2.4827586206896552
2303,34,2337,0.014763352149370386
340,644,984,1.8941176470588235
51,360,411,7.0588235294117645
21,269,290,12.80952380952381
2741,610,3351,0.2225465158701204
25,261,286,10.44
36,165,201,4.583333333333333
3116,237,3353,0.07605905006418485
52,34,86,0.6538461538461539
223,192,415,0.8609865470852018
1479,15,1494,0.010141987829614604
397,398,795,1.0025188916876575
26,160,186,6.153846153846154
47,78,125,1.6595744680851063
18,11,29,0.6111111111111112
393,614,1007,1.5623409669211197
662,715,1377,1.0800604229607251
30,254,284,8.466666666666667
36,294,330,8.166666666666666
9,56,65,6.222222222222222
10,378,388,37.8
232,235,467,1.0129310344827587
1497,272,1769,0.18169672678690715
18,310,328,17.22222222222222
17,108,125,6.352941176470588
35,116,151,3.3142857142857145
65,90,155,1.3846153846153846
35,51,86,1.457142857142857
2314,57,2371,0.024632670700086432
31,497,528,16.032258064516128
10,253,263,25.3
250,598,848,2.392
73,26,99,0.3561643835616438
134,507,641,3.783582089552239
8,80,88,10.0
28,493,521,17.607142857142858
3141,151,3292,0.04807386182744349
37,491,528,13.27027027027027
35,414,449,11.82857142857143
13,558,571,42.92307692307692
1057,684,1741,0.6471144749290445
2190,317,2507,0.14474885844748858
103,610,713,5.922330097087379
950,141,1091,0.14842105263157895
5,171,176,34.2
2,29,31,14.5
62,24,86,0.3870967741935484
13,536,549,41.23076923076923
23,886,909,38.52173913043478
159,313,472,1.9685534591194969
101,141,242,1.396039603960396
20,202,222,10.1
139,803,942,5.776978417266187
18,260,278,14.444444444444445
15,416,431,27.733333333333334
18,264,282,14.666666666666666
10,125,135,12.5
17,325,342,19.11764705882353
67,158,225,2.3582089552238807
8,244,252,30.5
17,220,237,12.941176470588236
14,339,353,24.214285714285715
118,429,547,3.635593220338983
38,200,238,5.2631578947368425
7,258,265,36.857142857142854
8,99,107,12.375
27,455,482,16.85185185185185
69,470,539,6.811594202898551
19,365,384,19.210526315789473
73,6,79,0.0821917808219178
16,528,544,33.0
49,338,387,6.8979591836734695
101,809,910,8.009900990099009
32,445,477,13.90625
4,12,16,3.0
22,418,440,19.0
31,639,670,20.612903225806452
134,40,174,0.29850746268656714
11,265,276,24.09090909090909
4,406,410,101.5
22,300,322,13.636363636363637
22,81,103,3.6818181818181817
53,421,474,7.943396226415095
18,311,329,17.27777777777778
494,905,1399,1.8319838056680162
692,143,835,0.20664739884393063
22,195,217,8.863636363636363
30,156,186,5.2
77,502,579,6.51948051948052
806,519,1325,0.6439205955334988
2,31,33,15.5
57,309,366,5.421052631578948
58,18,76,0.3103448275862069
25,549,574,21.96
24,697,721,29.041666666666668
138,116,254,0.8405797101449275
18,102,120,5.666666666666667
62,304,366,4.903225806451613
987,375,1362,0.3799392097264438
46,8,54,0.17391304347826086
17,648,665,38.11764705882353
28,40,68,1.4285714285714286
118,497,615,4.211864406779661
16,69,85,4.3125
10,508,518,50.8
973,506,1479,0.5200411099691675
5,286,291,57.2
15,56,71,3.7333333333333334
8,344,352,43.0
12,332,344,27.666666666666668
8,298,306,37.25
18,282,300,15.666666666666666
60,35,95,0.5833333333333334
47,346,393,7.361702127659575
89,257,346,2.8876404494382024
12,339,351,28.25
19,92,111,4.842105263157895
292,373,665,1.2773972602739727
34,48,82,1.411764705882353
102,937,1039,9.186274509803921
12,599,611,49.916666666666664
423,154,577,0.3640661938534279
32,110,142,3.4375
306,460,766,1.5032679738562091
81,942,1023,11.62962962962963
543,462,1005,0.850828729281768
2767,479,3246,0.17311167329237442
2303,19,2322,0.008250108554059922
15,352,367,23.466666666666665
120,30,150,0.25
115,339,454,2.9478260869565216
67,480,547,7.164179104477612
24,236,260,9.833333333333334
51,76,127,1.4901960784313726
183,206,389,1.1256830601092895
18,417,435,23.166666666666668
545,316,861,0.5798165137614679
8,53,61,6.625
110,382,492,3.4727272727272727
14,556,570,39.714285714285715
21,276,297,13.142857142857142
60,833,893,13.883333333333333
667,289,956,0.4332833583208396
28,443,471,15.821428571428571
2626,113,2739,0.043031226199543034
35,800,835,22.857142857142858
3332,288,3620,0.08643457382953182
41,141,182,3.4390243902439024
25,32,57,1.28
31,37,68,1.1935483870967742
68,903,971,13.279411764705882
7,189,196,27.0
175,170,345,0.9714285714285714
28,95,123,3.392857142857143
14,58,72,4.142857142857143
653,940,1593,1.439509954058193
114,867,981,7.605263157894737
285,62,347,0.21754385964912282
128,357,485,2.7890625
34,530,564,15.588235294117647
12,293,305,24.416666666666668
1411,349,1760,0.24734231041814317
90,225,315,2.5
11,303,314,27.545454545454547
19,404,423,21.263157894736842
2,12,14,6.0
40,321,361,8.025
3,11,14,3.6666666666666665
5,172,177,34.4
15,83,98,5.533333333333333
8,153,161,19.125
58,233,291,4.017241379310345
40,376,416,9.4
1440,353,1793,0.24513888888888888
11,241,252,21.90909090909091
55,317,372,5.763636363636364
15,103,118,6.866666666666666
10,109,119,10.9
161,524,685,3.2546583850931676
6,281,287,46.833333333333336
18,185,203,10.277777777777779
1260,575,1835,0.45634920634920634
13,345,358,26.53846153846154
11,196,207,17.818181818181817
167,942,1109,5.640718562874252
146,952,1098,6.52054794520548
7,336,343,48.0
392,160,552,0.40816326530612246
17,347,364,20.41176470588235
377,398,775,1.0557029177718833
5,112,117,22.4
17,304,321,17.88235294117647
30,53,83,1.7666666666666666
2353,195,2548,0.08287292817679558
11,153,164,13.909090909090908
28,338,366,12.071428571428571
22,109,131,4.954545454545454
13,100,113,7.6923076923076925
12,95,107,7.916666666666667
172,172,344,1.0
14,324,338,23.142857142857142
18,56,74,3.111111111111111
50,232,282,4.64
8,942,950,117.75
17,361,378,21.235294117647058
67,17,84,0.2537313432835821
23,699,722,30.391304347826086
25,161,186,6.44
527,233,760,0.44212523719165087
1166,399,1565,0.3421955403087479
1736,1022,2758,0.5887096774193549
30,162,192,5.4
2,11,13,5.5
27,287,314,10.62962962962963
12,210,222,17.5
17,621,638,36.529411764705884
293,386,679,1.31740614334471
69,356,425,5.159420289855072
15,1039,1054,69.26666666666667
409,383,792,0.9364303178484108
38,580,618,15.263157894736842
1879,716,2595,0.38105375199574243
78,536,614,6.871794871794871
51,476,527,9.333333333333334
36,186,222,5.166666666666667
3022,929,3951,0.3074123097286565
14,240,254,17.142857142857142
49,782,831,15.959183673469388
62,465,527,7.5
16,344,360,21.5
105,503,608,4.79047619047619
12,97,109,8.083333333333334
18,278,296,15.444444444444445
108,416,524,3.8518518518518516
98,640,738,6.530612244897959
12,515,527,42.916666666666664
14,534,548,38.142857142857146
15,94,109,6.266666666666667
21,245,266,11.666666666666666
6,350,356,58.333333333333336
21,107,128,5.095238095238095
7,138,145,19.714285714285715
42,112,154,2.6666666666666665
44,410,454,9.318181818181818
15,144,159,9.6
20,327,347,16.35
7,199,206,28.428571428571427
1938,647,2585,0.33384932920536636
13,286,299,22.0
195,107,302,0.5487179487179488
25,401,426,16.04
13,138,151,10.615384615384615
10,108,118,10.8
10,159,169,15.9
153,640,793,4.183006535947713
322,459,781,1.4254658385093169
100,477,577,4.77
617,528,1145,0.8557536466774717
434,561,995,1.292626728110599
24,20,44,0.8333333333333334
30,362,392,12.066666666666666
23,369,392,16.043478260869566
7,216,223,30.857142857142858
108,435,543,4.027777777777778
128,306,434,2.390625
994,176,1170,0.17706237424547283
55,278,333,5.054545454545455
5,396,401,79.2
9,60,69,6.666666666666667
13,19,32,1.4615384615384615
825,214,1039,0.2593939393939394
487,43,530,0.08829568788501027
9,284,293,31.555555555555557
786,299,1085,0.38040712468193383
28,639,667,22.821428571428573
11,25,36,2.272727272727273
12,138,150,11.5
16,44,60,2.75
93,201,294,2.161290322580645
418,259,677,0.6196172248803827
132,251,383,1.9015151515151516
78,382,460,4.897435897435898
21,168,189,8.0
16,5,21,0.3125
22,81,103,3.6818181818181817
2,12,14,6.0
8,77,85,9.625
786,811,1597,1.0318066157760815
81,846,927,10.444444444444445
24,123,147,5.125
242,39,281,0.16115702479338842
102,43,145,0.4215686274509804
21,847,868,40.333333333333336
30,545,575,18.166666666666668
26,152,178,5.846153846153846
76,32,108,0.42105263157894735
28,370,398,13.214285714285714
109,8,117,0.07339449541284404
62,302,364,4.870967741935484
12,360,372,30.0
4,312,316,78.0
17,307,324,18.058823529411764
12,476,488,39.666666666666664
13,676,689,52.0
508,218,726,0.42913385826771655
45,295,340,6.555555555555555
36,311,347,8.63888888888889
78,392,470,5.0256410256410255
11,120,131,10.909090909090908
22,22,44,1.0
16,149,165,9.3125
88,66,154,0.75
85,333,418,3.9176470588235293
331,109,440,0.3293051359516616
568,313,881,0.551056338028169
2,48,50,24.0
15,265,280,17.666666666666668
7,189,196,27.0
32,22,54,0.6875
6,247,253,41.166666666666664
35,396,431,11.314285714285715
93,79,172,0.8494623655913979
14,488,502,34.857142857142854
719,454,1173,0.631432545201669
205,121,326,0.5902439024390244
4,144,148,36.0
21,738,759,35.142857142857146
1187,890,2077,0.7497893850042123
17,21,38,1.2352941176470589
37,636,673,17.18918918918919
7,72,79,10.285714285714286
26,5,31,0.19230769230769232
12,227,239,18.916666666666668
212,291,503,1.3726415094339623
250,11,261,0.044
18,388,406,21.555555555555557
95,578,673,6.08421052631579
378,548,926,1.4497354497354498
4,401,405,100.25
686,609,1295,0.8877551020408163
7,94,101,13.428571428571429
222,45,267,0.20270270270270271
8,230,238,28.75
23,417,440,18.130434782608695
383,164,547,0.4281984334203655
30,402,432,13.4
28,404,432,14.428571428571429
297,306,603,1.0303030303030303
15,206,221,13.733333333333333
14,434,448,31.0
13,298,311,22.923076923076923
10,24,34,2.4
16,109,125,6.8125
2,11,13,5.5
17,437,454,25.705882352941178
113,857,970,7.584070796460177
30,155,185,5.166666666666667
8,196,204,24.5
59,624,683,10.576271186440678
9,163,172,18.11111111111111
58,92,150,1.5862068965517242
77,217,294,2.8181818181818183
10,26,36,2.6
47,99,146,2.106382978723404
66,146,212,2.212121212121212
424,569,993,1.3419811320754718
268,569,837,2.123134328358209
21,166,187,7.904761904761905
24,187,211,7.791666666666667
108,65,173,0.6018518518518519
75,636,711,8.48
1187,946,2133,0.7969671440606572
1474,278,1752,0.18860244233378562
13,24,37,1.8461538461538463
8,229,237,28.625
529,491,1020,0.9281663516068053
78,434,512,5.564102564102564
11,251,262,22.818181818181817
709,252,961,0.3554301833568406
15,300,315,20.0
25,377,402,15.08
14,542,556,38.714285714285715
6,249,255,41.5
19,274,293,14.421052631578947
861,959,1820,1.113821138211382
34,303,337,8.911764705882353
935,271,1206,0.2898395721925134
15,296,311,19.733333333333334
97,16,113,0.16494845360824742
263,177,440,0.6730038022813688
56,66,122,1.1785714285714286
10,343,353,34.3
6,885,891,147.5
15,369,384,24.6
84,71,155,0.8452380952380952
145,126,271,0.8689655172413793
14,847,861,60.5
440,505,945,1.1477272727272727
11,15,26,1.3636363636363635
449,83,532,0.18485523385300667
2,11,13,5.5
2456,158,2614,0.06433224755700326
91,21,112,0.23076923076923078
17,296,313,17.41176470588235
38,193,231,5.078947368421052
8,97,105,12.125
64,245,309,3.828125
1333,1057,2390,0.7929482370592649
14,614,628,43.857142857142854
36,248,284,6.888888888888889
26,362,388,13.923076923076923
1897,163,2060,0.08592514496573538
11,535,546,48.63636363636363
13,306,319,23.53846153846154
4,11,15,2.75
12,268,280,22.333333333333332
1219,580,1799,0.47579983593109104
9,337,346,37.44444444444444
295,8,303,0.02711864406779661
15,423,438,28.2
11,478,489,43.45454545454545
90,455,545,5.055555555555555
44,229,273,5.204545454545454
343,100,443,0.2915451895043732
11,294,305,26.727272727272727
19,403,422,21.210526315789473
74,331,405,4.472972972972973
8,154,162,19.25
8,76,84,9.5
36,502,538,13.944444444444445
23,217,240,9.434782608695652
29,105,134,3.6206896551724137
50,102,152,2.04
16,504,520,31.5
1645,493,2138,0.2996960486322188
2,24,26,12.0
888,347,1235,0.39076576576576577
242,110,352,0.45454545454545453
164,196,360,1.1951219512195121
688,568,1256,0.8255813953488372
22,778,800,35.36363636363637
17,84,101,4.9411764705882355
20,409,429,20.45
57,710,767,12.456140350877194
10,182,192,18.2
63,24,87,0.38095238095238093
155,202,357,1.303225806451613
15,220,235,14.666666666666666
12,191,203,15.916666666666666
17,249,266,14.647058823529411
20,324,344,16.2
71,120,191,1.6901408450704225
2,384,386,192.0
102,602,704,5.901960784313726
11,574,585,52.18181818181818
4,424,428,106.0
89,23,112,0.25842696629213485
37,442,479,11.945945945945946
11,144,155,13.090909090909092
46,279,325,6.065217391304348
41,61,102,1.4878048780487805
40,180,220,4.5
638,332,970,0.5203761755485894
38,402,440,10.578947368421053
388,424,812,1.092783505154639
99,22,121,0.2222222222222222
1333,1057,2390,0.7929482370592649
10,281,291,28.1
2392,83,2475,0.03469899665551839
18,241,259,13.38888888888889
2,12,14,6.0
9,458,467,50.888888888888886
97,20,117,0.20618556701030927
164,375,539,2.2865853658536586
13,160,173,12.307692307692308
33,471,504,14.272727272727273
46,320,366,6.956521739130435
52,868,920,16.692307692307693
7,311,318,44.42857142857143
112,130,242,1.1607142857142858
229,289,518,1.262008733624454
706,739,1445,1.046742209631728
19,598,617,31.473684210526315
22,95,117,4.318181818181818
17,462,479,27.176470588235293
6,387,393,64.5
697,830,1527,1.1908177905308466
441,29,470,0.06575963718820861
10,694,704,69.4
36,1009,1045,28.02777777777778
319,527,846,1.652037617554859
38,378,416,9.947368421052632
47,58,105,1.2340425531914894
299,560,859,1.8729096989966556
656,677,1333,1.0320121951219512
1040,1060,2100,1.0192307692307692
12,23,35,1.9166666666666667
47,275,322,5.851063829787234
23,554,577,24.08695652173913
34,556,590,16.352941176470587
488,246,734,0.5040983606557377
14,93,107,6.642857142857143
15,120,135,8.0
2481,283,2764,0.11406690850463523
1392,125,1517,0.08979885057471264
419,6,425,0.014319809069212411
65,165,230,2.5384615384615383
15,186,201,12.4
19,14,33,0.7368421052631579
61,56,117,0.9180327868852459
325,43,368,0.13230769230769232
11,295,306,26.818181818181817
8,139,147,17.375
217,65,282,0.2995391705069124
18,248,266,13.777777777777779
370,11,381,0.02972972972972973
6,136,142,22.666666666666668
58,133,191,2.293103448275862
46,303,349,6.586956521739131
26,25,51,0.9615384615384616
366,653,1019,1.784153005464481
77,605,682,7.857142857142857
14,99,113,7.071428571428571
7,235,242,33.57142857142857
23,22,45,0.9565217391304348
157,24,181,0.15286624203821655
17,226,243,13.294117647058824
78,321,399,4.115384615384615
226,984,1210,4.353982300884955
56,283,339,5.053571428571429
72,60,132,0.8333333333333334
243,8,251,0.03292181069958848
36,5,41,0.1388888888888889
12,450,462,37.5
140,244,384,1.7428571428571429
22,104,126,4.7272727272727275
11,245,256,22.272727272727273
14,361,375,25.785714285714285
56,371,427,6.625
80,463,543,5.7875
35,114,149,3.257142857142857
56,365,421,6.517857142857143
20,931,951,46.55
109,380,489,3.4862385321100917
1347,56,1403,0.041573867854491464
82,149,231,1.8170731707317074
167,944,1111,5.652694610778443
107,129,236,1.205607476635514
4,907,911,226.75
86,1030,1116,11.976744186046512
32,943,975,29.46875
81,537,618,6.62962962962963
13,377,390,29.0
53,256,309,4.830188679245283
25,444,469,17.76
138,1011,1149,7.326086956521739
23,421,444,18.304347826086957
28,756,784,27.0
18,735,753,40.833333333333336
50,9,59,0.18
8,286,294,35.75
34,680,714,20.0
20,365,385,18.25
8,96,104,12.0
21,329,350,15.666666666666666
104,934,1038,8.98076923076923
435,182,617,0.41839080459770117
18,224,242,12.444444444444445
11,533,544,48.45454545454545
21,498,519,23.714285714285715
74,417,491,5.635135135135135
5,101,106,20.2
29,462,491,15.931034482758621
74,445,519,6.013513513513513
11,618,629,56.18181818181818
17,398,415,23.41176470588235
37,91,128,2.4594594594594597
5,762,767,152.4
10,336,346,33.6
360,834,1194,2.316666666666667
5,32,37,6.4
25,116,141,4.64
73,518,591,7.095890410958904
11,225,236,20.454545454545453
323,412,735,1.2755417956656347
81,619,700,7.6419753086419755
42,520,562,12.380952380952381
39,672,711,17.23076923076923
21,446,467,21.238095238095237
51,94,145,1.8431372549019607
22,327,349,14.863636363636363
19,417,436,21.94736842105263
250,115,365,0.46
21,317,338,15.095238095238095
157,774,931,4.929936305732484
29,507,536,17.482758620689655
36,186,222,5.166666666666667
105,117,222,1.1142857142857143
49,29,78,0.5918367346938775
4,237,241,59.25
21,288,309,13.714285714285714
103,91,194,0.883495145631068
182,250,432,1.3736263736263736
2925,601,3526,0.20547008547008547
25,173,198,6.92
17,176,193,10.352941176470589
13,316,329,24.307692307692307
10,51,61,5.1
245,194,439,0.7918367346938775
7,325,332,46.42857142857143
19,327,346,17.210526315789473
69,60,129,0.8695652173913043
51,317,368,6.215686274509804
67,26,93,0.3880597014925373
8,206,214,25.75
9,766,775,85.11111111111111
12,263,275,21.916666666666668
200,517,717,2.585
21,263,284,12.523809523809524
10,156,166,15.6
7,26,33,3.7142857142857144
352,524,876,1.4886363636363635
8,192,200,24.0
71,612,683,8.619718309859154
22,610,632,27.727272727272727
20,35,55,1.75
36,30,66,0.8333333333333334
161,243,404,1.5093167701863355
38,99,137,2.6052631578947367
33,382,415,11.575757575757576
30,168,198,5.6
15,193,208,12.866666666666667
28,346,374,12.357142857142858
26,112,138,4.3076923076923075
24,641,665,26.708333333333332
159,376,535,2.3647798742138364
44,167,211,3.7954545454545454
7,32,39,4.571428571428571
66,440,506,6.666666666666667
49,440,489,8.979591836734693
29,273,302,9.413793103448276
34,72,106,2.1176470588235294
107,191,298,1.7850467289719627
18,246,264,13.666666666666666
16,118,134,7.375
58,44,102,0.7586206896551724
72,488,560,6.777777777777778
52,170,222,3.269230769230769
2,11,13,5.5
14,22,36,1.5714285714285714
54,215,269,3.9814814814814814
83,142,225,1.7108433734939759
177,329,506,1.8587570621468927
37,497,534,13.432432432432432
236,73,309,0.3093220338983051
2495,830,3325,0.33266533066132264
94,881,975,9.372340425531915
15,511,526,34.06666666666667
45,186,231,4.133333333333334
23,255,278,11.08695652173913
6,508,514,84.66666666666667
60,425,485,7.083333333333333
39,72,111,1.8461538461538463
8,230,238,28.75
18,439,457,24.38888888888889
43,799,842,18.58139534883721
21,107,128,5.095238095238095
751,7,758,0.009320905459387484
66,465,531,7.045454545454546
60,505,565,8.416666666666666
134,277,411,2.0671641791044775
22,387,409,17.59090909090909
1363,771,2134,0.5656639765223771
91,463,554,5.087912087912088
81,435,516,5.37037037037037
8,289,297,36.125
17,45,62,2.6470588235294117
881,540,1421,0.6129398410896708
4,56,60,14.0
23,114,137,4.956521739130435
74,370,444,5.0
36,272,308,7.555555555555555
32,290,322,9.0625
181,292,473,1.6132596685082874
2217,186,2403,0.08389715832205684
16,304,320,19.0
409,281,690,0.687041564792176
22,63,85,2.8636363636363638
711,367,1078,0.5161744022503516
7,263,270,37.57142857142857
7,226,233,32.285714285714285
1246,8,1254,0.006420545746388443
36,549,585,15.25
12,233,245,19.416666666666668
8,98,106,12.25
143,217,360,1.5174825174825175
28,317,345,11.321428571428571
16,213,229,13.3125
15,323,338,21.533333333333335
19,111,130,5.842105263157895
631,175,806,0.277337559429477
74,547,621,7.391891891891892
137,516,653,3.7664233576642334
43,59,102,1.372093023255814
20,582,602,29.1
8,191,199,23.875
506,340,846,0.6719367588932806
7,330,337,47.142857142857146
14,170,184,12.142857142857142
802,988,1790,1.231920199501247
481,356,837,0.7401247401247402
900,481,1381,0.5344444444444445
11,302,313,27.454545454545453
25,29,54,1.16
1184,249,1433,0.21030405405405406
20,209,229,10.45
11,622,633,56.54545454545455
115,1106,1221,9.617391304347827
13,478,491,36.76923076923077
61,557,618,9.131147540983607
31,358,389,11.548387096774194
158,650,808,4.113924050632911
15,69,84,4.6
471,30,501,0.06369426751592357
135,180,315,1.3333333333333333
43,569,612,13.232558139534884
11,363,374,33.0
27,305,332,11.296296296296296
81,1614,1695,19.925925925925927
7,138,145,19.714285714285715
318,677,995,2.1289308176100628
21,262,283,12.476190476190476
17,244,261,14.352941176470589
14,324,338,23.142857142857142
29,622,651,21.448275862068964
38,28,66,0.7368421052631579
9,30,39,3.3333333333333335
15,280,295,18.666666666666668
36,30,66,0.8333333333333334
37,286,323,7.72972972972973
180,498,678,2.7666666666666666
52,40,92,0.7692307692307693
15,33,48,2.2
574,49,623,0.08536585365853659
7,301,308,43.0
16,194,210,12.125
64,292,356,4.5625
10,136,146,13.6
2241,218,2459,0.09727800089245872
16,149,165,9.3125
117,570,687,4.871794871794871
25,26,51,1.04
21,428,449,20.38095238095238
19,204,223,10.736842105263158
13,328,341,25.23076923076923
5,653,658,130.6
8,326,334,40.75
16,182,198,11.375
213,781,994,3.6666666666666665
99,177,276,1.7878787878787878
72,15,87,0.20833333333333334
1741,370,2111,0.2125215393452039
209,127,336,0.6076555023923444
17,604,621,35.529411764705884
109,266,375,2.4403669724770642
10,480,490,48.0
3,49,52,16.333333333333332
252,180,432,0.7142857142857143
290,1010,1300,3.4827586206896552
443,367,810,0.8284424379232506
5,79,84,15.8
11,500,511,45.45454545454545
24,350,374,14.583333333333334
9,777,786,86.33333333333333
863,902,1765,1.045191193511008
28,623,651,22.25
14,352,366,25.142857142857142
49,33,82,0.673469387755102
18,288,306,16.0
194,978,1172,5.041237113402062
28,205,233,7.321428571428571
30,631,661,21.033333333333335
17,125,142,7.352941176470588
14,114,128,8.142857142857142
23,71,94,3.0869565217391304
479,726,1205,1.5156576200417538
37,46,83,1.2432432432432432
135,284,419,2.1037037037037036
77,112,189,1.4545454545454546
66,292,358,4.424242424242424
16,398,414,24.875
31,109,140,3.5161290322580645
15,301,316,20.066666666666666
7,766,773,109.42857142857143
2195,190,2385,0.08656036446469248
105,206,311,1.9619047619047618
865,177,1042,0.2046242774566474
4,19,23,4.75
43,372,415,8.651162790697674
23,71,94,3.0869565217391304
1308,148,1456,0.11314984709480122
19,394,413,20.736842105263158
69,384,453,5.565217391304348
40,46,86,1.15
123,305,428,2.4796747967479673
3904,187,4091,0.04789959016393443
17,216,233,12.705882352941176
882,47,929,0.05328798185941043
33,221,254,6.696969696969697
20,360,380,18.0
390,419,809,1.0743589743589743
88,66,154,0.75
2966,115,3081,0.038772757923128794
110,782,892,7.109090909090909
156,200,356,1.2820512820512822
31,52,83,1.6774193548387097
14,279,293,19.928571428571427
53,332,385,6.264150943396227
9,36,45,4.0
35,472,507,13.485714285714286
88,979,1067,11.125
12,437,449,36.416666666666664
96,68,164,0.7083333333333334
80,371,451,4.6375
12,644,656,53.666666666666664
15,70,85,4.666666666666667
4,352,356,88.0
67,27,94,0.40298507462686567
459,386,845,0.840958605664488
1547,1072,2619,0.6929541047188106
1355,392,1747,0.2892988929889299
995,951,1946,0.9557788944723619
23,56,79,2.4347826086956523
19,455,474,23.94736842105263
30,105,135,3.5
1070,7,1077,0.0065420560747663555
16,329,345,20.5625
132,75,207,0.5681818181818182
590,126,716,0.2135593220338983
12,270,282,22.5
27,387,414,14.333333333333334
2443,864,3307,0.35366352844862875
65,471,536,7.246153846153846
1639,29,1668,0.017693715680292862
80,752,832,9.4
16,204,220,12.75
258,420,678,1.627906976744186
69,208,277,3.0144927536231885
10,308,318,30.8
1389,51,1440,0.0367170626349892
12,303,315,25.25
96,582,678,6.0625
3841,116,3957,0.03020046862796147
20,168,188,8.4
2595,167,2762,0.06435452793834297
41,583,624,14.21951219512195
14,564,578,40.285714285714285
9,277,286,30.77777777777778
1857,787,2644,0.42380183091007
79,340,419,4.30379746835443
16,267,283,16.6875
14,309,323,22.071428571428573
18,384,402,21.333333333333332
30,185,215,6.166666666666667
43,48,91,1.1162790697674418
38,358,396,9.421052631578947
2,11,13,5.5
13,100,113,7.6923076923076925
76,277,353,3.6447368421052633
32,296,328,9.25
134,465,599,3.470149253731343
27,378,405,14.0
17,597,614,35.11764705882353
13,296,309,22.76923076923077
3784,211,3995,0.05576109936575053
1695,6,1701,0.0035398230088495575
1159,76,1235,0.06557377049180328
119,205,324,1.7226890756302522
48,468,516,9.75
59,441,500,7.47457627118644
307,224,531,0.7296416938110749
9,87,96,9.666666666666666
48,854,902,17.791666666666668
53,398,451,7.509433962264151
47,650,697,13.829787234042554
99,186,285,1.878787878787879
138,104,242,0.7536231884057971
7,138,145,19.714285714285715
8,447,455,55.875
5,41,46,8.2
1479,317,1796,0.21433400946585532
15,279,294,18.6
17,674,691,39.64705882352941
60,969,1029,16.15
862,119,981,0.13805104408352667
1163,593,1756,0.5098882201203784
1263,461,1724,0.36500395882818687
47,149,196,3.1702127659574466
38,595,633,15.657894736842104
37,586,623,15.837837837837839
12,21,33,1.75
2,38,40,19.0
17,332,349,19.529411764705884
37,616,653,16.64864864864865
76,267,343,3.513157894736842
25,487,512,19.48
12,181,193,15.083333333333334
15,70,85,4.666666666666667
660,141,801,0.21363636363636362
817,140,957,0.17135862913096694
13,379,392,29.153846153846153
23,334,357,14.521739130434783
222,45,267,0.20270270270270271
382,897,1279,2.3481675392670156
7,319,326,45.57142857142857
39,760,799,19.487179487179485
1894,387,2281,0.20432946145723338
1093,203,1296,0.18572735590118938
94,276,370,2.9361702127659575
90,73,163,0.8111111111111111
128,886,1014,6.921875
421,362,783,0.8598574821852731
66,311,377,4.712121212121212
1091,829,1920,0.7598533455545371
82,412,494,5.024390243902439
9,484,493,53.77777777777778
1230,294,1524,0.23902439024390243
1740,143,1883,0.08218390804597701
325,43,368,0.13230769230769232
8,229,237,28.625
45,389,434,8.644444444444444
142,11,153,0.07746478873239436
152,113,265,0.743421052631579
11,181,192,16.454545454545453
280,6,286,0.02142857142857143
153,305,458,1.9934640522875817
69,564,633,8.173913043478262
13,454,467,34.92307692307692
813,1072,1885,1.3185731857318572
12,321,333,26.75
23,62,85,2.6956521739130435
172,438,610,2.546511627906977
22,119,141,5.409090909090909
21,339,360,16.142857142857142
700,49,749,0.07
124,220,344,1.7741935483870968
153,305,458,1.9934640522875817
34,30,64,0.8823529411764706
270,958,1228,3.5481481481481483
35,5,40,0.14285714285714285
23,210,233,9.130434782608695
19,313,332,16.473684210526315
125,435,560,3.48
58,42,100,0.7241379310344828
688,807,1495,1.1729651162790697
48,419,467,8.729166666666666
40,395,435,9.875
38,544,582,14.31578947368421
20,157,177,7.85
19,152,171,8.0
52,209,261,4.019230769230769
14,220,234,15.714285714285714
15,80,95,5.333333333333333
76,487,563,6.407894736842105
144,313,457,2.173611111111111
1806,278,2084,0.1539313399778516
26,149,175,5.730769230769231
28,756,784,27.0
1974,407,2381,0.20618034447821681
499,700,1199,1.402805611222445
2590,71,2661,0.027413127413127413
118,146,264,1.2372881355932204
421,288,709,0.684085510688836
579,875,1454,1.5112262521588946
2,11,13,5.5
26,532,558,20.46153846153846
23,352,375,15.304347826086957
13,273,286,21.0
18,130,148,7.222222222222222
19,314,333,16.526315789473685
72,412,484,5.722222222222222
15,507,522,33.8
5,87,92,17.4
22,698,720,31.727272727272727
30,402,432,13.4
798,366,1164,0.45864661654135336
504,23,527,0.04563492063492063
12,87,99,7.25
936,244,1180,0.2606837606837607
423,635,1058,1.5011820330969268
23,29,52,1.2608695652173914
23,15,38,0.6521739130434783
251,324,575,1.2908366533864541
74,128,202,1.7297297297297298
1919,8,1927,0.004168837936425221
22,288,310,13.090909090909092
19,273,292,14.368421052631579
78,927,1005,11.884615384615385
90,95,185,1.0555555555555556
44,844,888,19.181818181818183
15,205,220,13.666666666666666
101,339,440,3.3564356435643563
245,831,1076,3.3918367346938774
18,47,65,2.611111111111111
10,382,392,38.2
205,284,489,1.3853658536585365
10,22,32,2.2
11,170,181,15.454545454545455
17,246,263,14.470588235294118
156,250,406,1.6025641025641026
6,321,327,53.5
29,457,486,15.758620689655173
42,425,467,10.119047619047619
73,390,463,5.342465753424658
83,322,405,3.8795180722891565
167,279,446,1.6706586826347305
34,348,382,10.235294117647058
40,817,857,20.425
176,215,391,1.2215909090909092
7,13,20,1.8571428571428572
47,58,105,1.2340425531914894
38,503,541,13.236842105263158
16,321,337,20.0625
608,687,1295,1.1299342105263157
150,27,177,0.18
90,225,315,2.5
3703,92,3795,0.024844720496894408
3071,327,3398,0.10647997394985347
19,309,328,16.263157894736842
88,96,184,1.0909090909090908
17,314,331,18.470588235294116
11,250,261,22.727272727272727
164,375,539,2.2865853658536586
37,17,54,0.4594594594594595
5,171,176,34.2
21,697,718,33.19047619047619
41,343,384,8.365853658536585
18,93,111,5.166666666666667
13,401,414,30.846153846153847
83,950,1033,11.44578313253012
27,280,307,10.37037037037037
2,396,398,198.0
20,503,523,25.15
12,70,82,5.833333333333333
11,66,77,6.0
386,18,404,0.046632124352331605
11,374,385,34.0
423,164,587,0.3877068557919622
29,93,122,3.206896551724138
33,870,903,26.363636363636363
22,107,129,4.863636363636363
328,122,450,0.3719512195121951
38,595,633,15.657894736842104
66,51,117,0.7727272727272727
15,369,384,24.6
1312,218,1530,0.16615853658536586
51,763,814,14.96078431372549
1073,323,1396,0.30102516309412863
88,167,255,1.8977272727272727
50,620,670,12.4
11,226,237,20.545454545454547
11,261,272,23.727272727272727
216,126,342,0.5833333333333334
62,179,241,2.8870967741935485
9,78,87,8.666666666666666
2047,898,2945,0.4386907669760625
176,509,685,2.8920454545454546
279,1076,1355,3.85663082437276
270,54,324,0.2
50,219,269,4.38
17,30,47,1.7647058823529411
124,19,143,0.1532258064516129
1375,387,1762,0.28145454545454546
8,295,303,36.875
69,60,129,0.8695652173913043
28,280,308,10.0
76,157,233,2.0657894736842106
176,106,282,0.6022727272727273
74,96,170,1.2972972972972974
20,286,306,14.3
167,509,676,3.0479041916167664
32,17,49,0.53125
19,236,255,12.421052631578947
10,129,139,12.9
803,848,1651,1.0560398505603985
4,424,428,106.0
167,578,745,3.461077844311377
67,280,347,4.17910447761194
23,19,42,0.8260869565217391
1252,847,2099,0.6765175718849841
47,298,345,6.340425531914893
899,478,1377,0.5317018909899889
14,537,551,38.357142857142854
25,382,407,15.28
3818,93,3911,0.02435830277632268
68,705,773,10.367647058823529
16,366,382,22.875
20,278,298,13.9
73,586,659,8.027397260273972
10,911,921,91.1
32,17,49,0.53125
21,210,231,10.0
6,22,28,3.6666666666666665
262,135,397,0.5152671755725191
2058,130,2188,0.06316812439261418
49,306,355,6.244897959183674
19,5,24,0.2631578947368421
63,232,295,3.6825396825396823
31,232,263,7.483870967741935
8,213,221,26.625
11,85,96,7.7272727272727275
30,416,446,13.866666666666667
18,324,342,18.0
79,492,571,6.227848101265823
9,323,332,35.888888888888886
25,139,164,5.56
7,258,265,36.857142857142854
21,193,214,9.19047619047619
337,324,661,0.9614243323442137
54,202,256,3.740740740740741
594,420,1014,0.7070707070707071
26,142,168,5.461538461538462
25,967,992,38.68
57,619,676,10.859649122807017
117,160,277,1.3675213675213675
21,254,275,12.095238095238095
1500,335,1835,0.22333333333333333
27,190,217,7.037037037037037
156,357,513,2.2884615384615383
242,475,717,1.962809917355372
30,309,339,10.3
8,314,322,39.25
36,511,547,14.194444444444445
9,40,49,4.444444444444445
13,43,56,3.3076923076923075
164,375,539,2.2865853658536586
28,410,438,14.642857142857142
100,686,786,6.86
143,23,166,0.16083916083916083
31,949,980,30.612903225806452
74,789,863,10.662162162162161
31,772,803,24.903225806451612
9,78,87,8.666666666666666
50,853,903,17.06
11,375,386,34.09090909090909
33,307,340,9.303030303030303
17,220,237,12.941176470588236
15,571,586,38.06666666666667
29,177,206,6.103448275862069
11,703,714,63.90909090909091
8,201,209,25.125
2,11,13,5.5
47,118,165,2.5106382978723403
25,818,843,32.72
12,447,459,37.25
2175,190,2365,0.08735632183908046
25,168,193,6.72
10,176,186,17.6
9,530,539,58.888888888888886
3871,105,3976,0.027124773960216998
761,366,1127,0.480946123521682
27,410,437,15.185185185185185
11,315,326,28.636363636363637
47,651,698,13.851063829787234
22,259,281,11.772727272727273
6,116,122,19.333333333333332
609,13,622,0.021346469622331693
10,685,695,68.5
2,11,13,5.5
31,258,289,8.32258064516129
2470,528,2998,0.21376518218623483
34,37,71,1.088235294117647
18,770,788,42.77777777777778
78,306,384,3.923076923076923
28,316,344,11.285714285714286
16,576,592,36.0
3,11,14,3.6666666666666665
57,138,195,2.4210526315789473
24,304,328,12.666666666666666
2436,1058,3494,0.4343185550082102
27,217,244,8.037037037037036
30,600,630,20.0
15,27,42,1.8
32,662,694,20.6875
16,39,55,2.4375
7,375,382,53.57142857142857
51,225,276,4.411764705882353
1744,429,2173,0.2459862385321101
10,363,373,36.3
30,314,344,10.466666666666667
82,326,408,3.975609756097561
277,550,827,1.9855595667870036
27,337,364,12.481481481481481
14,266,280,19.0
24,19,43,0.7916666666666666
10,440,450,44.0
9,386,395,42.888888888888886
107,924,1031,8.63551401869159
27,491,518,18.185185185185187
46,496,542,10.782608695652174
8,110,118,13.75
8,162,170,20.25
15,305,320,20.333333333333332
92,823,915,8.945652173913043
30,24,54,0.8
154,760,914,4.935064935064935
17,306,323,18.0
7,4,11,0.5714285714285714
20,375,395,18.75
11,160,171,14.545454545454545
551,675,1226,1.2250453720508168
34,85,119,2.5
10,124,134,12.4
14,275,289,19.642857142857142
465,555,1020,1.1935483870967742
16,276,292,17.25
21,117,138,5.571428571428571
27,283,310,10.481481481481481
28,280,308,10.0
206,230,436,1.116504854368932
11,324,335,29.454545454545453
21,257,278,12.238095238095237
17,349,366,20.529411764705884
1188,524,1712,0.44107744107744107
513,912,1425,1.7777777777777777
10,26,36,2.6
32,128,160,4.0
1456,196,1652,0.1346153846153846
110,370,480,3.3636363636363638
885,199,1084,0.2248587570621469
55,45,100,0.8181818181818182
277,942,1219,3.4007220216606497
10,433,443,43.3
136,772,908,5.676470588235294
49,118,167,2.4081632653061225
26,1032,1058,39.69230769230769
26,35,61,1.3461538461538463
1277,156,1433,0.12216131558339859
2,430,432,215.0
13,122,135,9.384615384615385
685,282,967,0.4116788321167883
10,270,280,27.0
28,621,649,22.178571428571427
13,452,465,34.76923076923077
7,346,353,49.42857142857143
43,365,408,8.488372093023257
74,383,457,5.175675675675675
13,280,293,21.53846153846154
6,404,410,67.33333333333333
1223,594,1817,0.4856909239574816
91,909,1000,9.989010989010989
307,456,763,1.485342019543974
12,293,305,24.416666666666668
9,342,351,38.0
9,65,74,7.222222222222222
19,374,393,19.68421052631579
16,31,47,1.9375
424,315,739,0.7429245283018868
5,888,893,177.6
23,14,37,0.6086956521739131
10,156,166,15.6
11,636,647,57.81818181818182
15,76,91,5.066666666666666
329,276,605,0.8389057750759878
22,725,747,32.95454545454545
275,52,327,0.1890909090909091
18,319,337,17.72222222222222
212,290,502,1.3679245283018868
24,347,371,14.458333333333334
138,122,260,0.8840579710144928
2852,128,2980,0.04488078541374474
343,175,518,0.5102040816326531
422,166,588,0.3933649289099526
426,831,1257,1.9507042253521127
22,549,571,24.954545454545453
186,222,408,1.1935483870967742
14,22,36,1.5714285714285714
47,477,524,10.148936170212766
117,6,123,0.05128205128205128
35,328,363,9.371428571428572
23,101,124,4.391304347826087
242,97,339,0.40082644628099173
159,325,484,2.0440251572327046
10,52,62,5.2
39,369,408,9.461538461538462
32,239,271,7.46875
64,214,278,3.34375
92,361,453,3.9239130434782608
80,88,168,1.1
50,362,412,7.24
106,776,882,7.320754716981132
26,906,932,34.84615384615385
16,257,273,16.0625
1261,973,2234,0.7716098334655036
304,310,614,1.019736842105263
16,282,298,17.625
15,143,158,9.533333333333333
3,207,210,69.0
24,310,334,12.916666666666666
87,803,890,9.229885057471265
5,26,31,5.2
4,13,17,3.25
18,121,139,6.722222222222222
22,191,213,8.681818181818182
16,362,378,22.625
441,867,1308,1.965986394557823
277,57,334,0.20577617328519857
15,56,71,3.7333333333333334
39,427,466,10.948717948717949
21,368,389,17.523809523809526
17,479,496,28.176470588235293
1646,429,2075,0.2606318347509113
3,13,16,4.333333333333333
18,324,342,18.0
36,686,722,19.055555555555557
17,116,133,6.823529411764706
33,594,627,18.0
8,173,181,21.625
132,321,453,2.4318181818181817
13,168,181,12.923076923076923
678,379,1057,0.5589970501474927
10,44,54,4.4
11,211,222,19.181818181818183
14,47,61,3.357142857142857
10,685,695,68.5
102,222,324,2.176470588235294
17,139,156,8.176470588235293
314,605,919,1.9267515923566878
31,178,209,5.741935483870968
1553,998,2551,0.6426271732131359
101,108,209,1.0693069306930694
5,120,125,24.0
36,60,96,1.6666666666666667
322,404,726,1.2546583850931676
33,12,45,0.36363636363636365
80,175,255,2.1875
16,138,154,8.625
6,234,240,39.0
23,417,440,18.130434782608695
107,295,402,2.7570093457943927
13,536,549,41.23076923076923
12,29,41,2.4166666666666665
11,312,323,28.363636363636363
1783,636,2419,0.3567021873247336
15,301,316,20.066666666666666
84,87,171,1.0357142857142858
20,150,170,7.5
17,301,318,17.705882352941178
9,201,210,22.333333333333332
82,18,100,0.21951219512195122
7,118,125,16.857142857142858
15,272,287,18.133333333333333
205,284,489,1.3853658536585365
11,261,272,23.727272727272727
38,183,221,4.815789473684211
38,1032,1070,27.157894736842106
402,154,556,0.38308457711442784
33,133,166,4.03030303030303
12,291,303,24.25
21,229,250,10.904761904761905
14,155,169,11.071428571428571
2,11,13,5.5
2,222,224,111.0
79,327,406,4.139240506329114
49,194,243,3.9591836734693877
9,36,45,4.0
10,372,382,37.2
135,137,272,1.0148148148148148
46,49,95,1.065217391304348
76,242,318,3.1842105263157894
47,517,564,11.0
35,42,77,1.2
153,147,300,0.9607843137254902
21,193,214,9.19047619047619
46,447,493,9.717391304347826
26,254,280,9.76923076923077
43,295,338,6.8604651162790695
25,402,427,16.08
130,8,138,0.06153846153846154
439,5,444,0.011389521640091117
26,807,833,31.03846153846154
922,444,1366,0.48156182212581344
419,246,665,0.5871121718377088
25,311,336,12.44
171,102,273,0.5964912280701754
2312,402,2714,0.17387543252595156
185,102,287,0.5513513513513514
16,417,433,26.0625
86,171,257,1.9883720930232558
48,458,506,9.541666666666666
100,48,148,0.48
10,25,35,2.5
12,495,507,41.25
21,358,379,17.047619047619047
464,376,840,0.8103448275862069
13,19,32,1.4615384615384615
3589,129,3718,0.03594315965449986
29,87,116,3.0
67,470,537,7.014925373134329
2454,280,2734,0.11409942950285248
51,763,814,14.96078431372549
11,237,248,21.545454545454547
346,106,452,0.3063583815028902
146,282,428,1.9315068493150684
19,262,281,13.789473684210526
14,571,585,40.785714285714285
2839,501,3340,0.17647058823529413
10,631,641,63.1
102,281,383,2.7549019607843137
40,199,239,4.975
11,39,50,3.5454545454545454
18,134,152,7.444444444444445
19,22,41,1.1578947368421053
15,724,739,48.266666666666666
592,924,1516,1.5608108108108107
275,827,1102,3.0072727272727273
18,421,439,23.38888888888889
1309,722,2031,0.5515660809778457
385,4,389,0.01038961038961039
647,670,1317,1.035548686244204
703,100,803,0.1422475106685633
68,919,987,13.514705882352942
133,570,703,4.285714285714286
610,410,1020,0.6721311475409836
9,96,105,10.666666666666666
39,98,137,2.5128205128205128
3205,111,3316,0.034633385335413415
126,302,428,2.3968253968253967
11,263,274,23.90909090909091
69,68,137,0.9855072463768116
1474,932,2406,0.6322930800542741
23,118,141,5.130434782608695
27,389,416,14.407407407407407
15,258,273,17.2
18,518,536,28.77777777777778
852,524,1376,0.6150234741784038
13,195,208,15.0
16,386,402,24.125
5,12,17,2.4
166,457,623,2.753012048192771
12,377,389,31.416666666666668
195,173,368,0.8871794871794871
1495,1033,2528,0.6909698996655519
17,332,349,19.529411764705884
491,439,930,0.8940936863543788
13,267,280,20.53846153846154
186,759,945,4.080645161290323
27,318,345,11.777777777777779
32,41,73,1.28125
82,342,424,4.170731707317073
117,271,388,2.3162393162393164
14,438,452,31.285714285714285
36,1020,1056,28.333333333333332
533,305,838,0.5722326454033771
20,21,41,1.05
42,778,820,18.523809523809526
1106,185,1291,0.16726943942133815
3,210,213,70.0
25,48,73,1.92
113,45,158,0.39823008849557523
119,205,324,1.7226890756302522
24,266,290,11.083333333333334
2088,23,2111,0.011015325670498084
15,190,205,12.666666666666666
8,123,131,15.375
21,275,296,13.095238095238095
147,811,958,5.517006802721088
16,347,363,21.6875
53,535,588,10.09433962264151
90,129,219,1.4333333333333333
6,112,118,18.666666666666668
1569,229,1798,0.14595283620140218
22,191,213,8.681818181818182
25,253,278,10.12
9,252,261,28.0
15,978,993,65.2
2306,189,2495,0.08196010407632263
23,377,400,16.391304347826086
49,228,277,4.653061224489796
9,777,786,86.33333333333333
8,350,358,43.75
12,22,34,1.8333333333333333
59,49,108,0.8305084745762712
31,16,47,0.5161290322580645
156,332,488,2.128205128205128
262,114,376,0.4351145038167939
52,70,122,1.3461538461538463
33,282,315,8.545454545454545
7,116,123,16.571428571428573
74,16,90,0.21621621621621623
636,260,896,0.4088050314465409
19,62,81,3.263157894736842
21,111,132,5.285714285714286
59,423,482,7.169491525423729
34,746,780,21.941176470588236
40,963,1003,24.075
1687,196,1883,0.11618257261410789
249,122,371,0.4899598393574297
154,95,249,0.6168831168831169
364,169,533,0.4642857142857143
2303,34,2337,0.014763352149370386
192,553,745,2.8802083333333335
21,394,415,18.761904761904763
55,317,372,5.763636363636364
31,267,298,8.612903225806452
97,483,580,4.979381443298969
16,262,278,16.375
58,441,499,7.603448275862069
7,313,320,44.714285714285715
26,363,389,13.961538461538462
212,677,889,3.193396226415094
43,100,143,2.3255813953488373
9,84,93,9.333333333333334
12,278,290,23.166666666666668
52,170,222,3.269230769230769
39,308,347,7.897435897435898
26,525,551,20.192307692307693
487,207,694,0.42505133470225875
224,947,1171,4.227678571428571
39,760,799,19.487179487179485
53,359,412,6.773584905660377
41,265,306,6.463414634146342
178,441,619,2.4775280898876404
50,31,81,0.62
116,207,323,1.7844827586206897
18,247,265,13.722222222222221
8,89,97,11.125
13,391,404,30.076923076923077
201,49,250,0.24378109452736318
2575,129,2704,0.05009708737864078
4,108,112,27.0
293,884,1177,3.0170648464163823
123,494,617,4.016260162601626
29,289,318,9.96551724137931
249,53,302,0.21285140562248997
53,424,477,8.0
14,141,155,10.071428571428571
1401,152,1553,0.10849393290506781
18,123,141,6.833333333333333
30,136,166,4.533333333333333
29,922,951,31.79310344827586
14,272,286,19.428571428571427
12,451,463,37.583333333333336
62,44,106,0.7096774193548387
8,396,404,49.5
109,935,1044,8.577981651376147
20,457,477,22.85
21,339,360,16.142857142857142
50,588,638,11.76
21,620,641,29.523809523809526
21,466,487,22.19047619047619
3,449,452,149.66666666666666
38,406,444,10.68421052631579
11,123,134,11.181818181818182
2887,213,3100,0.07377900935226879
14,117,131,8.357142857142858
190,531,721,2.794736842105263
25,243,268,9.72
15,93,108,6.2
2,11,13,5.5
26,212,238,8.153846153846153
53,447,500,8.433962264150944
10,203,213,20.3
57,28,85,0.49122807017543857
12,436,448,36.333333333333336
158,332,490,2.1012658227848102
35,374,409,10.685714285714285
2,11,13,5.5
144,470,614,3.263888888888889
12,239,251,19.916666666666668
141,712,853,5.049645390070922
8,166,174,20.75
1195,368,1563,0.3079497907949791
267,202,469,0.7565543071161048
15,519,534,34.6
109,127,236,1.165137614678899
3273,301,3574,0.09196455850901314
19,786,805,41.36842105263158
84,45,129,0.5357142857142857
48,14,62,0.2916666666666667
6,35,41,5.833333333333333
25,539,564,21.56
21,859,880,40.904761904761905
25,260,285,10.4
1362,36,1398,0.02643171806167401
108,153,261,1.4166666666666667
39,314,353,8.051282051282051
40,326,366,8.15
65,314,379,4.8307692307692305
20,323,343,16.15
14,195,209,13.928571428571429
30,547,577,18.233333333333334
6,197,203,32.833333333333336
11,92,103,8.363636363636363
56,4,60,0.07142857142857142
24,208,232,8.666666666666666
340,722,1062,2.123529411764706
706,101,807,0.14305949008498584
59,512,571,8.677966101694915
7,84,91,12.0
518,116,634,0.22393822393822393
2,11,13,5.5
8,97,105,12.125
25,116,141,4.64
7,218,225,31.142857142857142
372,292,664,0.7849462365591398
7,98,105,14.0
9,210,219,23.333333333333332
103,38,141,0.36893203883495146
67,211,278,3.1492537313432836
15,469,484,31.266666666666666
206,14,220,0.06796116504854369
10,175,185,17.5
3284,153,3437,0.04658952496954933
2722,4,2726,0.0014695077149155032
13,5,18,0.38461538461538464
16,793,809,49.5625
3113,723,3836,0.2322518470928365
5,221,226,44.2
21,425,446,20.238095238095237
200,790,990,3.95
23,259,282,11.26086956521739
1116,1044,2160,0.9354838709677419
18,310,328,17.22222222222222
21,554,575,26.38095238095238
38,634,672,16.68421052631579
2,12,14,6.0
11,309,320,28.09090909090909
20,316,336,15.8
657,221,878,0.3363774733637747
29,60,89,2.0689655172413794
64,363,427,5.671875
87,94,181,1.0804597701149425
17,123,140,7.235294117647059
9,375,384,41.666666666666664
1865,47,1912,0.02520107238605898
5,12,17,2.4
378,706,1084,1.8677248677248677
511,314,825,0.6144814090019569
14,289,303,20.642857142857142
49,740,789,15.10204081632653
32,56,88,1.75
11,456,467,41.45454545454545
15,391,406,26.066666666666666
435,468,903,1.0758620689655172
31,772,803,24.903225806451612
136,27,163,0.19852941176470587
151,333,484,2.205298013245033
3565,204,3769,0.057223001402524544
124,451,575,3.6370967741935485
13,402,415,30.923076923076923
21,1007,1028,47.95238095238095
226,928,1154,4.106194690265487
10,22,32,2.2
131,586,717,4.473282442748092
28,255,283,9.107142857142858
21,443,464,21.095238095238095
267,332,599,1.243445692883895
9,86,95,9.555555555555555
97,624,721,6.43298969072165
10,328,338,32.8
155,316,471,2.0387096774193547
12,384,396,32.0
32,52,84,1.625
54,421,475,7.796296296296297
129,41,170,0.3178294573643411
39,419,458,10.743589743589743
27,514,541,19.037037037037038
18,231,249,12.833333333333334
33,125,158,3.787878787878788
58,389,447,6.706896551724138
22,904,926,41.09090909090909
132,134,266,1.0151515151515151
42,369,411,8.785714285714286
15,887,902,59.13333333333333
25,586,611,23.44
1775,19,1794,0.010704225352112675
17,790,807,46.470588235294116
33,532,565,16.12121212121212
741,539,1280,0.7273954116059379
8,337,345,42.125
8,72,80,9.0
53,71,124,1.3396226415094339
9,340,349,37.77777777777778
435,123,558,0.2827586206896552
2130,16,2146,0.007511737089201878
31,122,153,3.935483870967742
7,32,39,4.571428571428571
43,334,377,7.767441860465116
17,349,366,20.529411764705884
19,360,379,18.94736842105263
10,359,369,35.9
14,469,483,33.5
93,479,572,5.150537634408602
1079,1063,2142,0.9851714550509731
18,267,285,14.833333333333334
12,489,501,40.75
13,261,274,20.076923076923077
23,189,212,8.217391304347826
123,630,753,5.121951219512195
18,323,341,17.944444444444443
98,550,648,5.612244897959184
4,117,121,29.25
669,792,1461,1.1838565022421526
39,32,71,0.8205128205128205
229,1026,1255,4.4803493449781655
91,65,156,0.7142857142857143
43,649,692,15.093023255813954
6,207,213,34.5
19,204,223,10.736842105263158
13,224,237,17.23076923076923
146,907,1053,6.212328767123288
18,366,384,20.333333333333332
12,920,932,76.66666666666667
36,87,123,2.4166666666666665
256,835,1091,3.26171875
17,183,200,10.764705882352942
2749,357,3106,0.1298654056020371
13,571,584,43.92307692307692
8,251,259,31.375
235,155,390,0.6595744680851063
2,147,149,73.5
20,517,537,25.85
199,216,415,1.085427135678392
23,130,153,5.6521739130434785
20,213,233,10.65
43,44,87,1.0232558139534884
303,683,986,2.254125412541254
25,28,53,1.12
34,206,240,6.0588235294117645
22,518,540,23.545454545454547
8,243,251,30.375
279,634,913,2.272401433691756
11,110,121,10.0
53,113,166,2.1320754716981134
172,754,926,4.383720930232558
16,403,419,25.1875
172,172,344,1.0
63,197,260,3.126984126984127
59,388,447,6.576271186440678
13,590,603,45.38461538461539
70,439,509,6.271428571428571
44,207,251,4.704545454545454
2016,768,2784,0.38095238095238093
38,503,541,13.236842105263158
17,249,266,14.647058823529411
46,319,365,6.934782608695652
31,654,685,21.096774193548388
22,104,126,4.7272727272727275
41,88,129,2.1463414634146343
398,100,498,0.25125628140703515
191,672,863,3.518324607329843
7,19,26,2.7142857142857144
7,256,263,36.57142857142857
175,369,544,2.1085714285714285
67,274,341,4.08955223880597
1596,37,1633,0.023182957393483708
7,133,140,19.0
14,398,412,28.428571428571427
47,35,82,0.7446808510638298
4,217,221,54.25
36,433,469,12.027777777777779
18,357,375,19.833333333333332
708,404,1112,0.5706214689265536
286,168,454,0.5874125874125874
14,94,108,6.714285714285714
10,68,78,6.8
218,216,434,0.9908256880733946
79,851,930,10.772151898734178
67,19,86,0.2835820895522388
8,325,333,40.625
769,260,1029,0.3381014304291287
21,271,292,12.904761904761905
229,804,1033,3.510917030567686
81,39,120,0.48148148148148145
25,46,71,1.84
13,329,342,25.307692307692307
12,211,223,17.583333333333332
31,478,509,15.419354838709678
33,833,866,25.242424242424242
11,416,427,37.81818181818182
23,474,497,20.608695652173914
2,334,336,167.0
10,326,336,32.6
15,124,139,8.266666666666667
157,534,691,3.4012738853503186
124,432,556,3.4838709677419355
36,165,201,4.583333333333333
594,190,784,0.31986531986531985
136,865,1001,6.360294117647059
173,527,700,3.046242774566474
12,237,249,19.75
10,470,480,47.0
9,95,104,10.555555555555555
50,321,371,6.42
44,481,525,10.931818181818182
29,133,162,4.586206896551724
185,947,1132,5.118918918918919
67,342,409,5.104477611940299
25,57,82,2.28
121,222,343,1.834710743801653
26,466,492,17.923076923076923
471,17,488,0.036093418259023353
457,148,605,0.3238512035010941
20,263,283,13.15
13,79,92,6.076923076923077
1568,128,1696,0.08163265306122448
59,44,103,0.7457627118644068
6,178,184,29.666666666666668
31,272,303,8.774193548387096
12,254,266,21.166666666666668
262,788,1050,3.0076335877862594
19,374,393,19.68421052631579
10,694,704,69.4
5,287,292,57.4
16,401,417,25.0625
6,136,142,22.666666666666668
20,367,387,18.35
68,153,221,2.25
56,302,358,5.392857142857143
32,16,48,0.5
25,39,64,1.56
1406,8,1414,0.005689900426742532
21,329,350,15.666666666666666
22,380,402,17.272727272727273
39,262,301,6.717948717948718
32,669,701,20.90625
30,241,271,8.033333333333333
42,233,275,5.5476190476190474
140,863,1003,6.164285714285715
6,228,234,38.0
600,847,1447,1.4116666666666666
42,338,380,8.047619047619047
38,279,317,7.342105263157895
59,245,304,4.1525423728813555
1298,1054,2352,0.8120184899845917
15,360,375,24.0
5,118,123,23.6
2002,775,2777,0.3871128871128871
15,366,381,24.4
5,79,84,15.8
12,92,104,7.666666666666667
8,107,115,13.375
9,56,65,6.222222222222222
45,70,115,1.5555555555555556
31,71,102,2.2903225806451615
44,430,474,9.772727272727273
8,521,529,65.125
16,118,134,7.375
24,734,758,30.583333333333332
42,28,70,0.6666666666666666
245,194,439,0.7918367346938775
18,198,216,11.0
58,167,225,2.8793103448275863
21,448,469,21.333333333333332
28,767,795,27.392857142857142
46,492,538,10.695652173913043
5,235,240,47.0
247,364,611,1.4736842105263157
66,157,223,2.378787878787879
36,268,304,7.444444444444445
213,337,550,1.5821596244131455
370,368,738,0.9945945945945946
53,425,478,8.018867924528301
3,11,14,3.6666666666666665
112,187,299,1.6696428571428572
243,306,549,1.2592592592592593
40,237,277,5.925
231,253,484,1.0952380952380953
10,22,32,2.2
32,26,58,0.8125
166,590,756,3.5542168674698793
21,281,302,13.380952380952381
43,196,239,4.558139534883721
47,661,708,14.063829787234043
106,395,501,3.7264150943396226
16,228,244,14.25
25,402,427,16.08
229,276,505,1.205240174672489
9,272,281,30.22222222222222
56,384,440,6.857142857142857
8,190,198,23.75
47,546,593,11.617021276595745
188,91,279,0.48404255319148937
1007,434,1441,0.43098311817279045
16,26,42,1.625
1219,580,1799,0.47579983593109104
13,217,230,16.692307692307693
41,129,170,3.1463414634146343
291,690,981,2.3711340206185567
12,416,428,34.666666666666664
9,8,17,0.8888888888888888
17,573,590,33.705882352941174
12,247,259,20.583333333333332
75,156,231,2.08
16,265,281,16.5625
2,191,193,95.5
436,183,619,0.4197247706422018
2448,534,2982,0.2181372549019608
106,675,781,6.367924528301887
777,18,795,0.023166023166023165
388,125,513,0.32216494845360827
72,592,664,8.222222222222221
65,907,972,13.953846153846154
13,286,299,22.0
70,480,550,6.857142857142857
19,72,91,3.789473684210526
22,215,237,9.772727272727273
10,33,43,3.3
3,37,40,12.333333333333334
50,232,282,4.64
17,384,401,22.58823529411765
21,228,249,10.857142857142858
620,339,959,0.5467741935483871
30,445,475,14.833333333333334
79,322,401,4.075949367088608
40,38,78,0.95
2,465,467,232.5
290,1010,1300,3.4827586206896552
1411,178,1589,0.1261516654854713
14,572,586,40.857142857142854
591,803,1394,1.3587140439932317
1257,724,1981,0.5759745425616547
8,103,111,12.875
10,148,158,14.8
9,112,121,12.444444444444445
1,781,782,781.0
42,289,331,6.880952380952381
22,424,446,19.272727272727273
17,315,332,18.529411764705884
7,13,20,1.8571428571428572
8,239,247,29.875
459,232,691,0.5054466230936819
13,24,37,1.8461538461538463
20,66,86,3.3
76,632,708,8.31578947368421
121,755,876,6.239669421487603
1,11,12,11.0
15,396,411,26.4
43,294,337,6.837209302325581
917,431,1348,0.47001090512540894
297,222,519,0.7474747474747475
878,255,1133,0.29043280182232345
9,18,27,2.0
11,217,228,19.727272727272727
15,5,20,0.3333333333333333
31,316,347,10.193548387096774
4,471,475,117.75
47,870,917,18.51063829787234
7,211,218,30.142857142857142
39,253,292,6.487179487179487
2282,436,2718,0.19106047326906223
1634,34,1668,0.0208078335373317
41,482,523,11.75609756097561
1279,847,2126,0.6622361219702892
10,218,228,21.8
752,165,917,0.21941489361702127
120,28,148,0.23333333333333334
52,341,393,6.5576923076923075
12,160,172,13.333333333333334
214,847,1061,3.957943925233645
385,796,1181,2.0675324675324673
224,273,497,1.21875
459,578,1037,1.2592592592592593
254,560,814,2.204724409448819
32,1009,1041,31.53125
5,30,35,6.0
16,33,49,2.0625
11,593,604,53.90909090909091
22,98,120,4.454545454545454
12,300,312,25.0
24,238,262,9.916666666666666
11,257,268,23.363636363636363
1037,578,1615,0.5573770491803278
3016,29,3045,0.009615384615384616
350,150,500,0.42857142857142855
52,151,203,2.9038461538461537
104,331,435,3.1826923076923075
20,497,517,24.85
398,549,947,1.379396984924623
2,11,13,5.5
25,164,189,6.56
39,533,572,13.666666666666666
104,238,342,2.2884615384615383
164,375,539,2.2865853658536586
22,323,345,14.681818181818182
40,46,86,1.15
15,113,128,7.533333333333333
2715,56,2771,0.020626151012891343
296,295,591,0.9966216216216216
1259,471,1730,0.37410643367752183
43,231,274,5.372093023255814
50,478,528,9.56
61,57,118,0.9344262295081968
17,203,220,11.941176470588236
44,203,247,4.613636363636363
42,924,966,22.0
46,105,151,2.282608695652174
22,346,368,15.727272727272727
11,100,111,9.090909090909092
887,345,1232,0.38895152198421645
2384,1045,3429,0.43833892617449666
1309,334,1643,0.25515660809778457
86,969,1055,11.267441860465116
80,967,1047,12.0875
24,19,43,0.7916666666666666
136,12,148,0.08823529411764706
194,978,1172,5.041237113402062
6,136,142,22.666666666666668
39,427,466,10.948717948717949
40,1018,1058,25.45
22,394,416,17.90909090909091
15,129,144,8.6
21,530,551,25.238095238095237
75,49,124,0.6533333333333333
338,172,510,0.5088757396449705
27,530,557,19.62962962962963
293,386,679,1.31740614334471
7,157,164,22.428571428571427
13,383,396,29.46153846153846
21,337,358,16.047619047619047
40,580,620,14.5
114,833,947,7.307017543859649
105,507,612,4.828571428571428
14,664,678,47.42857142857143
25,20,45,0.8
377,85,462,0.22546419098143236
17,447,464,26.294117647058822
27,59,86,2.185185185185185
19,406,425,21.36842105263158
24,164,188,6.833333333333333
209,508,717,2.430622009569378
775,761,1536,0.9819354838709677
15,439,454,29.266666666666666
344,542,886,1.5755813953488371
225,510,735,2.2666666666666666
162,587,749,3.623456790123457
29,168,197,5.793103448275862
1624,182,1806,0.11206896551724138
9,115,124,12.777777777777779
74,44,118,0.5945945945945946
299,739,1038,2.471571906354515
59,290,349,4.915254237288136
40,35,75,0.875
2,11,13,5.5
12,253,265,21.083333333333332
11,334,345,30.363636363636363
227,8,235,0.03524229074889868
25,750,775,30.0
30,122,152,4.066666666666666
43,928,971,21.58139534883721
41,431,472,10.512195121951219
2346,565,2911,0.24083546462063085
894,169,1063,0.1890380313199105
13,13,26,1.0
11,419,430,38.09090909090909
26,252,278,9.692307692307692
39,238,277,6.102564102564102
11,295,306,26.818181818181817
331,887,1218,2.6797583081570995
2153,117,2270,0.0543427775197399
3820,141,3961,0.03691099476439791
17,232,249,13.647058823529411
180,263,443,1.461111111111111
12,447,459,37.25
10,234,244,23.4
14,144,158,10.285714285714286
56,33,89,0.5892857142857143
7,413,420,59.0
7,23,30,3.2857142857142856
3007,388,3395,0.12903225806451613
113,197,310,1.7433628318584071
333,648,981,1.945945945945946
79,161,240,2.037974683544304
7,554,561,79.14285714285714
11,851,862,77.36363636363636
46,159,205,3.4565217391304346
11,198,209,18.0
13,262,275,20.153846153846153
13,253,266,19.46153846153846
128,66,194,0.515625
55,45,100,0.8181818181818182
38,395,433,10.394736842105264
70,143,213,2.0428571428571427
17,1039,1056,61.11764705882353
158,106,264,0.6708860759493671
10,295,305,29.5
1044,605,1649,0.5795019157088123
13,43,56,3.3076923076923075
342,793,1135,2.318713450292398
4,401,405,100.25
25,399,424,15.96
31,454,485,14.64516129032258
19,291,310,15.31578947368421
10,762,772,76.2
898,331,1229,0.3685968819599109
239,366,605,1.5313807531380754
207,792,999,3.8260869565217392
24,322,346,13.416666666666666
3,207,210,69.0
45,1035,1080,23.0
42,938,980,22.333333333333332
43,650,693,15.116279069767442
21,226,247,10.761904761904763
971,291,1262,0.2996910401647786
75,156,231,2.08
43,446,489,10.372093023255815
298,327,625,1.0973154362416107
163,487,650,2.9877300613496933
65,34,99,0.5230769230769231
2,11,13,5.5
42,205,247,4.880952380952381
42,919,961,21.88095238095238
82,752,834,9.170731707317072
46,54,100,1.173913043478261
460,422,882,0.9173913043478261
590,267,857,0.45254237288135596
8,34,42,4.25
52,105,157,2.019230769230769
11,230,241,20.90909090909091
23,235,258,10.217391304347826
594,190,784,0.31986531986531985
24,238,262,9.916666666666666
26,296,322,11.384615384615385
11,153,164,13.909090909090908
593,35,628,0.05902192242833052
11,374,385,34.0
119,679,798,5.705882352941177
30,236,266,7.866666666666666
12,515,527,42.916666666666664
31,41,72,1.3225806451612903
24,121,145,5.041666666666667
953,178,1131,0.18677859391395593
60,265,325,4.416666666666667
12,482,494,40.166666666666664
16,69,85,4.3125
11,104,115,9.454545454545455
30,728,758,24.266666666666666
35,16,51,0.45714285714285713
13,781,794,60.07692307692308
3183,479,3662,0.15048696198554823
12,726,738,60.5
25,21,46,0.84
77,807,884,10.480519480519481
19,204,223,10.736842105263158
13,284,297,21.846153846153847
130,229,359,1.7615384615384615
14,386,400,27.571428571428573
9,659,668,73.22222222222223
1184,104,1288,0.08783783783783784
48,177,225,3.6875
16,462,478,28.875
2849,622,3471,0.21832221832221832
18,392,410,21.77777777777778
22,179,201,8.136363636363637
13,418,431,32.15384615384615
19,268,287,14.105263157894736
31,772,803,24.903225806451612
168,105,273,0.625
13,186,199,14.307692307692308
321,384,705,1.1962616822429906
230,159,389,0.691304347826087
12,677,689,56.416666666666664
41,161,202,3.926829268292683
40,65,105,1.625
12,320,332,26.666666666666668
51,233,284,4.568627450980392
26,527,553,20.26923076923077
38,688,726,18.105263157894736
9,27,36,3.0
12,321,333,26.75
1049,153,1202,0.14585319351763584
16,629,645,39.3125
18,229,247,12.722222222222221
54,277,331,5.12962962962963
9,324,333,36.0
8,166,174,20.75
108,350,458,3.240740740740741
10,111,121,11.1
2,31,33,15.5
727,205,932,0.28198074277854196
6,14,20,2.3333333333333335
10,230,240,23.0
105,494,599,4.704761904761905
18,202,220,11.222222222222221
561,67,628,0.11942959001782531
1736,189,1925,0.10887096774193548
10,308,318,30.8
1060,8,1068,0.007547169811320755
8,238,246,29.75
66,393,459,5.954545454545454
3628,85,3713,0.023428886438809263
10,298,308,29.8
90,395,485,4.388888888888889
12,333,345,27.75
1899,46,1945,0.02422327540810953
271,508,779,1.8745387453874538
8,267,275,33.375
125,43,168,0.344
75,1012,1087,13.493333333333334
95,530,625,5.578947368421052
22,360,382,16.363636363636363
529,156,685,0.2948960302457467
378,357,735,0.9444444444444444
2008,671,2679,0.3341633466135458
67,305,372,4.552238805970149
42,32,74,0.7619047619047619
30,730,760,24.333333333333332
277,1044,1321,3.7689530685920576
6,171,177,28.5
2568,112,2680,0.04361370716510903
14,42,56,3.0
31,78,109,2.5161290322580645
20,246,266,12.3
593,314,907,0.5295109612141653
7,113,120,16.142857142857142
250,776,1026,3.104
61,257,318,4.213114754098361
20,169,189,8.45
56,782,838,13.964285714285714
478,753,1231,1.5753138075313808
99,109,208,1.101010101010101
19,125,144,6.578947368421052
10,132,142,13.2
16,921,937,57.5625
64,620,684,9.6875
16,321,337,20.0625
668,217,885,0.3248502994011976
23,775,798,33.69565217391305
1524,189,1713,0.12401574803149606
35,76,111,2.1714285714285713
6,725,731,120.83333333333333
28,66,94,2.357142857142857
7,325,332,46.42857142857143
79,20,99,0.25316455696202533
176,457,633,2.596590909090909
950,141,1091,0.14842105263157895
10,277,287,27.7
26,351,377,13.5
27,752,779,27.85185185185185
31,329,360,10.612903225806452
8,228,236,28.5
48,779,827,16.229166666666668
13,16,29,1.2307692307692308
21,89,110,4.238095238095238
796,404,1200,0.507537688442211
44,163,207,3.7045454545454546
443,443,886,1.0
96,52,148,0.5416666666666666
1069,277,1346,0.2591206735266604
1046,589,1635,0.5630975143403442
464,322,786,0.6939655172413793
130,228,358,1.7538461538461538
313,483,796,1.5431309904153354
94,462,556,4.914893617021277
27,181,208,6.703703703703703
2624,257,2881,0.09794207317073171
15,221,236,14.733333333333333
889,482,1371,0.5421822272215973
26,125,151,4.8076923076923075
210,369,579,1.7571428571428571
8,603,611,75.375
23,355,378,15.434782608695652
203,50,253,0.24630541871921183
338,371,709,1.0976331360946745
97,384,481,3.9587628865979383
45,115,160,2.5555555555555554
5,192,197,38.4
25,476,501,19.04
60,311,371,5.183333333333334
17,337,354,19.823529411764707
809,281,1090,0.3473423980222497
191,195,386,1.0209424083769634
75,428,503,5.706666666666667
556,124,680,0.22302158273381295
14,326,340,23.285714285714285
64,60,124,0.9375
21,301,322,14.333333333333334
70,558,628,7.9714285714285715
22,187,209,8.5
197,347,544,1.7614213197969544
33,384,417,11.636363636363637
88,108,196,1.2272727272727273
12,106,118,8.833333333333334
1231,1003,2234,0.8147847278635256
4,424,428,106.0
31,611,642,19.70967741935484
51,321,372,6.294117647058823
82,447,529,5.451219512195122
344,159,503,0.4622093023255814
77,911,988,11.831168831168831
15,251,266,16.733333333333334
2798,369,3167,0.13187991422444603
39,620,659,15.897435897435898
14,156,170,11.142857142857142
16,281,297,17.5625
21,347,368,16.523809523809526
12,294,306,24.5
11,281,292,25.545454545454547
8,215,223,26.875
19,374,393,19.68421052631579
20,350,370,17.5
1439,163,1602,0.113273106323836
12,285,297,23.75
73,438,511,6.0
13,51,64,3.923076923076923
153,305,458,1.9934640522875817
38,726,764,19.105263157894736
9,778,787,86.44444444444444
9,423,432,47.0
11,261,272,23.727272727272727
65,329,394,5.061538461538461
77,487,564,6.324675324675325
75,231,306,3.08
10,213,223,21.3
6,480,486,80.0
154,463,617,3.0064935064935066
12,856,868,71.33333333333333
46,8,54,0.17391304347826086
33,392,425,11.878787878787879
1384,134,1518,0.0968208092485549
59,218,277,3.694915254237288
19,123,142,6.473684210526316
65,361,426,5.553846153846154
64,601,665,9.390625
200,464,664,2.32
1009,342,1351,0.3389494549058474
58,358,416,6.172413793103448
8,121,129,15.125
25,145,170,5.8
25,48,73,1.92
25,204,229,8.16
2,222,224,111.0
76,477,553,6.276315789473684
524,66,590,0.12595419847328243
26,152,178,5.846153846153846
61,745,806,12.21311475409836
45,822,867,18.266666666666666
11,239,250,21.727272727272727
15,270,285,18.0
112,29,141,0.25892857142857145
11,75,86,6.818181818181818
27,337,364,12.481481481481481
2,11,13,5.5
23,451,474,19.608695652173914
6,64,70,10.666666666666666
16,321,337,20.0625
49,453,502,9.244897959183673
9,125,134,13.88888888888889
11,269,280,24.454545454545453
28,338,366,12.071428571428571
140,943,1083,6.735714285714286
48,546,594,11.375
22,931,953,42.31818181818182
9,334,343,37.111111111111114
114,34,148,0.2982456140350877
18,104,122,5.777777777777778
35,199,234,5.685714285714286
22,325,347,14.772727272727273
10,333,343,33.3
519,605,1124,1.165703275529865
4,183,187,45.75
24,331,355,13.791666666666666
16,68,84,4.25
11,333,344,30.272727272727273
57,963,1020,16.894736842105264
669,893,1562,1.3348281016442451
17,220,237,12.941176470588236
56,312,368,5.571428571428571
224,370,594,1.6517857142857142
184,136,320,0.7391304347826086
225,153,378,0.68
28,267,295,9.535714285714286
142,213,355,1.5
18,241,259,13.38888888888889
234,336,570,1.435897435897436
39,506,545,12.974358974358974
137,273,410,1.9927007299270072
148,72,220,0.4864864864864865
59,201,260,3.406779661016949
1600,12,1612,0.0075
11,90,101,8.181818181818182
242,97,339,0.40082644628099173
193,33,226,0.17098445595854922
23,958,981,41.65217391304348
7,38,45,5.428571428571429
101,49,150,0.48514851485148514
232,237,469,1.021551724137931
21,847,868,40.333333333333336
16,226,242,14.125
19,131,150,6.894736842105263
1342,91,1433,0.06780923994038748
68,284,352,4.176470588235294
2419,244,2663,0.10086812732534105
9,269,278,29.88888888888889
177,639,816,3.610169491525424
406,207,613,0.5098522167487685
4,33,37,8.25
11,959,970,87.18181818181819
230,23,253,0.1
11,470,481,42.72727272727273
483,538,1021,1.113871635610766
154,581,735,3.772727272727273
11,291,302,26.454545454545453
11,289,300,26.272727272727273
740,55,795,0.07432432432432433
10,963,973,96.3
48,300,348,6.25
1080,665,1745,0.6157407407407407
26,1039,1065,39.96153846153846
12,298,310,24.833333333333332
38,21,59,0.5526315789473685
2480,486,2966,0.19596774193548386
36,891,927,24.75
146,446,592,3.0547945205479454
4,27,31,6.75
19,440,459,23.157894736842106
1468,885,2353,0.6028610354223434
85,206,291,2.4235294117647057
29,324,353,11.172413793103448
21,479,500,22.80952380952381
20,350,370,17.5
237,137,374,0.5780590717299579
75,1012,1087,13.493333333333334
27,225,252,8.333333333333334
6,297,303,49.5
58,577,635,9.948275862068966
32,197,229,6.15625
17,524,541,30.823529411764707
47,298,345,6.340425531914893
14,249,263,17.785714285714285
32,95,127,2.96875
597,869,1466,1.4556113902847572
50,258,308,5.16
24,186,210,7.75
17,270,287,15.882352941176471
53,378,431,7.132075471698113
27,163,190,6.037037037037037
18,112,130,6.222222222222222
64,60,124,0.9375
11,129,140,11.727272727272727
20,30,50,1.5
62,315,377,5.080645161290323
12,224,236,18.666666666666668
17,597,614,35.11764705882353
139,91,230,0.6546762589928058
16,218,234,13.625
18,57,75,3.1666666666666665
8,162,170,20.25
83,341,424,4.108433734939759
767,180,947,0.23468057366362452
22,418,440,19.0
10,58,68,5.8
21,186,207,8.857142857142858
8,259,267,32.375
364,441,805,1.2115384615384615
45,399,444,8.866666666666667
316,492,808,1.5569620253164558
32,215,247,6.71875
12,33,45,2.75
30,242,272,8.066666666666666
116,326,442,2.810344827586207
4,11,15,2.75
22,370,392,16.818181818181817
29,297,326,10.241379310344827
1253,716,1969,0.5714285714285714
61,297,358,4.868852459016393
22,341,363,15.5
23,645,668,28.043478260869566
10,205,215,20.5
32,412,444,12.875
50,465,515,9.3
252,446,698,1.7698412698412698
14,671,685,47.92857142857143
10,232,242,23.2
7,299,306,42.714285714285715
13,121,134,9.307692307692308
2489,152,2641,0.061068702290076333
9,484,493,53.77777777777778
108,284,392,2.6296296296296298
19,449,468,23.63157894736842
26,430,456,16.53846153846154
167,191,358,1.1437125748502994
41,408,449,9.951219512195122
2107,39,2146,0.018509729473184623
8,259,267,32.375
13,460,473,35.38461538461539
9,24,33,2.6666666666666665
140,333,473,2.3785714285714286
124,518,642,4.17741935483871
8,245,253,30.625
29,105,134,3.6206896551724137
13,388,401,29.846153846153847
13,101,114,7.769230769230769
45,175,220,3.888888888888889
117,329,446,2.8119658119658117
15,164,179,10.933333333333334
3,11,14,3.6666666666666665
184,623,807,3.385869565217391
6,73,79,12.166666666666666
1175,107,1282,0.09106382978723404
65,327,392,5.030769230769231
22,27,49,1.2272727272727273
110,529,639,4.8090909090909095
12,597,609,49.75
25,260,285,10.4
25,496,521,19.84
23,309,332,13.434782608695652
1514,315,1829,0.20805812417437253
560,54,614,0.09642857142857143
9,100,109,11.11111111111111
12,85,97,7.083333333333333
18,107,125,5.944444444444445
1615,50,1665,0.030959752321981424
17,295,312,17.352941176470587
79,492,571,6.227848101265823
14,288,302,20.571428571428573
25,201,226,8.04
19,73,92,3.8421052631578947
4,298,302,74.5
63,757,820,12.015873015873016
74,906,980,12.243243243243244
2794,101,2895,0.03614889047959914
57,194,251,3.4035087719298245
8,331,339,41.375
8,318,326,39.75
423,476,899,1.1252955082742317
38,507,545,13.342105263157896
10,271,281,27.1
1648,294,1942,0.1783980582524272
23,224,247,9.73913043478261
212,411,623,1.9386792452830188
1224,667,1891,0.5449346405228758
153,463,616,3.026143790849673
57,28,85,0.49122807017543857
141,483,624,3.425531914893617
9,30,39,3.3333333333333335
367,496,863,1.3514986376021798
64,292,356,4.5625
15,336,351,22.4
67,37,104,0.5522388059701493
1307,770,2077,0.5891354246365723
168,877,1045,5.220238095238095
125,143,268,1.144
14,418,432,29.857142857142858
243,306,549,1.2592592592592593
29,28,57,0.9655172413793104
1217,801,2018,0.6581758422350041
2,11,13,5.5
14,352,366,25.142857142857142
82,140,222,1.7073170731707317
28,80,108,2.857142857142857
15,287,302,19.133333333333333
66,221,287,3.3484848484848486
18,445,463,24.72222222222222
27,231,258,8.555555555555555
77,398,475,5.1688311688311686
55,490,545,8.909090909090908
15,586,601,39.06666666666667
2,11,13,5.5
7,554,561,79.14285714285714
34,578,612,17.0
13,351,364,27.0
308,37,345,0.12012987012987013
2818,385,3203,0.13662171753016322
12,40,52,3.3333333333333335
22,304,326,13.818181818181818
8,26,34,3.25
24,27,51,1.125
26,390,416,15.0
100,308,408,3.08
12,33,45,2.75
1201,229,1430,0.1906744379683597
14,288,302,20.571428571428573
19,488,507,25.68421052631579
29,73,102,2.5172413793103448
98,253,351,2.5816326530612246
436,376,812,0.8623853211009175
79,90,169,1.139240506329114
160,681,841,4.25625
82,477,559,5.817073170731708
103,261,364,2.533980582524272
46,327,373,7.108695652173913
25,66,91,2.64
35,577,612,16.485714285714284
40,182,222,4.55
10,332,342,33.2
27,118,145,4.37037037037037
20,230,250,11.5
22,205,227,9.318181818181818
5,73,78,14.6
66,499,565,7.5606060606060606
3626,75,3701,0.020683949255377827
7,29,36,4.142857142857143
898,326,1224,0.36302895322939865
1497,55,1552,0.03674014696058784
18,499,517,27.72222222222222
25,247,272,9.88
6,225,231,37.5
25,363,388,14.52
14,114,128,8.142857142857142
14,209,223,14.928571428571429
576,659,1235,1.1440972222222223
26,495,521,19.03846153846154
16,266,282,16.625
23,348,371,15.130434782608695
57,87,144,1.5263157894736843
26,44,70,1.6923076923076923
61,507,568,8.311475409836065
13,417,430,32.07692307692308
36,268,304,7.444444444444445
24,571,595,23.791666666666668
10,34,44,3.4
100,103,203,1.03
16,375,391,23.4375
1619,609,2228,0.3761581222977146
113,537,650,4.752212389380531
333,553,886,1.6606606606606606
10,322,332,32.2
35,249,284,7.114285714285714
14,156,170,11.142857142857142
256,352,608,1.375
32,562,594,17.5625
58,430,488,7.413793103448276
13,28,41,2.1538461538461537
70,80,150,1.1428571428571428
12,196,208,16.333333333333332
360,279,639,0.775
97,179,276,1.8453608247422681
20,436,456,21.8
9,314,323,34.888888888888886
20,506,526,25.3
34,625,659,18.38235294117647
26,540,566,20.76923076923077
694,879,1573,1.2665706051873198
1394,82,1476,0.058823529411764705
16,415,431,25.9375
101,339,440,3.3564356435643563
23,563,586,24.47826086956522
28,212,240,7.571428571428571
1246,8,1254,0.006420545746388443
20,171,191,8.55
9,529,538,58.77777777777778
4,12,16,3.0
110,213,323,1.9363636363636363
1267,438,1705,0.345698500394633
74,516,590,6.972972972972973
45,311,356,6.911111111111111
18,206,224,11.444444444444445
13,247,260,19.0
52,233,285,4.480769230769231
131,196,327,1.4961832061068703
22,371,393,16.863636363636363
50,276,326,5.52
22,430,452,19.545454545454547
1721,238,1959,0.13829169087739687
143,846,989,5.916083916083916
67,56,123,0.835820895522388
18,463,481,25.72222222222222
120,338,458,2.816666666666667
4,67,71,16.75
652,75,727,0.11503067484662577
14,468,482,33.42857142857143
399,522,921,1.3082706766917294
29,286,315,9.862068965517242
65,41,106,0.6307692307692307
408,599,1007,1.4681372549019607
81,316,397,3.9012345679012346
863,207,1070,0.2398609501738123
15,175,190,11.666666666666666
520,422,942,0.8115384615384615
448,208,656,0.4642857142857143
15,154,169,10.266666666666667
49,185,234,3.7755102040816326
13,331,344,25.46153846153846
22,360,382,16.363636363636363
22,374,396,17.0
11,89,100,8.090909090909092
11,344,355,31.272727272727273
17,111,128,6.529411764705882
62,203,265,3.274193548387097
891,186,1077,0.20875420875420875
25,49,74,1.96
81,331,412,4.08641975308642
22,27,49,1.2272727272727273
2,11,13,5.5
6,115,121,19.166666666666668
42,166,208,3.9523809523809526
24,440,464,18.333333333333332
173,339,512,1.9595375722543353
24,658,682,27.416666666666668
38,494,532,13.0
56,731,787,13.053571428571429
1055,31,1086,0.029383886255924172
97,418,515,4.309278350515464
58,484,542,8.344827586206897
41,125,166,3.048780487804878
162,750,912,4.62962962962963
2367,37,2404,0.01563160118293198
9,86,95,9.555555555555555
37,129,166,3.4864864864864864
105,337,442,3.2095238095238097
6,113,119,18.833333333333332
13,276,289,21.23076923076923
445,134,579,0.30112359550561796
545,8,553,0.014678899082568808
2805,870,3675,0.31016042780748665
47,859,906,18.27659574468085
29,673,702,23.20689655172414
6,79,85,13.166666666666666
14,513,527,36.642857142857146
31,52,83,1.6774193548387097
17,254,271,14.941176470588236
283,407,690,1.4381625441696113
410,576,986,1.4048780487804877
23,275,298,11.956521739130435
5,19,24,3.8
24,309,333,12.875
55,59,114,1.0727272727272728
1558,269,1827,0.17265725288831835
8,184,192,23.0
70,47,117,0.6714285714285714
37,646,683,17.45945945945946
356,180,536,0.5056179775280899
346,105,451,0.30346820809248554
408,632,1040,1.5490196078431373
286,191,477,0.6678321678321678
6,117,123,19.5
112,315,427,2.8125
17,388,405,22.823529411764707
353,969,1322,2.745042492917847
49,767,816,15.653061224489797
24,155,179,6.458333333333333
47,114,161,2.425531914893617
18,380,398,21.11111111111111
12,229,241,19.083333333333332
35,794,829,22.685714285714287
17,790,807,46.470588235294116
59,190,249,3.2203389830508473
82,42,124,0.5121951219512195
8,457,465,57.125
1463,268,1731,0.18318523581681476
13,105,118,8.076923076923077
85,26,111,0.3058823529411765
17,451,468,26.529411764705884
1063,902,1965,0.8485418626528692
9,81,90,9.0
15,195,210,13.0
19,690,709,36.31578947368421
23,184,207,8.0
1967,419,2386,0.21301474326385358
10,286,296,28.6
509,438,947,0.8605108055009824
47,737,784,15.680851063829786
25,772,797,30.88
62,102,164,1.6451612903225807
17,112,129,6.588235294117647
222,82,304,0.36936936936936937
667,514,1181,0.7706146926536732
1632,272,1904,0.16666666666666666
91,806,897,8.857142857142858
33,309,342,9.363636363636363
279,345,624,1.2365591397849462
37,348,385,9.405405405405405
540,116,656,0.21481481481481482
47,449,496,9.553191489361701
162,93,255,0.5740740740740741
639,393,1032,0.6150234741784038
17,248,265,14.588235294117647
10,26,36,2.6
641,757,1398,1.1809672386895476
1547,1072,2619,0.6929541047188106
13,413,426,31.76923076923077
685,473,1158,0.6905109489051094
40,39,79,0.975
2401,765,3166,0.31861724281549353
6,59,65,9.833333333333334
28,766,794,27.357142857142858
7,458,465,65.42857142857143
14,454,468,32.42857142857143
30,201,231,6.7
15,142,157,9.466666666666667
49,381,430,7.775510204081633
21,343,364,16.333333333333332
71,87,158,1.2253521126760563
20,526,546,26.3
46,473,519,10.282608695652174
12,80,92,6.666666666666667
295,8,303,0.02711864406779661
97,88,185,0.9072164948453608
1902,616,2518,0.323869610935857
1402,806,2208,0.5748930099857347
28,342,370,12.214285714285714
892,312,1204,0.34977578475336324
41,5,46,0.12195121951219512
15,249,264,16.6
1448,536,1984,0.3701657458563536
150,790,940,5.266666666666667
123,524,647,4.260162601626016
13,306,319,23.53846153846154
6,236,242,39.333333333333336
52,50,102,0.9615384615384616
10,344,354,34.4
22,437,459,19.863636363636363
171,141,312,0.8245614035087719
17,316,333,18.58823529411765
39,711,750,18.23076923076923
12,392,404,32.666666666666664
34,19,53,0.5588235294117647
213,410,623,1.9248826291079812
17,430,447,25.294117647058822
45,431,476,9.577777777777778
65,197,262,3.0307692307692307
27,282,309,10.444444444444445
9,485,494,53.888888888888886
26,487,513,18.73076923076923
131,409,540,3.122137404580153
111,555,666,5.0
8,134,142,16.75
19,252,271,13.263157894736842
33,244,277,7.393939393939394
58,279,337,4.810344827586207
87,55,142,0.632183908045977
1230,470,1700,0.3821138211382114
10,719,729,71.9
135,105,240,0.7777777777777778
382,932,1314,2.43979057591623
19,412,431,21.68421052631579
61,297,358,4.868852459016393
2,140,142,70.0
64,243,307,3.796875
6,168,174,28.0
7,395,402,56.42857142857143
44,544,588,12.363636363636363
27,146,173,5.407407407407407
30,295,325,9.833333333333334
1549,4,1553,0.0025823111684958036
45,305,350,6.777777777777778
4,395,399,98.75
656,4,660,0.006097560975609756
4,241,245,60.25
8,230,238,28.75
4,406,410,101.5
11,315,326,28.636363636363637
70,255,325,3.642857142857143
41,200,241,4.878048780487805
70,47,117,0.6714285714285714
48,334,382,6.958333333333333
107,191,298,1.7850467289719627
30,62,92,2.066666666666667
28,86,114,3.0714285714285716
792,48,840,0.06060606060606061
129,193,322,1.496124031007752
25,401,426,16.04
26,993,1019,38.19230769230769
2186,224,2410,0.10247026532479414
11,300,311,27.272727272727273
8,90,98,11.25
26,415,441,15.961538461538462
334,274,608,0.8203592814371258
20,44,64,2.2
16,542,558,33.875
17,322,339,18.941176470588236
9,112,121,12.444444444444445
16,412,428,25.75
44,229,273,5.204545454545454
19,374,393,19.68421052631579
86,283,369,3.2906976744186047
88,878,966,9.977272727272727
309,895,1204,2.896440129449838
23,197,220,8.565217391304348
216,395,611,1.8287037037037037
17,326,343,19.176470588235293
262,103,365,0.3931297709923664
75,140,215,1.8666666666666667
166,501,667,3.0180722891566263
834,179,1013,0.2146282973621103
29,129,158,4.448275862068965
139,31,170,0.22302158273381295
743,267,1010,0.35935397039030953
32,653,685,20.40625
7,231,238,33.0
149,60,209,0.40268456375838924
17,922,939,54.23529411764706
10,27,37,2.7
37,109,146,2.945945945945946
23,123,146,5.3478260869565215
421,639,1060,1.517814726840855
284,622,906,2.1901408450704225
72,150,222,2.0833333333333335
33,977,1010,29.606060606060606
21,99,120,4.714285714285714
12,366,378,30.5
119,129,248,1.084033613445378
15,54,69,3.6
834,53,887,0.06354916067146282
20,391,411,19.55
10,305,315,30.5
110,163,273,1.481818181818182
187,369,556,1.9732620320855614
24,19,43,0.7916666666666666
4,250,254,62.5
188,498,686,2.648936170212766
22,307,329,13.954545454545455
3708,254,3962,0.06850053937432578
8,162,170,20.25
10,120,130,12.0
63,427,490,6.777777777777778
20,491,511,24.55
1767,60,1827,0.03395585738539898
23,143,166,6.217391304347826
75,200,275,2.6666666666666665
24,420,444,17.5
34,275,309,8.088235294117647
21,572,593,27.238095238095237
9,954,963,106.0
21,219,240,10.428571428571429
55,422,477,7.672727272727273
32,284,316,8.875
233,824,1057,3.536480686695279
17,418,435,24.58823529411765
74,258,332,3.4864864864864864
78,45,123,0.5769230769230769
636,382,1018,0.60062893081761
23,15,38,0.6521739130434783
160,265,425,1.65625
12,135,147,11.25
25,351,376,14.04
821,704,1525,0.8574908647990256
922,444,1366,0.48156182212581344
14,391,405,27.928571428571427
294,185,479,0.6292517006802721
837,428,1265,0.5113500597371565
133,511,644,3.8421052631578947
1201,320,1521,0.2664446294754371
11,257,268,23.363636363636363
183,380,563,2.0765027322404372
20,66,86,3.3
46,28,74,0.6086956521739131
2,11,13,5.5
26,377,403,14.5
103,64,167,0.6213592233009708
2718,920,3638,0.3384841795437822
63,98,161,1.5555555555555556
150,184,334,1.2266666666666666
20,66,86,3.3
21,413,434,19.666666666666668
12,290,302,24.166666666666668
143,959,1102,6.706293706293707
427,833,1260,1.9508196721311475
2575,129,2704,0.05009708737864078
15,519,534,34.6
19,619,638,32.578947368421055
12,268,280,22.333333333333332
1040,1060,2100,1.0192307692307692
49,27,76,0.5510204081632653
25,871,896,34.84
476,56,532,0.11764705882352941
72,387,459,5.375
744,230,974,0.30913978494623656
27,147,174,5.444444444444445
3703,95,3798,0.025654874426140967
39,112,151,2.871794871794872
7,283,290,40.42857142857143
11,241,252,21.90909090909091
19,447,466,23.526315789473685
229,289,518,1.262008733624454
77,5,82,0.06493506493506493
22,255,277,11.590909090909092
1198,1019,2217,0.8505843071786311
54,273,327,5.055555555555555
715,80,795,0.11188811188811189
93,457,550,4.913978494623656
322,64,386,0.19875776397515527
60,102,162,1.7
67,890,957,13.283582089552239
261,215,476,0.8237547892720306
1794,14,1808,0.007803790412486065
1214,526,1740,0.4332784184514003
13,425,438,32.69230769230769
7,385,392,55.0
182,136,318,0.7472527472527473
13,387,400,29.76923076923077
2,9,11,4.5
18,38,56,2.111111111111111
13,120,133,9.23076923076923
28,146,174,5.214285714285714
10,355,365,35.5
262,514,776,1.9618320610687023
199,7,206,0.035175879396984924
14,275,289,19.642857142857142
73,896,969,12.273972602739725
102,55,157,0.5392156862745098
9,395,404,43.888888888888886
17,586,603,34.470588235294116
9,150,159,16.666666666666668
20,510,530,25.5
111,190,301,1.7117117117117118
242,110,352,0.45454545454545453
35,252,287,7.2
37,409,446,11.054054054054054
329,722,1051,2.1945288753799392
406,109,515,0.2684729064039409
11,140,151,12.727272727272727
3357,206,3563,0.061364313375037234
99,687,786,6.9393939393939394
8,298,306,37.25
35,186,221,5.314285714285714
376,39,415,0.10372340425531915
821,9,830,0.010962241169305725
101,464,565,4.594059405940594
21,889,910,42.333333333333336
15,228,243,15.2
31,29,60,0.9354838709677419
3376,212,3588,0.06279620853080568
806,61,867,0.07568238213399504
28,125,153,4.464285714285714
2,523,525,261.5
1777,951,2728,0.5351716375914463
1571,650,2221,0.4137492043284532
22,106,128,4.818181818181818
7,122,129,17.428571428571427
10,154,164,15.4
11,49,60,4.454545454545454
9,746,755,82.88888888888889
16,48,64,3.0
26,428,454,16.46153846153846
41,140,181,3.4146341463414633
220,147,367,0.6681818181818182
209,30,239,0.14354066985645933
18,447,465,24.833333333333332
18,390,408,21.666666666666668
64,253,317,3.953125
152,697,849,4.5855263157894735
2,5,7,2.5
40,37,77,0.925
19,406,425,21.36842105263158
14,44,58,3.142857142857143
67,33,100,0.4925373134328358
861,515,1376,0.5981416957026713
2,11,13,5.5
827,221,1048,0.2672309552599758
22,40,62,1.8181818181818181
668,170,838,0.25449101796407186
1743,403,2146,0.23121055651176134
852,524,1376,0.6150234741784038
20,249,269,12.45
310,303,613,0.9774193548387097
10,368,378,36.8
17,197,214,11.588235294117647
1478,294,1772,0.19891745602165087
72,15,87,0.20833333333333334
1873,232,2105,0.12386545648691938
22,719,741,32.68181818181818
7,12,19,1.7142857142857142
64,207,271,3.234375
107,276,383,2.5794392523364484
46,503,549,10.934782608695652
2,11,13,5.5
11,114,125,10.363636363636363
88,604,692,6.863636363636363
92,532,624,5.782608695652174
188,600,788,3.1914893617021276
17,254,271,14.941176470588236
10,212,222,21.2
438,1329,1767,3.0342465753424657
10,329,339,32.9
9,193,202,21.444444444444443
184,287,471,1.559782608695652
308,376,684,1.2207792207792207
14,162,176,11.571428571428571
32,465,497,14.53125
13,54,67,4.153846153846154
23,645,668,28.043478260869566
325,5,330,0.015384615384615385
19,67,86,3.526315789473684
15,43,58,2.8666666666666667
26,39,65,1.5
113,340,453,3.0088495575221237
40,43,83,1.075
32,27,59,0.84375
7,324,331,46.285714285714285
45,133,178,2.9555555555555557
39,233,272,5.9743589743589745
19,278,297,14.631578947368421
335,313,648,0.9343283582089552
2303,19,2322,0.008250108554059922
9,234,243,26.0
4,455,459,113.75
20,210,230,10.5
9,298,307,33.111111111111114
61,98,159,1.6065573770491803
1586,167,1753,0.10529634300126103
48,565,613,11.770833333333334
66,157,223,2.378787878787879
11,278,289,25.272727272727273
36,98,134,2.7222222222222223
344,1010,1354,2.936046511627907
26,483,509,18.576923076923077
9,194,203,21.555555555555557
2575,421,2996,0.16349514563106796
15,352,367,23.466666666666665
128,677,805,5.2890625
12,122,134,10.166666666666666
22,134,156,6.090909090909091
41,350,391,8.536585365853659
151,604,755,4.0
35,76,111,2.1714285714285713
410,199,609,0.4853658536585366
88,382,470,4.340909090909091
28,231,259,8.25
974,413,1387,0.4240246406570842
23,355,378,15.434782608695652
24,461,485,19.208333333333332
20,182,202,9.1
118,332,450,2.8135593220338984
782,41,823,0.052429667519181586
162,292,454,1.8024691358024691
2454,280,2734,0.11409942950285248
73,277,350,3.7945205479452055
225,239,464,1.0622222222222222
14,182,196,13.0
406,1060,1466,2.6108374384236455
18,656,674,36.44444444444444
8,33,41,4.125
71,421,492,5.929577464788732
85,523,608,6.152941176470589
10,421,431,42.1
34,262,296,7.705882352941177
23,281,304,12.217391304347826
11,37,48,3.3636363636363638
27,96,123,3.5555555555555554
32,465,497,14.53125
17,120,137,7.0588235294117645
18,363,381,20.166666666666668
44,209,253,4.75
72,15,87,0.20833333333333334
89,1032,1121,11.595505617977528
295,405,700,1.3728813559322033
424,51,475,0.12028301886792453
32,198,230,6.1875
19,304,323,16.0
959,346,1305,0.3607924921793535
28,263,291,9.392857142857142
17,610,627,35.88235294117647
51,233,284,4.568627450980392
38,73,111,1.9210526315789473
634,297,931,0.46845425867507884
27,431,458,15.962962962962964
2295,433,2728,0.1886710239651416
13,385,398,29.615384615384617
21,131,152,6.238095238095238
2,11,13,5.5
151,485,636,3.2119205298013247
24,773,797,32.208333333333336
48,458,506,9.541666666666666
17,380,397,22.352941176470587
55,277,332,5.036363636363636
65,456,521,7.015384615384615
47,330,377,7.0212765957446805
6,474,480,79.0
17,407,424,23.941176470588236
10,698,708,69.8
11,456,467,41.45454545454545
19,137,156,7.2105263157894735
1452,842,2294,0.5798898071625345
9,62,71,6.888888888888889
16,302,318,18.875
11,354,365,32.18181818181818
78,92,170,1.1794871794871795
23,537,560,23.347826086956523
31,454,485,14.64516129032258
1093,203,1296,0.18572735590118938
96,687,783,7.15625
33,312,345,9.454545454545455
14,125,139,8.928571428571429
113,458,571,4.053097345132743
266,127,393,0.4774436090225564
9,199,208,22.11111111111111
18,98,116,5.444444444444445
25,566,591,22.64
103,378,481,3.6699029126213594
2794,101,2895,0.03614889047959914
1390,522,1912,0.37553956834532376
17,437,454,25.705882352941178
6,125,131,20.833333333333332
470,502,972,1.0680851063829788
17,695,712,40.88235294117647
23,613,636,26.652173913043477
14,370,384,26.428571428571427
57,761,818,13.350877192982455
12,389,401,32.416666666666664
24,63,87,2.625
79,90,169,1.139240506329114
11,396,407,36.0
192,417,609,2.171875
3,111,114,37.0
253,322,575,1.2727272727272727
8,249,257,31.125
39,78,117,2.0
11,173,184,15.727272727272727
146,37,183,0.2534246575342466
213,337,550,1.5821596244131455
8,231,239,28.875
5,159,164,31.8
1044,605,1649,0.5795019157088123
16,340,356,21.25
163,130,293,0.7975460122699386
41,509,550,12.414634146341463
14,384,398,27.428571428571427
617,372,989,0.6029173419773096
1043,463,1506,0.4439117929050815
422,329,751,0.7796208530805687
2,11,13,5.5
10,539,549,53.9
28,285,313,10.178571428571429
44,382,426,8.681818181818182
13,467,480,35.92307692307692
187,238,425,1.2727272727272727
34,571,605,16.794117647058822
50,831,881,16.62
38,241,279,6.342105263157895
46,412,458,8.956521739130435
33,1005,1038,30.454545454545453
28,263,291,9.392857142857142
68,283,351,4.161764705882353
123,42,165,0.34146341463414637
20,135,155,6.75
27,410,437,15.185185185185185
112,488,600,4.357142857142857
49,200,249,4.081632653061225
17,642,659,37.76470588235294
14,133,147,9.5
100,643,743,6.43
23,164,187,7.130434782608695
15,378,393,25.2
1001,91,1092,0.09090909090909091
10,160,170,16.0
19,116,135,6.105263157894737
17,416,433,24.470588235294116
54,83,137,1.537037037037037
25,388,413,15.52
9,15,24,1.6666666666666667
3904,187,4091,0.04789959016393443
9,223,232,24.77777777777778
2,11,13,5.5
86,373,459,4.337209302325581
2765,328,3093,0.118625678119349
18,128,146,7.111111111111111
11,249,260,22.636363636363637
25,41,66,1.64
898,331,1229,0.3685968819599109
4,298,302,74.5
961,24,985,0.02497398543184183
14,459,473,32.785714285714285
167,275,442,1.6467065868263473
22,20,42,0.9090909090909091
16,85,101,5.3125
9,375,384,41.666666666666664
92,419,511,4.554347826086956
279,111,390,0.3978494623655914
958,23,981,0.024008350730688934
224,540,764,2.4107142857142856
55,366,421,6.654545454545454
78,392,470,5.0256410256410255
18,333,351,18.5
67,562,629,8.388059701492537
181,230,411,1.270718232044199
86,897,983,10.430232558139535
43,196,239,4.558139534883721
11,347,358,31.545454545454547
8,177,185,22.125
9,236,245,26.22222222222222
61,231,292,3.7868852459016393
11,284,295,25.818181818181817
9,177,186,19.666666666666668
125,881,1006,7.048
19,35,54,1.8421052631578947
12,440,452,36.666666666666664
5,102,107,20.4
12,182,194,15.166666666666666
2327,6,2333,0.002578427159432746
2752,690,3442,0.2507267441860465
40,547,587,13.675
28,25,53,0.8928571428571429
10,434,444,43.4
19,73,92,3.8421052631578947
196,291,487,1.4846938775510203
17,259,276,15.235294117647058
5,486,491,97.2
109,427,536,3.9174311926605503
215,32,247,0.14883720930232558
1805,403,2208,0.22326869806094182
105,217,322,2.066666666666667
52,252,304,4.846153846153846
2,11,13,5.5
19,749,768,39.421052631578945
140,461,601,3.2928571428571427
63,142,205,2.253968253968254
17,191,208,11.235294117647058
1898,642,2540,0.3382507903055848
12,7,19,0.5833333333333334
135,661,796,4.896296296296296
12,239,251,19.916666666666668
1608,128,1736,0.07960199004975124
154,132,286,0.8571428571428571
19,361,380,19.0
8,35,43,4.375
142,319,461,2.2464788732394365
473,29,502,0.0613107822410148
31,434,465,14.0
8,789,797,98.625
194,160,354,0.8247422680412371
77,935,1012,12.142857142857142
12,265,277,22.083333333333332
80,383,463,4.7875
12,158,170,13.166666666666666
51,251,302,4.921568627450981
59,423,482,7.169491525423729
12,158,170,13.166666666666666
387,298,685,0.7700258397932817
1479,126,1605,0.08519269776876268
20,327,347,16.35
36,804,840,22.333333333333332
18,202,220,11.222222222222221
247,283,530,1.145748987854251
46,386,432,8.391304347826088
21,327,348,15.571428571428571
24,330,354,13.75
13,151,164,11.615384615384615
38,562,600,14.789473684210526
18,805,823,44.72222222222222
14,27,41,1.9285714285714286
30,392,422,13.066666666666666
456,138,594,0.3026315789473684
395,271,666,0.6860759493670886
106,419,525,3.952830188679245
20,382,402,19.1
1598,256,1854,0.16020025031289112
3,11,14,3.6666666666666665
23,137,160,5.956521739130435
13,111,124,8.538461538461538
17,331,348,19.470588235294116
50,853,903,17.06
24,285,309,11.875
43,43,86,1.0
52,323,375,6.211538461538462
73,87,160,1.1917808219178083
82,166,248,2.024390243902439
6,213,219,35.5
457,342,799,0.7483588621444202
675,31,706,0.045925925925925926
1337,26,1363,0.01944652206432311
1605,45,1650,0.028037383177570093
45,498,543,11.066666666666666
395,200,595,0.5063291139240507
51,35,86,0.6862745098039216
1073,323,1396,0.30102516309412863
682,194,876,0.2844574780058651
27,670,697,24.814814814814813
13,272,285,20.923076923076923
6,228,234,38.0
12,333,345,27.75
8,103,111,12.875
40,335,375,8.375
16,421,437,26.3125
29,50,79,1.7241379310344827
29,360,389,12.413793103448276
443,608,1051,1.3724604966139955
39,57,96,1.4615384615384615
194,491,685,2.5309278350515463
65,482,547,7.415384615384616
1153,25,1178,0.02168256721595837
1657,402,2059,0.24260712130356066
74,89,163,1.2027027027027026
16,266,282,16.625
65,666,731,10.246153846153845
7,38,45,5.428571428571429
13,297,310,22.846153846153847
25,596,621,23.84
1516,995,2511,0.6563324538258575
21,185,206,8.80952380952381
4,80,84,20.0
265,696,961,2.6264150943396225
24,736,760,30.666666666666668
13,484,497,37.23076923076923
149,252,401,1.691275167785235
44,607,651,13.795454545454545
741,539,1280,0.7273954116059379
3,12,15,4.0
15,270,285,18.0
12,256,268,21.333333333333332
408,625,1033,1.5318627450980393
97,193,290,1.9896907216494846
96,77,173,0.8020833333333334
50,192,242,3.84
16,22,38,1.375
17,288,305,16.941176470588236
1744,429,2173,0.2459862385321101
801,860,1661,1.0736579275905118
106,42,148,0.39622641509433965
39,25,64,0.6410256410256411
26,5,31,0.19230769230769232
8,124,132,15.5
16,178,194,11.125
66,495,561,7.5
17,380,397,22.352941176470587
102,973,1075,9.53921568627451
969,710,1679,0.7327141382868937
16,688,704,43.0
7,287,294,41.0
44,146,190,3.3181818181818183
48,389,437,8.104166666666666
12,9,21,0.75
15,285,300,19.0
19,73,92,3.8421052631578947
480,595,1075,1.2395833333333333
9,164,173,18.22222222222222
501,105,606,0.20958083832335328
14,252,266,18.0
119,665,784,5.588235294117647
62,410,472,6.612903225806452
43,198,241,4.604651162790698
97,419,516,4.319587628865979
9,363,372,40.333333333333336
19,344,363,18.105263157894736
738,253,991,0.3428184281842818
19,303,322,15.947368421052632
9,103,112,11.444444444444445
15,369,384,24.6
17,4,21,0.23529411764705882
96,262,358,2.7291666666666665
43,761,804,17.697674418604652
37,750,787,20.27027027027027
35,283,318,8.085714285714285
32,206,238,6.4375
231,645,876,2.792207792207792
19,400,419,21.05263157894737
1435,152,1587,0.1059233449477352
34,158,192,4.647058823529412
55,96,151,1.7454545454545454
11,1009,1020,91.72727272727273
2648,207,2855,0.07817220543806647
44,271,315,6.159090909090909
19,277,296,14.578947368421053
224,418,642,1.8660714285714286
11,327,338,29.727272727272727
1101,496,1597,0.45049954586739327
1394,85,1479,0.06097560975609756
17,665,682,39.11764705882353
47,300,347,6.382978723404255
12,847,859,70.58333333333333
9,308,317,34.22222222222222
13,308,321,23.692307692307693
15,331,346,22.066666666666666
43,171,214,3.9767441860465116
22,633,655,28.772727272727273
70,438,508,6.257142857142857
68,119,187,1.75
2441,35,2476,0.014338385907414994
163,460,623,2.8220858895705523
201,156,357,0.7761194029850746
685,282,967,0.4116788321167883
34,684,718,20.11764705882353
98,39,137,0.3979591836734694
55,27,82,0.4909090909090909
7,140,147,20.0
4,287,291,71.75
13,314,327,24.153846153846153
9,38,47,4.222222222222222
77,282,359,3.6623376623376624
2,11,13,5.5
6,174,180,29.0
28,23,51,0.8214285714285714
1373,141,1514,0.10269482884195193
1131,424,1555,0.3748894783377542
59,202,261,3.4237288135593222
12,231,243,19.25
9,223,232,24.77777777777778
138,512,650,3.710144927536232
14,47,61,3.357142857142857
545,412,957,0.7559633027522936
14,298,312,21.285714285714285
22,39,61,1.7727272727272727
21,621,642,29.571428571428573
103,424,527,4.116504854368932
7,222,229,31.714285714285715
1123,233,1356,0.20747996438112198
28,793,821,28.321428571428573
8,434,442,54.25
10,426,436,42.6
107,355,462,3.317757009345794
1759,365,2124,0.20750426378624218
9,147,156,16.333333333333332
1381,34,1415,0.024619840695148443
146,415,561,2.8424657534246576
1886,569,2455,0.3016967126193001
17,14,31,0.8235294117647058
14,330,344,23.571428571428573
320,906,1226,2.83125
237,137,374,0.5780590717299579
186,498,684,2.6774193548387095
1538,361,1899,0.23472041612483746
116,399,515,3.439655172413793
28,27,55,0.9642857142857143
1493,705,2198,0.4722036168787676
18,603,621,33.5
2,40,42,20.0
132,132,264,1.0
18,108,126,6.0
25,329,354,13.16
56,530,586,9.464285714285714
17,435,452,25.58823529411765
1403,15,1418,0.010691375623663579
16,269,285,16.8125
39,313,352,8.025641025641026
108,71,179,0.6574074074074074
22,357,379,16.227272727272727
156,517,673,3.3141025641025643
2268,712,2980,0.31393298059964725
29,73,102,2.5172413793103448
104,91,195,0.875
28,296,324,10.571428571428571
121,381,502,3.1487603305785123
76,26,102,0.34210526315789475
871,319,1190,0.36624569460390355
264,134,398,0.5075757575757576
12,223,235,18.583333333333332
98,53,151,0.5408163265306123
231,878,1109,3.8008658008658007
47,532,579,11.319148936170214
99,16,115,0.16161616161616163
5,101,106,20.2
11,613,624,55.72727272727273
26,573,599,22.03846153846154
113,118,231,1.0442477876106195
84,48,132,0.5714285714285714
19,761,780,40.05263157894737
77,320,397,4.1558441558441555
55,258,313,4.6909090909090905
1385,619,2004,0.4469314079422383
2788,85,2873,0.03048780487804878
80,22,102,0.275
646,170,816,0.2631578947368421
230,315,545,1.3695652173913044
21,338,359,16.095238095238095
4,56,60,14.0
65,600,665,9.23076923076923
9,150,159,16.666666666666668
43,593,636,13.790697674418604
139,52,191,0.37410071942446044
4,74,78,18.5
1767,139,1906,0.07866440294284098
4,12,16,3.0
356,228,584,0.6404494382022472
755,136,891,0.18013245033112582
24,429,453,17.875
64,351,415,5.484375
70,230,300,3.2857142857142856
16,272,288,17.0
2356,882,3238,0.37436332767402375
27,394,421,14.592592592592593
3,11,14,3.6666666666666665
72,407,479,5.652777777777778
16,403,419,25.1875
74,13,87,0.17567567567567569
10,355,365,35.5
27,45,72,1.6666666666666667
33,161,194,4.878787878787879
559,157,716,0.2808586762075134
187,369,556,1.9732620320855614
12,528,540,44.0
33,441,474,13.363636363636363
35,292,327,8.342857142857143
9,41,50,4.555555555555555
78,227,305,2.91025641025641
49,186,235,3.795918367346939
16,178,194,11.125
560,324,884,0.5785714285714286
15,76,91,5.066666666666666
14,240,254,17.142857142857142
10,228,238,22.8
43,399,442,9.279069767441861
36,391,427,10.86111111111111
1373,49,1422,0.035688273852876914
19,460,479,24.210526315789473
11,296,307,26.90909090909091
14,304,318,21.714285714285715
9,141,150,15.666666666666666
106,977,1083,9.216981132075471
17,475,492,27.941176470588236
167,944,1111,5.652694610778443
1152,112,1264,0.09722222222222222
19,85,104,4.473684210526316
486,607,1093,1.2489711934156378
152,697,849,4.5855263157894735
17,82,99,4.823529411764706
9,401,410,44.55555555555556
389,226,615,0.5809768637532133
10,274,284,27.4
153,201,354,1.3137254901960784
76,53,129,0.6973684210526315
64,433,497,6.765625
17,608,625,35.76470588235294
191,365,556,1.9109947643979057
10,148,158,14.8
33,162,195,4.909090909090909
20,337,357,16.85
89,259,348,2.9101123595505616
12,278,290,23.166666666666668
156,388,544,2.4871794871794872
46,474,520,10.304347826086957
1166,399,1565,0.3421955403087479
2326,603,2929,0.2592433361994841
227,408,635,1.7973568281938326
282,248,530,0.8794326241134752
73,580,653,7.945205479452055
8,62,70,7.75
90,64,154,0.7111111111111111
1649,148,1797,0.0897513644633111
25,239,264,9.56
86,118,204,1.372093023255814
5,291,296,58.2
22,223,245,10.136363636363637
6,265,271,44.166666666666664
14,156,170,11.142857142857142
147,906,1053,6.163265306122449
408,710,1118,1.7401960784313726
2,11,13,5.5
23,461,484,20.043478260869566
5,22,27,4.4
11,347,358,31.545454545454547
972,398,1370,0.4094650205761317
94,367,461,3.904255319148936
258,317,575,1.2286821705426356
26,137,163,5.269230769230769
42,520,562,12.380952380952381
15,309,324,20.6
765,145,910,0.1895424836601307
9,90,99,10.0
1142,576,1718,0.5043782837127846
358,851,1209,2.377094972067039
164,541,705,3.298780487804878
211,358,569,1.6966824644549763
2643,21,2664,0.007945516458569807
6,52,58,8.666666666666666
392,693,1085,1.7678571428571428
384,627,1011,1.6328125
12,21,33,1.75
41,817,858,19.926829268292682
20,217,237,10.85
439,76,515,0.17312072892938496
42,1029,1071,24.5
344,159,503,0.4622093023255814
3473,267,3740,0.07687877915346962
46,8,54,0.17391304347826086
27,255,282,9.444444444444445
107,280,387,2.616822429906542
3563,112,3675,0.03143418467583497
61,599,660,9.819672131147541
302,212,514,0.7019867549668874
786,884,1670,1.1246819338422391
245,115,360,0.46938775510204084
102,55,157,0.5392156862745098
138,104,242,0.7536231884057971
12,468,480,39.0
214,12,226,0.056074766355140186
140,569,709,4.064285714285714
16,154,170,9.625
2,321,323,160.5
421,81,502,0.19239904988123516
7,515,522,73.57142857142857
70,341,411,4.871428571428571
104,30,134,0.28846153846153844
18,477,495,26.5
8,38,46,4.75
129,12,141,0.09302325581395349
13,487,500,37.46153846153846
3282,370,3652,0.11273613650213285
30,848,878,28.266666666666666
40,222,262,5.55
35,443,478,12.657142857142857
1029,261,1290,0.2536443148688047
304,448,752,1.4736842105263157
12,812,824,67.66666666666667
166,442,608,2.6626506024096384
25,258,283,10.32
125,986,1111,7.888
667,638,1305,0.9565217391304348
47,319,366,6.787234042553192
32,445,477,13.90625
26,437,463,16.807692307692307
18,603,621,33.5
419,122,541,0.2911694510739857
125,588,713,4.704
20,66,86,3.3
35,13,48,0.37142857142857144
18,298,316,16.555555555555557
13,558,571,42.92307692307692
39,459,498,11.76923076923077
144,468,612,3.25
306,488,794,1.5947712418300655
7,114,121,16.285714285714285
259,390,649,1.505791505791506
23,243,266,10.565217391304348
520,467,987,0.8980769230769231
131,419,550,3.198473282442748
2,11,13,5.5
68,367,435,5.397058823529412
1649,148,1797,0.0897513644633111
14,47,61,3.357142857142857
10,306,316,30.6
57,413,470,7.245614035087719
32,84,116,2.625
74,400,474,5.405405405405405
35,839,874,23.97142857142857
12,590,602,49.166666666666664
63,810,873,12.857142857142858
43,382,425,8.883720930232558
15,293,308,19.533333333333335
18,355,373,19.72222222222222
92,37,129,0.40217391304347827
77,487,564,6.324675324675325
652,774,1426,1.187116564417178
1195,308,1503,0.25774058577405856
32,397,429,12.40625
266,110,376,0.41353383458646614
11,249,260,22.636363636363637
93,156,249,1.6774193548387097
9,256,265,28.444444444444443
182,897,1079,4.928571428571429
15,336,351,22.4
12,452,464,37.666666666666664
507,726,1233,1.4319526627218935
12,856,868,71.33333333333333
17,282,299,16.58823529411765
9,439,448,48.77777777777778
114,423,537,3.710526315789474
238,661,899,2.777310924369748
30,380,410,12.666666666666666
4,37,41,9.25
28,575,603,20.535714285714285
110,367,477,3.3363636363636364
15,414,429,27.6
9,344,353,38.22222222222222
167,90,257,0.5389221556886228
14,312,326,22.285714285714285
270,112,382,0.4148148148148148
8,217,225,27.125
1148,758,1906,0.6602787456445993
4,312,316,78.0
211,645,856,3.056872037914692
42,427,469,10.166666666666666
8,239,247,29.875
18,667,685,37.05555555555556
169,140,309,0.8284023668639053
26,396,422,15.23076923076923
19,701,720,36.89473684210526
247,676,923,2.736842105263158
195,141,336,0.7230769230769231
6,413,419,68.83333333333333
10,179,189,17.9
198,583,781,2.9444444444444446
13,239,252,18.384615384615383
2424,135,2559,0.055693069306930694
25,734,759,29.36
11,168,179,15.272727272727273
1923,600,2523,0.31201248049922
39,47,86,1.205128205128205
52,66,118,1.2692307692307692
13,288,301,22.153846153846153
57,309,366,5.421052631578948
17,312,329,18.352941176470587
24,379,403,15.791666666666666
18,207,225,11.5
31,302,333,9.741935483870968
474,369,843,0.7784810126582279
2,964,966,482.0
357,517,874,1.4481792717086834
2,11,13,5.5
169,384,553,2.272189349112426
54,174,228,3.2222222222222223
10,235,245,23.5
329,276,605,0.8389057750759878
9,290,299,32.22222222222222
5,38,43,7.6
2747,57,2804,0.02074990899162723
1791,14,1805,0.007816862088218872
18,235,253,13.055555555555555
16,925,941,57.8125
26,975,1001,37.5
9,49,58,5.444444444444445
13,345,358,26.53846153846154
17,117,134,6.882352941176471
32,272,304,8.5
20,179,199,8.95
17,264,281,15.529411764705882
10,160,170,16.0
23,857,880,37.26086956521739
53,247,300,4.660377358490566
37,63,100,1.7027027027027026
39,628,667,16.102564102564102
231,374,605,1.619047619047619
187,389,576,2.0802139037433154
623,382,1005,0.6131621187800963
974,223,1197,0.22895277207392198
6,283,289,47.166666666666664
19,331,350,17.42105263157895
293,109,402,0.3720136518771331
54,147,201,2.7222222222222223
73,135,208,1.8493150684931507
11,327,338,29.727272727272727
14,441,455,31.5
20,145,165,7.25
91,205,296,2.2527472527472527
97,662,759,6.824742268041237
11,464,475,42.18181818181818
18,78,96,4.333333333333333
22,22,44,1.0
269,225,494,0.8364312267657993
2423,18,2441,0.007428807263722658
23,442,465,19.217391304347824
68,29,97,0.4264705882352941
47,719,766,15.297872340425531
317,402,719,1.2681388012618298
1254,880,2134,0.7017543859649122
388,39,427,0.10051546391752578
227,8,235,0.03524229074889868
40,577,617,14.425
843,767,1610,0.9098457888493475
438,687,1125,1.5684931506849316
22,829,851,37.68181818181818
728,92,820,0.12637362637362637
14,511,525,36.5
28,170,198,6.071428571428571
50,421,471,8.42
67,359,426,5.358208955223881
758,260,1018,0.34300791556728233
84,38,122,0.4523809523809524
19,148,167,7.7894736842105265
22,85,107,3.8636363636363638
2833,195,3028,0.06883162725026473
25,533,558,21.32
10,194,204,19.4
117,339,456,2.8974358974358974
19,15,34,0.7894736842105263
24,179,203,7.458333333333333
31,237,268,7.645161290322581
103,11,114,0.10679611650485436
83,548,631,6.602409638554217
25,38,63,1.52
260,6,266,0.023076923076923078
27,483,510,17.88888888888889
72,693,765,9.625
34,746,780,21.941176470588236
278,825,1103,2.9676258992805757
19,393,412,20.68421052631579
64,178,242,2.78125
20,184,204,9.2
85,124,209,1.4588235294117646
2,11,13,5.5
16,340,356,21.25
9,254,263,28.22222222222222
32,346,378,10.8125
505,284,789,0.5623762376237624
11,296,307,26.90909090909091
276,485,761,1.7572463768115942
6,200,206,33.333333333333336
323,419,742,1.2972136222910218
74,480,554,6.486486486486487
908,980,1888,1.079295154185022
42,47,89,1.119047619047619
18,515,533,28.61111111111111
35,752,787,21.485714285714284
20,218,238,10.9
3020,220,3240,0.0728476821192053
1811,817,2628,0.451131971286582
102,55,157,0.5392156862745098
101,572,673,5.663366336633663
3028,301,3329,0.09940554821664464
26,1268,1294,48.76923076923077
108,109,217,1.0092592592592593
128,308,436,2.40625
37,155,192,4.1891891891891895
56,149,205,2.6607142857142856
183,582,765,3.180327868852459
819,159,978,0.19413919413919414
38,621,659,16.342105263157894
3505,130,3635,0.037089871611982884
200,540,740,2.7
7,427,434,61.0
761,366,1127,0.480946123521682
9,236,245,26.22222222222222
21,241,262,11.476190476190476
634,954,1588,1.5047318611987381
2,11,13,5.5
21,387,408,18.428571428571427
14,197,211,14.071428571428571
226,166,392,0.7345132743362832
68,39,107,0.5735294117647058
48,296,344,6.166666666666667
29,246,275,8.482758620689655
68,39,107,0.5735294117647058
129,40,169,0.31007751937984496
10,227,237,22.7
26,339,365,13.038461538461538
27,767,794,28.40740740740741
55,45,100,0.8181818181818182
106,306,412,2.8867924528301887
594,420,1014,0.7070707070707071
19,147,166,7.7368421052631575
1251,114,1365,0.09112709832134293
53,22,75,0.41509433962264153
1958,255,2213,0.1302349336057201
7,212,219,30.285714285714285
14,296,310,21.142857142857142
19,160,179,8.421052631578947
40,49,89,1.225
9,783,792,87.0
27,30,57,1.1111111111111112
38,681,719,17.92105263157895
1172,96,1268,0.08191126279863481
2988,1020,4008,0.3413654618473896
1466,5,1471,0.0034106412005457027
8,356,364,44.5
22,147,169,6.681818181818182
408,710,1118,1.7401960784313726
10,25,35,2.5
14,294,308,21.0
25,161,186,6.44
9,270,279,30.0
944,708,1652,0.75
9,21,30,2.3333333333333335
9,342,351,38.0
24,305,329,12.708333333333334
88,319,407,3.625
13,115,128,8.846153846153847
8,101,109,12.625
839,941,1780,1.1215733015494636
9,25,34,2.7777777777777777
54,20,74,0.37037037037037035
55,277,332,5.036363636363636
86,373,459,4.337209302325581
24,414,438,17.25
1004,264,1268,0.26294820717131473
3,330,333,110.0
14,244,258,17.428571428571427
26,5,31,0.19230769230769232
26,476,502,18.307692307692307
18,686,704,38.111111111111114
27,300,327,11.11111111111111
31,269,300,8.67741935483871
17,14,31,0.8235294117647058
644,33,677,0.05124223602484472
159,376,535,2.3647798742138364
11,274,285,24.90909090909091
9,125,134,13.88888888888889
184,8,192,0.043478260869565216
24,291,315,12.125
263,178,441,0.6768060836501901
18,827,845,45.94444444444444
75,1012,1087,13.493333333333334
15,96,111,6.4
10,318,328,31.8
293,101,394,0.3447098976109215
9,418,427,46.44444444444444
53,418,471,7.886792452830188
53,641,694,12.09433962264151
77,783,860,10.168831168831169
190,135,325,0.7105263157894737
266,165,431,0.6203007518796992
3784,211,3995,0.05576109936575053
8,32,40,4.0
634,280,914,0.4416403785488959
170,766,936,4.5058823529411764
698,824,1522,1.180515759312321
18,421,439,23.38888888888889
3,41,44,13.666666666666666
83,530,613,6.385542168674699
22,322,344,14.636363636363637
8,117,125,14.625
18,145,163,8.055555555555555
12,601,613,50.083333333333336
24,684,708,28.5
29,241,270,8.310344827586206
25,270,295,10.8
193,216,409,1.1191709844559585
220,754,974,3.4272727272727272
18,484,502,26.88888888888889
2088,23,2111,0.011015325670498084
851,1202,2053,1.4124559341950647
24,56,80,2.3333333333333335
15,334,349,22.266666666666666
1335,582,1917,0.43595505617977526
142,902,1044,6.352112676056338
25,263,288,10.52
1607,603,2210,0.37523335407591785
18,415,433,23.055555555555557
87,149,236,1.7126436781609196
2,11,13,5.5
27,544,571,20.14814814814815
15,252,267,16.8
169,447,616,2.6449704142011834
16,257,273,16.0625
148,560,708,3.7837837837837838
52,120,172,2.3076923076923075
20,375,395,18.75
9,423,432,47.0
1409,238,1647,0.16891412349183818
21,30,51,1.4285714285714286
173,100,273,0.5780346820809249
30,112,142,3.7333333333333334
3,12,15,4.0
1309,8,1317,0.006111535523300229
39,292,331,7.487179487179487
39,185,224,4.743589743589744
2314,57,2371,0.024632670700086432
73,99,172,1.356164383561644
10,104,114,10.4
19,316,335,16.63157894736842
133,211,344,1.586466165413534
16,88,104,5.5
15,232,247,15.466666666666667
3,11,14,3.6666666666666665
1134,550,1684,0.48500881834215165
35,35,70,1.0
60,362,422,6.033333333333333
82,204,286,2.4878048780487805
3,364,367,121.33333333333333
15,97,112,6.466666666666667
16,370,386,23.125
17,332,349,19.529411764705884
1083,665,1748,0.6140350877192983
707,23,730,0.03253182461103253
59,401,460,6.796610169491525
436,374,810,0.8577981651376146
9,182,191,20.22222222222222
11,383,394,34.81818181818182
12,123,135,10.25
12,348,360,29.0
16,236,252,14.75
30,146,176,4.866666666666666
621,603,1224,0.9710144927536232
12,313,325,26.083333333333332
32,320,352,10.0
16,70,86,4.375
140,170,310,1.2142857142857142
1177,12,1189,0.010195412064570943
126,585,711,4.642857142857143
34,349,383,10.264705882352942
4,320,324,80.0
2,117,119,58.5
22,148,170,6.7272727272727275
12,348,360,29.0
18,321,339,17.833333333333332
30,572,602,19.066666666666666
1855,187,2042,0.10080862533692722
1547,1072,2619,0.6929541047188106
14,270,284,19.285714285714285
10,326,336,32.6
46,44,90,0.9565217391304348
33,408,441,12.363636363636363
41,805,846,19.634146341463413
8,276,284,34.5
2348,16,2364,0.0068143100511073255
13,5,18,0.38461538461538464
31,354,385,11.419354838709678
27,276,303,10.222222222222221
243,466,709,1.9176954732510287
49,261,310,5.326530612244898
21,295,316,14.047619047619047
22,526,548,23.90909090909091
9,346,355,38.44444444444444
9,497,506,55.22222222222222
108,273,381,2.5277777777777777
8,579,587,72.375
21,109,130,5.190476190476191
40,235,275,5.875
7,23,30,3.2857142857142856
950,141,1091,0.14842105263157895
19,60,79,3.1578947368421053
124,518,642,4.17741935483871
37,63,100,1.7027027027027026
31,351,382,11.32258064516129
32,403,435,12.59375
40,578,618,14.45
18,118,136,6.555555555555555
213,296,509,1.3896713615023475
372,211,583,0.5672043010752689
117,160,277,1.3675213675213675
13,71,84,5.461538461538462
1636,943,2579,0.5764058679706602
222,400,622,1.8018018018018018
28,288,316,10.285714285714286
101,422,523,4.178217821782178
10,185,195,18.5
7,117,124,16.714285714285715
37,313,350,8.45945945945946
24,395,419,16.458333333333332
500,10,510,0.02
24,588,612,24.5
3299,287,3586,0.08699605941194301
6,213,219,35.5
25,206,231,8.24
421,908,1329,2.156769596199525
19,373,392,19.63157894736842
377,409,786,1.0848806366047745
23,338,361,14.695652173913043
3084,993,4077,0.3219844357976654
2360,291,2651,0.12330508474576271
91,512,603,5.626373626373627
79,245,324,3.1012658227848102
90,73,163,0.8111111111111111
7,488,495,69.71428571428571
4,178,182,44.5
183,228,411,1.2459016393442623
10,387,397,38.7
95,520,615,5.473684210526316
89,582,671,6.53932584269663
255,223,478,0.8745098039215686
127,666,793,5.244094488188976
40,407,447,10.175
22,549,571,24.954545454545453
1322,841,2163,0.6361573373676248
10,145,155,14.5
57,498,555,8.736842105263158
13,438,451,33.69230769230769
18,538,556,29.88888888888889
41,229,270,5.585365853658536
1502,126,1628,0.08388814913448735
12,344,356,28.666666666666668
51,120,171,2.3529411764705883
6,168,174,28.0
200,159,359,0.795
15,343,358,22.866666666666667
19,394,413,20.736842105263158
272,107,379,0.39338235294117646
36,280,316,7.777777777777778
9,340,349,37.77777777777778
895,616,1511,0.6882681564245811
19,286,305,15.052631578947368
6,398,404,66.33333333333333
1391,39,1430,0.028037383177570093
25,370,395,14.8
27,392,419,14.518518518518519
34,319,353,9.382352941176471
44,44,88,1.0
3421,160,3581,0.0467699503069278
9,121,130,13.444444444444445
103,632,735,6.135922330097087
261,445,706,1.7049808429118773
379,179,558,0.47229551451187335
2955,240,3195,0.08121827411167512
60,377,437,6.283333333333333
205,405,610,1.975609756097561
20,487,507,24.35
137,273,410,1.9927007299270072
20,473,493,23.65
217,208,425,0.9585253456221198
76,23,99,0.3026315789473684
30,316,346,10.533333333333333
138,157,295,1.1376811594202898
178,446,624,2.50561797752809
11,307,318,27.90909090909091
6,150,156,25.0
19,488,507,25.68421052631579
25,262,287,10.48
24,237,261,9.875
2331,152,2483,0.06520806520806521
18,91,109,5.055555555555555
24,240,264,10.0
42,371,413,8.833333333333334
161,108,269,0.6708074534161491
651,1003,1654,1.5407066052227343
18,218,236,12.11111111111111
1093,748,1841,0.6843549862763038
23,477,500,20.73913043478261
635,6,641,0.009448818897637795
20,22,42,1.1
1548,8,1556,0.00516795865633075
14,113,127,8.071428571428571
18,282,300,15.666666666666666
2086,260,2346,0.12464046021093
102,20,122,0.19607843137254902
32,552,584,17.25
17,46,63,2.7058823529411766
48,185,233,3.8541666666666665
16,267,283,16.6875
68,800,868,11.764705882352942
86,223,309,2.5930232558139537
217,375,592,1.728110599078341
21,21,42,1.0
96,321,417,3.34375
15,1039,1054,69.26666666666667
68,269,337,3.9558823529411766
23,11,34,0.4782608695652174
166,6,172,0.03614457831325301
2332,957,3289,0.41037735849056606
15,780,795,52.0
23,292,315,12.695652173913043
134,548,682,4.08955223880597
86,321,407,3.7325581395348837
16,39,55,2.4375
81,358,439,4.419753086419753
19,154,173,8.105263157894736
18,159,177,8.833333333333334
15,191,206,12.733333333333333
251,268,519,1.0677290836653386
36,30,66,0.8333333333333334
178,957,1135,5.376404494382022
19,434,453,22.842105263157894
20,265,285,13.25
57,477,534,8.368421052631579
370,339,709,0.9162162162162162
14,75,89,5.357142857142857
2569,125,2694,0.04865706500583885
12,147,159,12.25
215,167,382,0.7767441860465116
1375,387,1762,0.28145454545454546
2471,656,3127,0.26547956292998787
17,124,141,7.294117647058823
181,411,592,2.270718232044199
4,123,127,30.75
1965,757,2722,0.3852417302798982
5,56,61,11.2
6,36,42,6.0
17,48,65,2.823529411764706
304,108,412,0.35526315789473684
2275,180,2455,0.07912087912087912
65,462,527,7.107692307692307
13,26,39,2.0
71,212,283,2.9859154929577465
18,335,353,18.61111111111111
73,532,605,7.287671232876712
16,164,180,10.25
64,57,121,0.890625
36,645,681,17.916666666666668
2554,223,2777,0.08731401722787784
11,535,546,48.63636363636363
108,71,179,0.6574074074074074
69,564,633,8.173913043478262
123,706,829,5.739837398373984
21,228,249,10.857142857142858
241,505,746,2.095435684647303
78,476,554,6.102564102564102
55,800,855,14.545454545454545
28,1001,1029,35.75
99,289,388,2.919191919191919
1528,388,1916,0.25392670157068065
85,68,153,0.8
15,50,65,3.3333333333333335
142,566,708,3.9859154929577465
46,536,582,11.652173913043478
15,289,304,19.266666666666666
13,111,124,8.538461538461538
11,295,306,26.818181818181817
24,467,491,19.458333333333332
12,392,404,32.666666666666664
30,146,176,4.866666666666666
150,418,568,2.7866666666666666
588,501,1089,0.8520408163265306
70,985,1055,14.071428571428571
2,11,13,5.5
3205,138,3343,0.043057722308892356
23,231,254,10.043478260869565
15,859,874,57.266666666666666
60,29,89,0.48333333333333334
782,304,1086,0.3887468030690537
4,315,319,78.75
3395,507,3902,0.14933726067746686
74,929,1003,12.554054054054054
8,75,83,9.375
65,363,428,5.584615384615384
100,674,774,6.74
25,243,268,9.72
24,532,556,22.166666666666668
16,462,478,28.875
24,528,552,22.0
182,359,541,1.9725274725274726
32,85,117,2.65625
22,22,44,1.0
41,25,66,0.6097560975609756
127,38,165,0.2992125984251969
116,230,346,1.9827586206896552
23,77,100,3.347826086956522
25,259,284,10.36
352,524,876,1.4886363636363635
9,142,151,15.777777777777779
10,19,29,1.9
24,694,718,28.916666666666668
27,360,387,13.333333333333334
141,885,1026,6.276595744680851
10,458,468,45.8
206,130,336,0.6310679611650486
713,161,874,0.22580645161290322
982,94,1076,0.09572301425661914
22,114,136,5.181818181818182
35,161,196,4.6
210,149,359,0.7095238095238096
10,228,238,22.8
10,171,181,17.1
791,520,1311,0.6573957016434893
18,11,29,0.6111111111111112
364,78,442,0.21428571428571427
16,458,474,28.625
23,147,170,6.391304347826087
22,491,513,22.318181818181817
483,462,945,0.9565217391304348
6,226,232,37.666666666666664
26,370,396,14.23076923076923
736,281,1017,0.38179347826086957
20,344,364,17.2
57,227,284,3.982456140350877
147,366,513,2.489795918367347
27,464,491,17.185185185185187
73,390,463,5.342465753424658
115,318,433,2.765217391304348
6,21,27,3.5
16,593,609,37.0625
206,83,289,0.4029126213592233
8,96,104,12.0
22,322,344,14.636363636363637
42,52,94,1.2380952380952381
135,659,794,4.881481481481481
10,271,281,27.1
115,861,976,7.48695652173913
21,187,208,8.904761904761905
287,5,292,0.017421602787456445
52,780,832,15.0
287,381,668,1.3275261324041812
1247,882,2129,0.7072975140336808
7,17,24,2.4285714285714284
20,304,324,15.2
14,471,485,33.642857142857146
505,399,904,0.7900990099009901
20,372,392,18.6
31,163,194,5.258064516129032
31,238,269,7.67741935483871
9,748,757,83.11111111111111
417,288,705,0.6906474820143885
699,1020,1719,1.4592274678111588
305,258,563,0.8459016393442623
21,365,386,17.38095238095238
25,524,549,20.96
20,66,86,3.3
16,69,85,4.3125
12,132,144,11.0
23,137,160,5.956521739130435
5,582,587,116.4
21,283,304,13.476190476190476
185,141,326,0.7621621621621621
9,111,120,12.333333333333334
82,412,494,5.024390243902439
31,67,98,2.161290322580645
31,321,352,10.35483870967742
19,149,168,7.842105263157895
12,253,265,21.083333333333332
32,151,183,4.71875
12,12,24,1.0
57,592,649,10.385964912280702
55,35,90,0.6363636363636364
268,801,1069,2.9888059701492535
66,495,561,7.5
125,103,228,0.824
7,218,225,31.142857142857142
1225,241,1466,0.19673469387755102
89,140,229,1.5730337078651686
118,146,264,1.2372881355932204
13,210,223,16.153846153846153
33,129,162,3.909090909090909
36,413,449,11.472222222222221
20,290,310,14.5
362,8,370,0.022099447513812154
9,53,62,5.888888888888889
509,307,816,0.6031434184675835
52,898,950,17.26923076923077
127,869,996,6.84251968503937
29,86,115,2.9655172413793105
29,602,631,20.75862068965517
30,460,490,15.333333333333334
386,368,754,0.9533678756476683
19,239,258,12.578947368421053
13,439,452,33.76923076923077
2734,654,3388,0.23920994879297733
3,12,15,4.0
17,213,230,12.529411764705882
14,536,550,38.285714285714285
510,136,646,0.26666666666666666
115,246,361,2.139130434782609
30,409,439,13.633333333333333
63,53,116,0.8412698412698413
10,283,293,28.3
12,70,82,5.833333333333333
22,717,739,32.59090909090909
2542,325,2867,0.12785208497246262
589,92,681,0.15619694397283532
8,311,319,38.875
53,256,309,4.830188679245283
4,23,27,5.75
83,74,157,0.891566265060241
14,289,303,20.642857142857142
1018,510,1528,0.5009823182711198
24,434,458,18.083333333333332
26,478,504,18.384615384615383
7,79,86,11.285714285714286
48,342,390,7.125
9,642,651,71.33333333333333
33,389,422,11.787878787878787
24,37,61,1.5416666666666667
82,204,286,2.4878048780487805
19,15,34,0.7894736842105263
1208,270,1478,0.22350993377483444
2101,564,2665,0.26844359828653025
295,8,303,0.02711864406779661
805,23,828,0.02857142857142857
19,444,463,23.36842105263158
14,77,91,5.5
1377,41,1418,0.029774872912127815
2552,200,2752,0.07836990595611286
34,31,65,0.9117647058823529
13,232,245,17.846153846153847
107,213,320,1.9906542056074767
91,406,497,4.461538461538462
7,207,214,29.571428571428573
106,306,412,2.8867924528301887
31,772,803,24.903225806451612
123,401,524,3.2601626016260163
57,711,768,12.473684210526315
17,116,133,6.823529411764706
18,331,349,18.38888888888889
41,479,520,11.682926829268293
296,25,321,0.08445945945945946
40,187,227,4.675
1606,475,2081,0.2957658779576588
27,652,679,24.14814814814815
16,17,33,1.0625
13,127,140,9.76923076923077
1045,1018,2063,0.9741626794258373
19,151,170,7.947368421052632
59,247,306,4.186440677966102
12,446,458,37.166666666666664
56,272,328,4.857142857142857
204,321,525,1.5735294117647058
30,136,166,4.533333333333333
142,269,411,1.8943661971830985
18,108,126,6.0
486,615,1101,1.2654320987654322
91,65,156,0.7142857142857143
26,38,64,1.4615384615384615
971,889,1860,0.9155509783728115
370,586,956,1.5837837837837838
287,232,519,0.8083623693379791
32,542,574,16.9375
313,52,365,0.16613418530351437
6,15,21,2.5
9,173,182,19.22222222222222
60,35,95,0.5833333333333334
20,521,541,26.05
5,56,61,11.2
11,294,305,26.727272727272727
1547,124,1671,0.0801551389786684
434,137,571,0.315668202764977
54,140,194,2.5925925925925926
22,315,337,14.318181818181818
2142,35,2177,0.016339869281045753
54,522,576,9.666666666666666
900,33,933,0.03666666666666667
15,103,118,6.866666666666666
2,417,419,208.5
20,249,269,12.45
22,313,335,14.227272727272727
631,769,1400,1.2187004754358162
159,265,424,1.6666666666666667
14,309,323,22.071428571428573
17,380,397,22.352941176470587
14,250,264,17.857142857142858
19,418,437,22.0
47,366,413,7.787234042553192
7,65,72,9.285714285714286
8,131,139,16.375
22,357,379,16.227272727272727
115,405,520,3.5217391304347827
1107,793,1900,0.7163504968383018
19,805,824,42.36842105263158
111,682,793,6.1441441441441444
2,24,26,12.0
12,920,932,76.66666666666667
44,325,369,7.386363636363637
17,234,251,13.764705882352942
15,274,289,18.266666666666666
20,519,539,25.95
7,63,70,9.0
113,545,658,4.823008849557522
322,154,476,0.4782608695652174
53,274,327,5.169811320754717
69,691,760,10.014492753623188
12,370,382,30.833333333333332
9,292,301,32.44444444444444
340,132,472,0.38823529411764707
88,405,493,4.6022727272727275
121,311,432,2.5702479338842976
262,111,373,0.42366412213740456
62,463,525,7.467741935483871
2,11,13,5.5
62,612,674,9.870967741935484
31,416,447,13.419354838709678
39,933,972,23.923076923076923
831,145,976,0.17448856799037304
28,54,82,1.9285714285714286
15,439,454,29.266666666666666
41,867,908,21.146341463414632
55,190,245,3.4545454545454546
29,683,712,23.551724137931036
20,487,507,24.35
23,426,449,18.52173913043478
27,515,542,19.074074074074073
29,218,247,7.517241379310345
297,690,987,2.323232323232323
139,605,744,4.35251798561151
50,299,349,5.98
7,119,126,17.0
118,835,953,7.076271186440678
8,174,182,21.75
511,851,1362,1.6653620352250489
10,131,141,13.1
4,11,15,2.75
496,139,635,0.28024193548387094
21,165,186,7.857142857142857
820,345,1165,0.42073170731707316
1110,200,1310,0.18018018018018017
31,335,366,10.806451612903226
177,101,278,0.5706214689265536
2573,377,2950,0.14652157015157405
771,379,1150,0.4915693904020752
2,277,279,138.5
15,567,582,37.8
259,402,661,1.5521235521235521
40,422,462,10.55
20,457,477,22.85
305,297,602,0.9737704918032787
28,340,368,12.142857142857142
7,25,32,3.5714285714285716
25,266,291,10.64
12,301,313,25.083333333333332
23,355,378,15.434782608695652
12,435,447,36.25
31,71,102,2.2903225806451615
21,148,169,7.0476190476190474
19,447,466,23.526315789473685
70,228,298,3.257142857142857
7,262,269,37.42857142857143
867,804,1671,0.9273356401384083
120,1005,1125,8.375
121,126,247,1.0413223140495869
7,162,169,23.142857142857142
195,329,524,1.6871794871794872
360,260,620,0.7222222222222222
21,257,278,12.238095238095237
834,5,839,0.005995203836930456
365,361,726,0.989041095890411
13,228,241,17.53846153846154
310,375,685,1.2096774193548387
2,11,13,5.5
44,62,106,1.4090909090909092
17,373,390,21.941176470588236
53,339,392,6.39622641509434
315,612,927,1.9428571428571428
74,67,141,0.9054054054054054
10,334,344,33.4
3,12,15,4.0
25,253,278,10.12
34,494,528,14.529411764705882
13,120,133,9.23076923076923
13,333,346,25.615384615384617
130,265,395,2.0384615384615383
35,330,365,9.428571428571429
1363,771,2134,0.5656639765223771
1198,1019,2217,0.8505843071786311
20,263,283,13.15
14,357,371,25.5
13,888,901,68.3076923076923
4,12,16,3.0
34,772,806,22.705882352941178
6,46,52,7.666666666666667
9,5,14,0.5555555555555556
47,458,505,9.74468085106383
13,723,736,55.61538461538461
47,319,366,6.787234042553192
24,234,258,9.75
35,66,101,1.8857142857142857
635,778,1413,1.2251968503937007
15,277,292,18.466666666666665
11,307,318,27.90909090909091
14,323,337,23.071428571428573
618,205,823,0.33171521035598706
319,343,662,1.0752351097178683
388,313,701,0.8067010309278351
918,15,933,0.016339869281045753
16,178,194,11.125
186,498,684,2.6774193548387095
36,268,304,7.444444444444445
273,870,1143,3.1868131868131866
3,103,106,34.333333333333336
20,176,196,8.8
2030,298,2328,0.14679802955665025
167,509,676,3.0479041916167664
11,636,647,57.81818181818182
19,308,327,16.210526315789473
6,92,98,15.333333333333334
171,239,410,1.3976608187134503
34,453,487,13.323529411764707
35,358,393,10.228571428571428
7,161,168,23.0
1116,1044,2160,0.9354838709677419
191,293,484,1.5340314136125655
34,669,703,19.676470588235293
6,717,723,119.5
43,503,546,11.69767441860465
39,459,498,11.76923076923077
10,103,113,10.3
38,517,555,13.605263157894736
26,302,328,11.615384615384615
26,381,407,14.653846153846153
27,493,520,18.25925925925926
109,654,763,6.0
69,255,324,3.6956521739130435
2,11,13,5.5
22,360,382,16.363636363636363
11,431,442,39.18181818181818
14,238,252,17.0
146,299,445,2.047945205479452
587,354,941,0.6030664395229983
2,11,13,5.5
19,264,283,13.894736842105264
1407,32,1439,0.022743425728500355
50,559,609,11.18
1218,5,1223,0.004105090311986864
12,83,95,6.916666666666667
37,352,389,9.513513513513514
8,131,139,16.375
29,315,344,10.862068965517242
61,88,149,1.4426229508196722
6,59,65,9.833333333333334
12,223,235,18.583333333333332
54,364,418,6.7407407407407405
31,282,313,9.096774193548388
36,287,323,7.972222222222222
6,58,64,9.666666666666666
31,120,151,3.870967741935484
2,11,13,5.5
8,167,175,20.875
43,822,865,19.11627906976744
99,156,255,1.5757575757575757
187,620,807,3.3155080213903743
20,491,511,24.55
10,89,99,8.9
13,413,426,31.76923076923077
16,124,140,7.75
6,66,72,11.0
35,299,334,8.542857142857143
18,602,620,33.44444444444444
114,185,299,1.6228070175438596
183,233,416,1.273224043715847
63,478,541,7.587301587301587
30,12,42,0.4
80,664,744,8.3
58,18,76,0.3103448275862069
46,386,432,8.391304347826088
25,287,312,11.48
95,171,266,1.8
72,69,141,0.9583333333333334
6,18,24,3.0
11,333,344,30.272727272727273
7,297,304,42.42857142857143
18,35,53,1.9444444444444444
37,256,293,6.918918918918919
107,344,451,3.2149532710280373
142,26,168,0.18309859154929578
421,385,806,0.9144893111638955
44,340,384,7.7272727272727275
421,378,799,0.8978622327790974
62,767,829,12.370967741935484
320,288,608,0.9
21,419,440,19.952380952380953
277,57,334,0.20577617328519857
12,87,99,7.25
15,50,65,3.3333333333333335
70,230,300,3.2857142857142856
22,339,361,15.409090909090908
12,769,781,64.08333333333333
100,678,778,6.78
15,263,278,17.533333333333335
67,158,225,2.3582089552238807
9,71,80,7.888888888888889
98,929,1027,9.479591836734693
7,412,419,58.857142857142854
727,35,762,0.048143053645116916
20,407,427,20.35
10,123,133,12.3
233,260,493,1.1158798283261802
25,294,319,11.76
312,622,934,1.9935897435897436
22,344,366,15.636363636363637
43,231,274,5.372093023255814
15,407,422,27.133333333333333
10,259,269,25.9
2616,227,2843,0.0867737003058104
1277,156,1433,0.12216131558339859
19,26,45,1.368421052631579
10,102,112,10.2
26,46,72,1.7692307692307692
26,146,172,5.615384615384615
11,28,39,2.5454545454545454
8,243,251,30.375
2246,210,2456,0.09349955476402494
29,661,690,22.79310344827586
797,67,864,0.08406524466750313
7,19,26,2.7142857142857144
69,98,167,1.4202898550724639
26,215,241,8.26923076923077
47,479,526,10.191489361702128
27,331,358,12.25925925925926
71,447,518,6.295774647887324
3205,33,3238,0.01029641185647426
14,24,38,1.7142857142857142
19,838,857,44.10526315789474
21,68,89,3.238095238095238
43,131,174,3.046511627906977
24,429,453,17.875
7,451,458,64.42857142857143
81,857,938,10.580246913580247
582,809,1391,1.3900343642611683
124,220,344,1.7741935483870968
38,261,299,6.868421052631579
443,742,1185,1.674943566591422
12,289,301,24.083333333333332
64,36,100,0.5625
320,294,614,0.91875
137,246,383,1.7956204379562044
12,292,304,24.333333333333332
2,58,60,29.0
6,175,181,29.166666666666668
7,276,283,39.42857142857143
83,45,128,0.5421686746987951
23,104,127,4.521739130434782
344,567,911,1.6482558139534884
14,159,173,11.357142857142858
18,42,60,2.3333333333333335
26,74,100,2.8461538461538463
25,70,95,2.8
19,285,304,15.0
242,93,335,0.384297520661157
1553,390,1943,0.2511268512556343
19,97,116,5.105263157894737
37,256,293,6.918918918918919
1341,316,1657,0.23564504101416853
69,290,359,4.202898550724638
21,428,449,20.38095238095238
1453,360,1813,0.2477632484514797
1636,628,2264,0.38386308068459657
115,954,1069,8.295652173913043
151,122,273,0.8079470198675497
13,39,52,3.0
24,395,419,16.458333333333332
465,817,1282,1.756989247311828
11,445,456,40.45454545454545
18,586,604,32.55555555555556
18,63,81,3.5
38,757,795,19.92105263157895
46,410,456,8.91304347826087
18,297,315,16.5
124,220,344,1.7741935483870968
17,458,475,26.941176470588236
12,98,110,8.166666666666666
28,455,483,16.25
19,392,411,20.63157894736842
36,319,355,8.86111111111111
29,572,601,19.724137931034484
62,167,229,2.693548387096774
65,196,261,3.0153846153846153
384,627,1011,1.6328125
53,937,990,17.67924528301887
14,196,210,14.0
1117,486,1603,0.4350940017905103
50,75,125,1.5
9,323,332,35.888888888888886
10,177,187,17.7
184,86,270,0.4673913043478261
17,254,271,14.941176470588236
58,42,100,0.7241379310344828
1074,737,1811,0.686219739292365
45,412,457,9.155555555555555
28,409,437,14.607142857142858
91,688,779,7.56043956043956
168,172,340,1.0238095238095237
1393,148,1541,0.10624551328068917
415,664,1079,1.6
216,126,342,0.5833333333333334
35,317,352,9.057142857142857
7,432,439,61.714285714285715
31,35,66,1.1290322580645162
27,333,360,12.333333333333334
15,307,322,20.466666666666665
9,125,134,13.88888888888889
7,207,214,29.571428571428573
14,125,139,8.928571428571429
97,535,632,5.515463917525773
10,131,141,13.1
19,605,624,31.842105263157894
33,251,284,7.606060606060606
29,744,773,25.655172413793103
178,163,341,0.9157303370786517
12,343,355,28.583333333333332
2554,208,2762,0.08144087705559906
132,808,940,6.121212121212121
9,375,384,41.666666666666664
41,434,475,10.585365853658537
13,363,376,27.923076923076923
439,772,1211,1.7585421412300684
284,38,322,0.13380281690140844
29,194,223,6.689655172413793
15,292,307,19.466666666666665
40,359,399,8.975
35,23,58,0.6571428571428571
17,238,255,14.0
2084,45,2129,0.021593090211132437
1017,437,1454,0.4296951819075713
133,212,345,1.593984962406015
17,157,174,9.235294117647058
103,860,963,8.349514563106796
18,372,390,20.666666666666668
1223,748,1971,0.6116107931316435
17,268,285,15.764705882352942
3,11,14,3.6666666666666665
19,267,286,14.052631578947368
242,442,684,1.8264462809917354
39,226,265,5.794871794871795
25,315,340,12.6
23,408,431,17.73913043478261
27,382,409,14.148148148148149
353,272,625,0.7705382436260623
576,8,584,0.013888888888888888
792,48,840,0.06060606060606061
86,511,597,5.941860465116279
1053,556,1609,0.5280151946818613
734,579,1313,0.7888283378746594
35,258,293,7.371428571428571
8,33,41,4.125
17,659,676,38.76470588235294
233,383,616,1.6437768240343347
13,236,249,18.153846153846153
431,431,862,1.0
15,291,306,19.4
27,159,186,5.888888888888889
21,30,51,1.4285714285714286
16,333,349,20.8125
30,342,372,11.4
8,344,352,43.0
18,51,69,2.8333333333333335
834,38,872,0.045563549160671464
5,235,240,47.0
17,189,206,11.117647058823529
37,317,354,8.567567567567568
2,11,13,5.5
10,587,597,58.7
12,543,555,45.25
21,443,464,21.095238095238095
282,261,543,0.925531914893617
100,31,131,0.31
78,779,857,9.987179487179487
12,613,625,51.083333333333336
33,723,756,21.90909090909091
6,215,221,35.833333333333336
615,120,735,0.1951219512195122
43,460,503,10.69767441860465
41,31,72,0.7560975609756098
17,817,834,48.05882352941177
12,133,145,11.083333333333334
49,453,502,9.244897959183673
83,194,277,2.3373493975903616
12,147,159,12.25
14,270,284,19.285714285714285
8,281,289,35.125
15,358,373,23.866666666666667
5,343,348,68.6
76,28,104,0.3684210526315789
8,35,43,4.375
8,266,274,33.25
68,767,835,11.279411764705882
51,62,113,1.2156862745098038
8,140,148,17.5
53,60,113,1.1320754716981132
60,762,822,12.7
136,418,554,3.073529411764706
786,299,1085,0.38040712468193383
421,81,502,0.19239904988123516
10,32,42,3.2
44,338,382,7.681818181818182
1046,589,1635,0.5630975143403442
134,70,204,0.5223880597014925
17,339,356,19.941176470588236
33,743,776,22.515151515151516
14,302,316,21.571428571428573
23,211,234,9.173913043478262
6,103,109,17.166666666666668
464,721,1185,1.5538793103448276
23,355,378,15.434782608695652
88,5,93,0.056818181818181816
27,621,648,23.0
1044,605,1649,0.5795019157088123
1458,286,1744,0.19615912208504802
2,11,13,5.5
31,657,688,21.193548387096776
72,120,192,1.6666666666666667
19,811,830,42.68421052631579
795,424,1219,0.5333333333333333
5,27,32,5.4
12,296,308,24.666666666666668
31,25,56,0.8064516129032258
245,636,881,2.595918367346939
542,267,809,0.492619926199262
1703,36,1739,0.021139166177334117
7,231,238,33.0
13,290,303,22.307692307692307
19,257,276,13.526315789473685
108,448,556,4.148148148148148
324,264,588,0.8148148148148148
295,8,303,0.02711864406779661
77,533,610,6.922077922077922
20,131,151,6.55
1815,407,2222,0.22424242424242424
8,97,105,12.125
7,283,290,40.42857142857143
10,176,186,17.6
18,351,369,19.5
20,972,992,48.6
621,603,1224,0.9710144927536232
26,313,339,12.038461538461538
21,139,160,6.619047619047619
24,222,246,9.25
9,217,226,24.11111111111111
48,338,386,7.041666666666667
12,305,317,25.416666666666668
24,396,420,16.5
82,204,286,2.4878048780487805
18,278,296,15.444444444444445
78,509,587,6.5256410256410255
23,281,304,12.217391304347826
156,460,616,2.948717948717949
62,120,182,1.935483870967742
44,208,252,4.7272727272727275
207,5,212,0.024154589371980676
2991,837,3828,0.279839518555667
66,104,170,1.5757575757575757
40,336,376,8.4
43,554,597,12.883720930232558
132,465,597,3.522727272727273
142,645,787,4.542253521126761
68,312,380,4.588235294117647
52,583,635,11.211538461538462
32,71,103,2.21875
29,284,313,9.793103448275861
322,404,726,1.2546583850931676
11,335,346,30.454545454545453
36,410,446,11.38888888888889
1158,379,1537,0.32728842832469773
22,675,697,30.681818181818183
77,298,375,3.8701298701298703
12,213,225,17.75
127,74,201,0.5826771653543307
53,623,676,11.754716981132075
2,12,14,6.0
14,315,329,22.5
91,142,233,1.5604395604395604
22,104,126,4.7272727272727275
7,212,219,30.285714285714285
38,496,534,13.052631578947368
14,275,289,19.642857142857142
7,218,225,31.142857142857142
568,313,881,0.551056338028169
20,281,301,14.05
29,34,63,1.1724137931034482
111,152,263,1.3693693693693694
53,34,87,0.6415094339622641
80,417,497,5.2125
83,12,95,0.14457831325301204
9,5,14,0.5555555555555556
3165,356,3521,0.11248025276461296
3,37,40,12.333333333333334
17,55,72,3.235294117647059
34,239,273,7.029411764705882
887,345,1232,0.38895152198421645
141,483,624,3.425531914893617
117,570,687,4.871794871794871
12,157,169,13.083333333333334
13,402,415,30.923076923076923
12,92,104,7.666666666666667
1280,730,2010,0.5703125
34,43,77,1.2647058823529411
13,283,296,21.76923076923077
2363,781,3144,0.3305120609394837
23,468,491,20.347826086956523
308,119,427,0.38636363636363635
10,322,332,32.2
33,151,184,4.575757575757576
8,25,33,3.125
21,282,303,13.428571428571429
31,695,726,22.419354838709676
23,246,269,10.695652173913043
3,11,14,3.6666666666666665
9,197,206,21.88888888888889
15,97,112,6.466666666666667
11,255,266,23.181818181818183
18,301,319,16.72222222222222
13,127,140,9.76923076923077
3016,29,3045,0.009615384615384616
287,233,520,0.8118466898954704
61,122,183,2.0
17,291,308,17.11764705882353
8,275,283,34.375
1973,209,2182,0.10593005575266093
56,52,108,0.9285714285714286
38,487,525,12.81578947368421
67,142,209,2.1194029850746268
11,699,710,63.54545454545455
837,428,1265,0.5113500597371565
27,227,254,8.407407407407407
1284,29,1313,0.022585669781931463
31,22,53,0.7096774193548387
12,252,264,21.0
1199,420,1619,0.3502919099249375
23,1024,1047,44.52173913043478
282,182,464,0.6453900709219859
925,273,1198,0.2951351351351351
397,99,496,0.24937027707808565
32,425,457,13.28125
1313,501,1814,0.38156892612338156
4,11,15,2.75
11,290,301,26.363636363636363
22,80,102,3.6363636363636362
156,388,544,2.4871794871794872
2,11,13,5.5
1451,924,2375,0.6368022053756031
20,66,86,3.3
29,360,389,12.413793103448276
2598,387,2985,0.1489607390300231
14,454,468,32.42857142857143
1498,51,1549,0.03404539385847797
1307,770,2077,0.5891354246365723
50,272,322,5.44
422,8,430,0.018957345971563982
277,287,564,1.036101083032491
27,18,45,0.6666666666666666
21,479,500,22.80952380952381
46,579,625,12.58695652173913
14,270,284,19.285714285714285
1707,179,1886,0.1048623315758641
18,577,595,32.05555555555556
73,312,385,4.273972602739726
113,331,444,2.9292035398230087
297,372,669,1.2525252525252526
26,573,599,22.03846153846154
709,252,961,0.3554301833568406
13,94,107,7.230769230769231
448,505,953,1.1272321428571428
35,400,435,11.428571428571429
24,134,158,5.583333333333333
76,333,409,4.381578947368421
6,129,135,21.5
80,142,222,1.775
9,86,95,9.555555555555555
20,246,266,12.3
329,35,364,0.10638297872340426
25,693,718,27.72
33,366,399,11.090909090909092
10,312,322,31.2
55,413,468,7.509090909090909
15,145,160,9.666666666666666
67,470,537,7.014925373134329
1206,421,1627,0.3490878938640133
776,222,998,0.2860824742268041
158,52,210,0.3291139240506329
258,578,836,2.24031007751938
3390,98,3488,0.028908554572271386
227,208,435,0.9162995594713657
41,392,433,9.560975609756097
38,4,42,0.10526315789473684
4,352,356,88.0
12,272,284,22.666666666666668
107,117,224,1.0934579439252337
177,170,347,0.96045197740113
894,422,1316,0.4720357941834452
21,342,363,16.285714285714285
22,368,390,16.727272727272727
13,269,282,20.692307692307693
12,510,522,42.5
38,528,566,13.894736842105264
49,293,342,5.979591836734694
81,537,618,6.62962962962963
808,267,1075,0.33044554455445546
16,106,122,6.625
27,38,65,1.4074074074074074
56,138,194,2.4642857142857144
29,404,433,13.931034482758621
16,204,220,12.75
111,523,634,4.711711711711712
15,772,787,51.46666666666667
99,894,993,9.030303030303031
120,718,838,5.983333333333333
18,25,43,1.3888888888888888
37,691,728,18.675675675675677
7,379,386,54.142857142857146
32,225,257,7.03125
18,469,487,26.055555555555557
4,386,390,96.5
475,180,655,0.37894736842105264
15,677,692,45.13333333333333
11,246,257,22.363636363636363
25,530,555,21.2
1074,737,1811,0.686219739292365
49,418,467,8.53061224489796
199,478,677,2.4020100502512562
20,391,411,19.55
77,112,189,1.4545454545454546
12,878,890,73.16666666666667
15,212,227,14.133333333333333
302,391,693,1.294701986754967
131,30,161,0.22900763358778625
29,394,423,13.586206896551724
49,598,647,12.204081632653061
1139,1087,2226,0.9543459174714662
16,139,155,8.6875
16,109,125,6.8125
12,590,602,49.166666666666664
8,35,43,4.375
225,491,716,2.1822222222222223
26,11,37,0.4230769230769231
1744,80,1824,0.045871559633027525
2,11,13,5.5
13,190,203,14.615384615384615
27,357,384,13.222222222222221
129,845,974,6.550387596899225
6,109,115,18.166666666666668
21,199,220,9.476190476190476
413,86,499,0.20823244552058112
13,417,430,32.07692307692308
14,400,414,28.571428571428573
332,137,469,0.4126506024096386
10,102,112,10.2
312,622,934,1.9935897435897436
206,83,289,0.4029126213592233
8,320,328,40.0
19,173,192,9.105263157894736
110,699,809,6.3545454545454545
10,305,315,30.5
10,274,284,27.4
21,142,163,6.761904761904762
42,518,560,12.333333333333334
17,14,31,0.8235294117647058
29,207,236,7.137931034482759
15,392,407,26.133333333333333
76,373,449,4.907894736842105
1935,655,2590,0.3385012919896641
9,322,331,35.77777777777778
131,96,227,0.732824427480916
28,756,784,27.0
17,561,578,33.0
65,749,814,11.523076923076923
57,560,617,9.824561403508772
14,393,407,28.071428571428573
9,186,195,20.666666666666668
32,392,424,12.25
15,497,512,33.13333333333333
39,39,78,1.0
10,43,53,4.3
25,306,331,12.24
13,119,132,9.153846153846153
21,168,189,8.0
16,229,245,14.3125
24,694,718,28.916666666666668
2,11,13,5.5
864,44,908,0.05092592592592592
12,85,97,7.083333333333333
58,109,167,1.8793103448275863
1335,471,1806,0.35280898876404493
204,941,1145,4.612745098039215
15,336,351,22.4
16,272,288,17.0
99,49,148,0.494949494949495
113,197,310,1.7433628318584071
25,149,174,5.96
20,105,125,5.25
53,159,212,3.0
43,694,737,16.13953488372093
100,170,270,1.7
16,343,359,21.4375
328,139,467,0.42378048780487804
18,636,654,35.333333333333336
78,58,136,0.7435897435897436
319,745,1064,2.335423197492163
79,245,324,3.1012658227848102
507,174,681,0.3431952662721893
46,1040,1086,22.608695652173914
15,429,444,28.6
19,453,472,23.842105263157894
25,57,82,2.28
46,603,649,13.108695652173912
41,200,241,4.878048780487805
44,279,323,6.340909090909091
11,474,485,43.09090909090909
36,138,174,3.8333333333333335
6,41,47,6.833333333333333
15,50,65,3.3333333333333335
9,84,93,9.333333333333334
72,407,479,5.652777777777778
37,105,142,2.8378378378378377
85,180,265,2.1176470588235294
65,214,279,3.292307692307692
33,920,953,27.87878787878788
60,264,324,4.4
2,11,13,5.5
9,136,145,15.11111111111111
51,417,468,8.176470588235293
40,78,118,1.95
118,430,548,3.6440677966101696
184,772,956,4.195652173913044
5,888,893,177.6
1923,46,1969,0.02392095683827353
11,487,498,44.27272727272727
1356,42,1398,0.030973451327433628
20,263,283,13.15
602,864,1466,1.435215946843854
40,82,122,2.05
102,108,210,1.0588235294117647
11,175,186,15.909090909090908
16,793,809,49.5625
39,336,375,8.615384615384615
8,88,96,11.0
15,360,375,24.0
12,106,118,8.833333333333334
490,823,1313,1.6795918367346938
19,102,121,5.368421052631579
126,31,157,0.24603174603174602
10,10,20,1.0
7,762,769,108.85714285714286
27,445,472,16.48148148148148
137,316,453,2.3065693430656933
544,774,1318,1.4227941176470589
463,603,1066,1.3023758099352052
90,417,507,4.633333333333334
24,528,552,22.0
351,605,956,1.7236467236467237
28,1001,1029,35.75
112,283,395,2.5267857142857144
12,302,314,25.166666666666668
5,161,166,32.2
786,73,859,0.09287531806615776
100,476,576,4.76
259,103,362,0.39768339768339767
594,190,784,0.31986531986531985
4,11,15,2.75
7,15,22,2.142857142857143
53,617,670,11.641509433962264
42,435,477,10.357142857142858
13,385,398,29.615384615384617
16,321,337,20.0625
18,898,916,49.888888888888886
600,4,604,0.006666666666666667
375,225,600,0.6
15,303,318,20.2
8,110,118,13.75
1232,249,1481,0.2021103896103896
91,483,574,5.3076923076923075
14,87,101,6.214285714285714
337,299,636,0.887240356083086
57,250,307,4.385964912280702
19,690,709,36.31578947368421
297,572,869,1.9259259259259258
17,254,271,14.941176470588236
15,494,509,32.93333333333333
11,394,405,35.81818181818182
290,323,613,1.1137931034482758
32,150,182,4.6875
359,570,929,1.5877437325905293
24,495,519,20.625
1008,1076,2084,1.0674603174603174
14,96,110,6.857142857142857
977,183,1160,0.18730808597748208
386,515,901,1.33419689119171
31,29,60,0.9354838709677419
157,48,205,0.3057324840764331
15,403,418,26.866666666666667
10,45,55,4.5
61,347,408,5.688524590163935
35,246,281,7.0285714285714285
31,880,911,28.387096774193548
162,750,912,4.62962962962963
22,376,398,17.09090909090909
778,289,1067,0.37146529562982006
25,241,266,9.64
18,229,247,12.722222222222221
158,313,471,1.981012658227848
3636,279,3915,0.07673267326732673
32,124,156,3.875
1897,163,2060,0.08592514496573538
3031,207,3238,0.06829429231276807
7,229,236,32.714285714285715
20,241,261,12.05
2152,46,2198,0.02137546468401487
8,162,170,20.25
96,72,168,0.75
22,358,380,16.272727272727273
16,265,281,16.5625
46,25,71,0.5434782608695652
495,140,635,0.2828282828282828
9,111,120,12.333333333333334
37,278,315,7.513513513513513
186,196,382,1.053763440860215
69,691,760,10.014492753623188
683,6,689,0.008784773060029283
2718,920,3638,0.3384841795437822
108,337,445,3.1203703703703702
67,564,631,8.417910447761194
54,161,215,2.9814814814814814
13,230,243,17.692307692307693
3135,490,3625,0.15629984051036683
586,172,758,0.2935153583617747
15,571,586,38.06666666666667
1164,549,1713,0.47164948453608246
40,615,655,15.375
30,975,1005,32.5
386,272,658,0.7046632124352331
88,878,966,9.977272727272727
10,821,831,82.1
165,190,355,1.1515151515151516
18,474,492,26.333333333333332
113,335,448,2.9646017699115044
95,11,106,0.11578947368421053
41,906,947,22.097560975609756
46,611,657,13.282608695652174
2,757,759,378.5
18,83,101,4.611111111111111
152,201,353,1.3223684210526316
27,526,553,19.48148148148148
11,936,947,85.0909090909091
154,229,383,1.4870129870129871
429,419,848,0.9766899766899767
120,675,795,5.625
21,26,47,1.2380952380952381
10,140,150,14.0
56,246,302,4.392857142857143
146,19,165,0.13013698630136986
182,87,269,0.47802197802197804
19,116,135,6.105263157894737
69,192,261,2.782608695652174
415,838,1253,2.019277108433735
53,242,295,4.566037735849057
1402,806,2208,0.5748930099857347
41,97,138,2.3658536585365852
113,29,142,0.25663716814159293
7,164,171,23.428571428571427
17,217,234,12.764705882352942
30,416,446,13.866666666666667
158,144,302,0.9113924050632911
22,17,39,0.7727272727272727
23,329,352,14.304347826086957
237,273,510,1.1518987341772151
15,99,114,6.6
378,706,1084,1.8677248677248677
2078,25,2103,0.01203079884504331
57,226,283,3.9649122807017543
275,296,571,1.0763636363636364
12,375,387,31.25
17,398,415,23.41176470588235
31,217,248,7.0
1257,730,1987,0.5807478122513922
49,351,400,7.163265306122449
43,27,70,0.627906976744186
3849,6,3855,0.001558846453624318
1805,403,2208,0.22326869806094182
9,47,56,5.222222222222222
7,161,168,23.0
60,437,497,7.283333333333333
12,334,346,27.833333333333332
18,299,317,16.61111111111111
451,562,1013,1.246119733924612
22,396,418,18.0
47,65,112,1.3829787234042554
11,502,513,45.63636363636363
86,1030,1116,11.976744186046512
25,116,141,4.64
73,520,593,7.123287671232877
73,559,632,7.657534246575342
36,1021,1057,28.36111111111111
41,551,592,13.439024390243903
34,301,335,8.852941176470589
33,419,452,12.696969696969697
2401,765,3166,0.31861724281549353
128,795,923,6.2109375
16,212,228,13.25
14,393,407,28.071428571428573
24,149,173,6.208333333333333
10,197,207,19.7
11,307,318,27.90909090909091
12,168,180,14.0
17,247,264,14.529411764705882
1228,482,1710,0.3925081433224756
692,418,1110,0.6040462427745664
2,26,28,13.0
15,842,857,56.13333333333333
15,287,302,19.133333333333333
8,313,321,39.125
25,277,302,11.08
2493,980,3473,0.39310068190934616
15,379,394,25.266666666666666
8,270,278,33.75
13,625,638,48.07692307692308
6,442,448,73.66666666666667
850,791,1641,0.9305882352941176
119,105,224,0.8823529411764706
74,282,356,3.810810810810811
101,260,361,2.5742574257425743
278,454,732,1.6330935251798562
13,489,502,37.61538461538461
27,96,123,3.5555555555555554
15,272,287,18.133333333333333
78,779,857,9.987179487179487
13,425,438,32.69230769230769
10,156,166,15.6
17,610,627,35.88235294117647
17,75,92,4.411764705882353
14,437,451,31.214285714285715
9,659,668,73.22222222222223
41,600,641,14.634146341463415
68,119,187,1.75
1154,315,1469,0.2729636048526863
44,220,264,5.0
9,56,65,6.222222222222222
355,233,588,0.6563380281690141
11,337,348,30.636363636363637
23,489,512,21.26086956521739
8,305,313,38.125
15,273,288,18.2
14,34,48,2.4285714285714284
552,956,1508,1.7318840579710144
11,368,379,33.45454545454545
16,266,282,16.625
102,202,304,1.9803921568627452
2970,173,3143,0.05824915824915825
37,65,102,1.7567567567567568
17,309,326,18.176470588235293
64,363,427,5.671875
18,201,219,11.166666666666666
11,107,118,9.727272727272727
199,478,677,2.4020100502512562
11,434,445,39.45454545454545
19,111,130,5.842105263157895
312,180,492,0.5769230769230769
938,8,946,0.008528784648187633
118,592,710,5.016949152542373
34,308,342,9.058823529411764
11,264,275,24.0
150,12,162,0.08
11,297,308,27.0
28,283,311,10.107142857142858
1584,149,1733,0.09406565656565656
2489,152,2641,0.061068702290076333
16,204,220,12.75
15,732,747,48.8
1609,586,2195,0.3642013673088875
1322,260,1582,0.19667170953101362
392,402,794,1.0255102040816326
33,366,399,11.090909090909092
171,185,356,1.0818713450292399
9,208,217,23.11111111111111
42,961,1003,22.88095238095238
15,464,479,30.933333333333334
57,145,202,2.543859649122807
3867,88,3955,0.022756658908714766
67,376,443,5.611940298507463
5,508,513,101.6
1514,234,1748,0.154557463672391
78,434,512,5.564102564102564
28,358,386,12.785714285714286
28,146,174,5.214285714285714
214,12,226,0.056074766355140186
35,311,346,8.885714285714286
327,5,332,0.01529051987767584
10,214,224,21.4
1680,361,2041,0.2148809523809524
2,11,13,5.5
24,110,134,4.583333333333333
231,114,345,0.4935064935064935
29,441,470,15.206896551724139
53,166,219,3.1320754716981134
2698,309,3007,0.114529280948851
8,230,238,28.75
10,322,332,32.2
99,177,276,1.7878787878787878
16,368,384,23.0
58,133,191,2.293103448275862
125,1099,1224,8.792
108,76,184,0.7037037037037037
199,11,210,0.05527638190954774
30,260,290,8.666666666666666
341,313,654,0.9178885630498533
15,120,135,8.0
7,132,139,18.857142857142858
16,296,312,18.5
443,141,584,0.3182844243792325
55,354,409,6.4363636363636365
11,460,471,41.81818181818182
157,542,699,3.4522292993630574
15,50,65,3.3333333333333335
4,199,203,49.75
2,41,43,20.5
296,463,759,1.5641891891891893
356,188,544,0.5280898876404494
26,636,662,24.46153846153846
12,231,243,19.25
30,421,451,14.033333333333333
8,293,301,36.625
1104,342,1446,0.30978260869565216
9,156,165,17.333333333333332
27,463,490,17.14814814814815
7,134,141,19.142857142857142
633,583,1216,0.9210110584518167
93,452,545,4.860215053763441
2832,378,3210,0.13347457627118645
47,581,628,12.361702127659575
14,298,312,21.285714285714285
166,6,172,0.03614457831325301
42,938,980,22.333333333333332
7,318,325,45.42857142857143
321,687,1008,2.1401869158878504
800,142,942,0.1775
13,748,761,57.53846153846154
5,42,47,8.4
16,266,282,16.625
2,145,147,72.5
13,480,493,36.92307692307692
46,195,241,4.239130434782608
14,209,223,14.928571428571429
52,471,523,9.057692307692308
509,620,1129,1.218074656188605
23,500,523,21.73913043478261
37,87,124,2.3513513513513513
15,246,261,16.4
77,154,231,2.0
409,144,553,0.35207823960880197
81,159,240,1.962962962962963
22,355,377,16.136363636363637
241,271,512,1.1244813278008299
39,672,711,17.23076923076923
35,142,177,4.057142857142857
13,597,610,45.92307692307692
812,181,993,0.2229064039408867
60,377,437,6.283333333333333
637,112,749,0.17582417582417584
18,469,487,26.055555555555557
737,558,1295,0.757123473541384
63,356,419,5.650793650793651
62,5,67,0.08064516129032258
10,129,139,12.9
91,262,353,2.879120879120879
29,781,810,26.93103448275862
18,245,263,13.61111111111111
427,8,435,0.01873536299765808
8,211,219,26.375
3841,115,3956,0.029940119760479042
28,212,240,7.571428571428571
2005,279,2284,0.13915211970074812
28,247,275,8.821428571428571
295,856,1151,2.9016949152542373
389,226,615,0.5809768637532133
17,206,223,12.117647058823529
12,665,677,55.416666666666664
18,207,225,11.5
46,495,541,10.76086956521739
25,801,826,32.04
86,97,183,1.127906976744186
47,296,343,6.297872340425532
373,380,753,1.0187667560321716
11,121,132,11.0
13,183,196,14.076923076923077
15,59,74,3.933333333333333
25,31,56,1.24
518,147,665,0.28378378378378377
160,223,383,1.39375
47,133,180,2.8297872340425534
17,586,603,34.470588235294116
23,446,469,19.391304347826086
35,186,221,5.314285714285714
23,689,712,29.956521739130434
9,408,417,45.333333333333336
66,493,559,7.46969696969697
259,56,315,0.21621621621621623
734,116,850,0.15803814713896458
20,542,562,27.1
119,235,354,1.9747899159663866
2,11,13,5.5
7,26,33,3.7142857142857144
7,297,304,42.42857142857143
26,323,349,12.423076923076923
347,344,691,0.9913544668587896
23,311,334,13.521739130434783
23,89,112,3.869565217391304
14,100,114,7.142857142857143
487,43,530,0.08829568788501027
1335,165,1500,0.12359550561797752
7,141,148,20.142857142857142
28,216,244,7.714285714285714
81,235,316,2.9012345679012346
36,437,473,12.13888888888889
21,338,359,16.095238095238095
76,30,106,0.39473684210526316
13,510,523,39.23076923076923
8,109,117,13.625
286,725,1011,2.534965034965035
75,340,415,4.533333333333333
705,931,1636,1.3205673758865248
14,591,605,42.214285714285715
76,257,333,3.3815789473684212
9,230,239,25.555555555555557
21,288,309,13.714285714285714
49,8,57,0.16326530612244897
436,48,484,0.11009174311926606
106,414,520,3.9056603773584904
40,543,583,13.575
50,43,93,0.86
29,28,57,0.9655172413793104
24,673,697,28.041666666666668
375,432,807,1.152
50,559,609,11.18
9,198,207,22.0
11,337,348,30.636363636363637
27,365,392,13.518518518518519
1355,46,1401,0.03394833948339483
285,120,405,0.42105263157894735
16,267,283,16.6875
416,98,514,0.23557692307692307
24,280,304,11.666666666666666
10,1001,1011,100.1
35,327,362,9.342857142857143
41,96,137,2.341463414634146
126,681,807,5.404761904761905
7,562,569,80.28571428571429
385,465,850,1.2077922077922079
290,5,295,0.017241379310344827
10,68,78,6.8
16,302,318,18.875
28,443,471,15.821428571428571
11,314,325,28.545454545454547
30,11,41,0.36666666666666664
18,244,262,13.555555555555555
7,4,11,0.5714285714285714
61,550,611,9.01639344262295
673,386,1059,0.5735512630014858
485,384,869,0.7917525773195876
3,55,58,18.333333333333332
39,427,466,10.948717948717949
147,400,547,2.7210884353741496
118,56,174,0.4745762711864407
50,28,78,0.56
18,231,249,12.833333333333334
3,56,59,18.666666666666668
9,148,157,16.444444444444443
70,118,188,1.6857142857142857
1989,542,2531,0.27249874308697836
661,5,666,0.007564296520423601
21,228,249,10.857142857142858
3001,599,3600,0.1996001332889037
35,97,132,2.7714285714285714
729,782,1511,1.0727023319615911
37,252,289,6.8108108108108105
2012,214,2226,0.10636182902584493
9,308,317,34.22222222222222
25,22,47,0.88
81,231,312,2.8518518518518516
227,8,235,0.03524229074889868
149,126,275,0.8456375838926175
17,865,882,50.88235294117647
12,173,185,14.416666666666666
1310,174,1484,0.13282442748091602
107,21,128,0.19626168224299065
39,86,125,2.2051282051282053
442,391,833,0.8846153846153846
31,548,579,17.677419354838708
2706,469,3175,0.17331855136733185
21,434,455,20.666666666666668
667,514,1181,0.7706146926536732
1375,652,2027,0.4741818181818182
13,166,179,12.76923076923077
16,5,21,0.3125
50,332,382,6.64
14,850,864,60.714285714285715
12,268,280,22.333333333333332
85,295,380,3.4705882352941178
30,764,794,25.466666666666665
166,262,428,1.5783132530120483
44,361,405,8.204545454545455
15,348,363,23.2
109,41,150,0.3761467889908257
3,12,15,4.0
6,275,281,45.833333333333336
102,256,358,2.5098039215686274
93,381,474,4.096774193548387
10,193,203,19.3
9,239,248,26.555555555555557
15,133,148,8.866666666666667
3,12,15,4.0
24,956,980,39.833333333333336
66,18,84,0.2727272727272727
360,630,990,1.75
39,331,370,8.487179487179487
38,415,453,10.921052631578947
6,171,177,28.5
40,345,385,8.625
51,676,727,13.254901960784315
692,252,944,0.36416184971098264
28,340,368,12.142857142857142
207,5,212,0.024154589371980676
265,1036,1301,3.909433962264151
59,422,481,7.1525423728813555
24,402,426,16.75
40,377,417,9.425
117,416,533,3.5555555555555554
446,276,722,0.6188340807174888
32,533,565,16.65625
10,113,123,11.3
105,345,450,3.2857142857142856
8,379,387,47.375
59,144,203,2.440677966101695
23,239,262,10.391304347826088
2,11,13,5.5
1548,16,1564,0.0103359173126615
1062,53,1115,0.04990583804143126
418,123,541,0.2942583732057416
14,24,38,1.7142857142857142
108,337,445,3.1203703703703702
14,155,169,11.071428571428571
37,476,513,12.864864864864865
112,305,417,2.7232142857142856
2736,236,2972,0.08625730994152046
9,182,191,20.22222222222222
29,63,92,2.1724137931034484
39,406,445,10.41025641025641
763,152,915,0.19921363040629095
18,262,280,14.555555555555555
10,477,487,47.7
12,847,859,70.58333333333333
369,255,624,0.6910569105691057
24,183,207,7.625
33,678,711,20.545454545454547
9,182,191,20.22222222222222
229,289,518,1.262008733624454
11,92,103,8.363636363636363
27,201,228,7.444444444444445
46,409,455,8.891304347826088
34,521,555,15.323529411764707
8,193,201,24.125
6,335,341,55.833333333333336
10,544,554,54.4
508,100,608,0.1968503937007874
769,906,1675,1.1781534460338101
52,182,234,3.5
29,922,951,31.79310344827586
19,26,45,1.368421052631579
6,171,177,28.5
467,449,916,0.961456102783726
16,280,296,17.5
350,77,427,0.22
43,237,280,5.511627906976744
2231,144,2375,0.06454504706409682
1106,120,1226,0.10849909584086799
5,321,326,64.2
133,354,487,2.661654135338346
55,858,913,15.6
21,217,238,10.333333333333334
10,270,280,27.0
143,196,339,1.3706293706293706
4,21,25,5.25
295,8,303,0.02711864406779661
15,251,266,16.733333333333334
14,459,473,32.785714285714285
12,87,99,7.25
44,232,276,5.2727272727272725
21,354,375,16.857142857142858
13,426,439,32.76923076923077
27,244,271,9.037037037037036
109,305,414,2.7981651376146788
18,330,348,18.333333333333332
34,511,545,15.029411764705882
123,494,617,4.016260162601626
39,458,497,11.743589743589743
11,181,192,16.454545454545453
92,419,511,4.554347826086956
12,374,386,31.166666666666668
41,600,641,14.634146341463415
120,965,1085,8.041666666666666
2162,699,2861,0.3233117483811286
17,511,528,30.058823529411764
57,108,165,1.894736842105263
46,301,347,6.543478260869565
37,208,245,5.621621621621622
7,260,267,37.142857142857146
1035,198,1233,0.19130434782608696
26,545,571,20.96153846153846
19,500,519,26.31578947368421
40,350,390,8.75
26,466,492,17.923076923076923
152,582,734,3.8289473684210527
15,193,208,12.866666666666667
20,105,125,5.25
10,36,46,3.6
1484,8,1492,0.005390835579514825
48,366,414,7.625
7,84,91,12.0
16,233,249,14.5625
2314,810,3124,0.3500432152117545
19,40,59,2.1052631578947367
13,48,61,3.6923076923076925
1838,175,2013,0.09521218715995647
9,194,203,21.555555555555557
57,1012,1069,17.75438596491228
1838,94,1932,0.051142546245919476
5,21,26,4.2
16,356,372,22.25
212,367,579,1.7311320754716981
77,41,118,0.5324675324675324
87,443,530,5.091954022988506
2057,245,2302,0.11910549343704424
6,87,93,14.5
16,688,704,43.0
787,489,1276,0.6213468869123253
16,237,253,14.8125
29,100,129,3.4482758620689653
49,8,57,0.16326530612244897
18,284,302,15.777777777777779
230,381,611,1.6565217391304348
12,847,859,70.58333333333333
2489,152,2641,0.061068702290076333
30,535,565,17.833333333333332
25,685,710,27.4
30,302,332,10.066666666666666
3,253,256,84.33333333333333
6,221,227,36.833333333333336
29,560,589,19.310344827586206
137,516,653,3.7664233576642334
125,1094,1219,8.752
91,94,185,1.032967032967033
32,156,188,4.875
53,367,420,6.9245283018867925
1202,495,1697,0.4118136439267887
7,35,42,5.0
144,171,315,1.1875
2,11,13,5.5
9,56,65,6.222222222222222
16,111,127,6.9375
103,632,735,6.135922330097087
16,289,305,18.0625
206,452,658,2.1941747572815533
30,830,860,27.666666666666668
20,279,299,13.95
21,274,295,13.047619047619047
20,173,193,8.65
31,393,424,12.67741935483871
575,225,800,0.391304347826087
295,359,654,1.2169491525423728
35,273,308,7.8
47,99,146,2.106382978723404
10,336,346,33.6
298,659,957,2.2114093959731544
12,400,412,33.333333333333336
11,261,272,23.727272727272727
31,299,330,9.64516129032258
663,88,751,0.13273001508295626
32,939,971,29.34375
253,186,439,0.7351778656126482
289,948,1237,3.2802768166089966
2,192,194,96.0
11,26,37,2.3636363636363638
16,295,311,18.4375
106,1049,1155,9.89622641509434
20,297,317,14.85
11,631,642,57.36363636363637
114,781,895,6.850877192982456
108,67,175,0.6203703703703703
253,305,558,1.2055335968379446
10,42,52,4.2
16,213,229,13.3125
1162,823,1985,0.7082616179001722
3716,95,3811,0.025565123789020452
16,999,1015,62.4375
300,481,781,1.6033333333333333
1313,228,1541,0.17364813404417365
31,340,371,10.96774193548387
6,460,466,76.66666666666667
38,441,479,11.605263157894736
12,126,138,10.5
55,247,302,4.490909090909091
78,128,206,1.641025641025641
27,269,296,9.962962962962964
48,307,355,6.395833333333333
17,817,834,48.05882352941177
61,133,194,2.180327868852459
350,121,471,0.3457142857142857
10,393,403,39.3
21,364,385,17.333333333333332
38,165,203,4.342105263157895
108,109,217,1.0092592592592593
3833,25,3858,0.006522306287503261
71,340,411,4.788732394366197
35,142,177,4.057142857142857
49,293,342,5.979591836734694
1375,387,1762,0.28145454545454546
24,288,312,12.0
15,19,34,1.2666666666666666
508,48,556,0.09448818897637795
15,782,797,52.13333333333333
41,413,454,10.073170731707316
7,28,35,4.0
69,42,111,0.6086956521739131
19,342,361,18.0
35,800,835,22.857142857142858
24,883,907,36.791666666666664
44,48,92,1.0909090909090908
489,177,666,0.3619631901840491
3481,194,3675,0.05573111174949727
52,219,271,4.211538461538462
14,591,605,42.214285714285715
10,459,469,45.9
444,555,999,1.25
26,879,905,33.80769230769231
200,987,1187,4.935
7,161,168,23.0
20,165,185,8.25
11,512,523,46.54545454545455
404,354,758,0.8762376237623762
77,668,745,8.675324675324676
1417,662,2079,0.4671841919548342
164,541,705,3.298780487804878
26,23,49,0.8846153846153846
155,792,947,5.109677419354838
33,293,326,8.878787878787879
414,83,497,0.20048309178743962
7,98,105,14.0
15,117,132,7.8
48,40,88,0.8333333333333334
11,100,111,9.090909090909092
9,13,22,1.4444444444444444
10,373,383,37.3
1744,80,1824,0.045871559633027525
911,496,1407,0.544456641053787
26,25,51,0.9615384615384616
45,185,230,4.111111111111111
10,281,291,28.1
22,272,294,12.363636363636363
1763,929,2692,0.526942711287578
22,437,459,19.863636363636363
19,276,295,14.526315789473685
2,25,27,12.5
615,80,695,0.13008130081300814
15,280,295,18.666666666666668
22,272,294,12.363636363636363
1073,84,1157,0.0782851817334576
16,5,21,0.3125
241,16,257,0.06639004149377593
51,446,497,8.745098039215685
12,339,351,28.25
36,66,102,1.8333333333333333
60,155,215,2.5833333333333335
38,688,726,18.105263157894736
543,252,795,0.46408839779005523
11,115,126,10.454545454545455
37,273,310,7.378378378378378
22,118,140,5.363636363636363
171,157,328,0.9181286549707602
222,26,248,0.11711711711711711
70,480,550,6.857142857142857
17,325,342,19.11764705882353
11,189,200,17.181818181818183
26,523,549,20.115384615384617
24,220,244,9.166666666666666
20,297,317,14.85
100,197,297,1.97
9,309,318,34.333333333333336
198,309,507,1.5606060606060606
76,845,921,11.118421052631579
11,397,408,36.09090909090909
195,451,646,2.312820512820513
7,120,127,17.142857142857142
38,503,541,13.236842105263158
226,300,526,1.3274336283185841
102,111,213,1.088235294117647
3711,6,3717,0.0016168148746968471
21,193,214,9.19047619047619
513,106,619,0.20662768031189083
9,158,167,17.555555555555557
229,295,524,1.2882096069868996
3,11,14,3.6666666666666665
21,150,171,7.142857142857143
39,175,214,4.487179487179487
9,103,112,11.444444444444445
13,177,190,13.615384615384615
52,40,92,0.7692307692307693
29,572,601,19.724137931034484
17,330,347,19.41176470588235
66,465,531,7.045454545454546
86,31,117,0.36046511627906974
50,634,684,12.68
7,286,293,40.857142857142854
71,155,226,2.183098591549296
118,135,253,1.1440677966101696
66,393,459,5.954545454545454
1648,294,1942,0.1783980582524272
11,29,40,2.6363636363636362
33,379,412,11.484848484848484
19,389,408,20.473684210526315
21,30,51,1.4285714285714286
1426,232,1658,0.16269284712482468
46,63,109,1.3695652173913044
13,328,341,25.23076923076923
358,394,752,1.100558659217877
34,389,423,11.441176470588236
660,844,1504,1.2787878787878788
66,485,551,7.348484848484849
338,994,1332,2.940828402366864
19,498,517,26.210526315789473
14,163,177,11.642857142857142
15,315,330,21.0
29,38,67,1.3103448275862069
21,110,131,5.238095238095238
6,89,95,14.833333333333334
10,630,640,63.0
35,535,570,15.285714285714286
8,118,126,14.75
26,381,407,14.653846153846153
1925,189,2114,0.09818181818181818
46,81,127,1.7608695652173914
2,12,14,6.0
381,492,873,1.2913385826771653
142,372,514,2.619718309859155
8,176,184,22.0
12,264,276,22.0
23,657,680,28.565217391304348
16,263,279,16.4375
15,567,582,37.8
10,267,277,26.7
1423,286,1709,0.20098383696416022
1056,597,1653,0.5653409090909091
227,8,235,0.03524229074889868
16,119,135,7.4375
148,570,718,3.8513513513513513
288,80,368,0.2777777777777778
32,236,268,7.375
2154,216,2370,0.10027855153203342
145,431,576,2.972413793103448
1226,489,1715,0.398858075040783
26,129,155,4.961538461538462
45,427,472,9.488888888888889
49,241,290,4.918367346938775
56,336,392,6.0
14,368,382,26.285714285714285
10,182,192,18.2
95,354,449,3.7263157894736842
14,157,171,11.214285714285714
2227,96,2323,0.0431073192635833
152,247,399,1.625
24,476,500,19.833333333333332
22,381,403,17.318181818181817
37,227,264,6.135135135135135
86,264,350,3.0697674418604652
2556,44,2600,0.017214397496087636
67,21,88,0.31343283582089554
191,64,255,0.33507853403141363
1392,125,1517,0.08979885057471264
39,294,333,7.538461538461538
16,321,337,20.0625
172,803,975,4.6686046511627906
27,229,256,8.481481481481481
84,825,909,9.821428571428571
2,11,13,5.5
92,569,661,6.184782608695652
56,4,60,0.07142857142857142
21,376,397,17.904761904761905
93,319,412,3.4301075268817205
13,253,266,19.46153846153846
13,387,400,29.76923076923077
11,314,325,28.545454545454547
180,19,199,0.10555555555555556
78,307,385,3.9358974358974357
67,24,91,0.3582089552238806
350,531,881,1.5171428571428571
17,197,214,11.588235294117647
13,156,169,12.0
445,433,878,0.9730337078651685
19,98,117,5.157894736842105
23,320,343,13.91304347826087
14,199,213,14.214285714285714
709,519,1228,0.7320169252468265
2,36,38,18.0
45,101,146,2.2444444444444445
401,419,820,1.0448877805486285
11,427,438,38.81818181818182
11,283,294,25.727272727272727
486,781,1267,1.6069958847736625
9,107,116,11.88888888888889
15,175,190,11.666666666666666
22,346,368,15.727272727272727
12,48,60,4.0
13,280,293,21.53846153846154
57,193,250,3.3859649122807016
125,416,541,3.328
1226,489,1715,0.398858075040783
20,303,323,15.15
35,51,86,1.457142857142857
1337,26,1363,0.01944652206432311
1,27,28,27.0
117,338,455,2.888888888888889
29,307,336,10.586206896551724
18,281,299,15.61111111111111
6,23,29,3.8333333333333335
38,734,772,19.31578947368421
21,517,538,24.61904761904762
9,358,367,39.77777777777778
1308,790,2098,0.6039755351681957
8,100,108,12.5
13,715,728,55.0
143,851,994,5.951048951048951
179,322,501,1.7988826815642458
16,425,441,26.5625
39,226,265,5.794871794871795
733,146,879,0.19918144611186903
10,426,436,42.6
133,37,170,0.2781954887218045
25,263,288,10.52
197,932,1129,4.730964467005077
23,74,97,3.217391304347826
8,503,511,62.875
1784,991,2775,0.5554932735426009
19,439,458,23.105263157894736
17,55,72,3.235294117647059
142,245,387,1.7253521126760563
13,455,468,35.0
107,513,620,4.794392523364486
99,427,526,4.313131313131313
23,392,415,17.043478260869566
41,279,320,6.804878048780488
37,823,860,22.243243243243242
41,600,641,14.634146341463415
27,289,316,10.703703703703704
15,307,322,20.466666666666665
49,508,557,10.36734693877551
169,140,309,0.8284023668639053
16,133,149,8.3125
19,369,388,19.42105263157895
89,460,549,5.168539325842697
46,743,789,16.152173913043477
38,1032,1070,27.157894736842106
26,45,71,1.7307692307692308
94,94,188,1.0
24,225,249,9.375
61,148,209,2.4262295081967213
237,137,374,0.5780590717299579
913,763,1676,0.8357064622124863
32,397,429,12.40625
1655,429,2084,0.259214501510574
9,130,139,14.444444444444445
11,283,294,25.727272727272727
1568,305,1873,0.19451530612244897
251,378,629,1.5059760956175299
235,307,542,1.3063829787234043
526,6,532,0.011406844106463879
51,438,489,8.588235294117647
5,149,154,29.8
188,420,608,2.234042553191489
1943,8,1951,0.004117344312918168
18,463,481,25.72222222222222
97,427,524,4.402061855670103
11,315,326,28.636363636363637
445,1000,1445,2.247191011235955
101,260,361,2.5742574257425743
311,268,579,0.8617363344051447
62,847,909,13.661290322580646
92,333,425,3.619565217391304
25,251,276,10.04
183,510,693,2.7868852459016393
67,448,515,6.686567164179104
695,405,1100,0.5827338129496403
1293,475,1768,0.36736272235112144
191,293,484,1.5340314136125655
61,272,333,4.459016393442623
225,477,702,2.12
21,487,508,23.19047619047619
276,349,625,1.2644927536231885
9,14,23,1.5555555555555556
33,244,277,7.393939393939394
11,188,199,17.09090909090909
41,453,494,11.048780487804878
10,460,470,46.0
16,462,478,28.875
9,367,376,40.77777777777778
10,303,313,30.3
9,148,157,16.444444444444443
46,194,240,4.217391304347826
33,51,84,1.5454545454545454
965,709,1674,0.7347150259067358
22,378,400,17.181818181818183
15,189,204,12.6
278,155,433,0.5575539568345323
10,112,122,11.2
117,570,687,4.871794871794871
370,5,375,0.013513513513513514
128,116,244,0.90625
12,142,154,11.833333333333334
11,189,200,17.181818181818183
77,272,349,3.5324675324675323
32,76,108,2.375
51,297,348,5.823529411764706
511,5,516,0.009784735812133072
161,70,231,0.43478260869565216
12,920,932,76.66666666666667
2082,340,2422,0.1633045148895293
38,389,427,10.236842105263158
190,835,1025,4.394736842105263
244,990,1234,4.057377049180328
40,338,378,8.45
35,76,111,2.1714285714285713
9,863,872,95.88888888888889
24,26,50,1.0833333333333333
169,19,188,0.11242603550295859
470,148,618,0.3148936170212766
13,244,257,18.76923076923077
14,310,324,22.142857142857142
458,102,560,0.22270742358078602
108,332,440,3.074074074074074
353,244,597,0.6912181303116147
44,382,426,8.681818181818182
31,10,41,0.3225806451612903
262,128,390,0.48854961832061067
45,396,441,8.8
27,156,183,5.777777777777778
910,113,1023,0.12417582417582418
36,98,134,2.7222222222222223
16,568,584,35.5
44,232,276,5.2727272727272725
17,158,175,9.294117647058824
62,286,348,4.612903225806452
33,494,527,14.969696969696969
45,556,601,12.355555555555556
111,682,793,6.1441441441441444
639,554,1193,0.86697965571205
3,11,14,3.6666666666666665
85,280,365,3.2941176470588234
10,27,37,2.7
28,212,240,7.571428571428571
22,395,417,17.954545454545453
23,109,132,4.739130434782608
33,293,326,8.878787878787879
8,83,91,10.375
28,490,518,17.5
10,62,72,6.2
115,454,569,3.9478260869565216
8,303,311,37.875
340,488,828,1.4352941176470588
903,277,1180,0.3067552602436323
17,217,234,12.764705882352942
2068,14,2082,0.006769825918762089
16,110,126,6.875
12,313,325,26.083333333333332
16,462,478,28.875
926,595,1521,0.642548596112311
31,123,154,3.967741935483871
14,144,158,10.285714285714286
25,159,184,6.36
20,328,348,16.4
80,583,663,7.2875
102,248,350,2.4313725490196076
11,631,642,57.36363636363637
18,750,768,41.666666666666664
28,615,643,21.964285714285715
20,245,265,12.25
10,43,53,4.3
1795,8,1803,0.004456824512534819
11,191,202,17.363636363636363
104,583,687,5.605769230769231
28,365,393,13.035714285714286
36,189,225,5.25
14,384,398,27.428571428571427
512,101,613,0.197265625
233,301,534,1.2918454935622317
55,312,367,5.672727272727273
1365,9,1374,0.006593406593406593
151,608,759,4.026490066225166
6,15,21,2.5
10,493,503,49.3
30,51,81,1.7
336,321,657,0.9553571428571429
140,863,1003,6.164285714285715
1298,1054,2352,0.8120184899845917
84,5,89,0.05952380952380952
222,199,421,0.8963963963963963
6,51,57,8.5
204,557,761,2.730392156862745
58,92,150,1.5862068965517242
9,43,52,4.777777777777778
20,721,741,36.05
28,395,423,14.107142857142858
14,320,334,22.857142857142858
13,127,140,9.76923076923077
792,8,800,0.010101010101010102
12,400,412,33.333333333333336
36,1020,1056,28.333333333333332
14,468,482,33.42857142857143
14,408,422,29.142857142857142
34,477,511,14.029411764705882
4,62,66,15.5
29,421,450,14.517241379310345
18,462,480,25.666666666666668
49,254,303,5.183673469387755
414,90,504,0.21739130434782608
32,300,332,9.375
40,692,732,17.3
214,259,473,1.2102803738317758
140,422,562,3.0142857142857142
267,348,615,1.303370786516854
2,11,13,5.5
163,211,374,1.294478527607362
11,366,377,33.27272727272727
17,669,686,39.35294117647059
11,629,640,57.18181818181818
1001,91,1092,0.09090909090909091
50,41,91,0.82
33,387,420,11.727272727272727
7,419,426,59.857142857142854
7,313,320,44.714285714285715
1280,730,2010,0.5703125
1117,10,1127,0.008952551477170993
80,322,402,4.025
583,199,782,0.34133790737564323
29,468,497,16.137931034482758
47,482,529,10.25531914893617
1467,42,1509,0.028629856850715747
91,406,497,4.461538461538462
34,105,139,3.088235294117647
68,360,428,5.294117647058823
12,116,128,9.666666666666666
2,417,419,208.5
15,519,534,34.6
85,568,653,6.682352941176471
81,523,604,6.45679012345679
110,798,908,7.254545454545455
24,370,394,15.416666666666666
10,434,444,43.4
46,6,52,0.13043478260869565
509,157,666,0.30844793713163066
12,856,868,71.33333333333333
70,894,964,12.771428571428572
10,27,37,2.7
38,158,196,4.157894736842105
23,271,294,11.782608695652174
30,800,830,26.666666666666668
2,165,167,82.5
33,389,422,11.787878787878787
48,129,177,2.6875
12,509,521,42.416666666666664
2749,357,3106,0.1298654056020371
20,340,360,17.0
25,596,621,23.84
35,294,329,8.4
2901,399,3300,0.1375387797311272
23,51,74,2.217391304347826
12,460,472,38.333333333333336
19,404,423,21.263157894736842
2598,387,2985,0.1489607390300231
8,106,114,13.25
794,481,1275,0.6057934508816121
60,504,564,8.4
590,622,1212,1.0542372881355933
97,384,481,3.9587628865979383
1393,384,1777,0.2756640344580043
23,357,380,15.521739130434783
18,288,306,16.0
105,408,513,3.8857142857142857
13,596,609,45.84615384615385
85,285,370,3.3529411764705883
76,60,136,0.7894736842105263
122,330,452,2.7049180327868854
13,38,51,2.923076923076923
93,170,263,1.8279569892473118
1762,280,2042,0.15891032917139614
19,309,328,16.263157894736842
1154,315,1469,0.2729636048526863
36,74,110,2.0555555555555554
15,247,262,16.466666666666665
89,561,650,6.303370786516854
71,34,105,0.4788732394366197
30,357,387,11.9
2659,93,2752,0.03497555471981948
193,479,672,2.481865284974093
8,109,117,13.625
640,941,1581,1.4703125
10,545,555,54.5
2032,9,2041,0.0044291338582677165
167,102,269,0.6107784431137725
12,321,333,26.75
78,170,248,2.1794871794871793
154,309,463,2.0064935064935066
30,547,577,18.233333333333334
50,302,352,6.04
21,60,81,2.857142857142857
52,247,299,4.75
2952,137,3089,0.046409214092140924
19,320,339,16.842105263157894
47,950,997,20.21276595744681
26,380,406,14.615384615384615
8,12,20,1.5
21,370,391,17.61904761904762
15,118,133,7.866666666666666
445,758,1203,1.703370786516854
682,5,687,0.007331378299120235
9,153,162,17.0
185,11,196,0.05945945945945946
41,243,284,5.926829268292683
1043,568,1611,0.5445829338446788
24,592,616,24.666666666666668
73,306,379,4.191780821917808
12,272,284,22.666666666666668
25,251,276,10.04
15,134,149,8.933333333333334
92,303,395,3.2934782608695654
36,412,448,11.444444444444445
17,33,50,1.9411764705882353
8,405,413,50.625
272,422,694,1.5514705882352942
73,453,526,6.205479452054795
660,60,720,0.09090909090909091
35,136,171,3.8857142857142857
60,379,439,6.316666666666666
15,271,286,18.066666666666666
5,469,474,93.8
44,336,380,7.636363636363637
23,231,254,10.043478260869565
34,126,160,3.7058823529411766
361,358,719,0.9916897506925207
66,26,92,0.3939393939393939
121,250,371,2.0661157024793386
10,68,78,6.8
6,196,202,32.666666666666664
22,22,44,1.0
15,50,65,3.3333333333333335
18,323,341,17.944444444444443
24,332,356,13.833333333333334
116,580,696,5.0
16,86,102,5.375
832,836,1668,1.0048076923076923
34,551,585,16.205882352941178
76,267,343,3.513157894736842
74,473,547,6.391891891891892
8,153,161,19.125
14,169,183,12.071428571428571
11,462,473,42.0
650,212,862,0.3261538461538461
149,198,347,1.3288590604026846
85,69,154,0.8117647058823529
33,306,339,9.272727272727273
377,386,763,1.023872679045093
14,210,224,15.0
13,1000,1013,76.92307692307692
25,180,205,7.2
58,442,500,7.620689655172414
517,282,799,0.5454545454545454
995,951,1946,0.9557788944723619
392,160,552,0.40816326530612246
437,146,583,0.3340961098398169
46,6,52,0.13043478260869565
89,119,208,1.3370786516853932
25,157,182,6.28
9,217,226,24.11111111111111
13,240,253,18.46153846153846
11,277,288,25.181818181818183
16,37,53,2.3125
15,50,65,3.3333333333333335
439,224,663,0.510250569476082
4,424,428,106.0
15,508,523,33.86666666666667
16,73,89,4.5625
250,598,848,2.392
26,348,374,13.384615384615385
15,37,52,2.466666666666667
497,411,908,0.8269617706237424
87,402,489,4.620689655172414
16,276,292,17.25
50,122,172,2.44
46,613,659,13.326086956521738
102,787,889,7.715686274509804
912,165,1077,0.18092105263157895
899,150,1049,0.1668520578420467
24,886,910,36.916666666666664
23,128,151,5.565217391304348
263,29,292,0.11026615969581749
370,11,381,0.02972972972972973
307,468,775,1.52442996742671
372,90,462,0.24193548387096775
1102,544,1646,0.49364791288566245
228,245,473,1.0745614035087718
152,360,512,2.3684210526315788
10,258,268,25.8
19,236,255,12.421052631578947
50,646,696,12.92
120,213,333,1.775
105,738,843,7.0285714285714285
16,238,254,14.875
670,17,687,0.025373134328358207
7,51,58,7.285714285714286
16,978,994,61.125
40,612,652,15.3
9,302,311,33.55555555555556
59,336,395,5.694915254237288
143,92,235,0.6433566433566433
14,40,54,2.857142857142857
223,35,258,0.15695067264573992
31,670,701,21.612903225806452
3,889,892,296.3333333333333
42,390,432,9.285714285714286
6,44,50,7.333333333333333
214,259,473,1.2102803738317758
12,416,428,34.666666666666664
1190,42,1232,0.03529411764705882
29,117,146,4.0344827586206895
6,339,345,56.5
125,416,541,3.328
14,18,32,1.2857142857142858
16,154,170,9.625
2869,803,3672,0.27988846287905195
31,395,426,12.741935483870968
4,146,150,36.5
308,702,1010,2.279220779220779
14,369,383,26.357142857142858
701,211,912,0.30099857346647646
18,971,989,53.94444444444444
1821,348,2169,0.19110378912685339
74,67,141,0.9054054054054054
18,578,596,32.111111111111114
247,364,611,1.4736842105263157
740,55,795,0.07432432432432433
4,424,428,106.0
125,436,561,3.488
12,179,191,14.916666666666666
132,461,593,3.492424242424242
14,16,30,1.1428571428571428
186,244,430,1.3118279569892473
15,320,335,21.333333333333332
40,612,652,15.3
84,216,300,2.5714285714285716
79,265,344,3.3544303797468356
125,547,672,4.376
80,824,904,10.3
84,346,430,4.119047619047619
791,252,1043,0.3185840707964602
1808,188,1996,0.10398230088495575
5,960,965,192.0
92,472,564,5.130434782608695
18,343,361,19.055555555555557
12,36,48,3.0
107,126,233,1.1775700934579438
13,598,611,46.0
26,137,163,5.269230769230769
49,17,66,0.3469387755102041
19,65,84,3.4210526315789473
97,31,128,0.31958762886597936
77,260,337,3.3766233766233764
329,35,364,0.10638297872340426
77,100,177,1.2987012987012987
2,563,565,281.5
14,323,337,23.071428571428573
12,313,325,26.083333333333332
21,413,434,19.666666666666668
61,122,183,2.0
106,414,520,3.9056603773584904
9,145,154,16.11111111111111
1903,5,1908,0.002627430373095113
406,605,1011,1.4901477832512315
18,134,152,7.444444444444445
144,479,623,3.326388888888889
7,326,333,46.57142857142857
19,131,150,6.894736842105263
16,266,282,16.625
8,4,12,0.5
66,844,910,12.787878787878787
2507,660,3167,0.26326286398085363
50,506,556,10.12
31,22,53,0.7096774193548387
12,38,50,3.1666666666666665
46,319,365,6.934782608695652
17,249,266,14.647058823529411
21,487,508,23.19047619047619
28,249,277,8.892857142857142
24,354,378,14.75
1911,1018,2929,0.532705389848247
14,274,288,19.571428571428573
16,576,592,36.0
13,365,378,28.076923076923077
233,900,1133,3.8626609442060085
77,16,93,0.2077922077922078
13,377,390,29.0
3,12,15,4.0
34,13,47,0.38235294117647056
242,442,684,1.8264462809917354
17,304,321,17.88235294117647
25,261,286,10.44
15,780,795,52.0
22,390,412,17.727272727272727
101,243,344,2.405940594059406
101,6,107,0.0594059405940594
66,386,452,5.848484848484849
18,363,381,20.166666666666668
221,472,693,2.1357466063348416
2,35,37,17.5
20,377,397,18.85
1213,950,2163,0.7831821929101401
74,409,483,5.527027027027027
23,364,387,15.826086956521738
21,401,422,19.095238095238095
262,114,376,0.4351145038167939
670,787,1457,1.1746268656716419
25,636,661,25.44
367,504,871,1.3732970027247957
7,145,152,20.714285714285715
1165,359,1524,0.30815450643776826
112,6,118,0.05357142857142857
1553,390,1943,0.2511268512556343
468,136,604,0.2905982905982906
43,262,305,6.093023255813954
49,395,444,8.061224489795919
247,524,771,2.1214574898785425
1033,33,1066,0.031945788964181994
10,472,482,47.2
89,453,542,5.089887640449438
761,146,907,0.19185282522996058
67,239,306,3.5671641791044775
1379,82,1461,0.05946337926033358
20,234,254,11.7
15,46,61,3.066666666666667
353,26,379,0.07365439093484419
2180,213,2393,0.09770642201834863
136,12,148,0.08823529411764706
3287,439,3726,0.1335564344386979
128,66,194,0.515625
64,384,448,6.0
24,49,73,2.0416666666666665
41,460,501,11.21951219512195
1956,715,2671,0.36554192229038857
54,169,223,3.1296296296296298
29,491,520,16.93103448275862
2282,436,2718,0.19106047326906223
17,268,285,15.764705882352942
795,502,1297,0.6314465408805031
2,11,13,5.5
35,248,283,7.085714285714285
10,27,37,2.7
373,367,740,0.9839142091152815
16,476,492,29.75
24,282,306,11.75
30,885,915,29.5
31,181,212,5.838709677419355
45,649,694,14.422222222222222
204,154,358,0.7549019607843137
7,77,84,11.0
17,12,29,0.7058823529411765
18,447,465,24.833333333333332
28,280,308,10.0
21,464,485,22.095238095238095
140,537,677,3.835714285714286
12,272,284,22.666666666666668
9,423,432,47.0
7,173,180,24.714285714285715
2,11,13,5.5
65,550,615,8.461538461538462
26,394,420,15.153846153846153
21,530,551,25.238095238095237
103,609,712,5.912621359223301
28,12,40,0.42857142857142855
41,433,474,10.560975609756097
11,548,559,49.81818181818182
51,515,566,10.098039215686274
1506,444,1950,0.2948207171314741
91,657,748,7.21978021978022
1909,253,2162,0.13253012048192772
135,663,798,4.911111111111111
107,702,809,6.5607476635514015
7,516,523,73.71428571428571
88,512,600,5.818181818181818
9,423,432,47.0
9,551,560,61.22222222222222
31,248,279,8.0
25,436,461,17.44
92,85,177,0.9239130434782609
6,45,51,7.5
36,128,164,3.5555555555555554
11,126,137,11.454545454545455
2794,101,2895,0.03614889047959914
6,37,43,6.166666666666667
9,89,98,9.88888888888889
40,674,714,16.85
20,303,323,15.15
6,104,110,17.333333333333332
27,196,223,7.2592592592592595
17,321,338,18.88235294117647
93,68,161,0.7311827956989247
2531,552,3083,0.21809561438166733
332,81,413,0.24397590361445784
12,581,593,48.416666666666664
11,280,291,25.454545454545453
16,22,38,1.375
244,258,502,1.0573770491803278
15,218,233,14.533333333333333
2,11,13,5.5
16,141,157,8.8125
37,325,362,8.783783783783784
68,221,289,3.25
20,925,945,46.25
8,228,236,28.5
11,252,263,22.90909090909091
155,573,728,3.696774193548387
13,281,294,21.615384615384617
36,566,602,15.722222222222221
2308,973,3281,0.42157712305025996
60,377,437,6.283333333333333
19,280,299,14.736842105263158
77,499,576,6.48051948051948
11,278,289,25.272727272727273
460,392,852,0.8521739130434782
8,146,154,18.25
16,249,265,15.5625
25,22,47,0.88
77,668,745,8.675324675324676
16,213,229,13.3125
43,373,416,8.674418604651162
21,313,334,14.904761904761905
27,192,219,7.111111111111111
821,910,1731,1.1084043848964678
48,878,926,18.291666666666668
45,110,155,2.4444444444444446
48,211,259,4.395833333333333
70,143,213,2.0428571428571427
412,884,1296,2.145631067961165
19,783,802,41.21052631578947
1441,871,2312,0.604441360166551
115,252,367,2.1913043478260867
13,107,120,8.23076923076923
10,418,428,41.8
302,245,547,0.8112582781456954
1660,101,1761,0.0608433734939759
238,504,742,2.1176470588235294
18,310,328,17.22222222222222
728,71,799,0.09752747252747253
65,299,364,4.6
43,48,91,1.1162790697674418
209,127,336,0.6076555023923444
39,628,667,16.102564102564102
25,73,98,2.92
728,71,799,0.09752747252747253
163,254,417,1.5582822085889572
209,30,239,0.14354066985645933
6,196,202,32.666666666666664
81,159,240,1.962962962962963
36,280,316,7.777777777777778
739,6,745,0.008119079837618403
905,228,1133,0.25193370165745854
1053,163,1216,0.15479582146248813
64,297,361,4.640625
20,390,410,19.5
409,384,793,0.9388753056234719
9,89,98,9.88888888888889
58,405,463,6.982758620689655
36,730,766,20.27777777777778
66,221,287,3.3484848484848486
59,441,500,7.47457627118644
40,614,654,15.35
26,286,312,11.0
21,213,234,10.142857142857142
8,117,125,14.625
96,609,705,6.34375
45,83,128,1.8444444444444446
215,1855,2070,8.627906976744185
149,406,555,2.7248322147651005
76,188,264,2.473684210526316
35,217,252,6.2
45,415,460,9.222222222222221
1406,8,1414,0.005689900426742532
25,22,47,0.88
878,663,1541,0.755125284738041
7,120,127,17.142857142857142
11,156,167,14.181818181818182
32,462,494,14.4375
320,393,713,1.228125
69,542,611,7.855072463768116
13,903,916,69.46153846153847
109,1286,1395,11.79816513761468
26,223,249,8.576923076923077
9,292,301,32.44444444444444
8,230,238,28.75
212,225,437,1.0613207547169812
7,38,45,5.428571428571429
599,580,1179,0.9682804674457429
18,566,584,31.444444444444443
56,281,337,5.017857142857143
109,291,400,2.669724770642202
13,256,269,19.692307692307693
17,176,193,10.352941176470589
103,312,415,3.029126213592233
20,567,587,28.35
464,949,1413,2.0452586206896552
25,533,558,21.32
662,397,1059,0.5996978851963746
514,801,1315,1.5583657587548638
114,144,258,1.263157894736842
566,426,992,0.7526501766784452
82,365,447,4.451219512195122
31,497,528,16.032258064516128
143,136,279,0.951048951048951
103,333,436,3.233009708737864
12,298,310,24.833333333333332
44,275,319,6.25
53,356,409,6.716981132075472
11,304,315,27.636363636363637
122,570,692,4.672131147540983
35,631,666,18.02857142857143
10,155,165,15.5
19,263,282,13.842105263157896
621,404,1025,0.6505636070853462
11,168,179,15.272727272727273
30,27,57,0.9
5,286,291,57.2
22,371,393,16.863636363636363
11,593,604,53.90909090909091
29,1045,1074,36.03448275862069
13,133,146,10.23076923076923
2,11,13,5.5
14,589,603,42.07142857142857
55,786,841,14.290909090909091
211,645,856,3.056872037914692
107,542,649,5.065420560747664
45,416,461,9.244444444444444
86,104,190,1.2093023255813953
13,28,41,2.1538461538461537
24,100,124,4.166666666666667
52,179,231,3.4423076923076925
144,33,177,0.22916666666666666
3009,190,3199,0.06314390162844799
11,425,436,38.63636363636363
10,197,207,19.7
37,18,55,0.4864864864864865
38,634,672,16.68421052631579
152,293,445,1.9276315789473684
15,518,533,34.53333333333333
18,191,209,10.61111111111111
78,35,113,0.44871794871794873
179,220,399,1.229050279329609
15,485,500,32.333333333333336
507,489,996,0.9644970414201184
188,90,278,0.4787234042553192
5,11,16,2.2
28,879,907,31.392857142857142
1778,26,1804,0.014623172103487065
206,151,357,0.7330097087378641
59,44,103,0.7457627118644068
433,353,786,0.815242494226328
22,341,363,15.5
37,46,83,1.2432432432432432
19,151,170,7.947368421052632
23,299,322,13.0
35,656,691,18.742857142857144
60,505,565,8.416666666666666
14,258,272,18.428571428571427
12,120,132,10.0
9,21,30,2.3333333333333335
1148,758,1906,0.6602787456445993
22,100,122,4.545454545454546
10,417,427,41.7
2,11,13,5.5
597,869,1466,1.4556113902847572
159,176,335,1.1069182389937107
33,360,393,10.909090909090908
1767,757,2524,0.42840973401245047
12,116,128,9.666666666666666
8,46,54,5.75
692,418,1110,0.6040462427745664
18,337,355,18.72222222222222
108,237,345,2.1944444444444446
31,147,178,4.741935483870968
32,313,345,9.78125
46,65,111,1.4130434782608696
29,174,203,6.0
60,449,509,7.483333333333333
2,11,13,5.5
28,153,181,5.464285714285714
540,281,821,0.5203703703703704
961,782,1743,0.813735691987513
62,507,569,8.17741935483871
13,443,456,34.07692307692308
35,241,276,6.885714285714286
47,50,97,1.0638297872340425
7,344,351,49.142857142857146
114,33,147,0.2894736842105263
106,96,202,0.9056603773584906
76,479,555,6.302631578947368
10,108,118,10.8
26,508,534,19.53846153846154
52,341,393,6.5576923076923075
692,353,1045,0.5101156069364162
39,619,658,15.871794871794872
7,118,125,16.857142857142858
52,205,257,3.9423076923076925
26,346,372,13.307692307692308
219,181,400,0.8264840182648402
11,325,336,29.545454545454547
12,316,328,26.333333333333332
587,4,591,0.0068143100511073255
2478,249,2727,0.10048426150121065
46,960,1006,20.869565217391305
19,5,24,0.2631578947368421
64,245,309,3.828125
875,509,1384,0.5817142857142857
30,519,549,17.3
3326,82,3408,0.02465423932651834
1349,1088,2437,0.8065233506300964
12,311,323,25.916666666666668
37,984,1021,26.594594594594593
60,802,862,13.366666666666667
657,52,709,0.0791476407914764
155,316,471,2.0387096774193547
15,133,148,8.866666666666667
2,11,13,5.5
3,31,34,10.333333333333334
32,63,95,1.96875
10,413,423,41.3
8,188,196,23.5
12,296,308,24.666666666666668
26,654,680,25.153846153846153
25,215,240,8.6
280,120,400,0.42857142857142855
37,277,314,7.486486486486487
9,839,848,93.22222222222223
13,485,498,37.30769230769231
212,410,622,1.9339622641509433
37,674,711,18.216216216216218
46,54,100,1.173913043478261
21,109,130,5.190476190476191
11,351,362,31.90909090909091
33,830,863,25.151515151515152
174,276,450,1.5862068965517242
134,127,261,0.9477611940298507
97,29,126,0.29896907216494845
12,168,180,14.0
60,59,119,0.9833333333333333
56,219,275,3.9107142857142856
14,386,400,27.571428571428573
18,199,217,11.055555555555555
13,193,206,14.846153846153847
134,275,409,2.0522388059701493
128,41,169,0.3203125
56,212,268,3.7857142857142856
1223,594,1817,0.4856909239574816
397,517,914,1.3022670025188916
25,156,181,6.24
1009,988,1997,0.979187314172448
39,221,260,5.666666666666667
378,961,1339,2.5423280423280423
23,219,242,9.521739130434783
40,894,934,22.35
14,310,324,22.142857142857142
8,129,137,16.125
80,400,480,5.0
22,74,96,3.3636363636363638
1478,294,1772,0.19891745602165087
22,22,44,1.0
37,484,521,13.08108108108108
2863,202,3065,0.07055536150890675
144,76,220,0.5277777777777778
139,249,388,1.79136690647482
108,402,510,3.7222222222222223
37,716,753,19.35135135135135
24,244,268,10.166666666666666
161,167,328,1.0372670807453417
13,510,523,39.23076923076923
83,322,405,3.8795180722891565
18,501,519,27.833333333333332
83,950,1033,11.44578313253012
414,553,967,1.3357487922705313
174,74,248,0.42528735632183906
627,181,808,0.2886762360446571
35,255,290,7.285714285714286
9,479,488,53.22222222222222
24,347,371,14.458333333333334
12,108,120,9.0
11,252,263,22.90909090909091
796,6,802,0.007537688442211055
22,387,409,17.59090909090909
2,11,13,5.5
200,373,573,1.865
11,195,206,17.727272727272727
54,312,366,5.777777777777778
93,446,539,4.795698924731183
6,171,177,28.5
16,370,386,23.125
49,56,105,1.1428571428571428
22,219,241,9.954545454545455
830,155,985,0.18674698795180722
21,133,154,6.333333333333333
21,632,653,30.095238095238095
35,305,340,8.714285714285714
351,283,634,0.8062678062678063
692,353,1045,0.5101156069364162
46,166,212,3.608695652173913
32,26,58,0.8125
8,357,365,44.625
39,283,322,7.256410256410256
4,41,45,10.25
75,124,199,1.6533333333333333
29,193,222,6.655172413793103
18,321,339,17.833333333333332
106,493,599,4.650943396226415
744,230,974,0.30913978494623656
172,298,470,1.7325581395348837
23,334,357,14.521739130434783
62,241,303,3.8870967741935485
23,489,512,21.26086956521739
33,443,476,13.424242424242424
614,800,1414,1.3029315960912051
16,349,365,21.8125
16,574,590,35.875
18,532,550,29.555555555555557
1141,164,1305,0.1437335670464505
20,110,130,5.5
293,299,592,1.0204778156996588
19,196,215,10.31578947368421
430,365,795,0.8488372093023255
27,475,502,17.59259259259259
8,183,191,22.875
11,94,105,8.545454545454545
9,177,186,19.666666666666668
82,398,480,4.853658536585366
124,355,479,2.8629032258064515
15,376,391,25.066666666666666
33,354,387,10.727272727272727
11,384,395,34.90909090909091
13,538,551,41.38461538461539
1041,8,1049,0.007684918347742555
42,559,601,13.30952380952381
170,98,268,0.5764705882352941
24,33,57,1.375
383,180,563,0.4699738903394256
60,449,509,7.483333333333333
275,233,508,0.8472727272727273
47,304,351,6.468085106382978
56,4,60,0.07142857142857142
662,370,1032,0.5589123867069486
1503,423,1926,0.281437125748503
152,16,168,0.10526315789473684
17,260,277,15.294117647058824
2,11,13,5.5
49,190,239,3.877551020408163
32,508,540,15.875
92,37,129,0.40217391304347827
2,11,13,5.5
11,214,225,19.454545454545453
15,246,261,16.4
9,85,94,9.444444444444445
105,559,664,5.3238095238095235
104,145,249,1.3942307692307692
16,417,433,26.0625
36,254,290,7.055555555555555
54,59,113,1.0925925925925926
2222,925,3147,0.4162916291629163
25,344,369,13.76
3,21,24,7.0
38,386,424,10.157894736842104
14,342,356,24.428571428571427
11,715,726,65.0
65,471,536,7.246153846153846
22,675,697,30.681818181818183
42,157,199,3.738095238095238
29,957,986,33.0
101,454,555,4.4950495049504955
174,396,570,2.2758620689655173
10,25,35,2.5
462,1329,1791,2.8766233766233764
45,544,589,12.088888888888889
10,179,189,17.9
23,278,301,12.08695652173913
75,112,187,1.4933333333333334
301,155,456,0.5149501661129569
13,330,343,25.384615384615383
16,742,758,46.375
49,27,76,0.5510204081632653
45,707,752,15.71111111111111
491,255,746,0.5193482688391039
913,130,1043,0.14238773274917854
9,118,127,13.11111111111111
25,363,388,14.52
13,382,395,29.384615384615383
491,643,1134,1.309572301425662
20,391,411,19.55
26,146,172,5.615384615384615
448,428,876,0.9553571428571429
29,173,202,5.9655172413793105
974,223,1197,0.22895277207392198
11,328,339,29.818181818181817
55,393,448,7.1454545454545455
3122,5,3127,0.0016015374759769379
791,180,971,0.22756005056890014
55,755,810,13.727272727272727
23,430,453,18.695652173913043
81,231,312,2.8518518518518516
26,410,436,15.76923076923077
1044,605,1649,0.5795019157088123
2,11,13,5.5
591,17,608,0.028764805414551606
9,497,506,55.22222222222222
23,369,392,16.043478260869566
89,591,680,6.640449438202247
8,282,290,35.25
39,130,169,3.3333333333333335
994,176,1170,0.17706237424547283
25,363,388,14.52
4,515,519,128.75
8,310,318,38.75
18,234,252,13.0
17,138,155,8.117647058823529
15,487,502,32.46666666666667
421,420,841,0.997624703087886
48,378,426,7.875
94,386,480,4.1063829787234045
2,11,13,5.5
25,299,324,11.96
73,699,772,9.575342465753424
24,571,595,23.791666666666668
7,75,82,10.714285714285714
163,130,293,0.7975460122699386
630,419,1049,0.665079365079365
33,486,519,14.727272727272727
250,598,848,2.392
2,11,13,5.5
22,43,65,1.9545454545454546
4,223,227,55.75
102,194,296,1.9019607843137254
22,426,448,19.363636363636363
2185,333,2518,0.15240274599542333
12,406,418,33.833333333333336
18,116,134,6.444444444444445
6,256,262,42.666666666666664
8,118,126,14.75
12,327,339,27.25
982,94,1076,0.09572301425661914
177,795,972,4.491525423728813
7,190,197,27.142857142857142
17,124,141,7.294117647058823
29,640,669,22.06896551724138
16,171,187,10.6875
147,335,482,2.2789115646258504
9,105,114,11.666666666666666
101,257,358,2.5445544554455446
28,486,514,17.357142857142858
475,325,800,0.6842105263157895
1141,375,1516,0.32865907099035935
16,90,106,5.625
77,507,584,6.584415584415584
51,297,348,5.823529411764706
9,83,92,9.222222222222221
74,516,590,6.972972972972973
3,353,356,117.66666666666667
10,309,319,30.9
17,240,257,14.117647058823529
221,103,324,0.4660633484162896
21,647,668,30.80952380952381
576,29,605,0.050347222222222224
23,49,72,2.130434782608696
15,358,373,23.866666666666667
31,639,670,20.612903225806452
15,123,138,8.2
23,961,984,41.78260869565217
11,406,417,36.90909090909091
70,23,93,0.32857142857142857
71,31,102,0.43661971830985913
41,479,520,11.682926829268293
222,553,775,2.490990990990991
45,364,409,8.088888888888889
2158,362,2520,0.16774791473586653
12,166,178,13.833333333333334
45,421,466,9.355555555555556
31,417,448,13.451612903225806
20,383,403,19.15
57,498,555,8.736842105263158
148,165,313,1.114864864864865
209,769,978,3.6794258373205744
3,11,14,3.6666666666666665
423,635,1058,1.5011820330969268
9,322,331,35.77777777777778
152,249,401,1.638157894736842
15,464,479,30.933333333333334
29,171,200,5.896551724137931
756,651,1407,0.8611111111111112
2195,25,2220,0.011389521640091117
36,132,168,3.6666666666666665
22,356,378,16.181818181818183
81,235,316,2.9012345679012346
2,25,27,12.5
17,480,497,28.235294117647058
121,244,365,2.0165289256198347
161,49,210,0.30434782608695654
1680,764,2444,0.45476190476190476
59,606,665,10.271186440677965
44,692,736,15.727272727272727
25,225,250,9.0
92,147,239,1.5978260869565217
63,18,81,0.2857142857142857
76,965,1041,12.697368421052632
135,210,345,1.5555555555555556
230,26,256,0.11304347826086956
38,634,672,16.68421052631579
216,107,323,0.49537037037037035
15,372,387,24.8
5,857,862,171.4
92,277,369,3.010869565217391
10,51,61,5.1
14,628,642,44.857142857142854
13,646,659,49.69230769230769
26,251,277,9.653846153846153
106,42,148,0.39622641509433965
126,322,448,2.5555555555555554
62,399,461,6.435483870967742
4,634,638,158.5
214,108,322,0.5046728971962616
806,61,867,0.07568238213399504
16,678,694,42.375
6,351,357,58.5
3911,7,3918,0.0017898235745333673
43,50,93,1.1627906976744187
239,106,345,0.4435146443514644
589,451,1040,0.765704584040747
41,410,451,10.0
6,102,108,17.0
11,360,371,32.72727272727273
1029,411,1440,0.39941690962099125
45,387,432,8.6
23,663,686,28.82608695652174
89,38,127,0.42696629213483145
15,316,331,21.066666666666666
24,302,326,12.583333333333334
30,374,404,12.466666666666667
13,20,33,1.5384615384615385
8,212,220,26.5
7,146,153,20.857142857142858
1580,193,1773,0.12215189873417721
39,733,772,18.794871794871796
5,205,210,41.0
81,942,1023,11.62962962962963
13,140,153,10.76923076923077
67,1019,1086,15.208955223880597
9,147,156,16.333333333333332
795,1001,1796,1.2591194968553459
465,613,1078,1.3182795698924732
120,275,395,2.2916666666666665
200,99,299,0.495
2082,25,2107,0.012007684918347743
7,65,72,9.285714285714286
83,582,665,7.0120481927710845
16,390,406,24.375
13,337,350,25.923076923076923
675,538,1213,0.797037037037037
11,168,179,15.272727272727273
20,254,274,12.7
3,51,54,17.0
38,420,458,11.052631578947368
780,528,1308,0.676923076923077
23,421,444,18.304347826086957
2,39,41,19.5
1016,321,1337,0.3159448818897638
72,31,103,0.4305555555555556
308,45,353,0.1461038961038961
9,220,229,24.444444444444443
33,84,117,2.5454545454545454
12,437,449,36.416666666666664
118,124,242,1.0508474576271187
143,473,616,3.3076923076923075
423,476,899,1.1252955082742317
125,564,689,4.512
8,309,317,38.625
41,248,289,6.048780487804878
26,24,50,0.9230769230769231
18,668,686,37.111111111111114
15,189,204,12.6
23,290,313,12.608695652173912
20,671,691,33.55
15,487,502,32.46666666666667
60,281,341,4.683333333333334
48,779,827,16.229166666666668
23,293,316,12.73913043478261
23,442,465,19.217391304347824
9,30,39,3.3333333333333335
20,291,311,14.55
29,569,598,19.620689655172413
1213,950,2163,0.7831821929101401
75,242,317,3.2266666666666666
2531,552,3083,0.21809561438166733
214,676,890,3.1588785046728973
2,11,13,5.5
76,310,386,4.078947368421052
28,601,629,21.464285714285715
56,704,760,12.571428571428571
5,136,141,27.2
11,431,442,39.18181818181818
446,232,678,0.5201793721973094
67,470,537,7.014925373134329
9,212,221,23.555555555555557
14,95,109,6.785714285714286
1313,228,1541,0.17364813404417365
8,91,99,11.375
249,171,420,0.6867469879518072
80,260,340,3.25
24,389,413,16.208333333333332
10,544,554,54.4
118,105,223,0.8898305084745762
9,358,367,39.77777777777778
45,196,241,4.355555555555555
28,162,190,5.785714285714286
120,745,865,6.208333333333333
105,375,480,3.5714285714285716
52,5,57,0.09615384615384616
392,127,519,0.3239795918367347
31,306,337,9.870967741935484
29,467,496,16.103448275862068
795,416,1211,0.5232704402515723
43,345,388,8.023255813953488
28,140,168,5.0
13,349,362,26.846153846153847
13,592,605,45.53846153846154
13,160,173,12.307692307692308
21,283,304,13.476190476190476
22,145,167,6.590909090909091
8,51,59,6.375
40,751,791,18.775
1145,263,1408,0.22969432314410482
25,445,470,17.8
2360,291,2651,0.12330508474576271
1479,894,2373,0.6044624746450304
34,69,103,2.0294117647058822
1902,964,2866,0.5068349106203995
31,893,924,28.806451612903224
16,97,113,6.0625
3,238,241,79.33333333333333
959,159,1118,0.16579770594369134
126,287,413,2.2777777777777777
20,433,453,21.65
8,928,936,116.0
1041,8,1049,0.007684918347742555
27,367,394,13.592592592592593
62,362,424,5.838709677419355
53,247,300,4.660377358490566
15,300,315,20.0
1505,169,1674,0.1122923588039867
12,305,317,25.416666666666668
31,197,228,6.354838709677419
2265,221,2486,0.09757174392935983
8,251,259,31.375
10,73,83,7.3
115,109,224,0.9478260869565217
54,454,508,8.407407407407407
28,636,664,22.714285714285715
28,267,295,9.535714285714286
17,314,331,18.470588235294116
17,322,339,18.941176470588236
67,26,93,0.3880597014925373
21,30,51,1.4285714285714286
22,332,354,15.090909090909092
101,11,112,0.10891089108910891
8,248,256,31.0
33,379,412,11.484848484848484
8,150,158,18.75
28,318,346,11.357142857142858
155,374,529,2.412903225806452
154,714,868,4.636363636363637
71,134,205,1.8873239436619718
24,100,124,4.166666666666667
24,28,52,1.1666666666666667
18,51,69,2.8333333333333335
109,387,496,3.55045871559633
74,598,672,8.08108108108108
53,600,653,11.320754716981131
7,391,398,55.857142857142854
3108,120,3228,0.03861003861003861
1252,192,1444,0.15335463258785942
69,730,799,10.579710144927537
811,498,1309,0.6140567200986436
17,373,390,21.941176470588236
21,421,442,20.047619047619047
18,293,311,16.27777777777778
275,17,292,0.06181818181818182
167,647,814,3.874251497005988
69,836,905,12.115942028985508
7,73,80,10.428571428571429
2,12,14,6.0
37,87,124,2.3513513513513513
30,156,186,5.2
10,14,24,1.4
17,361,378,21.235294117647058
25,179,204,7.16
11,265,276,24.09090909090909
15,192,207,12.8
14,481,495,34.357142857142854
2,37,39,18.5
1238,451,1689,0.364297253634895
42,246,288,5.857142857142857
428,452,880,1.0560747663551402
14,408,422,29.142857142857142
49,33,82,0.673469387755102
136,905,1041,6.654411764705882
23,143,166,6.217391304347826
8,83,91,10.375
40,817,857,20.425
51,483,534,9.470588235294118
96,109,205,1.1354166666666667
31,236,267,7.612903225806452
634,633,1267,0.998422712933754
16,104,120,6.5
335,450,785,1.3432835820895523
30,233,263,7.766666666666667
370,192,562,0.518918918918919
491,111,602,0.22606924643584522
80,56,136,0.7
2993,354,3347,0.11827597728032074
218,92,310,0.42201834862385323
2142,35,2177,0.016339869281045753
21,823,844,39.19047619047619
9,111,120,12.333333333333334
19,129,148,6.7894736842105265
1289,278,1567,0.2156710628394104
414,240,654,0.5797101449275363
52,298,350,5.730769230769231
1639,29,1668,0.017693715680292862
69,691,760,10.014492753623188
17,504,521,29.647058823529413
64,223,287,3.484375
30,902,932,30.066666666666666
41,408,449,9.951219512195122
149,451,600,3.0268456375838926
22,889,911,40.40909090909091
3957,3,3960,0.000758150113722517
563,591,1154,1.0497335701598578
13,334,347,25.692307692307693
17,482,499,28.352941176470587
10,316,326,31.6
19,125,144,6.578947368421052
32,407,439,12.71875
14,478,492,34.142857142857146
15,250,265,16.666666666666668
11,309,320,28.09090909090909
383,306,689,0.7989556135770235
40,43,83,1.075
112,391,503,3.4910714285714284
62,821,883,13.241935483870968
21,24,45,1.1428571428571428
17,11,28,0.6470588235294118
113,264,377,2.336283185840708
10,239,249,23.9
10,212,222,21.2
27,795,822,29.444444444444443
12,264,276,22.0
25,430,455,17.2
15,290,305,19.333333333333332
60,811,871,13.516666666666667
16,88,104,5.5
1039,717,1756,0.6900866217516843
6,147,153,24.5
50,582,632,11.64
7,213,220,30.428571428571427
119,235,354,1.9747899159663866
397,140,537,0.3526448362720403
19,257,276,13.526315789473685
3528,12,3540,0.003401360544217687
42,919,961,21.88095238095238
6,76,82,12.666666666666666
114,324,438,2.8421052631578947
11,629,640,57.18181818181818
1201,210,1411,0.17485428809325562
2,757,759,378.5
26,23,49,0.8846153846153846
222,45,267,0.20270270270270271
1331,69,1400,0.051840721262208865
51,190,241,3.7254901960784315
322,439,761,1.3633540372670807
2,11,13,5.5
12,448,460,37.333333333333336
57,861,918,15.105263157894736
2966,131,3097,0.04416722859069454
2174,138,2312,0.06347746090156393
252,157,409,0.623015873015873
22,165,187,7.5
10,372,382,37.2
138,125,263,0.9057971014492754
10,450,460,45.0
95,230,325,2.4210526315789473
9,15,24,1.6666666666666667
66,47,113,0.7121212121212122
1303,286,1589,0.2194934765924789
58,181,239,3.1206896551724137
8,107,115,13.375
773,865,1638,1.1190168175937905
38,365,403,9.605263157894736
33,370,403,11.212121212121213
28,185,213,6.607142857142857
101,192,293,1.900990099009901
1489,149,1638,0.10006715916722633
28,559,587,19.964285714285715
50,544,594,10.88
46,913,959,19.847826086956523
25,33,58,1.32
11,363,374,33.0
30,301,331,10.033333333333333
80,214,294,2.675
38,104,142,2.736842105263158
43,417,460,9.69767441860465
15,404,419,26.933333333333334
73,580,653,7.945205479452055
462,231,693,0.5
10,274,284,27.4
20,373,393,18.65
15,279,294,18.6
15,512,527,34.13333333333333
50,29,79,0.58
58,457,515,7.879310344827586
53,421,474,7.943396226415095
949,320,1269,0.33719704952581664
18,501,519,27.833333333333332
15,197,212,13.133333333333333
8,119,127,14.875
25,92,117,3.68
6,562,568,93.66666666666667
17,262,279,15.411764705882353
11,23,34,2.090909090909091
9,116,125,12.88888888888889
54,370,424,6.851851851851852
8,129,137,16.125
39,548,587,14.051282051282051
8,81,89,10.125
9,30,39,3.3333333333333335
71,30,101,0.4225352112676056
16,213,229,13.3125
199,95,294,0.47738693467336685
160,368,528,2.3
1212,284,1496,0.23432343234323433
99,476,575,4.808080808080808
12,286,298,23.833333333333332
17,200,217,11.764705882352942
615,158,773,0.25691056910569104
29,142,171,4.896551724137931
442,160,602,0.36199095022624433
10,28,38,2.8
34,252,286,7.411764705882353
10,130,140,13.0
217,1010,1227,4.654377880184332
134,303,437,2.2611940298507465
32,662,694,20.6875
69,42,111,0.6086956521739131
117,28,145,0.23931623931623933
55,191,246,3.4727272727272727
111,1060,1171,9.54954954954955
3,11,14,3.6666666666666665
674,123,797,0.1824925816023739
15,140,155,9.333333333333334
15,37,52,2.466666666666667
49,294,343,6.0
2,11,13,5.5
197,920,1117,4.67005076142132
2953,214,3167,0.07246867592279038
254,560,814,2.204724409448819
18,211,229,11.722222222222221
1985,8,1993,0.004030226700251889
2030,298,2328,0.14679802955665025
42,295,337,7.023809523809524
38,91,129,2.3947368421052633
11,295,306,26.818181818181817
14,132,146,9.428571428571429
14,184,198,13.142857142857142
702,895,1597,1.274928774928775
35,36,71,1.0285714285714285
204,217,421,1.0637254901960784
674,787,1461,1.1676557863501484
1582,717,2299,0.4532237673830594
124,19,143,0.1532258064516129
8,765,773,95.625
7,424,431,60.57142857142857
79,889,968,11.253164556962025
542,493,1035,0.9095940959409594
317,375,692,1.1829652996845426
757,25,782,0.03302509907529723
79,329,408,4.1645569620253164
1175,129,1304,0.1097872340425532
2348,165,2513,0.07027257240204429
9,66,75,7.333333333333333
227,8,235,0.03524229074889868
85,568,653,6.682352941176471
44,371,415,8.431818181818182
23,363,386,15.782608695652174
308,46,354,0.14935064935064934
111,108,219,0.972972972972973
12,406,418,33.833333333333336
15,339,354,22.6
9,327,336,36.333333333333336
258,219,477,0.8488372093023255
19,280,299,14.736842105263158
13,328,341,25.23076923076923
78,565,643,7.243589743589744
509,186,695,0.3654223968565815
18,78,96,4.333333333333333
15,299,314,19.933333333333334
22,341,363,15.5
1735,916,2651,0.5279538904899136
49,287,336,5.857142857142857
38,100,138,2.6315789473684212
809,951,1760,1.1755253399258343
30,436,466,14.533333333333333
50,27,77,0.54
1,593,594,593.0
1789,418,2207,0.23365008384572386
52,577,629,11.096153846153847
6,715,721,119.16666666666667
143,868,1011,6.06993006993007
2894,125,3019,0.04319281271596406
4,754,758,188.5
9,89,98,9.88888888888889
140,72,212,0.5142857142857142
50,689,739,13.78
281,31,312,0.1103202846975089
19,432,451,22.736842105263158
8,521,529,65.125
103,312,415,3.029126213592233
6,715,721,119.16666666666667
74,258,332,3.4864864864864864
125,564,689,4.512
86,413,499,4.8023255813953485
87,400,487,4.597701149425287
45,115,160,2.5555555555555554
357,517,874,1.4481792717086834
1033,188,1221,0.1819941916747338
16,148,164,9.25
489,66,555,0.13496932515337423
707,623,1330,0.8811881188118812
32,923,955,28.84375
9,671,680,74.55555555555556
19,106,125,5.578947368421052
195,1344,1539,6.892307692307693
8,93,101,11.625
23,424,447,18.434782608695652
80,401,481,5.0125
654,148,802,0.22629969418960244
101,437,538,4.326732673267327
15,315,330,21.0
155,845,1000,5.451612903225806
87,445,532,5.114942528735632
777,18,795,0.023166023166023165
115,88,203,0.7652173913043478
42,346,388,8.238095238095237
44,949,993,21.568181818181817
91,374,465,4.1098901098901095
1683,206,1889,0.12240047534165181
20,85,105,4.25
8,141,149,17.625
46,621,667,13.5
306,460,766,1.5032679738562091
273,525,798,1.9230769230769231
41,275,316,6.7073170731707314
8,214,222,26.75
18,391,409,21.72222222222222
30,764,794,25.466666666666665
50,72,122,1.44
22,130,152,5.909090909090909
21,303,324,14.428571428571429
9,764,773,84.88888888888889
5,170,175,34.0
98,694,792,7.081632653061225
25,210,235,8.4
12,121,133,10.083333333333334
106,585,691,5.518867924528302
25,458,483,18.32
21,182,203,8.666666666666666
22,139,161,6.318181818181818
11,357,368,32.45454545454545
3973,11,3984,0.0027686886483765417
8,10,18,1.25
19,253,272,13.31578947368421
18,118,136,6.555555555555555
391,407,798,1.040920716112532
16,22,38,1.375
35,60,95,1.7142857142857142
22,467,489,21.227272727272727
89,278,367,3.1235955056179776
8,117,125,14.625
81,276,357,3.4074074074074074
149,137,286,0.9194630872483222
67,274,341,4.08955223880597
37,250,287,6.756756756756757
102,278,380,2.7254901960784315
27,159,186,5.888888888888889
75,985,1060,13.133333333333333
20,451,471,22.55
89,674,763,7.573033707865169
74,41,115,0.5540540540540541
211,605,816,2.867298578199052
77,364,441,4.7272727272727275
17,111,128,6.529411764705882
79,23,102,0.2911392405063291
152,201,353,1.3223684210526316
43,159,202,3.697674418604651
10,283,293,28.3
80,22,102,0.275
8,285,293,35.625
167,333,500,1.9940119760479043
18,719,737,39.94444444444444
10,329,339,32.9
35,60,95,1.7142857142857142
38,295,333,7.7631578947368425
42,1029,1071,24.5
46,218,264,4.739130434782608
177,159,336,0.8983050847457628
35,16,51,0.45714285714285713
37,354,391,9.567567567567568
25,551,576,22.04
11,907,918,82.45454545454545
45,567,612,12.6
61,301,362,4.934426229508197
17,554,571,32.588235294117645
160,31,191,0.19375
38,154,192,4.052631578947368
8,136,144,17.0
20,338,358,16.9
31,434,465,14.0
2718,920,3638,0.3384841795437822
186,244,430,1.3118279569892473
61,133,194,2.180327868852459
104,145,249,1.3942307692307692
1165,4,1169,0.0034334763948497852
17,512,529,30.11764705882353
12,280,292,23.333333333333332
24,319,343,13.291666666666666
14,386,400,27.571428571428573
19,279,298,14.68421052631579
252,180,432,0.7142857142857143
9,256,265,28.444444444444443
202,84,286,0.4158415841584158
14,210,224,15.0
10,65,75,6.5
16,445,461,27.8125
115,520,635,4.521739130434782
247,364,611,1.4736842105263157
7,262,269,37.42857142857143
11,368,379,33.45454545454545
716,907,1623,1.2667597765363128
20,287,307,14.35
62,407,469,6.564516129032258
25,39,64,1.56
12,260,272,21.666666666666668
1385,256,1641,0.18483754512635378
21,542,563,25.80952380952381
276,349,625,1.2644927536231885
33,366,399,11.090909090909092
23,591,614,25.695652173913043
71,106,177,1.4929577464788732
9,239,248,26.555555555555557
33,100,133,3.0303030303030303
18,288,306,16.0
898,331,1229,0.3685968819599109
24,454,478,18.916666666666668
63,305,368,4.841269841269841
183,300,483,1.639344262295082
22,27,49,1.2272727272727273
46,8,54,0.17391304347826086
411,98,509,0.2384428223844282
24,56,80,2.3333333333333335
145,758,903,5.227586206896552
202,220,422,1.0891089108910892
16,142,158,8.875
15,253,268,16.866666666666667
12,314,326,26.166666666666668
28,259,287,9.25
232,93,325,0.40086206896551724
15,88,103,5.866666666666666
1392,221,1613,0.15876436781609196
2649,80,2729,0.03020007550018875
14,130,144,9.285714285714286
20,182,202,9.1
7,410,417,58.57142857142857
15,378,393,25.2
2,11,13,5.5
13,282,295,21.692307692307693
24,92,116,3.8333333333333335
103,616,719,5.980582524271845
36,33,69,0.9166666666666666
156,510,666,3.269230769230769
21,612,633,29.142857142857142
25,413,438,16.52
84,280,364,3.3333333333333335
7,369,376,52.714285714285715
34,54,88,1.588235294117647
859,280,1139,0.3259604190919674
10,243,253,24.3
38,193,231,5.078947368421052
10,334,344,33.4
14,219,233,15.642857142857142
23,488,511,21.217391304347824
9,301,310,33.44444444444444
4,108,112,27.0
14,145,159,10.357142857142858
7,35,42,5.0
12,328,340,27.333333333333332
89,591,680,6.640449438202247
54,59,113,1.0925925925925926
20,602,622,30.1
12,12,24,1.0
45,208,253,4.622222222222222
1506,419,1925,0.2782204515272244
89,795,884,8.932584269662922
7,11,18,1.5714285714285714
73,355,428,4.863013698630137
21,201,222,9.571428571428571
1582,717,2299,0.4532237673830594
32,291,323,9.09375
11,544,555,49.45454545454545
76,80,156,1.0526315789473684
13,305,318,23.46153846153846
8,183,191,22.875
73,730,803,10.0
11,361,372,32.81818181818182
90,49,139,0.5444444444444444
58,230,288,3.9655172413793105
1266,576,1842,0.4549763033175355
11,393,404,35.72727272727273
198,192,390,0.9696969696969697
21,859,880,40.904761904761905
24,161,185,6.708333333333333
77,807,884,10.480519480519481
21,554,575,26.38095238095238
77,113,190,1.4675324675324675
11,262,273,23.818181818181817
25,221,246,8.84
11,361,372,32.81818181818182
434,59,493,0.1359447004608295
2,11,13,5.5
32,981,1013,30.65625
2860,833,3693,0.29125874125874124
100,671,771,6.71
1584,325,1909,0.20517676767676768
3454,575,4029,0.16647365373480022
14,478,492,34.142857142857146
213,44,257,0.20657276995305165
74,95,169,1.2837837837837838
37,6,43,0.16216216216216217
7,233,240,33.285714285714285
32,179,211,5.59375
15,516,531,34.4
20,381,401,19.05
22,526,548,23.90909090909091
19,151,170,7.947368421052632
98,111,209,1.1326530612244898
24,939,963,39.125
533,305,838,0.5722326454033771
9,105,114,11.666666666666666
41,198,239,4.829268292682927
14,437,451,31.214285714285715
18,367,385,20.38888888888889
25,692,717,27.68
16,360,376,22.5
28,14,42,0.5
16,240,256,15.0
64,279,343,4.359375
10,120,130,12.0
26,90,116,3.4615384615384617
69,68,137,0.9855072463768116
19,60,79,3.1578947368421053
19,331,350,17.42105263157895
318,121,439,0.3805031446540881
43,126,169,2.9302325581395348
116,245,361,2.1120689655172415
33,37,70,1.121212121212121
1202,872,2074,0.7254575707154742
140,435,575,3.107142857142857
29,155,184,5.344827586206897
2207,3,2210,0.001359311282283643
22,143,165,6.5
8,153,161,19.125
816,159,975,0.1948529411764706
1101,496,1597,0.45049954586739327
12,689,701,57.416666666666664
7,170,177,24.285714285714285
3,21,24,7.0
76,165,241,2.1710526315789473
363,155,518,0.42699724517906334
15,229,244,15.266666666666667
2,11,13,5.5
185,19,204,0.10270270270270271
146,415,561,2.8424657534246576
2,11,13,5.5
8,99,107,12.375
118,426,544,3.610169491525424
2897,202,3099,0.06972730410769762
353,244,597,0.6912181303116147
115,905,1020,7.869565217391305
31,120,151,3.870967741935484
63,311,374,4.936507936507937
13,847,860,65.15384615384616
1412,432,1844,0.3059490084985836
9,256,265,28.444444444444443
27,56,83,2.074074074074074
32,192,224,6.0
17,669,686,39.35294117647059
16,80,96,5.0
19,101,120,5.315789473684211
14,152,166,10.857142857142858
345,400,745,1.1594202898550725
67,33,100,0.4925373134328358
61,412,473,6.754098360655738
11,378,389,34.36363636363637
1598,945,2543,0.5913642052565707
8,81,89,10.125
2,11,13,5.5
57,688,745,12.070175438596491
17,497,514,29.235294117647058
557,378,935,0.6786355475763016
706,466,1172,0.660056657223796
33,465,498,14.090909090909092
93,396,489,4.258064516129032
2843,36,2879,0.01266268026732325
22,147,169,6.681818181818182
253,781,1034,3.0869565217391304
447,838,1285,1.8747203579418346
34,315,349,9.264705882352942
18,566,584,31.444444444444443
59,8,67,0.13559322033898305
68,342,410,5.029411764705882
82,447,529,5.451219512195122
2,11,13,5.5
125,193,318,1.544
10,245,255,24.5
1544,9,1553,0.005829015544041451
69,273,342,3.9565217391304346
978,858,1836,0.8773006134969326
10,533,543,53.3
10,188,198,18.8
26,156,182,6.0
67,300,367,4.477611940298507
27,443,470,16.40740740740741
22,250,272,11.363636363636363
45,628,673,13.955555555555556
2551,407,2958,0.15954527636221089
18,466,484,25.88888888888889
11,396,407,36.0
17,195,212,11.470588235294118
448,256,704,0.5714285714285714
23,143,166,6.217391304347826
8,30,38,3.75
40,185,225,4.625
80,345,425,4.3125
14,96,110,6.857142857142857
744,421,1165,0.5658602150537635
13,87,100,6.6923076923076925
81,968,1049,11.950617283950617
15,129,144,8.6
27,311,338,11.518518518518519
39,362,401,9.282051282051283
62,37,99,0.5967741935483871
17,606,623,35.64705882352941
56,4,60,0.07142857142857142
10,277,287,27.7
1598,256,1854,0.16020025031289112
4,241,245,60.25
9,485,494,53.888888888888886
32,321,353,10.03125
29,11,40,0.3793103448275862
7,262,269,37.42857142857143
14,318,332,22.714285714285715
45,42,87,0.9333333333333333
103,632,735,6.135922330097087
24,580,604,24.166666666666668
13,598,611,46.0
91,483,574,5.3076923076923075
15,238,253,15.866666666666667
87,357,444,4.103448275862069
9,83,92,9.222222222222221
23,331,354,14.391304347826088
19,190,209,10.0
14,733,747,52.357142857142854
191,672,863,3.518324607329843
2,439,441,219.5
29,201,230,6.931034482758621
48,697,745,14.520833333333334
10,100,110,10.0
16,361,377,22.5625
338,918,1256,2.7159763313609466
13,392,405,30.153846153846153
158,507,665,3.2088607594936707
738,293,1031,0.3970189701897019
2962,154,3116,0.05199189736664416
746,458,1204,0.613941018766756
21,301,322,14.333333333333334
74,415,489,5.608108108108108
240,308,548,1.2833333333333334
33,661,694,20.03030303030303
21,325,346,15.476190476190476
532,645,1177,1.212406015037594
138,512,650,3.710144927536232
36,288,324,8.0
1513,204,1717,0.1348314606741573
35,161,196,4.6
12,110,122,9.166666666666666
10,556,566,55.6
16,35,51,2.1875
2,11,13,5.5
26,5,31,0.19230769230769232
25,249,274,9.96
18,81,99,4.5
705,931,1636,1.3205673758865248
26,53,79,2.0384615384615383
320,367,687,1.146875
111,208,319,1.8738738738738738
10,47,57,4.7
17,438,455,25.764705882352942
16,331,347,20.6875
2,11,13,5.5
785,194,979,0.24713375796178344
200,504,704,2.52
55,96,151,1.7454545454545454
17,436,453,25.647058823529413
1479,15,1494,0.010141987829614604
160,731,891,4.56875
17,349,366,20.529411764705884
30,557,587,18.566666666666666
11,148,159,13.454545454545455
161,49,210,0.30434782608695654
13,760,773,58.46153846153846
65,214,279,3.292307692307692
2,563,565,281.5
27,38,65,1.4074074074074074
53,375,428,7.0754716981132075
18,367,385,20.38888888888889
78,210,288,2.6923076923076925
178,215,393,1.2078651685393258
43,98,141,2.2790697674418605
7,4,11,0.5714285714285714
3,180,183,60.0
22,95,117,4.318181818181818
680,266,946,0.3911764705882353
106,493,599,4.650943396226415
13,467,480,35.92307692307692
11,397,408,36.09090909090909
28,421,449,15.035714285714286
27,378,405,14.0
23,242,265,10.521739130434783
1775,19,1794,0.010704225352112675
296,638,934,2.1554054054054053
52,206,258,3.9615384615384617
12,322,334,26.833333333333332
95,254,349,2.6736842105263157
215,81,296,0.3767441860465116
9,52,61,5.777777777777778
21,850,871,40.476190476190474
9,64,73,7.111111111111111
50,504,554,10.08
52,341,393,6.5576923076923075
15,291,306,19.4
16,255,271,15.9375
43,280,323,6.511627906976744
12,533,545,44.416666666666664
164,41,205,0.25
27,582,609,21.555555555555557
8,48,56,6.0
92,516,608,5.608695652173913
939,171,1110,0.18210862619808307
19,175,194,9.210526315789474
27,332,359,12.296296296296296
10,25,35,2.5
50,27,77,0.54
3,12,15,4.0
146,70,216,0.4794520547945205
17,249,266,14.647058823529411
226,5,231,0.022123893805309734
14,296,310,21.142857142857142
18,295,313,16.38888888888889
2112,43,2155,0.020359848484848484
67,327,394,4.880597014925373
14,156,170,11.142857142857142
25,195,220,7.8
26,354,380,13.615384615384615
16,281,297,17.5625
147,245,392,1.6666666666666667
667,289,956,0.4332833583208396
40,208,248,5.2
16,403,419,25.1875
19,98,117,5.157894736842105
31,654,685,21.096774193548388
17,544,561,32.0
72,38,110,0.5277777777777778
140,392,532,2.8
27,395,422,14.62962962962963
65,201,266,3.0923076923076924
47,346,393,7.361702127659575
39,533,572,13.666666666666666
9,193,202,21.444444444444443
125,45,170,0.36
945,67,1012,0.07089947089947089
16,401,417,25.0625
78,347,425,4.448717948717949
726,367,1093,0.5055096418732782
15,262,277,17.466666666666665
8,91,99,11.375
42,259,301,6.166666666666667
1154,124,1278,0.10745233968804159
15,217,232,14.466666666666667
3682,21,3703,0.005703422053231939
20,355,375,17.75
16,266,282,16.625
12,365,377,30.416666666666668
14,201,215,14.357142857142858
61,52,113,0.8524590163934426
41,848,889,20.682926829268293
166,328,494,1.9759036144578312
13,262,275,20.153846153846153
1177,358,1535,0.30416312659303313
15,454,469,30.266666666666666
26,209,235,8.038461538461538
22,118,140,5.363636363636363
20,933,953,46.65
19,442,461,23.263157894736842
107,518,625,4.841121495327103
7,105,112,15.0
71,504,575,7.098591549295775
22,266,288,12.090909090909092
47,305,352,6.48936170212766
36,254,290,7.055555555555555
77,254,331,3.2987012987012987
81,249,330,3.074074074074074
139,789,928,5.676258992805756
53,32,85,0.6037735849056604
3,12,15,4.0
10,313,323,31.3
10,390,400,39.0
247,133,380,0.5384615384615384
437,546,983,1.2494279176201373
17,347,364,20.41176470588235
488,38,526,0.0778688524590164
35,538,573,15.371428571428572
6,293,299,48.833333333333336
292,373,665,1.2773972602739727
34,35,69,1.0294117647058822
844,307,1151,0.3637440758293839
38,512,550,13.473684210526315
589,221,810,0.37521222410865873
54,435,489,8.055555555555555
29,75,104,2.586206896551724
103,239,342,2.320388349514563
114,857,971,7.517543859649122
5,167,172,33.4
15,379,394,25.266666666666666
1902,4,1906,0.002103049421661409
1046,172,1218,0.16443594646271512
11,584,595,53.09090909090909
50,588,638,11.76
1331,832,2163,0.6250939143501127
24,501,525,20.875
14,511,525,36.5
123,305,428,2.4796747967479673
12,727,739,60.583333333333336
16,447,463,27.9375
206,48,254,0.23300970873786409
25,22,47,0.88
193,286,479,1.4818652849740932
7,336,343,48.0
15,411,426,27.4
797,142,939,0.178168130489335
24,365,389,15.208333333333334
3410,186,3596,0.05454545454545454
39,406,445,10.41025641025641
54,433,487,8.018518518518519
97,816,913,8.412371134020619
11,874,885,79.45454545454545
84,216,300,2.5714285714285716
8,210,218,26.25
12,599,611,49.916666666666664
106,208,314,1.9622641509433962
38,4,42,0.10526315789473684
40,587,627,14.675
17,381,398,22.41176470588235
1026,236,1262,0.2300194931773879
24,781,805,32.541666666666664
27,160,187,5.925925925925926
11,10,21,0.9090909090909091
210,263,473,1.2523809523809524
6,195,201,32.5
6,117,123,19.5
11,228,239,20.727272727272727
30,416,446,13.866666666666667
153,305,458,1.9934640522875817
12,247,259,20.583333333333332
2,11,13,5.5
88,142,230,1.6136363636363635
63,457,520,7.253968253968254
47,131,178,2.7872340425531914
2,29,31,14.5
11,595,606,54.09090909090909
14,72,86,5.142857142857143
31,72,103,2.3225806451612905
150,809,959,5.3933333333333335
1492,171,1663,0.1146112600536193
11,294,305,26.727272727272727
13,646,659,49.69230769230769
15,169,184,11.266666666666667
156,250,406,1.6025641025641026
3336,439,3775,0.1315947242206235
8,282,290,35.25
39,373,412,9.564102564102564
336,54,390,0.16071428571428573
25,478,503,19.12
57,110,167,1.9298245614035088
51,385,436,7.549019607843137
25,234,259,9.36
8,390,398,48.75
42,739,781,17.595238095238095
19,496,515,26.105263157894736
7,118,125,16.857142857142858
6,263,269,43.833333333333336
68,400,468,5.882352941176471
10,283,293,28.3
547,179,726,0.3272394881170018
7,64,71,9.142857142857142
11,257,268,23.363636363636363
15,544,559,36.266666666666666
34,259,293,7.617647058823529
51,157,208,3.0784313725490198
16,466,482,29.125
9,52,61,5.777777777777778
25,328,353,13.12
54,406,460,7.518518518518518
21,278,299,13.238095238095237
29,627,656,21.620689655172413
32,5,37,0.15625
11,274,285,24.90909090909091
5,59,64,11.8
6,483,489,80.5
307,847,1154,2.758957654723127
299,795,1094,2.6588628762541804
42,757,799,18.023809523809526
21,395,416,18.80952380952381
339,598,937,1.7640117994100295
255,423,678,1.6588235294117648
89,561,650,6.303370786516854
17,181,198,10.647058823529411
702,43,745,0.06125356125356125
348,5,353,0.014367816091954023
14,210,224,15.0
83,226,309,2.7228915662650603
2,417,419,208.5
41,177,218,4.317073170731708
27,675,702,25.0
3,11,14,3.6666666666666665
30,728,758,24.266666666666666
74,586,660,7.918918918918919
12,134,146,11.166666666666666
21,626,647,29.80952380952381
5,219,224,43.8
15,212,227,14.133333333333333
67,17,84,0.2537313432835821
27,249,276,9.222222222222221
158,111,269,0.7025316455696202
23,137,160,5.956521739130435
26,390,416,15.0
13,507,520,39.0
6,59,65,9.833333333333334
4,295,299,73.75
52,928,980,17.846153846153847
69,186,255,2.6956521739130435
19,97,116,5.105263157894737
84,196,280,2.3333333333333335
22,467,489,21.227272727272727
14,244,258,17.428571428571427
19,316,335,16.63157894736842
16,265,281,16.5625
11,225,236,20.454545454545453
41,1018,1059,24.829268292682926
28,519,547,18.535714285714285
260,569,829,2.1884615384615387
472,259,731,0.548728813559322
122,577,699,4.729508196721311
92,823,915,8.945652173913043
8,97,105,12.125
15,324,339,21.6
2,11,13,5.5
458,681,1139,1.4868995633187774
11,271,282,24.636363636363637
10,451,461,45.1
398,341,739,0.8567839195979899
16,851,867,53.1875
100,45,145,0.45
97,684,781,7.051546391752577
676,608,1284,0.8994082840236687
10,390,400,39.0
44,377,421,8.568181818181818
37,263,300,7.108108108108108
11,281,292,25.545454545454547
45,544,589,12.088888888888889
167,449,616,2.688622754491018
32,757,789,23.65625
9,110,119,12.222222222222221
38,593,631,15.605263157894736
2489,518,3007,0.20811570912012856
398,34,432,0.08542713567839195
21,104,125,4.9523809523809526
331,139,470,0.4199395770392749
8,391,399,48.875
40,558,598,13.95
17,82,99,4.823529411764706
32,317,349,9.90625
845,546,1391,0.6461538461538462
15,170,185,11.333333333333334
2554,223,2777,0.08731401722787784
42,269,311,6.404761904761905
229,289,518,1.262008733624454
1270,10,1280,0.007874015748031496
16,415,431,25.9375
21,34,55,1.619047619047619
26,355,381,13.653846153846153
26,305,331,11.73076923076923
1102,544,1646,0.49364791288566245
40,272,312,6.8
12,543,555,45.25
29,104,133,3.586206896551724
16,390,406,24.375
33,486,519,14.727272727272727
33,532,565,16.12121212121212
14,535,549,38.214285714285715
47,319,366,6.787234042553192
16,171,187,10.6875
15,188,203,12.533333333333333
3716,76,3792,0.02045209903121636
16,331,347,20.6875
909,188,1097,0.2068206820682068
167,90,257,0.5389221556886228
500,518,1018,1.036
486,156,642,0.32098765432098764
2859,220,3079,0.07694998251136762
1070,217,1287,0.202803738317757
15,304,319,20.266666666666666
29,282,311,9.724137931034482
82,326,408,3.975609756097561
66,29,95,0.4393939393939394
26,25,51,0.9615384615384616
1165,787,1952,0.6755364806866953
11,254,265,23.09090909090909
36,110,146,3.0555555555555554
65,201,266,3.0923076923076924
15,223,238,14.866666666666667
23,537,560,23.347826086956523
16,229,245,14.3125
18,714,732,39.666666666666664
569,187,756,0.3286467486818981
7,15,22,2.142857142857143
19,389,408,20.473684210526315
96,302,398,3.1458333333333335
435,123,558,0.2827586206896552
39,509,548,13.051282051282051
14,191,205,13.642857142857142
23,798,821,34.69565217391305
222,45,267,0.20270270270270271
1006,145,1151,0.1441351888667992
20,337,357,16.85
9,111,120,12.333333333333334
19,211,230,11.105263157894736
145,414,559,2.8551724137931034
507,179,686,0.3530571992110454
423,154,577,0.3640661938534279
10,385,395,38.5
31,376,407,12.129032258064516
85,259,344,3.0470588235294116
1693,780,2473,0.4607206142941524
1667,196,1863,0.11757648470305938
2303,34,2337,0.014763352149370386
6,107,113,17.833333333333332
21,424,445,20.19047619047619
41,94,135,2.292682926829268
101,243,344,2.405940594059406
445,758,1203,1.703370786516854
101,519,620,5.138613861386139
18,218,236,12.11111111111111
17,248,265,14.588235294117647
59,30,89,0.5084745762711864
40,340,380,8.5
8,207,215,25.875
75,32,107,0.4266666666666667
80,583,663,7.2875
21,140,161,6.666666666666667
119,112,231,0.9411764705882353
15,312,327,20.8
19,75,94,3.9473684210526314
85,260,345,3.0588235294117645
3,93,96,31.0
157,99,256,0.6305732484076433
8,461,469,57.625
77,44,121,0.5714285714285714
16,363,379,22.6875
17,290,307,17.058823529411764
35,298,333,8.514285714285714
754,536,1290,0.7108753315649867
30,292,322,9.733333333333333
10,108,118,10.8
59,336,395,5.694915254237288
377,603,980,1.5994694960212201
7,942,949,134.57142857142858
6,178,184,29.666666666666668
16,208,224,13.0
125,353,478,2.824
190,759,949,3.9947368421052634
15,389,404,25.933333333333334
20,89,109,4.45
227,162,389,0.7136563876651982
501,322,823,0.6427145708582834
73,730,803,10.0
36,481,517,13.36111111111111
1434,23,1457,0.01603905160390516
12,367,379,30.583333333333332
21,274,295,13.047619047619047
15,125,140,8.333333333333334
18,352,370,19.555555555555557
84,352,436,4.190476190476191
18,514,532,28.555555555555557
13,175,188,13.461538461538462
17,295,312,17.352941176470587
911,325,1236,0.3567508232711306
50,487,537,9.74
98,599,697,6.112244897959184
16,88,104,5.5
12,118,130,9.833333333333334
51,385,436,7.549019607843137
6,97,103,16.166666666666668
11,856,867,77.81818181818181
37,265,302,7.162162162162162
12,228,240,19.0
68,289,357,4.25
80,454,534,5.675
10,41,51,4.1
3380,355,3735,0.10502958579881656
22,694,716,31.545454545454547
106,42,148,0.39622641509433965
31,321,352,10.35483870967742
2711,76,2787,0.028033935817041684
39,226,265,5.794871794871795
9,282,291,31.333333333333332
69,470,539,6.811594202898551
246,423,669,1.7195121951219512
24,261,285,10.875
15,494,509,32.93333333333333
41,88,129,2.1463414634146343
57,96,153,1.6842105263157894
502,91,593,0.18127490039840638
8,101,109,12.625
1040,1060,2100,1.0192307692307692
6,73,79,12.166666666666666
108,332,440,3.074074074074074
136,216,352,1.588235294117647
2,41,43,20.5
71,155,226,2.183098591549296
1132,188,1320,0.16607773851590105
32,604,636,18.875
78,634,712,8.128205128205128
49,282,331,5.755102040816326
24,133,157,5.541666666666667
60,44,104,0.7333333333333333
134,465,599,3.470149253731343
66,45,111,0.6818181818181818
389,226,615,0.5809768637532133
21,418,439,19.904761904761905
86,502,588,5.837209302325581
10,234,244,23.4
81,523,604,6.45679012345679
17,496,513,29.176470588235293
121,26,147,0.21487603305785125
5,29,34,5.8
327,171,498,0.5229357798165137
152,247,399,1.625
801,767,1568,0.9575530586766542
224,320,544,1.4285714285714286
15,300,315,20.0
56,651,707,11.625
32,285,317,8.90625
26,826,852,31.76923076923077
16,226,242,14.125
235,278,513,1.1829787234042553
37,313,350,8.45945945945946
29,99,128,3.413793103448276
5,150,155,30.0
2,11,13,5.5
806,519,1325,0.6439205955334988
99,367,466,3.707070707070707
86,61,147,0.7093023255813954
27,407,434,15.074074074074074
11,315,326,28.636363636363637
12,282,294,23.5
12,230,242,19.166666666666668
113,237,350,2.0973451327433628
130,523,653,4.023076923076923
1387,666,2053,0.4801730353280461
572,266,838,0.46503496503496505
51,774,825,15.176470588235293
14,332,346,23.714285714285715
26,183,209,7.038461538461538
2547,405,2952,0.15901060070671377
19,130,149,6.842105263157895
14,383,397,27.357142857142858
15,186,201,12.4
35,763,798,21.8
18,280,298,15.555555555555555
67,19,86,0.2835820895522388
1057,128,1185,0.12109744560075686
23,602,625,26.17391304347826
21,442,463,21.047619047619047
33,353,386,10.696969696969697
67,509,576,7.597014925373134
19,353,372,18.57894736842105
310,696,1006,2.2451612903225806
13,118,131,9.076923076923077
26,145,171,5.576923076923077
768,591,1359,0.76953125
17,181,198,10.647058823529411
12,328,340,27.333333333333332
13,293,306,22.53846153846154
12,933,945,77.75
45,919,964,20.42222222222222
23,264,287,11.478260869565217
1938,345,2283,0.1780185758513932
35,409,444,11.685714285714285
2504,951,3455,0.3797923322683706
204,429,633,2.1029411764705883
850,918,1768,1.08
17,216,233,12.705882352941176
32,27,59,0.84375
224,195,419,0.8705357142857143
24,250,274,10.416666666666666
12,172,184,14.333333333333334
1294,954,2248,0.7372488408037094
67,285,352,4.253731343283582
384,350,734,0.9114583333333334
62,376,438,6.064516129032258
58,133,191,2.293103448275862
10,487,497,48.7
44,275,319,6.25
13,331,344,25.46153846153846
10,23,33,2.3
12,643,655,53.583333333333336
32,508,540,15.875
181,133,314,0.7348066298342542
26,583,609,22.423076923076923
29,168,197,5.793103448275862
1550,17,1567,0.01096774193548387
25,236,261,9.44
314,251,565,0.7993630573248408
19,266,285,14.0
16,154,170,9.625
36,182,218,5.055555555555555
108,153,261,1.4166666666666667
3508,44,3552,0.012542759407069556
2,41,43,20.5
11,58,69,5.2727272727272725
12,519,531,43.25
12,560,572,46.666666666666664
117,416,533,3.5555555555555554
16,127,143,7.9375
125,193,318,1.544
10,153,163,15.3
20,450,470,22.5
7,120,127,17.142857142857142
8,398,406,49.75
31,893,924,28.806451612903224
10,132,142,13.2
184,535,719,2.907608695652174
19,262,281,13.789473684210526
21,248,269,11.80952380952381
15,488,503,32.53333333333333
750,151,901,0.20133333333333334
24,202,226,8.416666666666666
84,334,418,3.9761904761904763
2181,81,2262,0.037138927097661624
126,792,918,6.285714285714286
13,462,475,35.53846153846154
126,46,172,0.36507936507936506
31,358,389,11.548387096774194
352,954,1306,2.710227272727273
27,514,541,19.037037037037038
47,145,192,3.0851063829787235
15,202,217,13.466666666666667
179,410,589,2.2905027932960893
21,193,214,9.19047619047619
2,11,13,5.5
35,478,513,13.657142857142857
462,349,811,0.7554112554112554
1487,8,1495,0.005379959650302623
180,148,328,0.8222222222222222
18,148,166,8.222222222222221
18,611,629,33.94444444444444
14,215,229,15.357142857142858
13,286,299,22.0
29,370,399,12.758620689655173
21,336,357,16.0
636,382,1018,0.60062893081761
17,87,104,5.117647058823529
116,299,415,2.5775862068965516
11,398,409,36.18181818181818
14,153,167,10.928571428571429
49,221,270,4.510204081632653
14,759,773,54.214285714285715
127,492,619,3.874015748031496
24,221,245,9.208333333333334
242,752,994,3.1074380165289255
519,376,895,0.7244701348747592
23,859,882,37.34782608695652
3513,94,3607,0.026757756902931966
1022,224,1246,0.2191780821917808
23,391,414,17.0
18,87,105,4.833333333333333
36,35,71,0.9722222222222222
29,53,82,1.8275862068965518
6,526,532,87.66666666666667
22,239,261,10.863636363636363
54,672,726,12.444444444444445
131,502,633,3.83206106870229
49,31,80,0.6326530612244898
83,489,572,5.891566265060241
22,686,708,31.181818181818183
380,915,1295,2.4078947368421053
54,157,211,2.9074074074074074
818,655,1473,0.8007334963325183
65,47,112,0.7230769230769231
14,443,457,31.642857142857142
81,34,115,0.41975308641975306
16,360,376,22.5
16,272,288,17.0
9,271,280,30.11111111111111
9,239,248,26.555555555555557
19,221,240,11.631578947368421
269,775,1044,2.8810408921933086
13,281,294,21.615384615384617
14,333,347,23.785714285714285
498,341,839,0.6847389558232931
761,366,1127,0.480946123521682
16,155,171,9.6875
39,18,57,0.46153846153846156
374,304,678,0.8128342245989305
24,176,200,7.333333333333333
262,165,427,0.6297709923664122
119,393,512,3.302521008403361
12,94,106,7.833333333333333
18,170,188,9.444444444444445
9,324,333,36.0
359,1020,1379,2.8412256267409473
7,64,71,9.142857142857142
20,87,107,4.35
1358,855,2213,0.6296023564064801
100,157,257,1.57
72,81,153,1.125
232,80,312,0.3448275862068966
20,671,691,33.55
33,84,117,2.5454545454545454
11,173,184,15.727272727272727
21,413,434,19.666666666666668
8,17,25,2.125
10,496,506,49.6
29,160,189,5.517241379310345
30,409,439,13.633333333333333
11,326,337,29.636363636363637
44,780,824,17.727272727272727
16,142,158,8.875
59,290,349,4.915254237288136
2812,263,3075,0.09352773826458037
15,163,178,10.866666666666667
7,18,25,2.5714285714285716
164,5,169,0.03048780487804878
2,43,45,21.5
93,574,667,6.172043010752688
2,11,13,5.5
4,363,367,90.75
545,863,1408,1.58348623853211
232,100,332,0.43103448275862066
284,19,303,0.06690140845070422
461,269,730,0.5835140997830802
313,239,552,0.7635782747603834
212,484,696,2.2830188679245285
19,247,266,13.0
10,54,64,5.4
30,14,44,0.4666666666666667
30,118,148,3.933333333333333
11,445,456,40.45454545454545
16,192,208,12.0
35,400,435,11.428571428571429
4,274,278,68.5
60,555,615,9.25
1548,196,1744,0.12661498708010335
14,32,46,2.2857142857142856
114,833,947,7.307017543859649
16,44,60,2.75
70,449,519,6.414285714285715
215,275,490,1.2790697674418605
12,262,274,21.833333333333332
15,5,20,0.3333333333333333
18,262,280,14.555555555555555
88,358,446,4.068181818181818
99,281,380,2.8383838383838382
1487,8,1495,0.005379959650302623
19,428,447,22.526315789473685
2,11,13,5.5
10,333,343,33.3
9,408,417,45.333333333333336
80,584,664,7.3
18,270,288,15.0
62,409,471,6.596774193548387
6,4,10,0.6666666666666666
33,79,112,2.393939393939394
32,376,408,11.75
4,46,50,11.5
18,321,339,17.833333333333332
21,201,222,9.571428571428571
1114,237,1351,0.2127468581687612
949,1011,1960,1.065331928345627
38,307,345,8.078947368421053
444,19,463,0.04279279279279279
1267,5,1272,0.003946329913180742
340,464,804,1.3647058823529412
4,160,164,40.0
39,253,292,6.487179487179487
29,591,620,20.379310344827587
16,22,38,1.375
49,876,925,17.877551020408163
104,934,1038,8.98076923076923
515,120,635,0.23300970873786409
21,295,316,14.047619047619047
158,52,210,0.3291139240506329
10,69,79,6.9
1180,1023,2203,0.8669491525423729
905,294,1199,0.32486187845303865
118,86,204,0.7288135593220338
16,636,652,39.75
11,40,51,3.6363636363636362
120,166,286,1.3833333333333333
139,764,903,5.496402877697841
202,861,1063,4.262376237623762
8,821,829,102.625
101,11,112,0.10891089108910891
1237,872,2109,0.7049312853678253
9,9,18,1.0
81,552,633,6.814814814814815
214,925,1139,4.322429906542056
35,826,861,23.6
38,412,450,10.842105263157896
11,330,341,30.0
898,331,1229,0.3685968819599109
220,7,227,0.031818181818181815
93,5,98,0.053763440860215055
1201,122,1323,0.1015820149875104
38,360,398,9.473684210526315
985,277,1262,0.2812182741116751
46,186,232,4.043478260869565
35,273,308,7.8
73,495,568,6.780821917808219
17,69,86,4.0588235294117645
2497,515,3012,0.20624749699639566
3733,76,3809,0.02035896062148406
16,205,221,12.8125
3,11,14,3.6666666666666665
5,87,92,17.4
367,401,768,1.0926430517711172
24,45,69,1.875
1165,578,1743,0.496137339055794
7,145,152,20.714285714285715
442,313,755,0.7081447963800905
7,144,151,20.571428571428573
29,82,111,2.8275862068965516
75,327,402,4.36
2,52,54,26.0
666,650,1316,0.975975975975976
96,77,173,0.8020833333333334
107,280,387,2.616822429906542
58,219,277,3.7758620689655173
926,107,1033,0.11555075593952484
89,424,513,4.764044943820225
392,323,715,0.8239795918367347
58,644,702,11.10344827586207
27,187,214,6.925925925925926
5,156,161,31.2
36,210,246,5.833333333333333
21,325,346,15.476190476190476
178,545,723,3.061797752808989
7,273,280,39.0
90,311,401,3.4555555555555557
3,8,11,2.6666666666666665
20,185,205,9.25
40,366,406,9.15
17,163,180,9.588235294117647
64,142,206,2.21875
273,210,483,0.7692307692307693
156,332,488,2.128205128205128
50,302,352,6.04
8,495,503,61.875
54,527,581,9.75925925925926
14,272,286,19.428571428571427
1087,295,1382,0.27138914443422263
703,713,1416,1.0142247510668563
108,127,235,1.1759259259259258
2041,1004,3045,0.4919157275845174
51,8,59,0.1568627450980392
37,87,124,2.3513513513513513
23,591,614,25.695652173913043
1197,310,1507,0.25898078529657476
8,320,328,40.0
22,315,337,14.318181818181818
19,268,287,14.105263157894736
1566,823,2389,0.5255427841634738
18,275,293,15.277777777777779
48,353,401,7.354166666666667
15,279,294,18.6
21,131,152,6.238095238095238
75,318,393,4.24
510,149,659,0.29215686274509806
47,282,329,6.0
40,211,251,5.275
8,164,172,20.5
157,48,205,0.3057324840764331
647,39,686,0.06027820710973725
16,48,64,3.0
1548,16,1564,0.0103359173126615
255,223,478,0.8745098039215686
630,7,637,0.011111111111111112
36,432,468,12.0
27,483,510,17.88888888888889
22,81,103,3.6818181818181817
2370,267,2637,0.11265822784810127
462,833,1295,1.803030303030303
552,234,786,0.42391304347826086
14,357,371,25.5
12,388,400,32.333333333333336
262,165,427,0.6297709923664122
14,304,318,21.714285714285715
91,25,116,0.27472527472527475
20,57,77,2.85
10,212,222,21.2
25,433,458,17.32
56,730,786,13.035714285714286
2382,655,3037,0.2749790092359362
26,467,493,17.96153846153846
77,729,806,9.467532467532468
15,1039,1054,69.26666666666667
450,600,1050,1.3333333333333333
9,344,353,38.22222222222222
7,174,181,24.857142857142858
233,429,662,1.8412017167381973
414,147,561,0.35507246376811596
1576,969,2545,0.6148477157360406
18,95,113,5.277777777777778
31,257,288,8.290322580645162
25,405,430,16.2
18,85,103,4.722222222222222
2569,125,2694,0.04865706500583885
160,299,459,1.86875
6,43,49,7.166666666666667
928,773,1701,0.8329741379310345
1500,335,1835,0.22333333333333333
417,288,705,0.6906474820143885
2,11,13,5.5
14,287,301,20.5
12,261,273,21.75
2,11,13,5.5
25,117,142,4.68
75,329,404,4.386666666666667
25,660,685,26.4
826,100,926,0.12106537530266344
118,968,1086,8.203389830508474
16,544,560,34.0
18,352,370,19.555555555555557
34,608,642,17.88235294117647
70,328,398,4.685714285714286
16,275,291,17.1875
50,14,64,0.28
6,283,289,47.166666666666664
82,412,494,5.024390243902439
26,301,327,11.576923076923077
9,375,384,41.666666666666664
97,327,424,3.3711340206185567
671,4,675,0.005961251862891207
250,11,261,0.044
144,234,378,1.625
19,382,401,20.105263157894736
81,644,725,7.950617283950617
194,148,342,0.7628865979381443
178,579,757,3.252808988764045
1188,192,1380,0.16161616161616163
22,591,613,26.863636363636363
5,305,310,61.0
743,79,822,0.1063257065948856
6,251,257,41.833333333333336
140,422,562,3.0142857142857142
26,231,257,8.884615384615385
77,327,404,4.246753246753247
13,460,473,35.38461538461539
175,255,430,1.457142857142857
38,444,482,11.68421052631579
12,224,236,18.666666666666668
27,159,186,5.888888888888889
40,317,357,7.925
7,361,368,51.57142857142857
14,812,826,58.0
2068,14,2082,0.006769825918762089
216,273,489,1.2638888888888888
49,130,179,2.6530612244897958
99,743,842,7.505050505050505
11,482,493,43.81818181818182
585,319,904,0.5452991452991452
54,330,384,6.111111111111111
18,21,39,1.1666666666666667
17,281,298,16.529411764705884
44,242,286,5.5
29,168,197,5.793103448275862
28,694,722,24.785714285714285
18,327,345,18.166666666666668
7,122,129,17.428571428571427
308,71,379,0.2305194805194805
118,285,403,2.4152542372881354
8,264,272,33.0
142,265,407,1.8661971830985915
32,245,277,7.65625
3,126,129,42.0
7,942,949,134.57142857142858
7,187,194,26.714285714285715
32,407,439,12.71875
20,436,456,21.8
30,59,89,1.9666666666666666
18,235,253,13.055555555555555
732,333,1065,0.45491803278688525
10,25,35,2.5
13,104,117,8.0
26,473,499,18.192307692307693
82,375,457,4.573170731707317
29,421,450,14.517241379310345
21,15,36,0.7142857142857143
21,164,185,7.809523809523809
6,279,285,46.5
1281,710,1991,0.5542544886807181
22,37,59,1.6818181818181819
29,171,200,5.896551724137931
13,216,229,16.615384615384617
14,663,677,47.357142857142854
39,36,75,0.9230769230769231
177,773,950,4.367231638418079
23,374,397,16.26086956521739
38,354,392,9.31578947368421
23,451,474,19.608695652173914
17,642,659,37.76470588235294
921,942,1863,1.022801302931596
17,255,272,15.0
32,43,75,1.34375
62,326,388,5.258064516129032
769,35,804,0.045513654096228866
18,185,203,10.277777777777779
64,223,287,3.484375
24,404,428,16.833333333333332
331,965,1296,2.915407854984894
59,386,445,6.5423728813559325
17,295,312,17.352941176470587
2,11,13,5.5
2088,23,2111,0.011015325670498084
19,978,997,51.473684210526315
133,386,519,2.9022556390977443
101,46,147,0.45544554455445546
16,288,304,18.0
85,225,310,2.6470588235294117
91,36,127,0.3956043956043956
514,38,552,0.07392996108949416
6,297,303,49.5
19,408,427,21.473684210526315
424,315,739,0.7429245283018868
25,518,543,20.72
17,524,541,30.823529411764707
192,101,293,0.5260416666666666
29,495,524,17.06896551724138
9,189,198,21.0
15,359,374,23.933333333333334
99,244,343,2.4646464646464645
181,40,221,0.22099447513812154
9,223,232,24.77777777777778
74,85,159,1.1486486486486487
188,347,535,1.8457446808510638
28,248,276,8.857142857142858
22,480,502,21.818181818181817
26,5,31,0.19230769230769232
6,508,514,84.66666666666667
16,1037,1053,64.8125
826,100,926,0.12106537530266344
8,293,301,36.625
43,372,415,8.651162790697674
21,283,304,13.476190476190476
8,103,111,12.875
23,77,100,3.347826086956522
2,11,13,5.5
8,379,387,47.375
88,594,682,6.75
138,442,580,3.2028985507246377
155,383,538,2.470967741935484
22,252,274,11.454545454545455
7,273,280,39.0
839,78,917,0.09296781883194279
2039,105,2144,0.051495831289847964
36,549,585,15.25
5,223,228,44.6
485,384,869,0.7917525773195876
15,193,208,12.866666666666667
112,401,513,3.580357142857143
26,335,361,12.884615384615385
23,538,561,23.391304347826086
48,163,211,3.3958333333333335
81,644,725,7.950617283950617
39,175,214,4.487179487179487
137,991,1128,7.233576642335766
2248,430,2678,0.19128113879003558
15,23,38,1.5333333333333334
14,78,92,5.571428571428571
1141,375,1516,0.32865907099035935
829,527,1356,0.6357056694813028
695,181,876,0.260431654676259
22,450,472,20.454545454545453
26,189,215,7.269230769230769
7,508,515,72.57142857142857
8,118,126,14.75
3,11,14,3.6666666666666665
2477,279,2756,0.112636253532499
84,858,942,10.214285714285714
56,575,631,10.267857142857142
8,365,373,45.625
50,479,529,9.58
308,283,591,0.9188311688311688
199,120,319,0.6030150753768844
7,32,39,4.571428571428571
28,490,518,17.5
95,264,359,2.778947368421053
3,91,94,30.333333333333332
47,319,366,6.787234042553192
12,170,182,14.166666666666666
390,613,1003,1.5717948717948718
40,46,86,1.15
530,170,700,0.32075471698113206
381,319,700,0.8372703412073491
41,127,168,3.097560975609756
46,218,264,4.739130434782608
7,86,93,12.285714285714286
50,362,412,7.24
111,192,303,1.7297297297297298
25,197,222,7.88
17,787,804,46.294117647058826
124,99,223,0.7983870967741935
37,385,422,10.405405405405405
26,245,271,9.423076923076923
9,369,378,41.0
18,29,47,1.6111111111111112
16,759,775,47.4375
156,531,687,3.4038461538461537
27,596,623,22.074074074074073
36,202,238,5.611111111111111
2,553,555,276.5
892,278,1170,0.3116591928251121
464,721,1185,1.5538793103448276
148,165,313,1.114864864864865
42,353,395,8.404761904761905
66,56,122,0.8484848484848485
171,141,312,0.8245614035087719
132,699,831,5.295454545454546
21,182,203,8.666666666666666
89,416,505,4.674157303370786
35,974,1009,27.82857142857143
521,442,963,0.8483685220729367
10,326,336,32.6
78,404,482,5.17948717948718
81,885,966,10.925925925925926
23,263,286,11.434782608695652
72,164,236,2.2777777777777777
4,12,16,3.0
29,542,571,18.689655172413794
34,917,951,26.970588235294116
41,730,771,17.804878048780488
16,403,419,25.1875
68,5,73,0.07352941176470588
17,55,72,3.235294117647059
8,44,52,5.5
84,280,364,3.3333333333333335
11,524,535,47.63636363636363
31,206,237,6.645161290322581
41,418,459,10.195121951219512
45,288,333,6.4
25,392,417,15.68
2,11,13,5.5
31,579,610,18.677419354838708
411,902,1313,2.1946472019464722
55,422,477,7.672727272727273
1201,453,1654,0.3771856786011657
7,320,327,45.714285714285715
2,11,13,5.5
39,711,750,18.23076923076923
88,971,1059,11.034090909090908
887,345,1232,0.38895152198421645
1603,947,2550,0.5907673112913288
3030,305,3335,0.10066006600660066
5,14,19,2.8
82,412,494,5.024390243902439
72,113,185,1.5694444444444444
533,826,1359,1.549718574108818
52,341,393,6.5576923076923075
58,582,640,10.03448275862069
31,330,361,10.64516129032258
17,341,358,20.058823529411764
207,429,636,2.072463768115942
15,108,123,7.2
1032,651,1683,0.6308139534883721
41,867,908,21.146341463414632
3,49,52,16.333333333333332
9,115,124,12.777777777777779
8,319,327,39.875
412,474,886,1.1504854368932038
24,367,391,15.291666666666666
27,444,471,16.444444444444443
8,332,340,41.5
409,277,686,0.6772616136919315
162,272,434,1.6790123456790123
15,181,196,12.066666666666666
6,101,107,16.833333333333332
7,36,43,5.142857142857143
31,385,416,12.419354838709678
67,120,187,1.791044776119403
34,238,272,7.0
2056,294,2350,0.14299610894941633
22,806,828,36.63636363636363
9,748,757,83.11111111111111
43,694,737,16.13953488372093
1284,857,2141,0.6674454828660437
71,125,196,1.7605633802816902
25,776,801,31.04
142,347,489,2.443661971830986
35,60,95,1.7142857142857142
81,435,516,5.37037037037037
1102,544,1646,0.49364791288566245
2,38,40,19.0
23,99,122,4.304347826086956
13,58,71,4.461538461538462
83,56,139,0.6746987951807228
1769,177,1946,0.10005652911249294
540,281,821,0.5203703703703704
30,285,315,9.5
12,161,173,13.416666666666666
12,715,727,59.583333333333336
31,635,666,20.483870967741936
15,343,358,22.866666666666667
16,379,395,23.6875
39,497,536,12.743589743589743
19,626,645,32.94736842105263
10,47,57,4.7
11,68,79,6.181818181818182
664,37,701,0.05572289156626506
8,639,647,79.875
11,618,629,56.18181818181818
232,80,312,0.3448275862068966
86,929,1015,10.80232558139535
37,800,837,21.62162162162162
33,661,694,20.03030303030303
1051,409,1460,0.38915318744053284
1030,460,1490,0.44660194174757284
49,342,391,6.979591836734694
515,22,537,0.04271844660194175
19,39,58,2.0526315789473686
391,38,429,0.09718670076726342
25,299,324,11.96
16,358,374,22.375
882,47,929,0.05328798185941043
253,621,874,2.4545454545454546
571,582,1153,1.0192644483362523
515,192,707,0.37281553398058254
63,251,314,3.984126984126984
11,114,125,10.363636363636363
17,339,356,19.941176470588236
200,517,717,2.585
15,208,223,13.866666666666667
5,264,269,52.8
404,175,579,0.43316831683168316
157,109,266,0.6942675159235668
14,144,158,10.285714285714286
7,12,19,1.7142857142857142
710,121,831,0.1704225352112676
1407,372,1779,0.26439232409381663
290,116,406,0.4
24,429,453,17.875
11,202,213,18.363636363636363
50,610,660,12.2
457,342,799,0.7483588621444202
39,222,261,5.6923076923076925
1959,255,2214,0.13016845329249618
12,238,250,19.833333333333332
19,65,84,3.4210526315789473
2,11,13,5.5
10,260,270,26.0
16,28,44,1.75
14,744,758,53.142857142857146
19,96,115,5.052631578947368
150,461,611,3.0733333333333333
16,372,388,23.25
107,111,218,1.0373831775700935
14,412,426,29.428571428571427
358,179,537,0.5
43,307,350,7.1395348837209305
26,443,469,17.03846153846154
22,229,251,10.409090909090908
7,309,316,44.142857142857146
15,519,534,34.6
246,109,355,0.44308943089430897
42,711,753,16.928571428571427
164,17,181,0.10365853658536585
76,111,187,1.4605263157894737
13,188,201,14.461538461538462
20,256,276,12.8
11,535,546,48.63636363636363
617,510,1127,0.826580226904376
161,108,269,0.6708074534161491
40,108,148,2.7
9,105,114,11.666666666666666
4,7,11,1.75
26,332,358,12.76923076923077
175,45,220,0.2571428571428571
32,84,116,2.625
1828,146,1974,0.07986870897155361
101,125,226,1.2376237623762376
16,80,96,5.0
2328,219,2547,0.09407216494845361
76,64,140,0.8421052631578947
140,149,289,1.0642857142857143
38,103,141,2.710526315789474
4,98,102,24.5
32,313,345,9.78125
45,847,892,18.822222222222223
11,120,131,10.909090909090908
65,81,146,1.2461538461538462
117,449,566,3.8376068376068377
348,5,353,0.014367816091954023
9,375,384,41.666666666666664
17,356,373,20.941176470588236
22,582,604,26.454545454545453
43,497,540,11.55813953488372
5,302,307,60.4
34,804,838,23.647058823529413
11,474,485,43.09090909090909
667,289,956,0.4332833583208396
9,516,525,57.333333333333336
18,675,693,37.5
2011,103,2114,0.051218299353555444
24,196,220,8.166666666666666
59,365,424,6.186440677966102
37,47,84,1.2702702702702702
22,635,657,28.863636363636363
18,494,512,27.444444444444443
97,264,361,2.7216494845360826
17,648,665,38.11764705882353
676,7,683,0.010355029585798817
79,44,123,0.5569620253164557
301,383,684,1.2724252491694352
1822,35,1857,0.019209659714599342
13,37,50,2.8461538461538463
10,67,77,6.7
843,767,1610,0.9098457888493475
328,253,581,0.7713414634146342
143,851,994,5.951048951048951
1619,413,2032,0.2550957381099444
33,72,105,2.1818181818181817
42,555,597,13.214285714285714
12,82,94,6.833333333333333
22,248,270,11.272727272727273
15,134,149,8.933333333333334
611,243,854,0.397708674304419
57,319,376,5.5964912280701755
27,494,521,18.296296296296298
10,193,203,19.3
19,651,670,34.26315789473684
29,168,197,5.793103448275862
16,26,42,1.625
144,379,523,2.6319444444444446
7,214,221,30.571428571428573
7,227,234,32.42857142857143
684,237,921,0.34649122807017546
84,224,308,2.6666666666666665
22,889,911,40.40909090909091
17,319,336,18.764705882352942
54,194,248,3.5925925925925926
320,904,1224,2.825
7,106,113,15.142857142857142
8,68,76,8.5
62,392,454,6.32258064516129
25,35,60,1.4
17,261,278,15.352941176470589
3,12,15,4.0
52,182,234,3.5
49,879,928,17.93877551020408
19,214,233,11.263157894736842
21,424,445,20.19047619047619
44,209,253,4.75
151,356,507,2.357615894039735
221,930,1151,4.208144796380091
32,302,334,9.4375
195,78,273,0.4
17,228,245,13.411764705882353
10,308,318,30.8
20,305,325,15.25
2343,241,2584,0.10285958173282117
12,285,297,23.75
31,110,141,3.5483870967741935
10,201,211,20.1
85,85,170,1.0
17,702,719,41.294117647058826
259,56,315,0.21621621621621623
12,240,252,20.0
16,849,865,53.0625
27,437,464,16.185185185185187
40,937,977,23.425
1452,842,2294,0.5798898071625345
754,122,876,0.16180371352785147
22,488,510,22.181818181818183
108,104,212,0.9629629629629629
539,552,1091,1.0241187384044528
6,425,431,70.83333333333333
31,605,636,19.516129032258064
72,113,185,1.5694444444444444
53,1091,1144,20.58490566037736
116,579,695,4.991379310344827
519,206,725,0.3969171483622351
29,731,760,25.20689655172414
48,546,594,11.375
10,155,165,15.5
5,653,658,130.6
757,602,1359,0.7952443857331571
144,416,560,2.888888888888889
134,96,230,0.7164179104477612
36,98,134,2.7222222222222223
157,104,261,0.6624203821656051
7,273,280,39.0
20,172,192,8.6
22,306,328,13.909090909090908
92,404,496,4.391304347826087
31,116,147,3.7419354838709675
24,234,258,9.75
14,155,169,11.071428571428571
32,501,533,15.65625
1660,14,1674,0.008433734939759036
66,18,84,0.2727272727272727
10,383,393,38.3
8,218,226,27.25
11,272,283,24.727272727272727
1066,317,1383,0.2973733583489681
1147,427,1574,0.3722755013077594
29,398,427,13.724137931034482
1184,252,1436,0.21283783783783783
289,448,737,1.5501730103806228
20,474,494,23.7
16,394,410,24.625
11,351,362,31.90909090909091
92,404,496,4.391304347826087
10,242,252,24.2
185,11,196,0.05945945945945946
57,290,347,5.087719298245614
94,61,155,0.648936170212766
2,11,13,5.5
2078,89,2167,0.04282964388835419
11,126,137,11.454545454545455
63,480,543,7.619047619047619
66,935,1001,14.166666666666666
388,424,812,1.092783505154639
24,395,419,16.458333333333332
34,85,119,2.5
162,339,501,2.0925925925925926
41,229,270,5.585365853658536
3122,5,3127,0.0016015374759769379
11,224,235,20.363636363636363
12,856,868,71.33333333333333
141,455,596,3.226950354609929
185,141,326,0.7621621621621621
71,751,822,10.577464788732394
31,150,181,4.838709677419355
23,538,561,23.391304347826086
1598,256,1854,0.16020025031289112
8,61,69,7.625
232,80,312,0.3448275862068966
12,40,52,3.3333333333333335
2461,246,2707,0.09995936611133685
71,355,426,5.0
59,336,395,5.694915254237288
9,239,248,26.555555555555557
38,546,584,14.368421052631579
28,284,312,10.142857142857142
5,99,104,19.8
31,460,491,14.838709677419354
267,156,423,0.5842696629213483
986,793,1779,0.8042596348884381
139,109,248,0.7841726618705036
1463,268,1731,0.18318523581681476
74,248,322,3.3513513513513513
9,109,118,12.11111111111111
296,376,672,1.2702702702702702
55,191,246,3.4727272727272727
14,274,288,19.571428571428573
432,535,967,1.2384259259259258
11,202,213,18.363636363636363
222,45,267,0.20270270270270271
8,96,104,12.0
242,66,308,0.2727272727272727
3957,3,3960,0.000758150113722517
5,139,144,27.8
17,191,208,11.235294117647058
614,70,684,0.11400651465798045
185,265,450,1.4324324324324325
1899,46,1945,0.02422327540810953
567,432,999,0.7619047619047619
13,324,337,24.923076923076923
4,315,319,78.75
63,307,370,4.873015873015873
9,66,75,7.333333333333333
17,448,465,26.352941176470587
288,80,368,0.2777777777777778
35,60,95,1.7142857142857142
10,57,67,5.7
319,490,809,1.536050156739812
643,424,1067,0.6594090202177294
2,11,13,5.5
65,175,240,2.6923076923076925
66,606,672,9.181818181818182
21,429,450,20.428571428571427
42,778,820,18.523809523809526
10,338,348,33.8
15,430,445,28.666666666666668
2461,246,2707,0.09995936611133685
118,332,450,2.8135593220338984
15,294,309,19.6
237,198,435,0.8354430379746836
37,468,505,12.64864864864865
441,141,582,0.3197278911564626
29,314,343,10.827586206896552
770,26,796,0.033766233766233764
68,136,204,2.0
2175,190,2365,0.08735632183908046
337,119,456,0.35311572700296734
13,333,346,25.615384615384617
44,28,72,0.6363636363636364
65,108,173,1.6615384615384616
31,242,273,7.806451612903226
101,46,147,0.45544554455445546
63,816,879,12.952380952380953
15,271,286,18.066666666666666
54,277,331,5.12962962962963
15,143,158,9.533333333333333
16,220,236,13.75
12,384,396,32.0
36,280,316,7.777777777777778
6,768,774,128.0
1488,892,2380,0.5994623655913979
21,275,296,13.095238095238095
16,681,697,42.5625
2,11,13,5.5
16,263,279,16.4375
7,361,368,51.57142857142857
26,135,161,5.1923076923076925
54,151,205,2.7962962962962963
36,179,215,4.972222222222222
48,108,156,2.25
12,856,868,71.33333333333333
31,299,330,9.64516129032258
15,371,386,24.733333333333334
107,213,320,1.9906542056074767
15,449,464,29.933333333333334
40,258,298,6.45
604,181,785,0.2996688741721854
18,115,133,6.388888888888889
116,8,124,0.06896551724137931
23,1022,1045,44.43478260869565
50,276,326,5.52
8,226,234,28.25
2048,964,3012,0.470703125
37,47,84,1.2702702702702702
9,106,115,11.777777777777779
18,1131,1149,62.833333333333336
169,287,456,1.698224852071006
823,553,1376,0.6719319562575942
26,146,172,5.615384615384615
38,192,230,5.052631578947368
128,308,436,2.40625
796,160,956,0.20100502512562815
66,472,538,7.151515151515151
13,286,299,22.0
651,515,1166,0.7910906298003072
127,346,473,2.7244094488188977
29,252,281,8.689655172413794
56,555,611,9.910714285714286
23,92,115,4.0
14,99,113,7.071428571428571
15,366,381,24.4
796,6,802,0.007537688442211055
1538,916,2454,0.5955786736020806
11,354,365,32.18181818181818
88,369,457,4.193181818181818
18,397,415,22.055555555555557
9,1009,1018,112.11111111111111
15,119,134,7.933333333333334
12,112,124,9.333333333333334
342,889,1231,2.5994152046783627
26,526,552,20.23076923076923
10,240,250,24.0
16,233,249,14.5625
46,383,429,8.326086956521738
33,306,339,9.272727272727273
25,224,249,8.96
21,737,758,35.095238095238095
9,393,402,43.666666666666664
13,689,702,53.0
13,310,323,23.846153846153847
128,863,991,6.7421875
29,340,369,11.724137931034482
7,11,18,1.5714285714285714
6,76,82,12.666666666666666
13,270,283,20.76923076923077
950,164,1114,0.1726315789473684
105,217,322,2.066666666666667
1815,407,2222,0.22424242424242424
8,411,419,51.375
57,761,818,13.350877192982455
20,156,176,7.8
121,542,663,4.479338842975206
84,291,375,3.4642857142857144
20,69,89,3.45
7,345,352,49.285714285714285
30,747,777,24.9
82,342,424,4.170731707317073
117,271,388,2.3162393162393164
89,171,260,1.9213483146067416
19,276,295,14.526315789473685
8,114,122,14.25
92,14,106,0.15217391304347827
26,310,336,11.923076923076923
26,385,411,14.807692307692308
24,166,190,6.916666666666667
572,72,644,0.1258741258741259
172,194,366,1.127906976744186
28,284,312,10.142857142857142
13,489,502,37.61538461538461
159,152,311,0.9559748427672956
36,549,585,15.25
119,48,167,0.40336134453781514
12,372,384,31.0
66,63,129,0.9545454545454546
15,303,318,20.2
99,141,240,1.4242424242424243
647,1736,2383,2.6831530139103554
313,483,796,1.5431309904153354
338,371,709,1.0976331360946745
23,275,298,11.956521739130435
3222,35,3257,0.010862818125387958
16,270,286,16.875
28,920,948,32.857142857142854
36,368,404,10.222222222222221
31,41,72,1.3225806451612903
629,790,1419,1.2559618441971383
243,548,791,2.2551440329218106
14,288,302,20.571428571428573
53,299,352,5.6415094339622645
76,30,106,0.39473684210526316
96,26,122,0.2708333333333333
9,360,369,40.0
25,230,255,9.2
3,8,11,2.6666666666666665
25,430,455,17.2
36,245,281,6.805555555555555
357,579,936,1.6218487394957983
122,357,479,2.9262295081967213
51,813,864,15.941176470588236
24,211,235,8.791666666666666
24,347,371,14.458333333333334
18,140,158,7.777777777777778
852,857,1709,1.005868544600939
56,26,82,0.4642857142857143
1022,903,1925,0.8835616438356164
5,9,14,1.8
70,455,525,6.5
31,478,509,15.419354838709678
113,708,821,6.265486725663717
100,476,576,4.76
6,12,18,2.0
8,330,338,41.25
99,341,440,3.4444444444444446
685,473,1158,0.6905109489051094
31,78,109,2.5161290322580645
10,257,267,25.7
624,250,874,0.40064102564102566
1489,149,1638,0.10006715916722633
60,256,316,4.266666666666667
14,173,187,12.357142857142858
582,132,714,0.2268041237113402
64,320,384,5.0
8,34,42,4.25
8,213,221,26.625
394,356,750,0.9035532994923858
92,14,106,0.15217391304347827
88,320,408,3.6363636363636362
21,327,348,15.571428571428571
42,583,625,13.880952380952381
742,33,775,0.0444743935309973
28,137,165,4.892857142857143
70,228,298,3.257142857142857
420,527,947,1.2547619047619047
73,258,331,3.5342465753424657
237,357,594,1.5063291139240507
121,381,502,3.1487603305785123
54,522,576,9.666666666666666
11,114,125,10.363636363636363
530,170,700,0.32075471698113206
39,314,353,8.051282051282051
3,14,17,4.666666666666667
31,16,47,0.5161290322580645
8,25,33,3.125
22,518,540,23.545454545454547
12,369,381,30.75
5,362,367,72.4
50,244,294,4.88
39,154,193,3.948717948717949
12,560,572,46.666666666666664
11,114,125,10.363636363636363
1926,667,2593,0.34631360332294914
13,596,609,45.84615384615385
1052,945,1997,0.8982889733840305
16,430,446,26.875
10,203,213,20.3
44,673,717,15.295454545454545
259,402,661,1.5521235521235521
843,767,1610,0.9098457888493475
2017,143,2160,0.07089737233515121
13,479,492,36.84615384615385
664,37,701,0.05572289156626506
23,264,287,11.478260869565217
21,269,290,12.80952380952381
36,420,456,11.666666666666666
1988,187,2175,0.09406438631790745
26,307,333,11.807692307692308
182,214,396,1.1758241758241759
12,241,253,20.083333333333332
1274,588,1862,0.46153846153846156
33,486,519,14.727272727272727
11,385,396,35.0
24,268,292,11.166666666666666
14,49,63,3.5
60,256,316,4.266666666666667
10,266,276,26.6
14,274,288,19.571428571428573
9,278,287,30.88888888888889
17,598,615,35.1764705882353
11,153,164,13.909090909090908
136,444,580,3.264705882352941
26,438,464,16.846153846153847
42,390,432,9.285714285714286
14,296,310,21.142857142857142
3,12,15,4.0
11,153,164,13.909090909090908
24,447,471,18.625
115,202,317,1.7565217391304349
11,380,391,34.54545454545455
20,261,281,13.05
1,32,33,32.0
294,508,802,1.727891156462585
18,468,486,26.0
5,29,34,5.8
16,213,229,13.3125
19,89,108,4.684210526315789
12,49,61,4.083333333333333
224,21,245,0.09375
107,517,624,4.831775700934579
8,159,167,19.875
26,386,412,14.846153846153847
29,47,76,1.6206896551724137
37,104,141,2.810810810810811
1224,986,2210,0.8055555555555556
8,218,226,27.25
15,52,67,3.466666666666667
8,93,101,11.625
10,14,24,1.4
8,104,112,13.0
13,576,589,44.30769230769231
13,381,394,29.307692307692307
6,240,246,40.0
132,91,223,0.6893939393939394
24,347,371,14.458333333333334
23,212,235,9.217391304347826
75,49,124,0.6533333333333333
80,814,894,10.175
38,265,303,6.973684210526316
86,193,279,2.244186046511628
5,1154,1159,230.8
15,430,445,28.666666666666668
834,445,1279,0.5335731414868106
13,533,546,41.0
23,53,76,2.3043478260869565
10,157,167,15.7
32,126,158,3.9375
11,115,126,10.454545454545455
20,346,366,17.3
96,761,857,7.927083333333333
83,148,231,1.783132530120482
31,387,418,12.483870967741936
7,139,146,19.857142857142858
1894,347,2241,0.18321013727560717
576,8,584,0.013888888888888888
14,204,218,14.571428571428571
43,545,588,12.674418604651162
12,328,340,27.333333333333332
26,84,110,3.230769230769231
177,101,278,0.5706214689265536
52,258,310,4.961538461538462
18,335,353,18.61111111111111
2437,269,2706,0.11038161674189577
300,224,524,0.7466666666666667
71,18,89,0.2535211267605634
17,69,86,4.0588235294117645
7,225,232,32.142857142857146
1044,42,1086,0.040229885057471264
23,395,418,17.17391304347826
11,186,197,16.90909090909091
54,197,251,3.6481481481481484
20,567,587,28.35
13,493,506,37.92307692307692
10,949,959,94.9
182,993,1175,5.456043956043956
62,507,569,8.17741935483871
156,123,279,0.7884615384615384
1190,258,1448,0.21680672268907564
25,233,258,9.32
102,973,1075,9.53921568627451
15,301,316,20.066666666666666
10,279,289,27.9
8,262,270,32.75
6,447,453,74.5
29,341,370,11.758620689655173
2,11,13,5.5
27,270,297,10.0
3,359,362,119.66666666666667
20,46,66,2.3
35,404,439,11.542857142857143
11,708,719,64.36363636363636
13,297,310,22.846153846153847
99,949,1048,9.585858585858587
17,73,90,4.294117647058823
18,768,786,42.666666666666664
30,426,456,14.2
98,110,208,1.1224489795918366
118,146,264,1.2372881355932204
14,692,706,49.42857142857143
15,186,201,12.4
425,922,1347,2.1694117647058824
44,681,725,15.477272727272727
14,457,471,32.642857142857146
19,219,238,11.526315789473685
8,266,274,33.25
115,454,569,3.9478260869565216
159,496,655,3.119496855345912
2767,479,3246,0.17311167329237442
15,106,121,7.066666666666666
23,775,798,33.69565217391305
1262,1037,2299,0.8217115689381933
16,263,279,16.4375
21,110,131,5.238095238095238
76,247,323,3.25
128,897,1025,7.0078125
1468,885,2353,0.6028610354223434
321,15,336,0.04672897196261682
152,64,216,0.42105263157894735
77,717,794,9.311688311688311
6,185,191,30.833333333333332
635,354,989,0.5574803149606299
22,419,441,19.045454545454547
2305,429,2734,0.18611713665943602
27,394,421,14.592592592592593
25,332,357,13.28
6,717,723,119.5
29,348,377,12.0
20,175,195,8.75
113,467,580,4.132743362831858
8,274,282,34.25
41,247,288,6.024390243902439
25,339,364,13.56
189,396,585,2.0952380952380953
6,200,206,33.333333333333336
21,199,220,9.476190476190476
1123,5,1128,0.004452359750667854
251,378,629,1.5059760956175299
7,416,423,59.42857142857143
38,260,298,6.842105263157895
1886,299,2185,0.15853658536585366
215,459,674,2.1348837209302327
50,205,255,4.1
12,303,315,25.25
350,424,774,1.2114285714285715
16,257,273,16.0625
209,55,264,0.2631578947368421
9,150,159,16.666666666666668
30,389,419,12.966666666666667
197,152,349,0.7715736040609137
41,433,474,10.560975609756097
31,251,282,8.096774193548388
79,678,757,8.582278481012658
8,244,252,30.5
106,462,568,4.3584905660377355
19,374,393,19.68421052631579
674,1013,1687,1.502967359050445
818,685,1503,0.8374083129584352
30,221,251,7.366666666666666
1225,292,1517,0.2383673469387755
44,359,403,8.159090909090908
66,146,212,2.212121212121212
17,76,93,4.470588235294118
8,9,17,1.125
22,781,803,35.5
281,4,285,0.014234875444839857
14,327,341,23.357142857142858
26,234,260,9.0
2507,660,3167,0.26326286398085363
48,64,112,1.3333333333333333
21,269,290,12.80952380952381
54,60,114,1.1111111111111112
8,127,135,15.875
14,266,280,19.0
12,735,747,61.25
233,607,840,2.6051502145922747
21,368,389,17.523809523809526
24,27,51,1.125
8,293,301,36.625
32,190,222,5.9375
35,1033,1068,29.514285714285716
6,256,262,42.666666666666664
10,545,555,54.5
11,97,108,8.818181818181818
27,432,459,16.0
92,229,321,2.489130434782609
1340,918,2258,0.6850746268656717
9,29,38,3.2222222222222223
14,251,265,17.928571428571427
148,560,708,3.7837837837837838
24,45,69,1.875
44,607,651,13.795454545454545
10,347,357,34.7
22,147,169,6.681818181818182
9,449,458,49.888888888888886
42,94,136,2.238095238095238
18,85,103,4.722222222222222
1245,177,1422,0.14216867469879518
5,939,944,187.8
18,356,374,19.77777777777778
92,425,517,4.619565217391305
160,223,383,1.39375
4,91,95,22.75
152,249,401,1.638157894736842
10,515,525,51.5
123,35,158,0.2845528455284553
17,206,223,12.117647058823529
21,115,136,5.476190476190476
16,204,220,12.75
13,794,807,61.07692307692308
10,368,378,36.8
5,286,291,57.2
513,437,950,0.8518518518518519
838,866,1704,1.0334128878281623
5,29,34,5.8
73,312,385,4.273972602739726
99,244,343,2.4646464646464645
129,317,446,2.4573643410852712
2606,88,2694,0.03376822716807368
11,502,513,45.63636363636363
2016,768,2784,0.38095238095238093
66,296,362,4.484848484848484
24,564,588,23.5
308,37,345,0.12012987012987013
6,507,513,84.5
11,207,218,18.818181818181817
25,347,372,13.88
632,557,1189,0.8813291139240507
645,197,842,0.3054263565891473
7,273,280,39.0
719,208,927,0.28929068150208626
273,271,544,0.9926739926739927
224,320,544,1.4285714285714286
26,223,249,8.576923076923077
28,615,643,21.964285714285715
15,345,360,23.0
6,122,128,20.333333333333332
30,86,116,2.8666666666666667
31,52,83,1.6774193548387097
27,991,1018,36.7037037037037
2,11,13,5.5
12,324,336,27.0
9,103,112,11.444444444444445
8,110,118,13.75
35,273,308,7.8
32,403,435,12.59375
12,134,146,11.166666666666666
95,110,205,1.1578947368421053
167,201,368,1.2035928143712575
21,224,245,10.666666666666666
24,344,368,14.333333333333334
86,496,582,5.767441860465116
42,246,288,5.857142857142857
4,50,54,12.5
21,632,653,30.095238095238095
78,321,399,4.115384615384615
15,201,216,13.4
55,393,448,7.1454545454545455
789,209,998,0.26489226869455007
204,589,793,2.8872549019607843
37,659,696,17.81081081081081
14,527,541,37.642857142857146
229,1026,1255,4.4803493449781655
18,306,324,17.0
36,268,304,7.444444444444445
14,404,418,28.857142857142858
14,525,539,37.5
11,281,292,25.545454545454547
2551,407,2958,0.15954527636221089
27,289,316,10.703703703703704
77,376,453,4.883116883116883
217,135,352,0.6221198156682027
42,230,272,5.476190476190476
1031,189,1220,0.18331716779825413
2569,125,2694,0.04865706500583885
41,463,504,11.292682926829269
69,121,190,1.7536231884057971
20,168,188,8.4
53,103,156,1.9433962264150944
44,276,320,6.2727272727272725
34,420,454,12.352941176470589
74,44,118,0.5945945945945946
32,317,349,9.90625
2340,1031,3371,0.4405982905982906
41,600,641,14.634146341463415
25,523,548,20.92
26,37,63,1.4230769230769231
97,210,307,2.1649484536082473
25,385,410,15.4
22,154,176,7.0
88,312,400,3.5454545454545454
8,243,251,30.375
37,923,960,24.945945945945947
19,387,406,20.36842105263158
11,334,345,30.363636363636363
25,750,775,30.0
50,192,242,3.84
17,817,834,48.05882352941177
25,523,548,20.92
9,273,282,30.333333333333332
213,410,623,1.9248826291079812
169,326,495,1.9289940828402368
19,581,600,30.57894736842105
6,425,431,70.83333333333333
30,459,489,15.3
20,153,173,7.65
73,562,635,7.698630136986301
44,62,106,1.4090909090909092
383,364,747,0.9503916449086162
865,177,1042,0.2046242774566474
12,383,395,31.916666666666668
928,294,1222,0.3168103448275862
20,248,268,12.4
81,611,692,7.54320987654321
11,544,555,49.45454545454545
837,428,1265,0.5113500597371565
46,75,121,1.6304347826086956
16,38,54,2.375
23,125,148,5.434782608695652
5,653,658,130.6
86,12,98,0.13953488372093023
17,410,427,24.11764705882353
3,211,214,70.33333333333333
26,5,31,0.19230769230769232
15,882,897,58.8
445,6,451,0.01348314606741573
18,1111,1129,61.72222222222222
67,376,443,5.611940298507463
20,234,254,11.7
749,415,1164,0.5540720961281709
290,328,618,1.1310344827586207
1840,855,2695,0.46467391304347827
13,417,430,32.07692307692308
616,9,625,0.01461038961038961
1285,364,1649,0.28326848249027237
6,206,212,34.333333333333336
34,313,347,9.205882352941176
20,571,591,28.55
11,368,379,33.45454545454545
43,238,281,5.534883720930233
24,112,136,4.666666666666667
15,634,649,42.266666666666666
125,224,349,1.792
8,104,112,13.0
83,214,297,2.5783132530120483
14,585,599,41.785714285714285
3404,210,3614,0.06169212690951821
123,720,843,5.853658536585366
707,48,755,0.06789250353606789
758,260,1018,0.34300791556728233
49,143,192,2.9183673469387754
40,561,601,14.025
16,343,359,21.4375
22,156,178,7.090909090909091
304,153,457,0.5032894736842105
6,15,21,2.5
37,1066,1103,28.81081081081081
30,162,192,5.4
172,191,363,1.1104651162790697
345,198,543,0.5739130434782609
31,256,287,8.258064516129032
38,202,240,5.315789473684211
69,464,533,6.72463768115942
27,116,143,4.296296296296297
12,231,243,19.25
1718,909,2627,0.5291036088474971
81,313,394,3.8641975308641974
15,390,405,26.0
55,285,340,5.181818181818182
26,338,364,13.0
30,27,57,0.9
26,523,549,20.115384615384617
11,196,207,17.818181818181817
2,12,14,6.0
21,407,428,19.38095238095238
12,355,367,29.583333333333332
84,334,418,3.9761904761904763
58,612,670,10.551724137931034
35,454,489,12.971428571428572
54,160,214,2.962962962962963
768,591,1359,0.76953125
14,898,912,64.14285714285714
24,534,558,22.25
17,235,252,13.823529411764707
517,28,545,0.05415860735009671
8,294,302,36.75
15,404,419,26.933333333333334
417,911,1328,2.184652278177458
41,402,443,9.804878048780488
35,434,469,12.4
55,148,203,2.690909090909091
11,170,181,15.454545454545455
72,170,242,2.361111111111111
363,783,1146,2.15702479338843
894,169,1063,0.1890380313199105
13,102,115,7.846153846153846
20,524,544,26.2
3,47,50,15.666666666666666
1477,266,1743,0.18009478672985782
38,216,254,5.684210526315789
118,329,447,2.788135593220339
68,299,367,4.397058823529412
539,308,847,0.5714285714285714
11,737,748,67.0
38,54,92,1.4210526315789473
68,367,435,5.397058823529412
413,23,436,0.05569007263922518
15,195,210,13.0
111,928,1039,8.36036036036036
12,298,310,24.833333333333332
47,276,323,5.872340425531915
31,525,556,16.93548387096774
167,102,269,0.6107784431137725
871,340,1211,0.39035591274397247
200,931,1131,4.655
34,419,453,12.323529411764707
204,53,257,0.25980392156862747
961,779,1740,0.8106139438085328
8,215,223,26.875
143,219,362,1.5314685314685315
19,97,116,5.105263157894737
518,609,1127,1.1756756756756757
11,255,266,23.181818181818183
65,302,367,4.6461538461538465
11,123,134,11.181818181818182
6,236,242,39.333333333333336
22,54,76,2.4545454545454546
59,441,500,7.47457627118644
48,178,226,3.7083333333333335
29,252,281,8.689655172413794
12,108,120,9.0
22,16,38,0.7272727272727273
147,245,392,1.6666666666666667
9,316,325,35.111111111111114
126,28,154,0.2222222222222222
2,11,13,5.5
23,14,37,0.6086956521739131
70,891,961,12.728571428571428
37,459,496,12.405405405405405
13,420,433,32.30769230769231
17,141,158,8.294117647058824
2489,152,2641,0.061068702290076333
224,454,678,2.0267857142857144
970,492,1462,0.5072164948453608
10,314,324,31.4
1606,337,1943,0.20983810709838108
524,398,922,0.7595419847328244
36,5,41,0.1388888888888889
1195,964,2159,0.8066945606694561
36,186,222,5.166666666666667
213,15,228,0.07042253521126761
160,613,773,3.83125
48,531,579,11.0625
38,287,325,7.552631578947368
31,237,268,7.645161290322581
28,770,798,27.5
29,252,281,8.689655172413794
467,955,1422,2.044967880085653
10,206,216,20.6
25,925,950,37.0
9,764,773,84.88888888888889
9,394,403,43.77777777777778
2038,14,2052,0.0068694798822374874
45,296,341,6.5777777777777775
25,32,57,1.28
11,120,131,10.909090909090908
6,23,29,3.8333333333333335
16,296,312,18.5
23,255,278,11.08695652173913
1357,116,1473,0.08548268238761975
54,547,601,10.12962962962963
339,257,596,0.7581120943952803
540,116,656,0.21481481481481482
1881,220,2101,0.11695906432748537
134,301,435,2.246268656716418
122,59,181,0.48360655737704916
20,525,545,26.25
18,603,621,33.5
16,28,44,1.75
1925,460,2385,0.23896103896103896
17,12,29,0.7058823529411765
203,244,447,1.2019704433497538
2,12,14,6.0
34,453,487,13.323529411764707
13,26,39,2.0
10,22,32,2.2
104,709,813,6.8173076923076925
2174,138,2312,0.06347746090156393
69,799,868,11.579710144927537
55,117,172,2.1272727272727274
322,404,726,1.2546583850931676
2043,537,2580,0.26284875183553597
15,174,189,11.6
1319,76,1395,0.0576194086429113
29,688,717,23.724137931034484
3,26,29,8.666666666666666
35,428,463,12.228571428571428
13,94,107,7.230769230769231
14,320,334,22.857142857142858
661,5,666,0.007564296520423601
241,211,452,0.8755186721991701
23,130,153,5.6521739130434785
8,193,201,24.125
70,448,518,6.4
16,260,276,16.25
19,273,292,14.368421052631579
834,5,839,0.005995203836930456
22,105,127,4.7727272727272725
43,172,215,4.0
455,527,982,1.1582417582417583
523,376,899,0.7189292543021033
8,227,235,28.375
266,275,541,1.0338345864661653
2030,298,2328,0.14679802955665025
25,527,552,21.08
20,257,277,12.85
118,189,307,1.6016949152542372
199,484,683,2.4321608040201004
1840,855,2695,0.46467391304347827
80,372,452,4.65
6,191,197,31.833333333333332
21,421,442,20.047619047619047
16,386,402,24.125
12,183,195,15.25
36,669,705,18.583333333333332
26,334,360,12.846153846153847
31,326,357,10.516129032258064
16,418,434,26.125
949,855,1804,0.9009483667017913
9,384,393,42.666666666666664
11,202,213,18.363636363636363
31,276,307,8.903225806451612
539,308,847,0.5714285714285714
32,530,562,16.5625
38,616,654,16.210526315789473
496,479,975,0.9657258064516129
12,172,184,14.333333333333334
122,514,636,4.213114754098361
16,73,89,4.5625
6,18,24,3.0
2047,898,2945,0.4386907669760625
180,80,260,0.4444444444444444
56,229,285,4.089285714285714
16,329,345,20.5625
14,132,146,9.428571428571429
345,386,731,1.1188405797101448
36,475,511,13.194444444444445
16,254,270,15.875
85,262,347,3.0823529411764707
2197,410,2607,0.18661811561219846
35,48,83,1.3714285714285714
12,294,306,24.5
3404,210,3614,0.06169212690951821
21,739,760,35.19047619047619
32,365,397,11.40625
17,627,644,36.88235294117647
9,265,274,29.444444444444443
72,983,1055,13.652777777777779
10,28,38,2.8
44,844,888,19.181818181818183
49,453,502,9.244897959183673
128,357,485,2.7890625
1527,80,1607,0.05239030779305828
35,404,439,11.542857142857143
200,464,664,2.32
20,496,516,24.8
140,80,220,0.5714285714285714
262,117,379,0.44656488549618323
14,83,97,5.928571428571429
10,411,421,41.1
78,604,682,7.743589743589744
1264,512,1776,0.4050632911392405
24,45,69,1.875
1595,858,2453,0.5379310344827586
2,523,525,261.5
50,41,91,0.82
19,505,524,26.57894736842105
41,492,533,12.0
113,254,367,2.247787610619469
107,21,128,0.19626168224299065
21,397,418,18.904761904761905
72,1006,1078,13.972222222222221
18,482,500,26.77777777777778
200,464,664,2.32
145,932,1077,6.427586206896552
3573,8,3581,0.002239014833473272
113,254,367,2.247787610619469
44,577,621,13.113636363636363
18,195,213,10.833333333333334
3355,236,3591,0.07034277198211625
401,67,468,0.16708229426433915
119,326,445,2.7394957983193278
18,360,378,20.0
17,678,695,39.88235294117647
8,177,185,22.125
84,136,220,1.619047619047619
10,197,207,19.7
11,37,48,3.3636363636363638
8,300,308,37.5
214,12,226,0.056074766355140186
26,206,232,7.923076923076923
10,120,130,12.0
15,301,316,20.066666666666666
17,393,410,23.11764705882353
15,454,469,30.266666666666666
15,159,174,10.6
184,8,192,0.043478260869565216
5,23,28,4.6
33,517,550,15.666666666666666
42,15,57,0.35714285714285715
111,132,243,1.1891891891891893
90,240,330,2.6666666666666665
25,454,479,18.16
572,3,575,0.005244755244755245
31,415,446,13.387096774193548
6,298,304,49.666666666666664
26,242,268,9.307692307692308
16,341,357,21.3125
2186,584,2770,0.26715462031107046
127,38,165,0.2992125984251969
1756,4,1760,0.002277904328018223
16,283,299,17.6875
224,493,717,2.200892857142857
11,125,136,11.363636363636363
22,107,129,4.863636363636363
2966,115,3081,0.038772757923128794
17,619,636,36.411764705882355
26,1068,1094,41.07692307692308
2058,130,2188,0.06316812439261418
97,406,503,4.185567010309279
18,275,293,15.277777777777779
44,961,1005,21.84090909090909
33,299,332,9.06060606060606
123,194,317,1.5772357723577235
23,322,345,14.0
406,125,531,0.3078817733990148
43,761,804,17.697674418604652
100,523,623,5.23
26,146,172,5.615384615384615
15,280,295,18.666666666666668
85,374,459,4.4
15,946,961,63.06666666666667
8,16,24,2.0
7,34,41,4.857142857142857
43,29,72,0.6744186046511628
1358,855,2213,0.6296023564064801
89,6,95,0.06741573033707865
25,263,288,10.52
51,399,450,7.823529411764706
22,463,485,21.045454545454547
54,522,576,9.666666666666666
125,564,689,4.512
18,473,491,26.27777777777778
73,812,885,11.123287671232877
7,392,399,56.0
18,391,409,21.72222222222222
32,84,116,2.625
1196,930,2126,0.7775919732441472
13,265,278,20.384615384615383
17,437,454,25.705882352941178
14,491,505,35.07142857142857
27,415,442,15.37037037037037
75,17,92,0.22666666666666666
53,920,973,17.358490566037737
1107,495,1602,0.44715447154471544
68,577,645,8.485294117647058
106,362,468,3.4150943396226414
7,132,139,18.857142857142858
20,552,572,27.6
239,277,516,1.1589958158995817
206,213,419,1.0339805825242718
12,262,274,21.833333333333332
1208,79,1287,0.06539735099337748
10,660,670,66.0
91,12,103,0.13186813186813187
10,321,331,32.1
22,350,372,15.909090909090908
3,11,14,3.6666666666666665
81,289,370,3.567901234567901
894,35,929,0.039149888143176735
20,639,659,31.95
77,897,974,11.64935064935065
23,231,254,10.043478260869565
14,145,159,10.357142857142858
43,475,518,11.046511627906977
17,322,339,18.941176470588236
130,228,358,1.7538461538461538
6,46,52,7.666666666666667
13,242,255,18.615384615384617
3016,29,3045,0.009615384615384616
341,190,531,0.5571847507331378
13,414,427,31.846153846153847
9,408,417,45.333333333333336
9,100,109,11.11111111111111
32,38,70,1.1875
25,23,48,0.92
27,464,491,17.185185185185187
374,697,1071,1.8636363636363635
312,180,492,0.5769230769230769
18,78,96,4.333333333333333
22,351,373,15.954545454545455
5,28,33,5.6
128,762,890,5.953125
21,401,422,19.095238095238095
18,155,173,8.61111111111111
16,252,268,15.75
17,304,321,17.88235294117647
186,313,499,1.6827956989247312
16,365,381,22.8125
227,8,235,0.03524229074889868
14,258,272,18.428571428571427
16,100,116,6.25
10,196,206,19.6
165,310,475,1.878787878787879
8,96,104,12.0
1257,5,1262,0.003977724741447892
100,384,484,3.84
16,681,697,42.5625
1039,211,1250,0.2030798845043311
1110,200,1310,0.18018018018018017
803,848,1651,1.0560398505603985
817,305,1122,0.3733170134638923
234,442,676,1.8888888888888888
32,171,203,5.34375
30,233,263,7.766666666666667
38,378,416,9.947368421052632
15,246,261,16.4
15,90,105,6.0
17,66,83,3.8823529411764706
9,507,516,56.333333333333336
6,29,35,4.833333333333333
54,886,940,16.40740740740741
11,225,236,20.454545454545453
44,497,541,11.295454545454545
12,224,236,18.666666666666668
3,11,14,3.6666666666666665
1060,269,1329,0.2537735849056604
36,698,734,19.38888888888889
36,413,449,11.472222222222221
2350,460,2810,0.19574468085106383
1040,1060,2100,1.0192307692307692
22,139,161,6.318181818181818
30,112,142,3.7333333333333334
19,405,424,21.31578947368421
46,31,77,0.6739130434782609
112,631,743,5.633928571428571
1706,18,1724,0.010550996483001172
329,392,721,1.1914893617021276
116,74,190,0.6379310344827587
78,233,311,2.9871794871794872
212,46,258,0.2169811320754717
546,567,1113,1.0384615384615385
52,342,394,6.576923076923077
23,275,298,11.956521739130435
20,171,191,8.55
135,957,1092,7.088888888888889
141,356,497,2.524822695035461
346,42,388,0.12138728323699421
6,143,149,23.833333333333332
537,1059,1596,1.9720670391061452
343,823,1166,2.3994169096209914
33,93,126,2.8181818181818183
52,75,127,1.4423076923076923
421,123,544,0.2921615201900237
73,495,568,6.780821917808219
44,920,964,20.90909090909091
25,46,71,1.84
101,554,655,5.485148514851486
47,83,130,1.7659574468085106
23,334,357,14.521739130434783
1245,601,1846,0.4827309236947791
14,367,381,26.214285714285715
60,283,343,4.716666666666667
2,11,13,5.5
12,24,36,2.0
321,15,336,0.04672897196261682
3300,142,3442,0.04303030303030303
1029,351,1380,0.34110787172011664
39,638,677,16.358974358974358
11,493,504,44.81818181818182
24,402,426,16.75
90,504,594,5.6
383,222,605,0.5796344647519582
39,549,588,14.076923076923077
11,37,48,3.3636363636363638
519,800,1319,1.5414258188824663
8,337,345,42.125
21,103,124,4.904761904761905
29,408,437,14.068965517241379
756,116,872,0.15343915343915343
468,966,1434,2.0641025641025643
144,379,523,2.6319444444444446
109,77,186,0.7064220183486238
25,31,56,1.24
181,672,853,3.712707182320442
13,324,337,24.923076923076923
615,775,1390,1.2601626016260163
264,976,1240,3.696969696969697
78,476,554,6.102564102564102
303,490,793,1.6171617161716172
46,321,367,6.978260869565218
2,254,256,127.0
142,394,536,2.7746478873239435
33,403,436,12.212121212121213
11,173,184,15.727272727272727
13,136,149,10.461538461538462
8,182,190,22.75
279,464,743,1.6630824372759856
11,300,311,27.272727272727273
45,29,74,0.6444444444444445
715,470,1185,0.6573426573426573
22,230,252,10.454545454545455
575,225,800,0.391304347826087
32,216,248,6.75
261,215,476,0.8237547892720306
26,54,80,2.076923076923077
791,180,971,0.22756005056890014
3,126,129,42.0
38,439,477,11.552631578947368
9,141,150,15.666666666666666
2203,140,2343,0.06354970494779846
76,99,175,1.3026315789473684
10,304,314,30.4
2,16,18,8.0
95,339,434,3.568421052631579
81,37,118,0.4567901234567901
21,168,189,8.0
9,128,137,14.222222222222221
28,692,720,24.714285714285715
104,71,175,0.6826923076923077
25,609,634,24.36
10,188,198,18.8
18,117,135,6.5
15,129,144,8.6
199,528,727,2.6532663316582914
12,334,346,27.833333333333332
35,287,322,8.2
8,96,104,12.0
45,847,892,18.822222222222223
2504,951,3455,0.3797923322683706
38,420,458,11.052631578947368
193,334,527,1.7305699481865284
299,352,651,1.1772575250836121
17,44,61,2.588235294117647
87,246,333,2.8275862068965516
47,282,329,6.0
24,440,464,18.333333333333332
2,11,13,5.5
12,181,193,15.083333333333334
39,257,296,6.589743589743589
71,751,822,10.577464788732394
16,139,155,8.6875
371,378,749,1.0188679245283019
260,305,565,1.1730769230769231
7,567,574,81.0
652,75,727,0.11503067484662577
35,322,357,9.2
27,439,466,16.25925925925926
469,349,818,0.744136460554371
35,404,439,11.542857142857143
198,583,781,2.9444444444444446
277,109,386,0.3935018050541516
65,669,734,10.292307692307693
744,421,1165,0.5658602150537635
7,410,417,58.57142857142857
9,134,143,14.88888888888889
823,602,1425,0.7314702308626975
9,278,287,30.88888888888889
1722,919,2641,0.5336817653890824
12,547,559,45.583333333333336
23,167,190,7.260869565217392
105,158,263,1.5047619047619047
30,220,250,7.333333333333333
14,142,156,10.142857142857142
299,86,385,0.28762541806020064
44,315,359,7.159090909090909
16,243,259,15.1875
10,250,260,25.0
404,407,811,1.0074257425742574
162,292,454,1.8024691358024691
34,407,441,11.970588235294118
77,105,182,1.3636363636363635
7,233,240,33.285714285714285
30,301,331,10.033333333333333
33,394,427,11.93939393939394
69,384,453,5.565217391304348
23,110,133,4.782608695652174
18,488,506,27.11111111111111
33,22,55,0.6666666666666666
38,21,59,0.5526315789473685
16,324,340,20.25
28,618,646,22.071428571428573
16,278,294,17.375
18,300,318,16.666666666666668
11,622,633,56.54545454545455
58,526,584,9.068965517241379
63,120,183,1.9047619047619047
12,241,253,20.083333333333332
36,686,722,19.055555555555557
952,200,1152,0.21008403361344538
22,341,363,15.5
15,320,335,21.333333333333332
9,339,348,37.666666666666664
85,683,768,8.035294117647059
27,637,664,23.59259259259259
49,403,452,8.224489795918368
17,209,226,12.294117647058824
109,198,307,1.81651376146789
204,904,1108,4.431372549019608
21,186,207,8.857142857142858
11,99,110,9.0
67,480,547,7.164179104477612
308,180,488,0.5844155844155844
18,297,315,16.5
40,701,741,17.525
120,718,838,5.983333333333333
172,120,292,0.6976744186046512
14,318,332,22.714285714285715
8,76,84,9.5
539,82,621,0.15213358070500926
22,171,193,7.7727272727272725
14,337,351,24.071428571428573
26,390,416,15.0
8,146,154,18.25
23,40,63,1.7391304347826086
9,395,404,43.888888888888886
32,49,81,1.53125
262,96,358,0.366412213740458
36,117,153,3.25
43,554,597,12.883720930232558
7,75,82,10.714285714285714
210,471,681,2.242857142857143
830,48,878,0.05783132530120482
194,407,601,2.097938144329897
105,730,835,6.9523809523809526
30,606,636,20.2
224,21,245,0.09375
79,492,571,6.227848101265823
160,83,243,0.51875
18,374,392,20.77777777777778
806,113,919,0.1401985111662531
70,263,333,3.757142857142857
325,389,714,1.196923076923077
339,18,357,0.05309734513274336
138,498,636,3.608695652173913
36,202,238,5.611111111111111
10,150,160,15.0
2436,1058,3494,0.4343185550082102
21,850,871,40.476190476190474
19,444,463,23.36842105263158
22,179,201,8.136363636363637
6,468,474,78.0
24,350,374,14.583333333333334
15,626,641,41.733333333333334
280,379,659,1.3535714285714286
382,318,700,0.8324607329842932
243,466,709,1.9176954732510287
24,345,369,14.375
9,5,14,0.5555555555555556
22,381,403,17.318181818181817
16,568,584,35.5
2,12,14,6.0
3183,479,3662,0.15048696198554823
20,15,35,0.75
96,906,1002,9.4375
10,35,45,3.5
3832,8,3840,0.0020876826722338203
37,501,538,13.54054054054054
26,184,210,7.076923076923077
16,202,218,12.625
20,365,385,18.25
15,5,20,0.3333333333333333
14,87,101,6.214285714285714
10,190,200,19.0
225,510,735,2.2666666666666666
2568,112,2680,0.04361370716510903
1159,229,1388,0.19758412424503882
19,455,474,23.94736842105263
12,135,147,11.25
24,566,590,23.583333333333332
70,286,356,4.085714285714285
9,316,325,35.111111111111114
21,307,328,14.619047619047619
2,11,13,5.5
463,176,639,0.3801295896328294
146,289,435,1.9794520547945205
14,881,895,62.92857142857143
17,357,374,21.0
24,499,523,20.791666666666668
13,847,860,65.15384615384616
520,467,987,0.8980769230769231
6,175,181,29.166666666666668
22,53,75,2.409090909090909
364,441,805,1.2115384615384615
16,809,825,50.5625
364,537,901,1.4752747252747254
426,656,1082,1.539906103286385
8,42,50,5.25
13,398,411,30.615384615384617
871,75,946,0.08610792192881746
178,957,1135,5.376404494382022
22,132,154,6.0
43,370,413,8.604651162790697
17,407,424,23.941176470588236
11,111,122,10.090909090909092
53,615,668,11.60377358490566
41,600,641,14.634146341463415
1123,420,1543,0.37399821905609976
8,476,484,59.5
358,197,555,0.5502793296089385
4,100,104,25.0
1185,505,1690,0.42616033755274263
14,44,58,3.142857142857143
25,398,423,15.92
1124,169,1293,0.15035587188612098
4,275,279,68.75
7,451,458,64.42857142857143
12,23,35,1.9166666666666667
9,106,115,11.777777777777779
8,364,372,45.5
12,308,320,25.666666666666668
105,244,349,2.323809523809524
11,183,194,16.636363636363637
69,124,193,1.7971014492753623
26,50,76,1.9230769230769231
1766,45,1811,0.02548131370328426
128,512,640,4.0
26,466,492,17.923076923076923
35,32,67,0.9142857142857143
10,563,573,56.3
287,355,642,1.2369337979094077
38,61,99,1.605263157894737
83,192,275,2.3132530120481927
1060,269,1329,0.2537735849056604
95,221,316,2.3263157894736843
192,553,745,2.8802083333333335
571,169,740,0.29597197898423816
146,43,189,0.2945205479452055
422,8,430,0.018957345971563982
10,121,131,12.1
33,567,600,17.181818181818183
59,551,610,9.338983050847459
109,287,396,2.63302752293578
670,623,1293,0.9298507462686567
602,151,753,0.25083056478405313
177,639,816,3.610169491525424
51,22,73,0.43137254901960786
17,434,451,25.529411764705884
6,77,83,12.833333333333334
1063,147,1210,0.13828786453433678
13,226,239,17.384615384615383
19,581,600,30.57894736842105
70,121,191,1.7285714285714286
1152,8,1160,0.006944444444444444
20,128,148,6.4
50,403,453,8.06
33,486,519,14.727272727272727
203,418,621,2.0591133004926108
8,30,38,3.75
69,68,137,0.9855072463768116
971,247,1218,0.25437693099897013
2899,389,3288,0.13418420144877544
17,232,249,13.647058823529411
10,234,244,23.4
8,15,23,1.875
539,552,1091,1.0241187384044528
27,877,904,32.48148148148148
12,84,96,7.0
137,239,376,1.7445255474452555
50,272,322,5.44
54,37,91,0.6851851851851852
12,207,219,17.25
978,188,1166,0.19222903885480572
86,104,190,1.2093023255813953
19,137,156,7.2105263157894735
10,175,185,17.5
68,231,299,3.3970588235294117
440,428,868,0.9727272727272728
15,117,132,7.8
15,284,299,18.933333333333334
30,536,566,17.866666666666667
1479,15,1494,0.010141987829614604
292,13,305,0.04452054794520548
56,111,167,1.9821428571428572
9,322,331,35.77777777777778
59,252,311,4.271186440677966
2172,373,2545,0.17173112338858196
16,312,328,19.5
16,1005,1021,62.8125
1602,163,1765,0.1017478152309613
13,370,383,28.46153846153846
78,269,347,3.448717948717949
6,240,246,40.0
12,641,653,53.416666666666664
173,314,487,1.8150289017341041
8,451,459,56.375
74,95,169,1.2837837837837838
788,798,1586,1.0126903553299493
13,147,160,11.307692307692308
15,361,376,24.066666666666666
9,801,810,89.0
4,280,284,70.0
33,441,474,13.363636363636363
2,11,13,5.5
8,341,349,42.625
12,910,922,75.83333333333333
101,11,112,0.10891089108910891
20,26,46,1.3
62,806,868,13.0
351,846,1197,2.41025641025641
12,373,385,31.083333333333332
16,299,315,18.6875
20,240,260,12.0
191,152,343,0.7958115183246073
17,4,21,0.23529411764705882
6,12,18,2.0
2,11,13,5.5
37,194,231,5.243243243243243
356,697,1053,1.9578651685393258
35,273,308,7.8
438,117,555,0.2671232876712329
18,543,561,30.166666666666668
98,381,479,3.8877551020408165
33,633,666,19.181818181818183
14,93,107,6.642857142857143
2441,35,2476,0.014338385907414994
10,289,299,28.9
69,327,396,4.739130434782608
14,239,253,17.071428571428573
17,18,35,1.0588235294117647
78,321,399,4.115384615384615
32,343,375,10.71875
50,255,305,5.1
23,440,463,19.130434782608695
34,313,347,9.205882352941176
108,237,345,2.1944444444444446
10,267,277,26.7
12,357,369,29.75
131,125,256,0.9541984732824428
26,335,361,12.884615384615385
47,273,320,5.808510638297872
730,50,780,0.0684931506849315
35,113,148,3.2285714285714286
1344,37,1381,0.027529761904761904
10,339,349,33.9
560,606,1166,1.082142857142857
23,369,392,16.043478260869566
115,343,458,2.982608695652174
63,744,807,11.80952380952381
15,207,222,13.8
14,916,930,65.42857142857143
353,300,653,0.8498583569405099
49,876,925,17.877551020408163
1358,855,2213,0.6296023564064801
1497,55,1552,0.03674014696058784
78,347,425,4.448717948717949
7,418,425,59.714285714285715
41,545,586,13.292682926829269
27,217,244,8.037037037037036
13,345,358,26.53846153846154
12,18,30,1.5
10,398,408,39.8
16,268,284,16.75
44,780,824,17.727272727272727
8,215,223,26.875
131,4,135,0.030534351145038167
2157,196,2353,0.09086694483078349
202,8,210,0.039603960396039604
16,31,47,1.9375
165,93,258,0.5636363636363636
118,148,266,1.2542372881355932
103,283,386,2.7475728155339807
33,293,326,8.878787878787879
13,175,188,13.461538461538462
16,318,334,19.875
51,295,346,5.784313725490196
20,263,283,13.15
12,512,524,42.666666666666664
71,415,486,5.845070422535211
26,274,300,10.538461538461538
12,966,978,80.5
110,367,477,3.3363636363636364
350,424,774,1.2114285714285715
41,738,779,18.0
12,379,391,31.583333333333332
1003,762,1765,0.7597208374875374
13,127,140,9.76923076923077
198,855,1053,4.318181818181818
674,458,1132,0.6795252225519288
17,157,174,9.235294117647058
76,105,181,1.381578947368421
175,959,1134,5.48
24,454,478,18.916666666666668
23,102,125,4.434782608695652
9,162,171,18.0
7,354,361,50.57142857142857
26,54,80,2.076923076923077
12,207,219,17.25
71,441,512,6.211267605633803
4,476,480,119.0
6,704,710,117.33333333333333
11,81,92,7.363636363636363
22,278,300,12.636363636363637
12,334,346,27.833333333333332
19,41,60,2.1578947368421053
280,809,1089,2.8892857142857142
10,341,351,34.1
47,203,250,4.319148936170213
43,29,72,0.6744186046511628
16,30,46,1.875
155,887,1042,5.72258064516129
12,245,257,20.416666666666668
130,513,643,3.9461538461538463
32,50,82,1.5625
8,139,147,17.375
5,12,17,2.4
4,12,16,3.0
9,56,65,6.222222222222222
8,179,187,22.375
52,233,285,4.480769230769231
66,261,327,3.9545454545454546
12,513,525,42.75
31,33,64,1.064516129032258
19,146,165,7.684210526315789
52,583,635,11.211538461538462
79,161,240,2.037974683544304
127,854,981,6.724409448818897
15,542,557,36.13333333333333
2,11,13,5.5
34,411,445,12.088235294117647
517,28,545,0.05415860735009671
35,443,478,12.657142857142857
1054,164,1218,0.1555977229601518
1750,587,2337,0.3354285714285714
16,328,344,20.5
3474,606,4080,0.17443868739205526
19,276,295,14.526315789473685
19,52,71,2.736842105263158
93,84,177,0.9032258064516129
29,82,111,2.8275862068965516
72,642,714,8.916666666666666
15,269,284,17.933333333333334
21,301,322,14.333333333333334
81,279,360,3.4444444444444446
810,263,1073,0.32469135802469135
49,403,452,8.224489795918368
5,362,367,72.4
19,724,743,38.10526315789474
17,154,171,9.058823529411764
168,172,340,1.0238095238095237
22,125,147,5.681818181818182
40,422,462,10.55
37,562,599,15.18918918918919
50,544,594,10.88
13,299,312,23.0
503,67,570,0.13320079522862824
821,105,926,0.1278928136419001
10,281,291,28.1
51,62,113,1.2156862745098038
842,991,1833,1.176959619952494
522,592,1114,1.1340996168582376
697,314,1011,0.45050215208034433
21,362,383,17.238095238095237
23,112,135,4.869565217391305
123,35,158,0.2845528455284553
3260,260,3520,0.07975460122699386
11,395,406,35.90909090909091
5,101,106,20.2
23,369,392,16.043478260869566
2285,143,2428,0.06258205689277899
34,511,545,15.029411764705882
16,462,478,28.875
28,146,174,5.214285714285714
692,418,1110,0.6040462427745664
1187,890,2077,0.7497893850042123
18,889,907,49.388888888888886
85,156,241,1.8352941176470587
342,116,458,0.3391812865497076
36,227,263,6.305555555555555
14,169,183,12.071428571428571
20,157,177,7.85
224,370,594,1.6517857142857142
15,54,69,3.6
176,441,617,2.5056818181818183
45,427,472,9.488888888888889
682,131,813,0.19208211143695014
50,973,1023,19.46
53,332,385,6.264150943396227
296,323,619,1.0912162162162162
17,336,353,19.764705882352942
17,277,294,16.294117647058822
62,399,461,6.435483870967742
227,426,653,1.8766519823788546
79,797,876,10.08860759493671
96,136,232,1.4166666666666667
40,473,513,11.825
571,81,652,0.14185639229422067
154,132,286,0.8571428571428571
2058,384,2442,0.18658892128279883
56,442,498,7.892857142857143
68,261,329,3.838235294117647
65,741,806,11.4
103,224,327,2.174757281553398
23,440,463,19.130434782608695
98,599,697,6.112244897959184
25,539,564,21.56
9,106,115,11.777777777777779
27,88,115,3.259259259259259
25,866,891,34.64
394,109,503,0.2766497461928934
25,305,330,12.2
35,749,784,21.4
24,147,171,6.125
275,296,571,1.0763636363636364
24,230,254,9.583333333333334
35,393,428,11.228571428571428
10,145,155,14.5
33,384,417,11.636363636363637
130,475,605,3.6538461538461537
17,135,152,7.9411764705882355
530,471,1001,0.8886792452830189
20,328,348,16.4
304,299,603,0.9835526315789473
562,806,1368,1.4341637010676156
11,43,54,3.909090909090909
79,492,571,6.227848101265823
15,56,71,3.7333333333333334
2,11,13,5.5
227,426,653,1.8766519823788546
91,818,909,8.989010989010989
19,405,424,21.31578947368421
96,327,423,3.40625
9,239,248,26.555555555555557
795,75,870,0.09433962264150944
24,770,794,32.083333333333336
198,357,555,1.803030303030303
35,324,359,9.257142857142858
92,242,334,2.630434782608696
9,527,536,58.55555555555556
96,27,123,0.28125
23,40,63,1.7391304347826086
17,575,592,33.8235294117647
33,749,782,22.696969696969695
330,999,1329,3.0272727272727273
188,8,196,0.0425531914893617
18,617,635,34.27777777777778
67,840,907,12.537313432835822
120,307,427,2.558333333333333
2758,526,3284,0.19071791153009426
562,808,1370,1.4377224199288257
25,47,72,1.88
7,91,98,13.0
325,733,1058,2.2553846153846155
88,425,513,4.829545454545454
27,278,305,10.296296296296296
110,367,477,3.3363636363636364
2982,885,3867,0.29678068410462777
8,102,110,12.75
28,530,558,18.928571428571427
10,326,336,32.6
39,686,725,17.58974358974359
23,374,397,16.26086956521739
551,688,1239,1.2486388384754992
28,348,376,12.428571428571429
11,332,343,30.181818181818183
89,476,565,5.348314606741573
35,381,416,10.885714285714286
251,194,445,0.7729083665338645
18,5,23,0.2777777777777778
10,23,33,2.3
80,619,699,7.7375
11,131,142,11.909090909090908
27,225,252,8.333333333333334
42,259,301,6.166666666666667
55,139,194,2.5272727272727273
8,102,110,12.75
37,665,702,17.972972972972972
33,213,246,6.454545454545454
141,23,164,0.16312056737588654
91,321,412,3.5274725274725274
21,182,203,8.666666666666666
24,697,721,29.041666666666668
840,8,848,0.009523809523809525
126,744,870,5.904761904761905
32,283,315,8.84375
101,401,502,3.9702970297029703
8,195,203,24.375
73,558,631,7.6438356164383565
690,751,1441,1.0884057971014494
15,456,471,30.4
25,205,230,8.2
287,840,1127,2.926829268292683
188,347,535,1.8457446808510638
21,414,435,19.714285714285715
43,758,801,17.627906976744185
20,336,356,16.8
183,438,621,2.3934426229508197
9,192,201,21.333333333333332
39,697,736,17.871794871794872
9,32,41,3.5555555555555554
50,479,529,9.58
861,515,1376,0.5981416957026713
20,304,324,15.2
38,352,390,9.263157894736842
76,15,91,0.19736842105263158
45,133,178,2.9555555555555557
2,11,13,5.5
117,339,456,2.8974358974358974
6,41,47,6.833333333333333
57,319,376,5.5964912280701755
20,91,111,4.55
23,322,345,14.0
14,319,333,22.785714285714285
26,343,369,13.192307692307692
2264,219,2483,0.09673144876325088
62,338,400,5.451612903225806
43,374,417,8.69767441860465
1723,141,1864,0.08183401044689495
57,69,126,1.2105263157894737
38,35,73,0.9210526315789473
8,279,287,34.875
12,948,960,79.0
6,32,38,5.333333333333333
4,151,155,37.75
41,231,272,5.634146341463414
33,270,303,8.181818181818182
14,427,441,30.5
3,32,35,10.666666666666666
249,177,426,0.7108433734939759
445,6,451,0.01348314606741573
99,109,208,1.101010101010101
1426,163,1589,0.11430575035063113
507,218,725,0.42998027613412226
7,369,376,52.714285714285715
7,72,79,10.285714285714286
13,176,189,13.538461538461538
63,305,368,4.841269841269841
18,217,235,12.055555555555555
57,141,198,2.473684210526316
1956,272,2228,0.1390593047034765
80,421,501,5.2625
16,280,296,17.5
21,358,379,17.047619047619047
51,125,176,2.450980392156863
1142,258,1400,0.22591943957968477
39,321,360,8.23076923076923
560,54,614,0.09642857142857143
46,6,52,0.13043478260869565
16,228,244,14.25
119,360,479,3.0252100840336134
33,345,378,10.454545454545455
35,918,953,26.228571428571428
358,377,735,1.053072625698324
60,902,962,15.033333333333333
24,490,514,20.416666666666668
17,305,322,17.941176470588236
12,441,453,36.75
46,28,74,0.6086956521739131
72,547,619,7.597222222222222
1921,116,2037,0.06038521603331598
26,362,388,13.923076923076923
105,325,430,3.0952380952380953
25,399,424,15.96
6,290,296,48.333333333333336
11,153,164,13.909090909090908
12,309,321,25.75
11,288,299,26.181818181818183
13,311,324,23.923076923076923
43,231,274,5.372093023255814
5,626,631,125.2
2,11,13,5.5
7,180,187,25.714285714285715
3,6,9,2.0
31,525,556,16.93548387096774
135,180,315,1.3333333333333333
297,545,842,1.835016835016835
10,108,118,10.8
924,224,1148,0.24242424242424243
51,368,419,7.215686274509804
114,316,430,2.7719298245614037
146,366,512,2.506849315068493
50,179,229,3.58
18,117,135,6.5
33,963,996,29.181818181818183
346,65,411,0.18786127167630057
2293,150,2443,0.06541648495420846
24,261,285,10.875
8,91,99,11.375
24,237,261,9.875
6,263,269,43.833333333333336
14,44,58,3.142857142857143
13,278,291,21.384615384615383
55,247,302,4.490909090909091
6,704,710,117.33333333333333
2129,37,2166,0.01737905119774542
49,373,422,7.612244897959184
13,18,31,1.3846153846153846
5,767,772,153.4
32,110,142,3.4375
9,15,24,1.6666666666666667
372,111,483,0.29838709677419356
13,280,293,21.53846153846154
8,183,191,22.875
3320,240,3560,0.07228915662650602
103,83,186,0.8058252427184466
24,203,227,8.458333333333334
1575,426,2001,0.2704761904761905
377,398,775,1.0557029177718833
10,136,146,13.6
20,278,298,13.9
129,285,414,2.2093023255813953
16,243,259,15.1875
2547,405,2952,0.15901060070671377
38,322,360,8.473684210526315
199,528,727,2.6532663316582914
31,117,148,3.774193548387097
2392,131,2523,0.054765886287625416
203,244,447,1.2019704433497538
167,942,1109,5.640718562874252
282,574,856,2.0354609929078014
134,438,572,3.2686567164179103
12,374,386,31.166666666666668
24,446,470,18.583333333333332
16,623,639,38.9375
26,993,1019,38.19230769230769
884,178,1062,0.20135746606334842
7,353,360,50.42857142857143
15,257,272,17.133333333333333
769,6,775,0.007802340702210663
1224,986,2210,0.8055555555555556
79,212,291,2.6835443037974684
110,37,147,0.33636363636363636
119,587,706,4.932773109243698
2438,190,2628,0.07793273174733388
135,112,247,0.8296296296296296
236,5,241,0.0211864406779661
806,138,944,0.17121588089330025
3297,99,3396,0.03002729754322111
534,426,960,0.797752808988764
17,312,329,18.352941176470587
46,107,153,2.3260869565217392
198,855,1053,4.318181818181818
8,441,449,55.125
21,297,318,14.142857142857142
126,46,172,0.36507936507936506
55,393,448,7.1454545454545455
17,307,324,18.058823529411764
287,348,635,1.2125435540069687
12,285,297,23.75
765,510,1275,0.6666666666666666
647,1736,2383,2.6831530139103554
243,132,375,0.5432098765432098
10,88,98,8.8
206,734,940,3.563106796116505
16,148,164,9.25
996,14,1010,0.014056224899598393
3,12,15,4.0
15,112,127,7.466666666666667
21,182,203,8.666666666666666
10,186,196,18.6
65,411,476,6.323076923076923
118,432,550,3.6610169491525424
21,99,120,4.714285714285714
13,240,253,18.46153846153846
155,457,612,2.9483870967741934
1111,132,1243,0.1188118811881188
18,484,502,26.88888888888889
418,139,557,0.33253588516746413
417,911,1328,2.184652278177458
36,478,514,13.277777777777779
2,11,13,5.5
14,168,182,12.0
12,224,236,18.666666666666668
123,305,428,2.4796747967479673
39,968,1007,24.82051282051282
110,491,601,4.463636363636364
20,168,188,8.4
4,49,53,12.25
82,361,443,4.402439024390244
34,272,306,8.0
22,514,536,23.363636363636363
87,438,525,5.0344827586206895
150,866,1016,5.773333333333333
15,262,277,17.466666666666665
357,579,936,1.6218487394957983
53,878,931,16.566037735849058
94,380,474,4.042553191489362
27,217,244,8.037037037037036
75,329,404,4.386666666666667
135,233,368,1.7259259259259259
1185,77,1262,0.06497890295358649
6,355,361,59.166666666666664
383,180,563,0.4699738903394256
26,96,122,3.6923076923076925
61,271,332,4.442622950819672
67,105,172,1.5671641791044777
137,8,145,0.058394160583941604
137,516,653,3.7664233576642334
75,52,127,0.6933333333333334
33,129,162,3.909090909090909
46,8,54,0.17391304347826086
61,459,520,7.524590163934426
32,25,57,0.78125
120,275,395,2.2916666666666665
15,294,309,19.6
92,346,438,3.760869565217391
412,256,668,0.6213592233009708
482,385,867,0.7987551867219918
228,535,763,2.3464912280701755
54,167,221,3.0925925925925926
52,291,343,5.596153846153846
950,141,1091,0.14842105263157895
13,4,17,0.3076923076923077
92,239,331,2.597826086956522
114,123,237,1.0789473684210527
12,391,403,32.583333333333336
16,260,276,16.25
67,27,94,0.40298507462686567
534,412,946,0.7715355805243446
145,72,217,0.496551724137931
51,37,88,0.7254901960784313
32,462,494,14.4375
38,593,631,15.605263157894736
418,139,557,0.33253588516746413
169,24,193,0.14201183431952663
12,265,277,22.083333333333332
324,547,871,1.6882716049382716
1428,523,1951,0.36624649859943975
20,842,862,42.1
487,669,1156,1.373716632443532
769,35,804,0.045513654096228866
13,286,299,22.0
64,261,325,4.078125
765,510,1275,0.6666666666666666
56,296,352,5.285714285714286
26,459,485,17.653846153846153
8,96,104,12.0
46,159,205,3.4565217391304346
332,112,444,0.3373493975903614
113,543,656,4.8053097345132745
1766,74,1840,0.04190260475651189
2,36,38,18.0
370,368,738,0.9945945945945946
10,33,43,3.3
39,8,47,0.20512820512820512
112,401,513,3.580357142857143
49,592,641,12.081632653061224
74,74,148,1.0
738,253,991,0.3428184281842818
768,591,1359,0.76953125
18,568,586,31.555555555555557
3479,168,3647,0.0482897384305835
15,260,275,17.333333333333332
546,223,769,0.4084249084249084
49,379,428,7.73469387755102
6,575,581,95.83333333333333
73,812,885,11.123287671232877
26,425,451,16.346153846153847
12,138,150,11.5
11,21,32,1.9090909090909092
247,283,530,1.145748987854251
130,228,358,1.7538461538461538
10,157,167,15.7
50,31,81,0.62
302,495,797,1.6390728476821192
15,165,180,11.0
32,316,348,9.875
26,249,275,9.576923076923077
239,758,997,3.1715481171548117
38,427,465,11.236842105263158
54,277,331,5.12962962962963
38,513,551,13.5
19,436,455,22.94736842105263
10,91,101,9.1
20,66,86,3.3
5,246,251,49.2
19,101,120,5.315789473684211
1321,565,1886,0.42770628311884934
1100,531,1631,0.4827272727272727
201,156,357,0.7761194029850746
39,278,317,7.128205128205129
13,37,50,2.8461538461538463
107,111,218,1.0373831775700935
46,319,365,6.934782608695652
15,88,103,5.866666666666666
597,350,947,0.5862646566164154
57,268,325,4.701754385964913
36,37,73,1.0277777777777777
18,429,447,23.833333333333332
1327,176,1503,0.13262999246420498
20,983,1003,49.15
25,32,57,1.28
483,335,818,0.6935817805383023
275,52,327,0.1890909090909091
338,113,451,0.3343195266272189
6,116,122,19.333333333333332
15,586,601,39.06666666666667
33,843,876,25.545454545454547
3,14,17,4.666666666666667
25,92,117,3.68
13,25,38,1.9230769230769231
21,253,274,12.047619047619047
102,618,720,6.0588235294117645
49,523,572,10.673469387755102
431,431,862,1.0
498,341,839,0.6847389558232931
9,36,45,4.0
11,136,147,12.363636363636363
6,20,26,3.3333333333333335
319,490,809,1.536050156739812
49,461,510,9.408163265306122
7,111,118,15.857142857142858
42,194,236,4.619047619047619
18,379,397,21.055555555555557
19,253,272,13.31578947368421
31,58,89,1.8709677419354838
68,407,475,5.985294117647059
13,712,725,54.76923076923077
1941,769,2710,0.39618753219989694
145,932,1077,6.427586206896552
14,328,342,23.428571428571427
46,434,480,9.434782608695652
267,25,292,0.09363295880149813
738,253,991,0.3428184281842818
53,321,374,6.056603773584905
33,293,326,8.878787878787879
1393,749,2142,0.5376884422110553
3028,166,3194,0.0548216644649934
504,417,921,0.8273809523809523
22,377,399,17.136363636363637
15,123,138,8.2
33,392,425,11.878787878787879
4,32,36,8.0
8,337,345,42.125
10,367,377,36.7
6,139,145,23.166666666666668
106,776,882,7.320754716981132
2775,93,2868,0.03351351351351351
21,421,442,20.047619047619047
27,359,386,13.296296296296296
1336,783,2119,0.5860778443113772
642,478,1120,0.7445482866043613
9,424,433,47.111111111111114
178,201,379,1.1292134831460674
40,77,117,1.925
13,159,172,12.23076923076923
30,141,171,4.7
443,245,688,0.5530474040632054
333,262,595,0.7867867867867868
329,530,859,1.6109422492401215
540,371,911,0.687037037037037
294,98,392,0.3333333333333333
9,180,189,20.0
53,963,1016,18.169811320754718
1608,377,1985,0.23445273631840796
23,28,51,1.2173913043478262
16,443,459,27.6875
16,383,399,23.9375
96,655,751,6.822916666666667
16,238,254,14.875
14,328,342,23.428571428571427
2,36,38,18.0
26,323,349,12.423076923076923
52,96,148,1.8461538461538463
14,111,125,7.928571428571429
460,34,494,0.07391304347826087
15,238,253,15.866666666666667
13,728,741,56.0
12,131,143,10.916666666666666
2,329,331,164.5
125,40,165,0.32
1372,275,1647,0.20043731778425655
20,254,274,12.7
96,702,798,7.3125
1231,169,1400,0.1372867587327376
27,455,482,16.85185185185185
14,296,310,21.142857142857142
2,218,220,109.0
15,493,508,32.86666666666667
16,430,446,26.875
555,381,936,0.6864864864864865
85,34,119,0.4
6,228,234,38.0
31,787,818,25.387096774193548
115,198,313,1.7217391304347827
2,25,27,12.5
32,320,352,10.0
227,318,545,1.4008810572687225
292,292,584,1.0
40,43,83,1.075
507,174,681,0.3431952662721893
180,345,525,1.9166666666666667
16,244,260,15.25
209,316,525,1.5119617224880382
27,331,358,12.25925925925926
7,12,19,1.7142857142857142
294,9,303,0.030612244897959183
46,163,209,3.5434782608695654
3,12,15,4.0
82,412,494,5.024390243902439
2,11,13,5.5
2,11,13,5.5
791,180,971,0.22756005056890014
54,118,172,2.185185185185185
20,464,484,23.2
172,31,203,0.18023255813953487
58,230,288,3.9655172413793105
422,8,430,0.018957345971563982
124,420,544,3.3870967741935485
50,281,331,5.62
5,305,310,61.0
44,306,350,6.954545454545454
692,8,700,0.011560693641618497
1257,730,1987,0.5807478122513922
20,407,427,20.35
3973,11,3984,0.0027686886483765417
4,84,88,21.0
251,937,1188,3.733067729083665
664,139,803,0.20933734939759036
13,329,342,25.307692307692307
430,365,795,0.8488372093023255
25,556,581,22.24
84,71,155,0.8452380952380952
351,283,634,0.8062678062678063
1559,161,1720,0.10327132777421424
305,298,603,0.9770491803278688
11,387,398,35.18181818181818
3217,189,3406,0.0587503885607709
647,670,1317,1.035548686244204
192,117,309,0.609375
40,558,598,13.95
132,465,597,3.522727272727273
2424,135,2559,0.055693069306930694
16,453,469,28.3125
8,110,118,13.75
1126,172,1298,0.152753108348135
64,584,648,9.125
95,540,635,5.684210526315789
9,357,366,39.666666666666664
18,945,963,52.5
13,39,52,3.0
16,375,391,23.4375
23,374,397,16.26086956521739
19,354,373,18.63157894736842
44,203,247,4.613636363636363
1349,28,1377,0.020756115641215715
5,11,16,2.2
17,114,131,6.705882352941177
30,611,641,20.366666666666667
662,397,1059,0.5996978851963746
1837,340,2177,0.18508437670114317
577,827,1404,1.4332755632582321
18,312,330,17.333333333333332
2160,137,2297,0.06342592592592593
25,547,572,21.88
2,11,13,5.5
11,309,320,28.09090909090909
13,278,291,21.384615384615383
72,440,512,6.111111111111111
332,19,351,0.0572289156626506
826,100,926,0.12106537530266344
14,78,92,5.571428571428571
361,995,1356,2.7562326869806095
440,113,553,0.25681818181818183
283,345,628,1.2190812720848057
706,739,1445,1.046742209631728
142,502,644,3.535211267605634
81,1614,1695,19.925925925925927
118,332,450,2.8135593220338984
80,10,90,0.125
10,210,220,21.0
18,260,278,14.444444444444445
18,160,178,8.88888888888889
5,27,32,5.4
164,116,280,0.7073170731707317
106,98,204,0.9245283018867925
28,60,88,2.142857142857143
29,314,343,10.827586206896552
47,950,997,20.21276595744681
1015,500,1515,0.49261083743842365
73,503,576,6.890410958904109
28,263,291,9.392857142857142
13,28,41,2.1538461538461537
24,132,156,5.5
961,245,1206,0.25494276795005205
17,418,435,24.58823529411765
14,304,318,21.714285714285715
54,732,786,13.555555555555555
17,98,115,5.764705882352941
65,605,670,9.307692307692308
2,11,13,5.5
34,309,343,9.088235294117647
100,629,729,6.29
9,30,39,3.3333333333333335
1448,110,1558,0.07596685082872928
20,106,126,5.3
62,409,471,6.596774193548387
101,243,344,2.405940594059406
2,11,13,5.5
59,333,392,5.6440677966101696
175,556,731,3.177142857142857
6,33,39,5.5
44,132,176,3.0
40,241,281,6.025
13,748,761,57.53846153846154
1114,237,1351,0.2127468581687612
60,855,915,14.25
173,474,647,2.739884393063584
219,26,245,0.1187214611872146
12,36,48,3.0
129,334,463,2.5891472868217056
1840,522,2362,0.28369565217391307
29,463,492,15.96551724137931
61,171,232,2.80327868852459
14,552,566,39.42857142857143
15,574,589,38.266666666666666
104,151,255,1.4519230769230769
484,905,1389,1.8698347107438016
11,140,151,12.727272727272727
206,314,520,1.5242718446601942
8,571,579,71.375
4,91,95,22.75
51,938,989,18.392156862745097
18,302,320,16.77777777777778
947,775,1722,0.8183738120380147
16,609,625,38.0625
26,274,300,10.538461538461538
1488,4,1492,0.002688172043010753
570,978,1548,1.7157894736842105
53,739,792,13.943396226415095
4,312,316,78.0
16,359,375,22.4375
194,864,1058,4.453608247422681
47,273,320,5.808510638297872
215,64,279,0.29767441860465116
94,112,206,1.1914893617021276
8,116,124,14.5
2,38,40,19.0
8,252,260,31.5
37,86,123,2.324324324324324
62,169,231,2.725806451612903
3050,218,3268,0.07147540983606557
92,163,255,1.7717391304347827
12,489,501,40.75
114,144,258,1.263157894736842
154,158,312,1.025974025974026
104,702,806,6.75
145,725,870,5.0
20,925,945,46.25
7,283,290,40.42857142857143
22,20,42,0.9090909090909091
148,1017,1165,6.871621621621622
66,606,672,9.181818181818182
314,874,1188,2.78343949044586
2,11,13,5.5
18,410,428,22.77777777777778
18,310,328,17.22222222222222
31,605,636,19.516129032258064
621,603,1224,0.9710144927536232
19,418,437,22.0
118,878,996,7.440677966101695
13,408,421,31.384615384615383
216,288,504,1.3333333333333333
39,115,154,2.948717948717949
493,4,497,0.008113590263691683
27,293,320,10.851851851851851
19,771,790,40.578947368421055
8,486,494,60.75
680,266,946,0.3911764705882353
43,761,804,17.697674418604652
935,989,1924,1.0577540106951873
21,804,825,38.285714285714285
2616,227,2843,0.0867737003058104
67,139,206,2.074626865671642
42,456,498,10.857142857142858
59,413,472,7.0
13,98,111,7.538461538461538
18,311,329,17.27777777777778
2018,19,2037,0.009415262636273538
57,347,404,6.087719298245614
68,26,94,0.38235294117647056
4,70,74,17.5
31,249,280,8.03225806451613
206,213,419,1.0339805825242718
3,663,666,221.0
18,21,39,1.1666666666666667
815,227,1042,0.2785276073619632
136,351,487,2.5808823529411766
32,150,182,4.6875
1073,84,1157,0.0782851817334576
34,158,192,4.647058823529412
56,54,110,0.9642857142857143
289,207,496,0.7162629757785467
7,516,523,73.71428571428571
737,147,884,0.1994572591587517
114,9,123,0.07894736842105263
67,952,1019,14.208955223880597
323,419,742,1.2972136222910218
1098,921,2019,0.8387978142076503
23,792,815,34.43478260869565
170,204,374,1.2
21,165,186,7.857142857142857
2049,300,2349,0.14641288433382138
56,157,213,2.8035714285714284
66,436,502,6.606060606060606
4,11,15,2.75
2904,430,3334,0.14807162534435261
312,485,797,1.5544871794871795
21,406,427,19.333333333333332
11,332,343,30.181818181818183
43,336,379,7.813953488372093
152,640,792,4.2105263157894735
52,151,203,2.9038461538461537
45,776,821,17.244444444444444
761,366,1127,0.480946123521682
106,92,198,0.8679245283018868
29,307,336,10.586206896551724
24,787,811,32.791666666666664
875,225,1100,0.2571428571428571
23,669,692,29.08695652173913
1086,654,1740,0.6022099447513812
143,773,916,5.405594405594406
285,664,949,2.329824561403509
22,295,317,13.409090909090908
700,73,773,0.10428571428571429
97,270,367,2.783505154639175
30,346,376,11.533333333333333
4,166,170,41.5
16,266,282,16.625
33,157,190,4.757575757575758
136,12,148,0.08823529411764706
35,656,691,18.742857142857144
94,115,209,1.2234042553191489
12,334,346,27.833333333333332
2,11,13,5.5
18,608,626,33.77777777777778
4,12,16,3.0
1539,180,1719,0.11695906432748537
24,446,470,18.583333333333332
10,116,126,11.6
10,145,155,14.5
192,117,309,0.609375
4,106,110,26.5
19,219,238,11.526315789473685
456,177,633,0.3881578947368421
50,302,352,6.04
17,500,517,29.41176470588235
1871,75,1946,0.04008551576696953
30,22,52,0.7333333333333333
926,205,1131,0.22138228941684665
928,433,1361,0.4665948275862069
22,365,387,16.59090909090909
13,272,285,20.923076923076923
21,555,576,26.428571428571427
22,619,641,28.136363636363637
131,276,407,2.1068702290076335
11,502,513,45.63636363636363
26,267,293,10.26923076923077
115,94,209,0.8173913043478261
9,424,433,47.111111111111114
48,14,62,0.2916666666666667
23,310,333,13.478260869565217
12,38,50,3.1666666666666665
67,689,756,10.283582089552239
114,34,148,0.2982456140350877
43,372,415,8.651162790697674
22,105,127,4.7727272727272725
6,109,115,18.166666666666668
2,402,404,201.0
10,175,185,17.5
107,593,700,5.542056074766355
3,12,15,4.0
543,839,1382,1.5451197053406998
23,763,786,33.17391304347826
52,214,266,4.115384615384615
984,199,1183,0.20223577235772358
25,524,549,20.96
12,348,360,29.0
51,160,211,3.1372549019607843
13,535,548,41.15384615384615
10,400,410,40.0
28,366,394,13.071428571428571
87,711,798,8.172413793103448
22,630,652,28.636363636363637
32,981,1013,30.65625
86,696,782,8.093023255813954
39,935,974,23.974358974358974
45,335,380,7.444444444444445
17,496,513,29.176470588235293
100,477,577,4.77
27,532,559,19.703703703703702
3,42,45,14.0
1858,704,2562,0.3789020452099031
55,260,315,4.7272727272727275
35,340,375,9.714285714285714
559,406,965,0.7262969588550984
23,252,275,10.956521739130435
1369,139,1508,0.10153396639883126
18,420,438,23.333333333333332
18,151,169,8.38888888888889
8,34,42,4.25
1152,811,1963,0.7039930555555556
85,614,699,7.223529411764706
9,33,42,3.6666666666666665
7,558,565,79.71428571428571
60,35,95,0.5833333333333334
44,497,541,11.295454545454545
13,282,295,21.692307692307693
12,239,251,19.916666666666668
157,425,582,2.7070063694267517
8,146,154,18.25
26,221,247,8.5
294,556,850,1.8911564625850341
18,262,280,14.555555555555555
13,220,233,16.923076923076923
15,544,559,36.266666666666666
5,626,631,125.2
41,248,289,6.048780487804878
49,411,460,8.387755102040817
19,318,337,16.736842105263158
8,274,282,34.25
22,470,492,21.363636363636363
21,276,297,13.142857142857142
153,310,463,2.026143790849673
9,388,397,43.111111111111114
1141,715,1856,0.6266432953549518
16,128,144,8.0
81,5,86,0.06172839506172839
761,366,1127,0.480946123521682
89,496,585,5.573033707865169
56,713,769,12.732142857142858
36,138,174,3.8333333333333335
11,279,290,25.363636363636363
28,376,404,13.428571428571429
4,575,579,143.75
14,162,176,11.571428571428571
64,320,384,5.0
34,619,653,18.205882352941178
109,318,427,2.9174311926605503
83,512,595,6.168674698795181
733,146,879,0.19918144611186903
24,126,150,5.25
4,11,15,2.75
13,26,39,2.0
125,416,541,3.328
46,29,75,0.6304347826086957
1479,15,1494,0.010141987829614604
725,353,1078,0.4868965517241379
52,70,122,1.3461538461538463
73,43,116,0.589041095890411
16,600,616,37.5
641,540,1181,0.8424336973478939
13,402,415,30.923076923076923
34,353,387,10.382352941176471
65,380,445,5.846153846153846
6,215,221,35.833333333333336
193,216,409,1.1191709844559585
14,394,408,28.142857142857142
2,11,13,5.5
9,162,171,18.0
23,430,453,18.695652173913043
39,120,159,3.076923076923077
341,230,571,0.6744868035190615
140,422,562,3.0142857142857142
174,162,336,0.9310344827586207
15,385,400,25.666666666666668
9,444,453,49.333333333333336
108,380,488,3.5185185185185186
47,322,369,6.851063829787234
1056,424,1480,0.4015151515151515
54,770,824,14.25925925925926
5,251,256,50.2
8,31,39,3.875
22,769,791,34.95454545454545
144,100,244,0.6944444444444444
560,171,731,0.3053571428571429
8,311,319,38.875
196,86,282,0.4387755102040816
49,56,105,1.1428571428571428
790,4,794,0.005063291139240506
92,890,982,9.673913043478262
102,696,798,6.823529411764706
585,950,1535,1.623931623931624
519,393,912,0.7572254335260116
13,380,393,29.23076923076923
9,294,303,32.666666666666664
104,305,409,2.9326923076923075
13,104,117,8.0
7,80,87,11.428571428571429
67,327,394,4.880597014925373
16,331,347,20.6875
17,667,684,39.23529411764706
347,65,412,0.1873198847262248
11,96,107,8.727272727272727
39,398,437,10.205128205128204
496,132,628,0.2661290322580645
17,386,403,22.705882352941178
17,421,438,24.764705882352942
101,141,242,1.396039603960396
425,792,1217,1.8635294117647059
101,4,105,0.039603960396039604
251,176,427,0.701195219123506
22,424,446,19.272727272727273
20,307,327,15.35
9,179,188,19.88888888888889
48,334,382,6.958333333333333
16,80,96,5.0
72,795,867,11.041666666666666
391,471,862,1.2046035805626598
30,424,454,14.133333333333333
59,49,108,0.8305084745762712
18,227,245,12.61111111111111
96,38,134,0.3958333333333333
83,990,1073,11.927710843373495
35,404,439,11.542857142857143
871,852,1723,0.9781859931113662
16,568,584,35.5
12,93,105,7.75
12,369,381,30.75
106,42,148,0.39622641509433965
17,307,324,18.058823529411764
868,476,1344,0.5483870967741935
26,435,461,16.73076923076923
16,289,305,18.0625
310,452,762,1.4580645161290322
89,582,671,6.53932584269663
109,101,210,0.926605504587156
2951,180,3131,0.060996272450016945
843,436,1279,0.5172004744958482
178,1094,1272,6.146067415730337
141,591,732,4.191489361702128
74,496,570,6.702702702702703
10,327,337,32.7
10,222,232,22.2
16,278,294,17.375
7,212,219,30.285714285714285
16,462,478,28.875
148,8,156,0.05405405405405406
83,28,111,0.3373493975903614
734,328,1062,0.44686648501362397
27,262,289,9.703703703703704
11,368,379,33.45454545454545
59,420,479,7.11864406779661
7,378,385,54.0
51,225,276,4.411764705882353
10,222,232,22.2
22,139,161,6.318181818181818
38,312,350,8.210526315789474
18,285,303,15.833333333333334
74,926,1000,12.513513513513514
26,399,425,15.346153846153847
716,179,895,0.25
71,750,821,10.56338028169014
13,378,391,29.076923076923077
8,96,104,12.0
93,84,177,0.9032258064516129
248,416,664,1.6774193548387097
10,126,136,12.6
329,362,691,1.1003039513677813
5,853,858,170.6
27,336,363,12.444444444444445
769,6,775,0.007802340702210663
53,52,105,0.9811320754716981
14,143,157,10.214285714285714
11,298,309,27.09090909090909
1492,346,1838,0.23190348525469168
125,273,398,2.184
35,185,220,5.285714285714286
151,347,498,2.2980132450331126
135,559,694,4.140740740740741
6,132,138,22.0
230,348,578,1.5130434782608695
42,559,601,13.30952380952381
56,530,586,9.464285714285714
3,970,973,323.3333333333333
210,92,302,0.4380952380952381
1502,126,1628,0.08388814913448735
12,85,97,7.083333333333333
118,318,436,2.694915254237288
1791,14,1805,0.007816862088218872
84,519,603,6.178571428571429
23,259,282,11.26086956521739
14,175,189,12.5
15,879,894,58.6
32,597,629,18.65625
94,285,379,3.0319148936170213
124,99,223,0.7983870967741935
21,457,478,21.761904761904763
59,326,385,5.52542372881356
14,96,110,6.857142857142857
57,420,477,7.368421052631579
715,259,974,0.3622377622377622
25,251,276,10.04
26,443,469,17.03846153846154
7,24,31,3.4285714285714284
52,516,568,9.923076923076923
20,34,54,1.7
155,280,435,1.8064516129032258
2,204,206,102.0
149,783,932,5.25503355704698
134,303,437,2.2611940298507465
44,81,125,1.8409090909090908
17,342,359,20.11764705882353
4,634,638,158.5
82,313,395,3.817073170731707
10,397,407,39.7
45,16,61,0.35555555555555557
23,744,767,32.34782608695652
8,134,142,16.75
260,569,829,2.1884615384615387
9,141,150,15.666666666666666
398,100,498,0.25125628140703515
18,568,586,31.555555555555557
10,30,40,3.0
9,163,172,18.11111111111111
23,214,237,9.304347826086957
90,49,139,0.5444444444444444
25,378,403,15.12
12,21,33,1.75
328,1164,1492,3.548780487804878
91,138,229,1.5164835164835164
19,381,400,20.05263157894737
2,12,14,6.0
570,133,703,0.23333333333333334
12,268,280,22.333333333333332
972,35,1007,0.0360082304526749
8,80,88,10.0
28,383,411,13.678571428571429
10,320,330,32.0
2,12,14,6.0
82,365,447,4.451219512195122
298,736,1034,2.469798657718121
14,164,178,11.714285714285714
50,840,890,16.8
15,129,144,8.6
10,440,450,44.0
2,20,22,10.0
305,399,704,1.3081967213114754
7,451,458,64.42857142857143
25,451,476,18.04
20,184,204,9.2
46,1001,1047,21.76086956521739
6,22,28,3.6666666666666665
55,393,448,7.1454545454545455
19,149,168,7.842105263157895
164,86,250,0.524390243902439
103,28,131,0.27184466019417475
1390,536,1926,0.3856115107913669
50,516,566,10.32
15,767,782,51.13333333333333
10,197,207,19.7
28,190,218,6.785714285714286
23,580,603,25.217391304347824
75,200,275,2.6666666666666665
113,29,142,0.25663716814159293
18,372,390,20.666666666666668
90,348,438,3.8666666666666667
20,602,622,30.1
51,44,95,0.8627450980392157
10,15,25,1.5
91,357,448,3.923076923076923
385,381,766,0.9896103896103896
56,418,474,7.464285714285714
37,234,271,6.324324324324325
2677,201,2878,0.07508404930892791
24,116,140,4.833333333333333
58,575,633,9.913793103448276
21,364,385,17.333333333333332
35,145,180,4.142857142857143
12,475,487,39.583333333333336
12,394,406,32.833333333333336
243,509,752,2.094650205761317
18,857,875,47.611111111111114
43,103,146,2.395348837209302
1256,435,1691,0.3463375796178344
278,145,423,0.5215827338129496
7,18,25,2.5714285714285716
23,493,516,21.434782608695652
18,283,301,15.722222222222221
67,359,426,5.358208955223881
16,195,211,12.1875
2479,14,2493,0.005647438483259379
35,241,276,6.885714285714286
29,129,158,4.448275862068965
101,544,645,5.3861386138613865
46,981,1027,21.32608695652174
14,284,298,20.285714285714285
43,464,507,10.790697674418604
971,247,1218,0.25437693099897013
19,804,823,42.31578947368421
67,22,89,0.3283582089552239
156,613,769,3.9294871794871793
131,22,153,0.16793893129770993
17,471,488,27.705882352941178
1328,118,1446,0.08885542168674698
1519,548,2067,0.3607636603028308
19,354,373,18.63157894736842
67,305,372,4.552238805970149
40,323,363,8.075
14,102,116,7.285714285714286
10,36,46,3.6
621,603,1224,0.9710144927536232
14,221,235,15.785714285714286
30,224,254,7.466666666666667
516,145,661,0.2810077519379845
69,98,167,1.4202898550724639
19,326,345,17.157894736842106
672,36,708,0.05357142857142857
21,232,253,11.047619047619047
1119,772,1891,0.6899016979445934
3031,38,3069,0.012537116463213462
1725,435,2160,0.25217391304347825
2625,8,2633,0.0030476190476190477
24,32,56,1.3333333333333333
77,783,860,10.168831168831169
9,106,115,11.777777777777779
137,90,227,0.656934306569343
13,510,523,39.23076923076923
14,546,560,39.0
493,555,1048,1.1257606490872212
8,30,38,3.75
145,932,1077,6.427586206896552
488,788,1276,1.6147540983606556
63,265,328,4.2063492063492065
9,110,119,12.222222222222221
60,21,81,0.35
8,236,244,29.5
31,288,319,9.290322580645162
96,275,371,2.8645833333333335
13,409,422,31.46153846153846
14,226,240,16.142857142857142
1363,771,2134,0.5656639765223771
18,409,427,22.72222222222222
169,315,484,1.863905325443787
70,257,327,3.6714285714285713
45,359,404,7.977777777777778
788,77,865,0.09771573604060914
1991,298,2289,0.1496735308890005
35,505,540,14.428571428571429
1127,575,1702,0.5102040816326531
11,780,791,70.9090909090909
590,267,857,0.45254237288135596
28,837,865,29.892857142857142
20,23,43,1.15
57,503,560,8.824561403508772
162,343,505,2.117283950617284
1250,553,1803,0.4424
15,328,343,21.866666666666667
2390,1043,3433,0.43640167364016735
3287,112,3399,0.03407362336477031
112,68,180,0.6071428571428571
602,381,983,0.632890365448505
11,691,702,62.81818181818182
362,269,631,0.7430939226519337
63,422,485,6.698412698412699
43,238,281,5.534883720930233
11,289,300,26.272727272727273
44,238,282,5.409090909090909
56,49,105,0.875
20,79,99,3.95
1412,861,2273,0.6097733711048159
15,141,156,9.4
26,78,104,3.0
32,26,58,0.8125
52,367,419,7.0576923076923075
138,662,800,4.797101449275362
649,445,1094,0.6856702619414484
35,283,318,8.085714285714285
445,758,1203,1.703370786516854
448,155,603,0.34598214285714285
23,259,282,11.26086956521739
1805,403,2208,0.22326869806094182
22,104,126,4.7272727272727275
18,292,310,16.22222222222222
23,208,231,9.043478260869565
15,649,664,43.266666666666666
433,261,694,0.6027713625866051
2215,123,2338,0.05553047404063206
7,113,120,16.142857142857142
21,632,653,30.095238095238095
29,363,392,12.517241379310345
23,162,185,7.043478260869565
10,486,496,48.6
11,304,315,27.636363636363637
628,285,913,0.4538216560509554
8,357,365,44.625
27,169,196,6.2592592592592595
110,10,120,0.09090909090909091
1763,457,2220,0.25921724333522406
67,28,95,0.417910447761194
54,60,114,1.1111111111111112
18,457,475,25.38888888888889
26,470,496,18.076923076923077
939,13,952,0.013844515441959531
337,299,636,0.887240356083086
142,347,489,2.443661971830986
1830,29,1859,0.015846994535519125
42,846,888,20.142857142857142
24,164,188,6.833333333333333
19,26,45,1.368421052631579
27,45,72,1.6666666666666667
11,426,437,38.72727272727273
18,117,135,6.5
26,553,579,21.26923076923077
686,615,1301,0.8965014577259475
103,146,249,1.4174757281553398
29,457,486,15.758620689655173
10,12,22,1.2
790,4,794,0.005063291139240506
15,511,526,34.06666666666667
12,386,398,32.166666666666664
1012,466,1478,0.46047430830039526
53,313,366,5.90566037735849
27,142,169,5.2592592592592595
339,266,605,0.7846607669616519
11,110,121,10.0
33,668,701,20.242424242424242
52,214,266,4.115384615384615
228,245,473,1.0745614035087718
13,168,181,12.923076923076923
12,856,868,71.33333333333333
15,309,324,20.6
16,399,415,24.9375
161,396,557,2.459627329192547
1668,485,2153,0.2907673860911271
40,778,818,19.45
44,481,525,10.931818181818182
42,358,400,8.523809523809524
938,501,1439,0.5341151385927505
675,31,706,0.045925925925925926
217,397,614,1.8294930875576036
258,418,676,1.62015503875969
985,988,1973,1.0030456852791878
738,253,991,0.3428184281842818
12,601,613,50.083333333333336
843,7,850,0.00830367734282325
16,257,273,16.0625
11,68,79,6.181818181818182
241,764,1005,3.1701244813278007
21,309,330,14.714285714285714
150,501,651,3.34
2424,135,2559,0.055693069306930694
2062,14,2076,0.006789524733268671
13,361,374,27.76923076923077
19,202,221,10.631578947368421
605,4,609,0.006611570247933884
6,188,194,31.333333333333332
17,25,42,1.4705882352941178
37,430,467,11.621621621621621
51,58,109,1.1372549019607843
761,146,907,0.19185282522996058
16,153,169,9.5625
21,450,471,21.428571428571427
659,95,754,0.1441578148710167
13,538,551,41.38461538461539
21,567,588,27.0
18,392,410,21.77777777777778
8,275,283,34.375
29,843,872,29.06896551724138
16,688,704,43.0
3703,84,3787,0.022684310018903593
7,319,326,45.57142857142857
252,266,518,1.0555555555555556
43,242,285,5.627906976744186
623,494,1117,0.7929373996789727
1,11,12,11.0
52,207,259,3.980769230769231
34,340,374,10.0
744,230,974,0.30913978494623656
5,279,284,55.8
14,471,485,33.642857142857146
11,298,309,27.09090909090909
142,372,514,2.619718309859155
3,11,14,3.6666666666666665
17,45,62,2.6470588235294117
9,206,215,22.88888888888889
49,523,572,10.673469387755102
268,415,683,1.5485074626865671
279,975,1254,3.4946236559139785
17,100,117,5.882352941176471
176,457,633,2.596590909090909
40,452,492,11.3
71,253,324,3.563380281690141
13,258,271,19.846153846153847
5,446,451,89.2
9,530,539,58.888888888888886
10,88,98,8.8
94,794,888,8.446808510638299
194,407,601,2.097938144329897
125,564,689,4.512
98,220,318,2.2448979591836733
11,487,498,44.27272727272727
402,154,556,0.38308457711442784
1903,5,1908,0.002627430373095113
249,31,280,0.12449799196787148
17,314,331,18.470588235294116
10,66,76,6.6
32,233,265,7.28125
29,297,326,10.241379310344827
46,474,520,10.304347826086957
737,147,884,0.1994572591587517
2343,241,2584,0.10285958173282117
49,330,379,6.73469387755102
1208,270,1478,0.22350993377483444
53,259,312,4.886792452830188
44,583,627,13.25
20,382,402,19.1
53,561,614,10.584905660377359
50,501,551,10.02
26,259,285,9.961538461538462
65,879,944,13.523076923076923
2810,849,3659,0.302135231316726
243,411,654,1.691358024691358
61,98,159,1.6065573770491803
3711,180,3891,0.04850444624090541
57,268,325,4.701754385964913
7,72,79,10.285714285714286
16,252,268,15.75
16,21,37,1.3125
8,37,45,4.625
11,325,336,29.545454545454547
384,630,1014,1.640625
39,373,412,9.564102564102564
62,44,106,0.7096774193548387
35,60,95,1.7142857142857142
15,206,221,13.733333333333333
1773,958,2731,0.5403271291596164
30,114,144,3.8
1648,294,1942,0.1783980582524272
6,185,191,30.833333333333332
29,5,34,0.1724137931034483
124,274,398,2.2096774193548385
189,382,571,2.0211640211640214
286,598,884,2.090909090909091
13,438,451,33.69230769230769
76,32,108,0.42105263157894735
11,372,383,33.81818181818182
241,306,547,1.2697095435684647
16,267,283,16.6875
16,339,355,21.1875
342,793,1135,2.318713450292398
2210,585,2795,0.2647058823529412
13,245,258,18.846153846153847
784,59,843,0.07525510204081633
22,591,613,26.863636363636363
424,65,489,0.15330188679245282
30,205,235,6.833333333333333
75,202,277,2.6933333333333334
14,375,389,26.785714285714285
857,315,1172,0.367561260210035
12,406,418,33.833333333333336
14,162,176,11.571428571428571
17,21,38,1.2352941176470589
459,33,492,0.0718954248366013
14,104,118,7.428571428571429
15,407,422,27.133333333333333
11,423,434,38.45454545454545
85,356,441,4.188235294117647
134,127,261,0.9477611940298507
39,99,138,2.5384615384615383
40,210,250,5.25
83,56,139,0.6746987951807228
69,505,574,7.318840579710145
3,29,32,9.666666666666666
1655,65,1720,0.03927492447129909
140,31,171,0.22142857142857142
69,903,972,13.08695652173913
3,330,333,110.0
15,361,376,24.066666666666666
19,66,85,3.473684210526316
45,271,316,6.022222222222222
53,211,264,3.981132075471698
12,715,727,59.583333333333336
10,139,149,13.9
13,333,346,25.615384615384617
16,343,359,21.4375
58,27,85,0.46551724137931033
28,245,273,8.75
664,37,701,0.05572289156626506
2,36,38,18.0
1414,164,1578,0.11598302687411598
414,139,553,0.3357487922705314
400,634,1034,1.585
22,22,44,1.0
346,105,451,0.30346820809248554
22,60,82,2.727272727272727
7,393,400,56.142857142857146
9,39,48,4.333333333333333
13,565,578,43.46153846153846
21,297,318,14.142857142857142
71,612,683,8.619718309859154
676,7,683,0.010355029585798817
2,11,13,5.5
15,284,299,18.933333333333334
21,112,133,5.333333333333333
21,277,298,13.19047619047619
1801,881,2682,0.48917268184342033
181,387,568,2.138121546961326
92,158,250,1.7173913043478262
22,518,540,23.545454545454547
13,131,144,10.076923076923077
25,563,588,22.52
23,379,402,16.47826086956522
18,70,88,3.888888888888889
16,205,221,12.8125
6,923,929,153.83333333333334
556,124,680,0.22302158273381295
543,462,1005,0.850828729281768
217,72,289,0.3317972350230415
22,304,326,13.818181818181818
129,285,414,2.2093023255813953
306,411,717,1.3431372549019607
22,27,49,1.2272727272727273
7,37,44,5.285714285714286
36,288,324,8.0
17,817,834,48.05882352941177
14,315,329,22.5
21,308,329,14.666666666666666
30,347,377,11.566666666666666
697,392,1089,0.5624103299856528
2,11,13,5.5
128,238,366,1.859375
8,239,247,29.875
92,606,698,6.586956521739131
16,596,612,37.25
37,290,327,7.837837837837838
794,779,1573,0.9811083123425692
3,11,14,3.6666666666666665
15,458,473,30.533333333333335
8,286,294,35.75
9,283,292,31.444444444444443
14,301,315,21.5
21,407,428,19.38095238095238
49,74,123,1.510204081632653
27,767,794,28.40740740740741
145,548,693,3.779310344827586
5,150,155,30.0
23,1014,1037,44.08695652173913
69,327,396,4.739130434782608
1055,613,1668,0.581042654028436
19,598,617,31.473684210526315
131,4,135,0.030534351145038167
39,760,799,19.487179487179485
94,836,930,8.893617021276595
39,750,789,19.23076923076923
184,143,327,0.7771739130434783
188,980,1168,5.212765957446808
7,24,31,3.4285714285714284
9,55,64,6.111111111111111
36,251,287,6.972222222222222
82,251,333,3.0609756097560976
14,139,153,9.928571428571429
11,314,325,28.545454545454547
74,598,672,8.08108108108108
36,266,302,7.388888888888889
275,52,327,0.1890909090909091
409,383,792,0.9364303178484108
1016,321,1337,0.3159448818897638
451,289,740,0.6407982261640798
235,469,704,1.995744680851064
51,96,147,1.8823529411764706
39,8,47,0.20512820512820512
35,631,666,18.02857142857143
44,246,290,5.590909090909091
1365,397,1762,0.29084249084249086
72,223,295,3.0972222222222223
83,283,366,3.4096385542168677
12,400,412,33.333333333333336
21,889,910,42.333333333333336
256,371,627,1.44921875
58,721,779,12.431034482758621
118,146,264,1.2372881355932204
1265,106,1371,0.08379446640316206
2,11,13,5.5
10,14,24,1.4
8,379,387,47.375
29,146,175,5.0344827586206895
3,11,14,3.6666666666666665
226,300,526,1.3274336283185841
49,256,305,5.224489795918367
31,238,269,7.67741935483871
13,168,181,12.923076923076923
14,298,312,21.285714285714285
19,403,422,21.210526315789473
77,112,189,1.4545454545454546
154,250,404,1.6233766233766234
113,96,209,0.8495575221238938
17,348,365,20.470588235294116
274,691,965,2.521897810218978
290,5,295,0.017241379310344827
32,143,175,4.46875
36,182,218,5.055555555555555
550,510,1060,0.9272727272727272
773,324,1097,0.4191461836998706
32,794,826,24.8125
118,13,131,0.11016949152542373
16,415,431,25.9375
26,593,619,22.807692307692307
254,620,874,2.440944881889764
32,345,377,10.78125
119,644,763,5.411764705882353
6,48,54,8.0
47,281,328,5.9787234042553195
757,25,782,0.03302509907529723
63,789,852,12.523809523809524
76,283,359,3.723684210526316
81,611,692,7.54320987654321
24,354,378,14.75
93,233,326,2.5053763440860215
76,985,1061,12.960526315789474
6,165,171,27.5
90,58,148,0.6444444444444445
17,629,646,37.0
1503,454,1957,0.30206254158349966
10,324,334,32.4
34,362,396,10.647058823529411
662,467,1129,0.7054380664652568
32,197,229,6.15625
2667,282,2949,0.10573678290213723
455,495,950,1.0879120879120878
18,267,285,14.833333333333334
24,658,682,27.416666666666668
54,37,91,0.6851851851851852
105,234,339,2.2285714285714286
16,375,391,23.4375
193,302,495,1.5647668393782384
120,718,838,5.983333333333333
163,212,375,1.3006134969325154
26,345,371,13.26923076923077
10,53,63,5.3
27,31,58,1.1481481481481481
37,467,504,12.621621621621621
597,350,947,0.5862646566164154
638,671,1309,1.0517241379310345
6,339,345,56.5
10,249,259,24.9
12,298,310,24.833333333333332
28,135,163,4.821428571428571
2392,306,2698,0.12792642140468227
90,587,677,6.522222222222222
18,250,268,13.88888888888889
20,152,172,7.6
77,18,95,0.23376623376623376
636,405,1041,0.6367924528301887
29,367,396,12.655172413793103
24,59,83,2.4583333333333335
19,172,191,9.052631578947368
11,379,390,34.45454545454545
67,125,192,1.8656716417910448
22,682,704,31.0
63,114,177,1.8095238095238095
24,241,265,10.041666666666666
1189,365,1554,0.3069806560134567
34,250,284,7.352941176470588
1636,943,2579,0.5764058679706602
8,146,154,18.25
161,49,210,0.30434782608695654
6,5,11,0.8333333333333334
140,558,698,3.9857142857142858
14,169,183,12.071428571428571
8,278,286,34.75
11,146,157,13.272727272727273
10,58,68,5.8
8,213,221,26.625
9,615,624,68.33333333333333
92,768,860,8.347826086956522
7,231,238,33.0
187,520,707,2.7807486631016043
221,742,963,3.3574660633484164
22,200,222,9.090909090909092
1221,311,1532,0.2547092547092547
24,281,305,11.708333333333334
2142,35,2177,0.016339869281045753
48,127,175,2.6458333333333335
31,893,924,28.806451612903224
31,207,238,6.67741935483871
37,47,84,1.2702702702702702
177,75,252,0.423728813559322
15,212,227,14.133333333333333
10,16,26,1.6
17,265,282,15.588235294117647
322,404,726,1.2546583850931676
73,269,342,3.684931506849315
10,415,425,41.5
27,394,421,14.592592592592593
6,35,41,5.833333333333333
18,814,832,45.22222222222222
13,423,436,32.53846153846154
605,400,1005,0.6611570247933884
126,209,335,1.6587301587301588
9,202,211,22.444444444444443
91,587,678,6.450549450549451
74,477,551,6.445945945945946
12,367,379,30.583333333333332
13,618,631,47.53846153846154
157,18,175,0.11464968152866242
73,390,463,5.342465753424658
39,214,253,5.487179487179487
85,120,205,1.411764705882353
392,243,635,0.6198979591836735
360,177,537,0.49166666666666664
13,386,399,29.692307692307693
12,575,587,47.916666666666664
14,147,161,10.5
11,232,243,21.09090909090909
10,550,560,55.0
95,87,182,0.9157894736842105
23,60,83,2.608695652173913
54,156,210,2.888888888888889
125,43,168,0.344
5,73,78,14.6
20,417,437,20.85
29,260,289,8.96551724137931
22,19,41,0.8636363636363636
184,456,640,2.4782608695652173
1551,696,2247,0.44874274661508706
1935,655,2590,0.3385012919896641
26,419,445,16.115384615384617
448,166,614,0.3705357142857143
387,286,673,0.7390180878552972
124,293,417,2.3629032258064515
1308,574,1882,0.43883792048929665
755,103,858,0.13642384105960265
32,240,272,7.5
27,767,794,28.40740740740741
17,421,438,24.764705882352942
52,334,386,6.423076923076923
23,693,716,30.130434782608695
15,348,363,23.2
56,298,354,5.321428571428571
47,219,266,4.659574468085107
12,87,99,7.25
37,468,505,12.64864864864865
36,254,290,7.055555555555555
2736,236,2972,0.08625730994152046
381,492,873,1.2913385826771653
153,421,574,2.7516339869281046
167,944,1111,5.652694610778443
3,40,43,13.333333333333334
1104,245,1349,0.22192028985507245
19,162,181,8.526315789473685
20,34,54,1.7
2946,936,3882,0.31771894093686354
150,501,651,3.34
2,50,52,25.0
11,375,386,34.09090909090909
12,129,141,10.75
301,472,773,1.5681063122923589
358,324,682,0.9050279329608939
81,421,502,5.197530864197531
43,552,595,12.837209302325581
356,188,544,0.5280898876404494
24,374,398,15.583333333333334
14,98,112,7.0
24,823,847,34.291666666666664
67,840,907,12.537313432835822
8,364,372,45.5
11,26,37,2.3636363636363638
131,30,161,0.22900763358778625
36,179,215,4.972222222222222
11,398,409,36.18181818181818
11,127,138,11.545454545454545
928,326,1254,0.35129310344827586
2,11,13,5.5
57,395,452,6.9298245614035086
44,544,588,12.363636363636363
688,807,1495,1.1729651162790697
120,472,592,3.933333333333333
11,371,382,33.72727272727273
8,214,222,26.75
126,163,289,1.2936507936507937
232,235,467,1.0129310344827587
16,24,40,1.5
33,412,445,12.484848484848484
82,437,519,5.329268292682927
18,231,249,12.833333333333334
315,433,748,1.3746031746031746
143,110,253,0.7692307692307693
7,34,41,4.857142857142857
62,103,165,1.6612903225806452
1595,858,2453,0.5379310344827586
74,44,118,0.5945945945945946
1854,430,2284,0.2319309600862999
34,337,371,9.911764705882353
77,935,1012,12.142857142857142
36,202,238,5.611111111111111
21,274,295,13.047619047619047
36,361,397,10.027777777777779
47,147,194,3.127659574468085
647,246,893,0.3802163833075734
1255,39,1294,0.031075697211155377
22,278,300,12.636363636363637
3,12,15,4.0
120,31,151,0.25833333333333336
9,10,19,1.1111111111111112
25,693,718,27.72
10,496,506,49.6
2,11,13,5.5
10,206,216,20.6
5,38,43,7.6
8,90,98,11.25
862,128,990,0.14849187935034802
102,787,889,7.715686274509804
474,646,1120,1.3628691983122363
46,8,54,0.17391304347826086
40,323,363,8.075
50,125,175,2.5
22,275,297,12.5
32,528,560,16.5
377,386,763,1.023872679045093
18,282,300,15.666666666666666
18,97,115,5.388888888888889
21,73,94,3.4761904761904763
4,12,16,3.0
2,37,39,18.5
140,72,212,0.5142857142857142
2215,123,2338,0.05553047404063206
2,11,13,5.5
2,40,42,20.0
48,522,570,10.875
10,30,40,3.0
471,591,1062,1.2547770700636942
313,1094,1407,3.4952076677316293
10,430,440,43.0
33,534,567,16.181818181818183
381,319,700,0.8372703412073491
9,408,417,45.333333333333336
9,95,104,10.555555555555555
17,498,515,29.294117647058822
33,507,540,15.363636363636363
398,30,428,0.07537688442211055
8,211,219,26.375
166,501,667,3.0180722891566263
32,99,131,3.09375
36,4,40,0.1111111111111111
68,312,380,4.588235294117647
14,161,175,11.5
71,144,215,2.028169014084507
14,534,548,38.142857142857146
127,165,292,1.2992125984251968
24,36,60,1.5
90,468,558,5.2
28,135,163,4.821428571428571
105,479,584,4.561904761904762
59,8,67,0.13559322033898305
23,180,203,7.826086956521739
210,154,364,0.7333333333333333
308,102,410,0.33116883116883117
134,285,419,2.126865671641791
20,687,707,34.35
18,923,941,51.27777777777778
40,345,385,8.625
1578,1042,2620,0.6603295310519645
13,316,329,24.307692307692307
134,296,430,2.208955223880597
31,457,488,14.741935483870968
58,133,191,2.293103448275862
128,231,359,1.8046875
8,46,54,5.75
345,644,989,1.8666666666666667
4,502,506,125.5
790,290,1080,0.3670886075949367
15,113,128,7.533333333333333
20,56,76,2.8
28,901,929,32.17857142857143
11,374,385,34.0
78,37,115,0.47435897435897434
592,759,1351,1.2820945945945945
16,506,522,31.625
188,451,639,2.398936170212766
464,149,613,0.32112068965517243
309,123,432,0.39805825242718446
113,249,362,2.2035398230088497
41,731,772,17.829268292682926
23,94,117,4.086956521739131
345,400,745,1.1594202898550725
472,379,851,0.8029661016949152
120,338,458,2.816666666666667
4,65,69,16.25
3,289,292,96.33333333333333
14,496,510,35.42857142857143
273,548,821,2.0073260073260073
12,38,50,3.1666666666666665
26,5,31,0.19230769230769232
9,338,347,37.55555555555556
42,236,278,5.619047619047619
35,911,946,26.02857142857143
360,177,537,0.49166666666666664
18,202,220,11.222222222222221
21,162,183,7.714285714285714
6,185,191,30.833333333333332
615,672,1287,1.0926829268292684
41,545,586,13.292682926829269
84,427,511,5.083333333333333
140,392,532,2.8
8,81,89,10.125
318,166,484,0.5220125786163522
12,238,250,19.833333333333332
504,23,527,0.04563492063492063
26,450,476,17.307692307692307
21,186,207,8.857142857142858
43,770,813,17.906976744186046
29,171,200,5.896551724137931
148,167,315,1.1283783783783783
18,1131,1149,62.833333333333336
31,395,426,12.741935483870968
11,274,285,24.90909090909091
1613,777,2390,0.48171109733415995
495,140,635,0.2828282828282828
22,263,285,11.954545454545455
2,11,13,5.5
3,325,328,108.33333333333333
105,337,442,3.2095238095238097
26,391,417,15.038461538461538
491,189,680,0.384928716904277
16,91,107,5.6875
38,951,989,25.026315789473685
14,208,222,14.857142857142858
127,444,571,3.4960629921259843
58,469,527,8.086206896551724
14,258,272,18.428571428571427
8,109,117,13.625
3876,99,3975,0.025541795665634675
763,152,915,0.19921363040629095
53,515,568,9.716981132075471
148,532,680,3.5945945945945947
34,285,319,8.382352941176471
2,11,13,5.5
214,847,1061,3.957943925233645
14,187,201,13.357142857142858
664,100,764,0.15060240963855423
13,571,584,43.92307692307692
9,497,506,55.22222222222222
122,165,287,1.3524590163934427
28,263,291,9.392857142857142
20,300,320,15.0
6,30,36,5.0
45,246,291,5.466666666666667
17,233,250,13.705882352941176
204,53,257,0.25980392156862747
463,399,862,0.8617710583153347
905,122,1027,0.13480662983425415
4,105,109,26.25
125,564,689,4.512
1156,379,1535,0.32785467128027684
9,373,382,41.44444444444444
61,489,550,8.01639344262295
55,408,463,7.418181818181818
170,525,695,3.088235294117647
8,29,37,3.625
10,239,249,23.9
15,39,54,2.6
16,242,258,15.125
2844,57,2901,0.020042194092827006
17,176,193,10.352941176470589
334,375,709,1.122754491017964
7,12,19,1.7142857142857142
18,608,626,33.77777777777778
225,26,251,0.11555555555555555
24,418,442,17.416666666666668
54,396,450,7.333333333333333
21,42,63,2.0
10,486,496,48.6
49,228,277,4.653061224489796
38,357,395,9.394736842105264
247,145,392,0.5870445344129555
709,396,1105,0.5585331452750353
9,181,190,20.11111111111111
1055,5,1060,0.004739336492890996
45,690,735,15.333333333333334
1361,532,1893,0.3908890521675239
330,376,706,1.1393939393939394
111,682,793,6.1441441441441444
1411,349,1760,0.24734231041814317
9,89,98,9.88888888888889
21,706,727,33.61904761904762
1152,210,1362,0.18229166666666666
204,369,573,1.8088235294117647
51,779,830,15.27450980392157
13,334,347,25.692307692307693
69,138,207,2.0
21,246,267,11.714285714285714
259,354,613,1.3667953667953667
23,311,334,13.521739130434783
91,99,190,1.0879120879120878
35,749,784,21.4
21,299,320,14.238095238095237
1177,12,1189,0.010195412064570943
1112,589,1701,0.5296762589928058
1017,181,1198,0.17797443461160276
9,395,404,43.888888888888886
24,568,592,23.666666666666668
2,11,13,5.5
782,304,1086,0.3887468030690537
532,645,1177,1.212406015037594
43,51,94,1.186046511627907
12,226,238,18.833333333333332
1870,405,2275,0.21657754010695188
106,977,1083,9.216981132075471
266,312,578,1.1729323308270676
8,184,192,23.0
110,10,120,0.09090909090909091
29,353,382,12.172413793103448
285,382,667,1.3403508771929824
9,111,120,12.333333333333334
181,469,650,2.591160220994475
12,374,386,31.166666666666668
22,278,300,12.636363636363637
36,254,290,7.055555555555555
19,380,399,20.0
29,676,705,23.310344827586206
122,480,602,3.9344262295081966
55,800,855,14.545454545454545
19,454,473,23.894736842105264
17,247,264,14.529411764705882
508,723,1231,1.4232283464566928
96,438,534,4.5625
62,31,93,0.5
41,326,367,7.951219512195122
34,411,445,12.088235294117647
11,203,214,18.454545454545453
113,197,310,1.7433628318584071
33,675,708,20.454545454545453
44,472,516,10.727272727272727
21,259,280,12.333333333333334
16,578,594,36.125
8,260,268,32.5
509,620,1129,1.218074656188605
9,16,25,1.7777777777777777
38,420,458,11.052631578947368
15,306,321,20.4
6,480,486,80.0
12,261,273,21.75
6,82,88,13.666666666666666
45,271,316,6.022222222222222
13,583,596,44.84615384615385
2,11,13,5.5
2749,357,3106,0.1298654056020371
89,405,494,4.550561797752809
3251,9,3260,0.0027683789603199014
16,87,103,5.4375
62,167,229,2.693548387096774
357,517,874,1.4481792717086834
16,116,132,7.25
49,942,991,19.224489795918366
10,26,36,2.6
7,487,494,69.57142857142857
595,597,1192,1.0033613445378151
15,266,281,17.733333333333334
16,373,389,23.3125
32,316,348,9.875
61,149,210,2.442622950819672
98,994,1092,10.142857142857142
34,328,362,9.647058823529411
12,220,232,18.333333333333332
255,750,1005,2.9411764705882355
42,201,243,4.785714285714286
6,1123,1129,187.16666666666666
394,49,443,0.12436548223350254
949,1011,1960,1.065331928345627
10,905,915,90.5
60,153,213,2.55
19,78,97,4.105263157894737
20,27,47,1.35
73,571,644,7.821917808219178
1257,730,1987,0.5807478122513922
29,673,702,23.20689655172414
1541,741,2282,0.4808565866320571
11,37,48,3.3636363636363638
17,189,206,11.117647058823529
14,366,380,26.142857142857142
29,415,444,14.310344827586206
36,448,484,12.444444444444445
443,245,688,0.5530474040632054
379,903,1282,2.3825857519788918
11,347,358,31.545454545454547
48,489,537,10.1875
37,87,124,2.3513513513513513
21,626,647,29.80952380952381
54,435,489,8.055555555555555
36,719,755,19.97222222222222
46,720,766,15.652173913043478
2,11,13,5.5
2699,175,2874,0.06483882919599852
22,98,120,4.454545454545454
18,568,586,31.555555555555557
16,329,345,20.5625
670,787,1457,1.1746268656716419
132,465,597,3.522727272727273
553,560,1113,1.0126582278481013
44,692,736,15.727272727272727
81,778,859,9.604938271604938
41,482,523,11.75609756097561
12,487,499,40.583333333333336
10,279,289,27.9
12,268,280,22.333333333333332
2757,94,2851,0.034095030830612987
60,125,185,2.0833333333333335
31,22,53,0.7096774193548387
309,641,950,2.074433656957929
989,34,1023,0.034378159757330634
17,219,236,12.882352941176471
7,71,78,10.142857142857142
16,170,186,10.625
29,343,372,11.827586206896552
8,27,35,3.375
925,464,1389,0.5016216216216216
60,167,227,2.783333333333333
43,28,71,0.6511627906976745
16,392,408,24.5
15,432,447,28.8
20,353,373,17.65
13,270,283,20.76923076923077
1070,915,1985,0.8551401869158879
18,310,328,17.22222222222222
1523,727,2250,0.47734734077478663
15,724,739,48.266666666666666
379,903,1282,2.3825857519788918
12,168,180,14.0
253,353,606,1.3952569169960474
827,233,1060,0.28174123337363965
27,278,305,10.296296296296296
1327,176,1503,0.13262999246420498
2,26,28,13.0
351,428,779,1.2193732193732194
22,453,475,20.59090909090909
31,33,64,1.064516129032258
32,311,343,9.71875
10,299,309,29.9
17,392,409,23.058823529411764
88,110,198,1.25
7,24,31,3.4285714285714284
101,108,209,1.0693069306930694
22,473,495,21.5
26,215,241,8.26923076923077
2,46,48,23.0
38,353,391,9.289473684210526
56,357,413,6.375
14,578,592,41.285714285714285
220,993,1213,4.513636363636364
11,88,99,8.0
14,18,32,1.2857142857142858
1643,262,1905,0.1594643944004869
373,660,1033,1.769436997319035
58,192,250,3.310344827586207
21,350,371,16.666666666666668
206,1069,1275,5.189320388349515
10,281,291,28.1
9,799,808,88.77777777777777
329,392,721,1.1914893617021276
138,196,334,1.4202898550724639
25,376,401,15.04
324,547,871,1.6882716049382716
645,5,650,0.007751937984496124
31,824,855,26.580645161290324
312,552,864,1.7692307692307692
262,632,894,2.4122137404580153
41,309,350,7.536585365853658
121,684,805,5.652892561983471
33,757,790,22.939393939393938
1331,345,1676,0.25920360631104433
10,125,135,12.5
4,401,405,100.25
25,16,41,0.64
7,268,275,38.285714285714285
236,96,332,0.4067796610169492
17,27,44,1.588235294117647
17,93,110,5.470588235294118
335,184,519,0.5492537313432836
13,182,195,14.0
319,359,678,1.1253918495297806
3120,139,3259,0.04455128205128205
10,144,154,14.4
101,507,608,5.01980198019802
2,14,16,7.0
13,618,631,47.53846153846154
11,217,228,19.727272727272727
22,635,657,28.863636363636363
67,46,113,0.6865671641791045
14,641,655,45.785714285714285
44,377,421,8.568181818181818
15,292,307,19.466666666666665
28,140,168,5.0
202,730,932,3.613861386138614
35,47,82,1.3428571428571427
1770,4,1774,0.0022598870056497176
13,134,147,10.307692307692308
28,426,454,15.214285714285714
22,549,571,24.954545454545453
34,682,716,20.058823529411764
634,34,668,0.05362776025236593
17,787,804,46.294117647058826
52,298,350,5.730769230769231
13,287,300,22.076923076923077
46,498,544,10.826086956521738
4,575,579,143.75
9,220,229,24.444444444444443
5,42,47,8.4
8,203,211,25.375
205,230,435,1.1219512195121952
1315,66,1381,0.050190114068441066
350,288,638,0.8228571428571428
10,203,213,20.3
12,245,257,20.416666666666668
84,496,580,5.904761904761905
22,396,418,18.0
291,425,716,1.4604810996563573
1040,142,1182,0.13653846153846153
1259,947,2206,0.7521842732327244
14,539,553,38.5
40,40,80,1.0
28,399,427,14.25
16,332,348,20.75
51,22,73,0.43137254901960786
27,228,255,8.444444444444445
6,387,393,64.5
16,73,89,4.5625
112,774,886,6.910714285714286
21,355,376,16.904761904761905
49,306,355,6.244897959183674
10,399,409,39.9
78,434,512,5.564102564102564
174,221,395,1.2701149425287357
23,311,334,13.521739130434783
199,216,415,1.085427135678392
29,435,464,15.0
12,243,255,20.25
118,285,403,2.4152542372881354
898,331,1229,0.3685968819599109
59,473,532,8.016949152542374
491,108,599,0.219959266802444
13,468,481,36.0
