num_prefill_tokens,num_decode_tokens,num_total_tokens,pd_ratio,num_predicted_decode_tokens
25,3,28,0.12,1
71,692,763,9.746478873239436,702
20,477,497,23.85,110
179,702,881,3.921787709497207,702
2355,881,3236,0.3740976645435244,891
203,216,419,1.064039408866995,222
36,40,76,1.1111111111111112,29
6,57,63,9.5,47
2527,75,2602,0.0296794618124258,66
32,381,413,11.90625,396
1,468,469,468.0,435
7,172,179,24.571428571428573,175
955,762,1717,0.7979057591623037,851
183,7,190,0.03825136612021858,1
403,406,809,1.0074441687344913,427
137,821,958,5.992700729927007,822
88,56,144,0.6363636363636364,46
111,294,405,2.6486486486486487,852
10,132,142,13.2,210
318,59,377,0.18553459119496854,48
133,621,754,4.669172932330827,636
7,206,213,29.428571428571427,212
41,509,550,12.414634146341463,533
920,941,1861,1.0228260869565218,952
23,771,794,33.52173913043478,777
61,311,372,5.098360655737705,326
1147,431,1578,0.3757628596338274,453
11,459,470,41.72727272727273,480
47,1146,1193,24.382978723404257,1006
70,241,311,3.442857142857143,252
1595,941,2536,0.5899686520376175,948
279,5,284,0.017921146953405017,209
23,147,170,6.391304347826087,149
20,282,302,14.1,298
139,170,309,1.223021582733813,178
13,15,28,1.1538461538461537,1
315,507,822,1.6095238095238096,531
6,107,113,17.833333333333332,104
2211,894,3105,0.4043419267299864,897
41,579,620,14.121951219512194,597
20,380,400,19.0,398
15,419,434,27.933333333333334,443
42,34,76,0.8095238095238095,22
28,200,228,7.142857142857143,203
76,186,262,2.4473684210526314,341
116,100,216,0.8620689655172413,92
22,305,327,13.863636363636363,318
265,908,1173,3.4264150943396228,908
43,138,181,3.2093023255813953,449
623,13,636,0.02086677367576244,1
260,543,803,2.0884615384615386,560
13,325,338,25.0,339
3866,71,3937,0.018365235385411276,77
86,340,426,3.953488372093023,356
1348,1087,2435,0.8063798219584569,1006
8,25,33,3.125,8
11,580,591,52.72727272727273,601
25,361,386,14.44,380
1511,294,1805,0.19457313037723362,310
511,86,597,0.16829745596868884,80
33,46,79,1.393939393939394,41
16,96,112,6.0,296
108,100,208,0.9259259259259259,97
2688,606,3294,0.22544642857142858,622
176,234,410,1.3295454545454546,245
1408,237,1645,0.16832386363636365,247
221,253,474,1.1447963800904977,261
15,298,313,19.866666666666667,313
8,332,340,41.5,343
1922,45,1967,0.023413111342351717,36
15,30,45,2.0,16
7,508,515,72.57142857142857,533
19,113,132,5.947368421052632,109
43,314,357,7.3023255813953485,331
68,355,423,5.220588235294118,374
13,335,348,25.76923076923077,351
32,275,307,8.59375,352
34,184,218,5.411764705882353,49
190,341,531,1.7947368421052632,361
453,559,1012,1.2339955849889626,580
194,139,333,0.7164948453608248,136
70,592,662,8.457142857142857,610
24,450,474,18.75,471
9,761,770,84.55555555555556,765
16,239,255,14.9375,247
31,115,146,3.7096774193548385,220
1869,859,2728,0.4596040663456394,864
8,21,29,2.625,5
14,167,181,11.928571428571429,166
9,26,35,2.888888888888889,12
162,253,415,1.5617283950617284,266
88,452,540,5.136363636363637,472
450,561,1011,1.2466666666666666,578
121,175,296,1.4462809917355373,178
10,246,256,24.6,253
22,193,215,8.772727272727273,199
420,384,804,0.9142857142857143,404
17,272,289,16.0,285
41,36,77,0.8780487804878049,19
48,295,343,6.145833333333333,306
1375,217,1592,0.15781818181818183,223
1043,41,1084,0.039309683604985615,29
56,466,522,8.321428571428571,487
5,378,383,75.6,398
44,689,733,15.659090909090908,703
5,85,90,17.0,76
13,91,104,7.0,82
39,171,210,4.384615384615385,174
106,141,247,1.330188679245283,140
20,249,269,12.45,256
135,736,871,5.451851851851852,743
295,139,434,0.4711864406779661,140
55,74,129,1.3454545454545455,32
65,50,115,0.7692307692307693,36
2223,428,2651,0.19253261358524518,446
29,247,276,8.517241379310345,355
20,110,130,5.5,107
134,100,234,0.746268656716418,93
17,63,80,3.7058823529411766,51
9,213,222,23.666666666666668,165
28,41,69,1.4642857142857142,25
13,442,455,34.0,465
8,22,30,2.75,6
175,159,334,0.9085714285714286,160
108,66,174,0.6111111111111112,59
95,608,703,6.4,622
13,384,397,29.53846153846154,409
44,354,398,8.045454545454545,372
90,569,659,6.322222222222222,584
37,292,329,7.891891891891892,306
135,151,286,1.1185185185185185,152
10,221,231,22.1,227
47,210,257,4.468085106382978,219
6,357,363,59.5,415
43,80,123,1.8604651162790697,73
12,325,337,27.083333333333332,338
19,499,518,26.263157894736842,519
702,776,1478,1.1054131054131053,775
119,471,590,3.957983193277311,491
400,337,737,0.8425,354
474,283,757,0.5970464135021097,297
35,310,345,8.857142857142858,322
25,107,132,4.28,99
3,231,234,77.0,238
69,46,115,0.6666666666666666,33
24,408,432,17.0,426
75,197,272,2.6266666666666665,200
13,485,498,37.30769230769231,537
10,321,331,32.1,335
265,126,391,0.47547169811320755,127
46,254,300,5.521739130434782,261
16,17,33,1.0625,1
21,252,273,12.0,262
345,41,386,0.11884057971014493,32
36,286,322,7.944444444444445,302
135,237,372,1.7555555555555555,247
8,126,134,15.75,122
1400,585,1985,0.41785714285714287,595
4,313,317,78.25,135
14,458,472,32.714285714285715,478
2796,29,2825,0.010371959942775394,17
12,490,502,40.833333333333336,513
10,139,149,13.9,140
429,364,793,0.8484848484848485,384
36,635,671,17.63888888888889,647
31,139,170,4.483870967741935,140
35,463,498,13.228571428571428,485
7,828,835,118.28571428571429,828
34,335,369,9.852941176470589,356
11,33,44,3.0,35
706,490,1196,0.6940509915014165,512
20,314,334,15.7,333
274,16,290,0.058394160583941604,2
75,566,641,7.546666666666667,586
500,103,603,0.206,100
113,488,601,4.31858407079646,510
17,63,80,3.7058823529411766,51
101,87,188,0.8613861386138614,79
1192,160,1352,0.1342281879194631,703
13,27,40,2.076923076923077,14
17,388,405,22.823529411764707,409
16,379,395,23.6875,387
135,437,572,3.237037037037037,458
46,47,93,1.0217391304347827,37
17,661,678,38.88235294117647,669
114,906,1020,7.947368421052632,908
8,170,178,21.25,169
28,13,41,0.4642857142857143,1
17,266,283,15.647058823529411,281
9,308,317,34.22222222222222,326
86,60,146,0.6976744186046512,48
46,487,533,10.58695652173913,504
21,389,410,18.523809523809526,412
14,569,583,40.642857142857146,593
17,22,39,1.2941176470588236,7
1,190,191,190.0,435
58,246,304,4.241379310344827,256
31,922,953,29.741935483870968,929
16,305,321,19.0625,370
420,39,459,0.09285714285714286,26
1599,122,1721,0.07629768605378362,120
28,259,287,9.25,269
7,98,105,14.0,92
21,111,132,5.285714285714286,144
88,37,125,0.42045454545454547,22
48,487,535,10.145833333333334,507
32,197,229,6.15625,605
22,239,261,10.863636363636363,248
90,53,143,0.5888888888888889,41
41,268,309,6.536585365853658,282
477,10,487,0.020964360587002098,1
4,679,683,169.75,690
28,97,125,3.4642857142857144,90
254,343,597,1.3503937007874016,356
2288,250,2538,0.10926573426573427,233
70,105,175,1.5,106
25,187,212,7.48,189
26,280,306,10.76923076923077,410
13,94,107,7.230769230769231,90
87,506,593,5.816091954022989,527
70,611,681,8.728571428571428,625
9,138,147,15.333333333333334,139
9,113,122,12.555555555555555,109
12,538,550,44.833333333333336,557
16,1058,1074,66.125,482
37,613,650,16.56756756756757,404
22,273,295,12.409090909090908,283
7,362,369,51.714285714285715,372
13,94,107,7.230769230769231,92
8,28,36,3.5,15
24,200,224,8.333333333333334,209
1,267,268,267.0,281
33,557,590,16.87878787878788,576
12,344,356,28.666666666666668,359
16,99,115,6.1875,88
160,847,1007,5.29375,853
14,48,62,3.4285714285714284,36
88,423,511,4.806818181818182,439
28,11,39,0.39285714285714285,1
20,235,255,11.75,269
6,135,141,22.5,228
100,410,510,4.1,431
60,103,163,1.7166666666666666,103
47,383,430,8.148936170212766,403
57,404,461,7.087719298245614,421
11,70,81,6.363636363636363,62
266,466,732,1.7518796992481203,490
16,677,693,42.3125,688
91,263,354,2.89010989010989,272
19,327,346,17.210526315789473,337
35,167,202,4.771428571428571,172
29,579,608,19.96551724137931,392
773,1015,1788,1.3130659767141009,1006
984,987,1971,1.0030487804878048,1006
6,457,463,76.16666666666667,67
28,394,422,14.071428571428571,399
22,476,498,21.636363636363637,495
2381,654,3035,0.2746745065098698,664
2796,4,2800,0.001430615164520744,1
152,302,454,1.986842105263158,315
208,344,552,1.6538461538461537,362
12,473,485,39.416666666666664,491
52,276,328,5.3076923076923075,289
24,866,890,36.083333333333336,873
40,419,459,10.475,441
153,228,381,1.4901960784313726,237
739,575,1314,0.7780784844384303,595
1046,949,1995,0.9072657743785851,964
19,64,83,3.3684210526315788,53
43,157,200,3.6511627906976742,146
7,43,50,6.142857142857143,34
1087,262,1349,0.24103035878564857,324
133,345,478,2.593984962406015,364
880,132,1012,0.15,129
1122,232,1354,0.20677361853832443,297
9,376,385,41.77777777777778,396
27,517,544,19.14814814814815,527
90,469,559,5.211111111111111,492
9,449,458,49.888888888888886,433
502,504,1006,1.00398406374502,528
113,329,442,2.911504424778761,349
16,437,453,27.3125,463
1638,28,1666,0.017094017094017096,13
14,519,533,37.07142857142857,535
486,614,1100,1.2633744855967077,628
29,534,563,18.413793103448278,554
21,34,55,1.619047619047619,19
1106,494,1600,0.44665461121157324,513
35,1020,1055,29.142857142857142,1006
24,195,219,8.125,197
300,417,717,1.39,432
1193,92,1285,0.07711651299245599,81
226,7,233,0.030973451327433628,1
1217,509,1726,0.4182415776499589,530
261,124,385,0.47509578544061304,114
37,260,297,7.027027027027027,261
46,28,74,0.6086956521739131,16
14,242,256,17.285714285714285,249
1902,4,1906,0.002103049421661409,5
7,143,150,20.428571428571427,147
2,10,12,5.0,1
9,298,307,33.111111111111114,309
48,460,508,9.583333333333334,482
242,7,249,0.028925619834710745,1
219,261,480,1.1917808219178083,273
22,57,79,2.590909090909091,47
9,640,649,71.11111111111111,653
23,887,910,38.56521739130435,914
9,24,33,2.6666666666666665,9
767,111,878,0.14471968709256844,107
6,19,25,3.1666666666666665,2
16,337,353,21.0625,351
1697,240,1937,0.14142604596346495,64
1633,55,1688,0.03368034292712799,50
11,168,179,15.272727272727273,173
8,370,378,46.25,390
27,678,705,25.11111111111111,694
61,543,604,8.901639344262295,560
5,884,889,176.8,891
1439,160,1599,0.11118832522585129,167
24,30,54,1.25,14
75,197,272,2.6266666666666665,200
7,124,131,17.714285714285715,121
905,166,1071,0.18342541436464088,170
1,10,11,10.0,1
49,330,379,6.73469387755102,344
28,173,201,6.178571428571429,177
6,390,396,65.0,419
91,284,375,3.120879120879121,299
240,270,510,1.125,281
2266,426,2692,0.1879964695498676,448
420,377,797,0.8976190476190476,394
24,684,708,28.5,697
85,277,362,3.2588235294117647,368
9,233,242,25.88888888888889,243
16,602,618,37.625,616
24,31,55,1.2916666666666667,14
16,476,492,29.75,499
92,309,401,3.358695652173913,326
64,137,201,2.140625,138
69,191,260,2.7681159420289854,192
493,634,1127,1.2860040567951319,644
168,334,502,1.9880952380952381,353
13,132,145,10.153846153846153,131
17,254,271,14.941176470588236,318
31,273,304,8.806451612903226,284
121,42,163,0.34710743801652894,30
16,232,248,14.5,239
1433,428,1861,0.29867411025819957,445
820,396,1216,0.48292682926829267,417
34,124,158,3.6470588235294117,126
203,216,419,1.064039408866995,222
168,177,345,1.0535714285714286,185
384,50,434,0.13020833333333334,40
187,195,382,1.0427807486631016,200
867,674,1541,0.7773933102652826,681
14,3,17,0.21428571428571427,1
94,220,314,2.3404255319148937,225
42,159,201,3.7857142857142856,92
34,655,689,19.264705882352942,669
20,469,489,23.45,493
67,643,710,9.597014925373134,655
2015,767,2782,0.38064516129032255,775
17,853,870,50.1764705882353,870
1082,275,1357,0.2541589648798521,285
65,93,158,1.4307692307692308,90
162,288,450,1.7777777777777777,298
6,12,18,2.0,1
25,301,326,12.04,315
50,370,420,7.4,391
73,414,487,5.671232876712328,436
2615,90,2705,0.03441682600382409,85
19,64,83,3.3684210526315788,52
9,282,291,31.333333333333332,296
29,253,282,8.724137931034482,264
25,441,466,17.64,460
1126,662,1788,0.5879218472468917,674
6,244,250,40.666666666666664,256
21,425,446,20.238095238095237,446
204,297,501,1.4558823529411764,309
50,43,93,0.86,31
16,128,144,8.0,127
34,799,833,23.5,801
36,614,650,17.055555555555557,629
970,246,1216,0.2536082474226804,256
12,242,254,20.166666666666668,353
341,567,908,1.6627565982404693,589
9,392,401,43.55555555555556,415
39,47,86,1.205128205128205,35
63,593,656,9.412698412698413,414
7,109,116,15.571428571428571,105
155,364,519,2.3483870967741933,384
86,737,823,8.569767441860465,746
23,532,555,23.130434782608695,545
65,390,455,6.0,410
66,75,141,1.1363636363636365,71
70,461,531,6.585714285714285,484
13,399,412,30.692307692307693,416
8,89,97,11.125,74
43,237,280,5.511627906976744,246
18,193,211,10.722222222222221,194
16,253,269,15.8125,263
643,237,880,0.36858475894245724,79
38,252,290,6.631578947368421,263
3151,386,3537,0.12250079339892098,400
16,163,179,10.1875,487
343,203,546,0.5918367346938775,1
205,85,290,0.4146341463414634,218
1,10,11,10.0,1
75,79,154,1.0533333333333332,70
23,238,261,10.347826086956522,249
82,529,611,6.451219512195122,549
10,13,23,1.3,1
1307,1073,2380,0.8209640397857689,1006
17,218,235,12.823529411764707,318
328,400,728,1.2195121951219512,418
27,291,318,10.777777777777779,305
747,424,1171,0.5676037483266398,425
16,483,499,30.1875,503
23,160,183,6.956521739130435,163
19,68,87,3.5789473684210527,59
43,546,589,12.69767441860465,567
1645,428,2073,0.2601823708206687,452
29,155,184,5.344827586206897,156
3138,152,3290,0.04843849585723391,150
189,758,947,4.01058201058201,765
3241,373,3614,0.11508793582227707,392
7,122,129,17.428571428571427,149
15,208,223,13.866666666666667,215
7,269,276,38.42857142857143,149
18,307,325,17.055555555555557,324
13,151,164,11.615384615384615,152
35,616,651,17.6,627
6,221,227,36.833333333333336,230
99,42,141,0.42424242424242425,32
306,455,761,1.4869281045751634,475
25,372,397,14.88,393
33,279,312,8.454545454545455,331
10,756,766,75.6,800
12,62,74,5.166666666666667,52
19,131,150,6.894736842105263,131
11,297,308,27.0,317
23,431,454,18.73913043478261,454
50,303,353,6.06,383
24,248,272,10.333333333333334,257
1,10,11,10.0,1
8,369,377,46.125,375
7,199,206,28.428571428571427,205
43,267,310,6.209302325581396,276
28,43,71,1.5357142857142858,35
13,334,347,25.692307692307693,350
13,295,308,22.692307692307693,310
66,35,101,0.5303030303030303,46
7,43,50,6.142857142857143,29
29,13,42,0.4482758620689655,1
10,154,164,15.4,154
28,176,204,6.285714285714286,179
22,56,78,2.5454545454545454,44
31,32,63,1.032258064516129,18
42,27,69,0.6428571428571429,23
21,296,317,14.095238095238095,309
14,536,550,38.285714285714285,561
9,165,174,18.333333333333332,164
31,23,54,0.7419354838709677,10
61,196,257,3.2131147540983607,199
3,222,225,74.0,232
17,396,413,23.294117647058822,420
4,65,69,16.25,56
1538,527,2065,0.34265279583875163,415
30,335,365,11.166666666666666,354
698,666,1364,0.9541547277936963,711
15,205,220,13.666666666666666,133
12,35,47,2.9166666666666665,25
35,497,532,14.2,515
9,537,546,59.666666666666664,555
46,864,910,18.782608695652176,864
1186,303,1489,0.2554806070826307,319
34,537,571,15.794117647058824,558
17,383,400,22.529411764705884,407
413,328,741,0.7941888619854721,346
2621,314,2935,0.1198016024418161,330
34,453,487,13.323529411764707,474
66,366,432,5.545454545454546,387
28,317,345,11.321428571428571,638
442,366,808,0.8280542986425339,389
594,149,743,0.25084175084175087,22
32,485,517,15.15625,510
444,233,677,0.5247747747747747,240
11,647,658,58.81818181818182,663
54,353,407,6.537037037037037,369
450,379,829,0.8422222222222222,386
23,271,294,11.782608695652174,283
7,379,386,54.142857142857146,399
17,366,383,21.529411764705884,384
31,436,467,14.064516129032258,443
21,103,124,4.904761904761905,99
13,94,107,7.230769230769231,88
173,776,949,4.485549132947977,776
655,158,813,0.24122137404580152,158
26,30,56,1.1538461538461537,16
37,311,348,8.405405405405405,326
9,151,160,16.77777777777778,182
28,128,156,4.571428571428571,124
206,320,526,1.5533980582524272,635
28,222,250,7.928571428571429,229
66,209,275,3.1666666666666665,215
13,346,359,26.615384615384617,363
394,270,664,0.6852791878172588,281
82,989,1071,12.060975609756097,1006
4,25,29,6.25,11
16,380,396,23.75,398
1,10,11,10.0,1
14,133,147,9.5,133
2324,433,2757,0.18631669535283993,455
178,540,718,3.033707865168539,559
41,281,322,6.853658536585366,293
2605,199,2804,0.0763915547024952,207
520,4,524,0.007692307692307693,1
13,306,319,23.53846153846154,323
31,561,592,18.096774193548388,577
7,15,22,2.142857142857143,1
230,220,450,0.9565217391304348,228
41,460,501,11.21951219512195,486
1255,948,2203,0.7553784860557768,974
30,149,179,4.966666666666667,151
171,360,531,2.1052631578947367,377
48,288,336,6.0,278
454,399,853,0.8788546255506607,420
316,935,1251,2.9588607594936707,954
8,86,94,10.75,107
41,266,307,6.487804878048781,276
53,252,305,4.754716981132075,262
90,662,752,7.355555555555555,675
12,278,290,23.166666666666668,293
17,240,257,14.117647058823529,245
1270,1085,2355,0.8543307086614174,554
11,412,423,37.45454545454545,435
97,11,108,0.1134020618556701,1
18,48,66,2.6666666666666665,30
25,764,789,30.56,771
1153,314,1467,0.2723330442324371,328
19,294,313,15.473684210526315,308
149,781,930,5.241610738255034,607
851,856,1707,1.0058754406580495,864
28,687,715,24.535714285714285,700
27,247,274,9.148148148148149,261
13,232,245,17.846153846153847,242
46,333,379,7.239130434782608,351
1039,1059,2098,1.0192492781520692,1006
242,7,249,0.028925619834710745,1
15,200,215,13.333333333333334,205
19,255,274,13.421052631578947,266
1743,33,1776,0.0189328743545611,52
11,237,248,21.545454545454547,245
17,236,253,13.882352941176471,246
87,877,964,10.080459770114942,884
7,144,151,20.571428571428573,143
9,304,313,33.77777777777778,324
19,240,259,12.631578947368421,250
23,732,755,31.82608695652174,740
11,290,301,26.363636363636363,305
34,378,412,11.117647058823529,394
1566,212,1778,0.13537675606641125,216
53,13,66,0.24528301886792453,1
291,535,826,1.838487972508591,548
8,722,730,90.25,731
321,153,474,0.4766355140186916,153
178,649,827,3.646067415730337,656
38,336,374,8.842105263157896,353
46,437,483,9.5,461
169,375,544,2.2189349112426036,394
29,45,74,1.5517241379310345,35
179,451,630,2.5195530726256985,473
101,303,404,3.0,313
16,80,96,5.0,72
157,326,483,2.0764331210191083,344
28,193,221,6.892857142857143,109
13,142,155,10.923076923076923,172
35,183,218,5.228571428571429,186
865,448,1313,0.5179190751445086,472
16,271,287,16.9375,283
405,188,593,0.4641975308641975,189
243,74,317,0.3045267489711934,62
61,285,346,4.672131147540983,298
53,521,574,9.830188679245284,542
5,703,708,140.6,714
854,115,969,0.13466042154566746,162
15,262,277,17.466666666666665,274
38,732,770,19.263157894736842,744
85,271,356,3.1882352941176473,284
193,480,673,2.4870466321243523,497
34,511,545,15.029411764705882,530
24,585,609,24.375,627
1054,64,1118,0.06072106261859583,52
17,205,222,12.058823529411764,213
12,244,256,20.333333333333332,252
28,562,590,20.071428571428573,578
92,83,175,0.9021739130434783,79
26,286,312,11.0,296
1162,321,1483,0.2762478485370052,339
113,278,391,2.4601769911504423,289
12,342,354,28.5,358
2648,8,2656,0.0030211480362537764,1
8,147,155,18.375,152
31,461,492,14.870967741935484,480
12,501,513,41.75,519
8,294,302,36.75,308
50,468,518,9.36,489
116,493,609,4.25,513
70,189,259,2.7,196
3,770,773,256.6666666666667,777
15,36,51,2.4,22
22,247,269,11.227272727272727,256
459,677,1136,1.4749455337690631,688
202,248,450,1.2277227722772277,257
230,877,1107,3.8130434782608695,886
13,901,914,69.3076923076923,907
20,346,366,17.3,359
458,227,685,0.49563318777292575,232
55,383,438,6.963636363636364,401
9,11,20,1.2222222222222223,1
57,419,476,7.350877192982456,436
109,797,906,7.3119266055045875,805
17,123,140,7.235294117647059,125
20,412,432,20.6,436
662,163,825,0.24622356495468278,164
9,296,305,32.888888888888886,312
1,10,11,10.0,1
5,208,213,41.6,215
8,383,391,47.875,406
20,357,377,17.85,375
3382,7,3389,0.0020697811945594325,1
5,249,254,49.8,260
44,867,911,19.704545454545453,879
2,10,12,5.0,1
22,288,310,13.090909090909092,302
13,262,275,20.153846153846153,276
27,453,480,16.77777777777778,478
85,263,348,3.0941176470588236,278
23,88,111,3.8260869565217392,76
56,510,566,9.107142857142858,535
45,552,597,12.266666666666667,572
435,47,482,0.10804597701149425,33
94,802,896,8.53191489361702,805
8,17,25,2.125,1
64,15,79,0.234375,1
272,563,835,2.0698529411764706,841
338,248,586,0.7337278106508875,259
6,208,214,34.666666666666664,209
7,251,258,35.857142857142854,264
92,361,453,3.9239130434782608,384
51,258,309,5.0588235294117645,264
633,953,1586,1.5055292259083728,962
28,387,415,13.821428571428571,402
16,336,352,21.0,354
53,65,118,1.2264150943396226,57
19,416,435,21.894736842105264,438
548,745,1293,1.3594890510948905,748
10,273,283,27.3,329
6,81,87,13.5,73
12,132,144,11.0,132
84,403,487,4.7976190476190474,423
51,332,383,6.509803921568627,352
37,982,1019,26.54054054054054,1006
48,7,55,0.14583333333333334,1
3377,179,3556,0.053005626295528574,183
96,181,277,1.8854166666666667,183
444,432,876,0.972972972972973,452
35,291,326,8.314285714285715,229
36,378,414,10.5,396
19,244,263,12.842105263157896,252
11,33,44,3.0,19
1486,7,1493,0.004710632570659489,1
621,532,1153,0.856682769726248,214
1393,81,1474,0.05814788226848528,75
52,546,598,10.5,564
71,68,139,0.9577464788732394,59
22,285,307,12.954545454545455,301
43,877,920,20.3953488372093,882
24,526,550,21.916666666666668,546
1153,123,1276,0.10667823070251518,120
262,368,630,1.4045801526717556,388
1710,222,1932,0.12982456140350876,230
29,47,76,1.6206896551724137,38
13,514,527,39.53846153846154,533
57,521,578,9.140350877192983,582
8,282,290,35.25,297
7,106,113,15.142857142857142,102
138,763,901,5.528985507246377,774
446,320,766,0.7174887892376681,752
15,129,144,8.6,126
574,36,610,0.0627177700348432,26
221,44,265,0.19909502262443438,37
399,244,643,0.6115288220551378,149
17,256,273,15.058823529411764,267
17,287,304,16.88235294117647,301
264,695,959,2.632575757575758,706
15,95,110,6.333333333333333,89
50,329,379,6.58,342
124,747,871,6.024193548387097,758
1854,185,2039,0.09978425026968717,189
2699,330,3029,0.12226750648388292,351
5,375,380,75.0,401
231,455,686,1.9696969696969697,206
54,95,149,1.7592592592592593,91
96,87,183,0.90625,82
99,101,200,1.02020202020202,99
10,78,88,7.8,71
438,994,1432,2.269406392694064,1006
337,917,1254,2.72106824925816,920
108,429,537,3.9722222222222223,454
54,147,201,2.7222222222222223,147
86,371,457,4.313953488372093,461
22,788,810,35.81818181818182,792
24,305,329,12.708333333333334,321
15,72,87,4.8,63
76,418,494,5.5,440
11,386,397,35.09090909090909,346
2038,264,2302,0.1295387634936212,278
42,342,384,8.142857142857142,352
488,523,1011,1.0717213114754098,545
161,291,452,1.8074534161490683,303
18,689,707,38.27777777777778,699
8,372,380,46.5,387
30,653,683,21.766666666666666,668
18,210,228,11.666666666666666,214
18,108,126,6.0,202
307,45,352,0.1465798045602606,35
36,496,532,13.777777777777779,517
241,474,715,1.966804979253112,494
57,856,913,15.017543859649123,862
241,38,279,0.15767634854771784,28
21,303,324,14.428571428571429,319
13,314,327,24.153846153846153,334
508,156,664,0.30708661417322836,158
31,344,375,11.096774193548388,362
17,20,37,1.1764705882352942,5
21,299,320,14.238095238095237,315
1502,747,2249,0.4973368841544607,749
54,392,446,7.2592592592592595,424
65,334,399,5.138461538461539,280
25,657,682,26.28,668
1133,549,1682,0.48455428067078554,575
400,57,457,0.1425,47
20,244,264,12.2,248
18,274,292,15.222222222222221,283
105,460,565,4.380952380952381,475
439,338,777,0.7699316628701595,356
5,307,312,61.4,263
33,253,286,7.666666666666667,266
9,343,352,38.111111111111114,400
5,9,14,1.8,1
36,86,122,2.388888888888889,81
126,164,290,1.3015873015873016,171
384,654,1038,1.703125,399
79,728,807,9.215189873417721,741
15,141,156,9.4,144
144,784,928,5.444444444444445,786
253,619,872,2.4466403162055337,629
18,373,391,20.72222222222222,396
76,99,175,1.3026315789473684,97
18,489,507,27.166666666666668,511
118,286,404,2.4237288135593222,298
16,359,375,22.4375,376
6,377,383,62.833333333333336,399
251,445,696,1.7729083665338645,467
12,128,140,10.666666666666666,124
8,88,96,11.0,86
25,325,350,13.0,339
16,185,201,11.5625,190
104,841,945,8.086538461538462,856
11,230,241,20.90909090909091,238
15,906,921,60.4,917
27,619,646,22.925925925925927,635
10,367,377,36.7,329
11,370,381,33.63636363636363,384
80,64,144,0.8,51
18,375,393,20.833333333333332,396
21,541,562,25.761904761904763,559
378,642,1020,1.6984126984126984,655
8,93,101,11.625,84
75,52,127,0.6933333333333334,41
8,87,95,10.875,78
58,386,444,6.655172413793103,406
15,229,244,15.266666666666667,235
1,15,16,15.0,1
1269,329,1598,0.25925925925925924,348
10,453,463,45.3,474
20,412,432,20.6,436
35,478,513,13.657142857142857,499
49,478,527,9.755102040816327,500
1829,28,1857,0.01530891197375615,13
20,348,368,17.4,365
1214,307,1521,0.2528830313014827,297
26,162,188,6.230769230769231,163
10,229,239,22.9,190
16,415,431,25.9375,441
20,270,290,13.5,284
2613,850,3463,0.3252965939533104,929
7,300,307,42.857142857142854,318
15,361,376,24.066666666666666,380
983,210,1193,0.2136317395727365,215
1460,921,2381,0.6308219178082192,923
40,486,526,12.15,504
20,227,247,11.35,233
24,32,56,1.3333333333333333,14
22,320,342,14.545454545454545,333
9,265,274,29.444444444444443,274
3,208,211,69.33333333333333,220
2,10,12,5.0,1
8,268,276,33.5,280
11,212,223,19.272727272727273,220
19,238,257,12.526315789473685,253
142,317,459,2.232394366197183,336
23,311,334,13.521739130434783,323
1743,29,1772,0.01663798049340218,52
1202,285,1487,0.23710482529118138,298
795,5,800,0.006289308176100629,1
48,253,301,5.270833333333333,268
106,196,302,1.849056603773585,353
17,464,481,27.294117647058822,484
91,517,608,5.681318681318682,59
87,82,169,0.9425287356321839,76
289,171,460,0.5916955017301038,177
26,360,386,13.846153846153847,376
15,317,332,21.133333333333333,334
91,162,253,1.7802197802197801,162
26,87,113,3.3461538461538463,82
13,662,675,50.92307692307692,669
257,316,573,1.2295719844357977,200
443,585,1028,1.3205417607223475,602
54,7,61,0.12962962962962962,1
54,299,353,5.537037037037037,311
375,940,1315,2.506666666666667,953
105,400,505,3.8095238095238093,418
593,335,928,0.5649241146711635,353
547,19,566,0.03473491773308958,4
46,864,910,18.782608695652176,864
7,43,50,6.142857142857143,29
9,269,278,29.88888888888889,283
12,301,313,25.083333333333332,313
13,241,254,18.53846153846154,252
52,188,240,3.6153846153846154,187
20,266,286,13.3,276
1282,646,1928,0.5039001560062403,662
40,412,452,10.3,434
3,91,94,30.333333333333332,86
53,160,213,3.018867924528302,161
13,94,107,7.230769230769231,90
22,185,207,8.409090909090908,186
26,303,329,11.653846153846153,319
2727,386,3113,0.14154748808214154,405
20,400,420,20.0,427
16,356,372,22.25,374
11,326,337,29.636363636363637,342
103,91,194,0.883495145631068,83
55,383,438,6.963636363636364,401
26,12,38,0.46153846153846156,1
14,209,223,14.928571428571429,220
9,265,274,29.444444444444443,279
6,15,21,2.5,1
190,650,840,3.4210526315789473,659
272,869,1141,3.1948529411764706,841
11,266,277,24.181818181818183,376
524,586,1110,1.118320610687023,602
609,408,1017,0.6699507389162561,429
221,80,301,0.36199095022624433,76
31,532,563,17.161290322580644,548
26,580,606,22.307692307692307,598
706,633,1339,0.896600566572238,646
102,145,247,1.4215686274509804,142
31,304,335,9.806451612903226,320
10,154,164,15.4,154
316,274,590,0.8670886075949367,285
14,264,278,18.857142857142858,276
27,87,114,3.2222222222222223,82
13,416,429,32.0,436
2484,151,2635,0.0607890499194847,151
12,174,186,14.5,179
1,48,49,48.0,1
62,456,518,7.354838709677419,472
1965,610,2575,0.3104325699745547,621
123,431,554,3.5040650406504064,453
54,756,810,14.0,760
97,14,111,0.14432989690721648,1
567,118,685,0.20811287477954143,113
12,395,407,32.916666666666664,425
23,463,486,20.130434782608695,681
6,447,453,74.5,468
57,579,636,10.157894736842104,367
11,313,324,28.454545454545453,326
14,498,512,35.57142857142857,520
11,558,569,50.72727272727273,575
134,766,900,5.7164179104477615,473
1898,45,1943,0.02370916754478398,35
662,163,825,0.24622356495468278,164
12,570,582,47.5,588
6,280,286,46.666666666666664,294
91,418,509,4.593406593406593,439
4,576,580,144.0,602
565,425,990,0.7522123893805309,440
41,211,252,5.146341463414634,219
570,168,738,0.29473684210526313,171
3319,239,3558,0.07200964145827056,232
15,191,206,12.733333333333333,197
380,559,939,1.4710526315789474,587
142,866,1008,6.098591549295775,877
66,987,1053,14.954545454545455,1006
203,216,419,1.064039408866995,222
12,15,27,1.25,2
25,91,116,3.64,87
408,398,806,0.9754901960784313,426
64,102,166,1.59375,96
9,392,401,43.55555555555556,415
1,10,11,10.0,1
4,283,287,70.75,296
19,408,427,21.473684210526315,429
396,267,663,0.6742424242424242,277
36,251,287,6.972222222222222,260
59,389,448,6.593220338983051,404
9,91,100,10.11111111111111,85
39,67,106,1.7179487179487178,56
19,397,416,20.894736842105264,421
377,960,1337,2.546419098143236,960
37,29,66,0.7837837837837838,16
70,592,662,8.457142857142857,610
51,274,325,5.372549019607843,42
73,301,374,4.123287671232877,319
56,903,959,16.125,900
2,76,78,38.0,69
6,10,16,1.6666666666666667,1
10,381,391,38.1,402
9,192,201,21.333333333333332,191
678,41,719,0.06047197640117994,29
81,661,742,8.160493827160494,679
8,162,170,20.25,166
14,509,523,36.357142857142854,533
10,73,83,7.3,64
1349,497,1846,0.3684210526315789,517
14,335,349,23.928571428571427,355
9,101,110,11.222222222222221,95
13,226,239,17.384615384615383,237
35,280,315,8.0,290
18,391,409,21.72222222222222,409
25,522,547,20.88,542
2179,211,2390,0.09683340982101882,215
11,282,293,25.636363636363637,105
31,119,150,3.838709677419355,120
16,392,408,24.5,415
24,747,771,31.125,753
6,393,399,65.5,420
33,734,767,22.242424242424242,739
22,242,264,11.0,252
841,225,1066,0.267538644470868,809
68,449,517,6.602941176470588,467
61,264,325,4.327868852459017,277
28,534,562,19.071428571428573,399
7,288,295,41.142857142857146,303
25,538,563,21.52,415
7,85,92,12.142857142857142,74
34,961,995,28.264705882352942,982
21,854,875,40.666666666666664,865
19,492,511,25.894736842105264,515
265,462,727,1.7433962264150944,485
959,262,1221,0.2732012513034411,272
12,240,252,20.0,250
1333,227,1560,0.17029257314328583,235
609,408,1017,0.6699507389162561,429
11,205,216,18.636363636363637,208
52,303,355,5.826923076923077,342
3017,294,3311,0.09744779582366589,309
1662,35,1697,0.0210589651022864,24
1978,35,2013,0.01769464105156724,27
143,7,150,0.04895104895104895,1
164,131,295,0.7987804878048781,125
1,216,217,216.0,432
2992,428,3420,0.14304812834224598,449
34,331,365,9.735294117647058,333
191,120,311,0.6282722513089005,118
6,338,344,56.333333333333336,356
64,382,446,5.96875,406
80,124,204,1.55,124
1419,315,1734,0.2219873150105708,333
27,275,302,10.185185185185185,289
159,121,280,0.7610062893081762,120
16,296,312,18.5,313
3396,122,3518,0.035924617196702,122
96,720,816,7.5,734
135,237,372,1.7555555555555555,247
50,354,404,7.08,371
14,359,373,25.642857142857142,380
18,284,302,15.777777777777779,298
2775,470,3245,0.16936936936936936,491
33,84,117,2.5454545454545454,80
17,252,269,14.823529411764707,261
115,298,413,2.591304347826087,312
16,383,399,23.9375,404
640,226,866,0.353125,354
7,121,128,17.285714285714285,117
1653,193,1846,0.11675741076830005,202
43,255,298,5.930232558139535,266
70,413,483,5.9,427
1187,145,1332,0.12215669755686605,499
531,833,1364,1.5687382297551788,668
1,39,40,39.0,27
16,607,623,37.9375,622
47,83,130,1.7659574468085106,77
85,59,144,0.6941176470588235,52
204,229,433,1.1225490196078431,240
644,4,648,0.006211180124223602,30
7,160,167,22.857142857142858,149
416,651,1067,1.5649038461538463,664
24,551,575,22.958333333333332,570
1637,22,1659,0.013439218081857055,3
2073,153,2226,0.07380607814761216,148
13,325,338,25.0,339
21,299,320,14.238095238095237,302
1066,669,1735,0.6275797373358349,952
48,336,384,7.0,356
21,371,392,17.666666666666668,387
10,658,668,65.8,463
55,339,394,6.163636363636364,351
4,44,48,11.0,27
100,33,133,0.33,22
11,177,188,16.09090909090909,181
28,135,163,4.821428571428571,133
35,56,91,1.6,48
508,231,739,0.4547244094488189,159
98,15,113,0.15306122448979592,1
27,340,367,12.592592592592593,357
4,21,25,5.25,426
3409,161,3570,0.04722792607802875,165
11,19,30,1.7272727272727273,3
1032,32,1064,0.031007751937984496,57
9,709,718,78.77777777777777,729
707,1008,1715,1.4257425742574257,1006
4,65,69,16.25,57
17,326,343,19.176470588235293,211
257,141,398,0.5486381322957199,142
38,34,72,0.8947368421052632,20
14,385,399,27.5,319
2,10,12,5.0,1
105,370,475,3.5238095238095237,291
213,212,425,0.9953051643192489,218
61,191,252,3.1311475409836067,197
156,533,689,3.4166666666666665,558
77,564,641,7.324675324675325,582
47,246,293,5.23404255319149,258
11,338,349,30.727272727272727,365
6,852,858,142.0,859
36,603,639,16.75,344
11,806,817,73.27272727272727,813
9,243,252,27.0,246
13,463,476,35.61538461538461,481
1191,195,1386,0.163727959697733,202
68,3,71,0.04411764705882353,6
22,128,150,5.818181818181818,293
38,626,664,16.473684210526315,639
17,260,277,15.294117647058824,269
14,79,93,5.642857142857143,84
17,897,914,52.76470588235294,903
29,761,790,26.24137931034483,444
13,230,243,17.692307692307693,240
23,283,306,12.304347826086957,296
103,854,957,8.29126213592233,857
24,298,322,12.416666666666666,313
11,303,314,27.545454545454547,314
19,190,209,10.0,194
183,3,186,0.01639344262295082,1
7,75,82,10.714285714285714,71
563,295,858,0.5239786856127886,309
3650,71,3721,0.019452054794520546,59
307,101,408,0.3289902280130293,95
44,205,249,4.659090909090909,210
23,91,114,3.9565217391304346,84
20,216,236,10.8,223
150,167,317,1.1133333333333333,170
298,777,1075,2.6073825503355703,781
12,988,1000,82.33333333333333,984
619,313,932,0.505654281098546,328
25,221,246,8.84,214
515,38,553,0.07378640776699029,28
18,525,543,29.166666666666668,545
88,608,696,6.909090909090909,621
1821,134,1955,0.07358594179022515,130
1,10,11,10.0,1
71,149,220,2.0985915492957745,150
43,476,519,11.069767441860465,490
53,363,416,6.849056603773585,378
158,830,988,5.253164556962025,835
200,43,243,0.215,31
12,522,534,43.5,543
277,289,566,1.0433212996389891,300
10,352,362,35.2,366
9,168,177,18.666666666666668,108
195,369,564,1.8923076923076922,378
171,454,625,2.654970760233918,475
53,383,436,7.226415094339623,395
123,346,469,2.813008130081301,363
22,123,145,5.590909090909091,119
14,96,110,6.857142857142857,91
11,230,241,20.90909090909091,152
153,60,213,0.39215686274509803,49
68,563,631,8.279411764705882,583
8,232,240,29.0,238
11,366,377,33.27272727272727,386
2087,274,2361,0.13128893148059415,286
1204,397,1601,0.329734219269103,415
25,788,813,31.52,793
214,381,595,1.780373831775701,396
36,126,162,3.5,125
58,945,1003,16.29310344827586,952
261,127,388,0.48659003831417624,114
27,347,374,12.851851851851851,365
11,364,375,33.09090909090909,681
54,95,149,1.7592592592592593,91
77,633,710,8.220779220779221,649
93,60,153,0.6451612903225806,50
347,125,472,0.36023054755043227,123
1294,754,2048,0.5826893353941267,757
15,267,282,17.8,276
60,474,534,7.9,493
2,1033,1035,516.5,392
12,285,297,23.75,298
94,445,539,4.73404255319149,467
31,371,402,11.96774193548387,389
19,346,365,18.210526315789473,354
33,250,283,7.575757575757576,256
20,318,338,15.9,334
21,414,435,19.714285714285715,437
17,390,407,22.941176470588236,410
7,98,105,14.0,92
34,98,132,2.8823529411764706,93
1678,891,2569,0.5309892729439809,894
20,479,499,23.95,500
160,984,1144,6.15,1006
910,273,1183,0.3,284
45,303,348,6.733333333333333,314
898,324,1222,0.36080178173719374,339
89,48,137,0.5393258426966292,35
83,4,87,0.04819277108433735,1
13,413,426,31.76923076923077,437
21,389,410,18.523809523809526,412
1900,189,2089,0.09947368421052631,197
848,119,967,0.1403301886792453,118
209,307,516,1.4688995215311005,322
311,129,440,0.41479099678456594,128
101,54,155,0.5346534653465347,43
10,450,460,45.0,398
7,456,463,65.14285714285714,475
10,319,329,31.9,341
133,152,285,1.1428571428571428,154
6,14,20,2.3333333333333335,1
5,255,260,51.0,270
1178,211,1389,0.17911714770797962,218
8,142,150,17.75,144
3,36,39,12.0,22
30,227,257,7.566666666666666,233
743,146,889,0.19650067294751009,145
133,937,1070,7.045112781954887,940
10,378,388,37.8,399
91,79,170,0.8681318681318682,72
15,189,204,12.6,191
38,55,93,1.4473684210526316,44
38,313,351,8.236842105263158,333
8,70,78,8.75,61
9,492,501,54.666666666666664,511
50,370,420,7.4,391
5,227,232,45.4,365
150,115,265,0.7666666666666667,115
10,228,238,22.8,119
77,3,80,0.03896103896103896,1
119,507,626,4.260504201680672,528
24,308,332,12.833333333333334,320
87,141,228,1.6206896551724137,146
4,155,159,38.75,158
117,252,369,2.1538461538461537,259
6,496,502,82.66666666666667,516
2,10,12,5.0,1
587,77,664,0.131175468483816,244
294,7,301,0.023809523809523808,1
20,296,316,14.8,293
65,269,334,4.138461538461539,282
652,842,1494,1.2914110429447854,851
21,274,295,13.047619047619047,288
20,227,247,11.35,233
47,757,804,16.106382978723403,755
11,336,347,30.545454545454547,348
17,202,219,11.882352941176471,159
32,305,337,9.53125,321
67,288,355,4.298507462686567,301
48,226,274,4.708333333333333,236
3,455,458,151.66666666666666,333
11,112,123,10.181818181818182,108
29,197,226,6.793103448275862,201
8,7,15,0.875,1
48,522,570,10.875,546
19,228,247,12.0,233
29,371,400,12.793103448275861,388
1095,668,1763,0.6100456621004566,673
595,308,903,0.5176470588235295,321
19,230,249,12.105263157894736,214
397,33,430,0.08312342569269521,48
2223,428,2651,0.19253261358524518,446
136,515,651,3.786764705882353,535
12,310,322,25.833333333333332,324
114,518,632,4.543859649122807,536
22,37,59,1.6818181818181819,122
16,276,292,17.25,289
45,576,621,12.8,587
76,702,778,9.236842105263158,715
13,712,725,54.76923076923077,496
12,33,45,2.75,19
1769,3,1772,0.0016958733747880158,1
25,222,247,8.88,233
13,314,327,24.153846153846153,330
425,129,554,0.3035294117647059,128
252,780,1032,3.0952380952380953,782
125,208,333,1.664,213
73,331,404,4.534246575342466,353
11,183,194,16.636363636363637,188
30,3,33,0.1,1
9,187,196,20.77777777777778,188
147,569,716,3.870748299319728,587
36,3,39,0.08333333333333333,1
47,694,741,14.76595744680851,703
13,209,222,16.076923076923077,208
105,394,499,3.7523809523809524,410
20,234,254,11.7,241
187,330,517,1.7647058823529411,447
42,673,715,16.023809523809526,688
1898,45,1943,0.02370916754478398,35
1236,542,1778,0.43851132686084143,558
96,255,351,2.65625,220
1971,180,2151,0.091324200913242,184
4,530,534,132.5,550
27,202,229,7.481481481481482,203
10,13,23,1.3,1
5,168,173,33.6,169
364,91,455,0.25,84
1,10,11,10.0,1
22,298,320,13.545454545454545,314
2240,217,2457,0.096875,225
50,88,138,1.76,84
181,358,539,1.977900552486188,374
9,245,254,27.22222222222222,256
16,708,724,44.25,721
37,523,560,14.135135135135135,541
30,370,400,12.333333333333334,386
89,394,483,4.426966292134831,410
477,781,1258,1.6373165618448637,474
37,492,529,13.297297297297296,517
8,209,217,26.125,217
705,465,1170,0.6595744680851063,884
15,339,354,22.6,359
512,4,516,0.0078125,1
40,179,219,4.475,182
10,164,174,16.4,168
22,10,32,0.45454545454545453,1
983,210,1193,0.2136317395727365,215
407,331,738,0.8132678132678133,348
1402,180,1582,0.12838801711840228,184
15,849,864,56.6,862
10,356,366,35.6,370
43,285,328,6.627906976744186,298
447,939,1386,2.1006711409395975,945
9,133,142,14.777777777777779,134
1186,303,1489,0.2554806070826307,319
622,381,1003,0.612540192926045,400
16,464,480,29.0,488
10,279,289,27.9,292
1,10,11,10.0,1
2555,266,2821,0.10410958904109589,279
36,395,431,10.972222222222221,411
4,191,195,47.75,198
22,74,96,3.3636363636363638,66
6,67,73,11.166666666666666,56
25,891,916,35.64,907
19,169,188,8.894736842105264,358
16,81,97,5.0625,77
121,444,565,3.669421487603306,311
26,273,299,10.5,287
14,258,272,18.428571428571427,271
432,260,692,0.6018518518518519,271
19,281,300,14.789473684210526,295
70,17,87,0.24285714285714285,1
12,126,138,10.5,125
13,322,335,24.76923076923077,336
8,310,318,38.75,325
538,188,726,0.34944237918215615,194
2042,536,2578,0.2624877571008815,552
22,41,63,1.8636363636363635,30
23,213,236,9.26086956521739,225
1,244,245,244.0,146
1311,45,1356,0.034324942791762014,30
21,366,387,17.428571428571427,384
21,618,639,29.428571428571427,636
8,64,72,8.0,54
575,7,582,0.01217391304347826,1
28,251,279,8.964285714285714,261
18,426,444,23.666666666666668,450
141,451,592,3.198581560283688,274
133,223,356,1.6766917293233083,229
13,453,466,34.84615384615385,294
81,321,402,3.962962962962963,338
13,291,304,22.384615384615383,116
2,30,32,15.0,20
7,80,87,11.428571428571429,72
1483,7,1490,0.004720161834120027,1
48,178,226,3.7083333333333335,182
40,419,459,10.475,441
9,240,249,26.666666666666668,247
15,245,260,16.333333333333332,255
11,246,257,22.363636363636363,252
33,848,881,25.696969696969695,424
24,154,178,6.416666666666667,156
66,381,447,5.7727272727272725,399
48,766,814,15.958333333333334,769
12,244,256,20.333333333333332,252
16,34,50,2.125,22
1380,33,1413,0.02391304347826087,128
61,431,492,7.065573770491803,452
30,347,377,11.566666666666666,362
12,348,360,29.0,369
18,134,152,7.444444444444445,139
18,309,327,17.166666666666668,325
11,219,230,19.90909090909091,224
18,22,40,1.2222222222222223,4
20,489,509,24.45,896
29,746,775,25.724137931034484,757
42,309,351,7.357142857142857,201
17,117,134,6.882352941176471,117
38,335,373,8.81578947368421,356
809,149,958,0.1841779975278121,152
9,50,59,5.555555555555555,38
69,340,409,4.927536231884058,359
9,211,220,23.444444444444443,217
20,186,206,9.3,189
1575,968,2543,0.6146031746031746,1006
10,28,38,2.8,12
72,570,642,7.916666666666667,589
33,163,196,4.9393939393939394,167
24,537,561,22.375,553
114,321,435,2.8157894736842106,208
7,282,289,40.285714285714285,293
162,324,486,2.0,341
28,882,910,31.5,890
542,175,717,0.32287822878228783,176
17,116,133,6.823529411764706,111
574,36,610,0.0627177700348432,26
44,497,541,11.295454545454545,513
1471,640,2111,0.43507817811012917,650
12,323,335,26.916666666666668,340
79,400,479,5.063291139240507,418
56,27,83,0.48214285714285715,11
17,218,235,12.823529411764707,318
544,125,669,0.22977941176470587,126
19,216,235,11.368421052631579,222
14,272,286,19.428571428571427,288
24,267,291,11.125,282
25,214,239,8.56,108
43,58,101,1.3488372093023255,47
23,198,221,8.608695652173912,199
423,866,1289,2.0472813238770686,874
377,497,874,1.3183023872679045,514
2979,393,3372,0.13192346424974824,412
90,881,971,9.78888888888889,888
19,127,146,6.684210526315789,122
22,234,256,10.636363636363637,245
102,144,246,1.411764705882353,142
17,391,408,23.0,417
242,7,249,0.028925619834710745,1
5,10,15,2.0,1
13,308,321,23.692307692307693,325
3,91,94,30.333333333333332,86
43,25,68,0.5813953488372093,9
61,904,965,14.819672131147541,909
13,403,416,31.0,424
18,541,559,30.055555555555557,560
529,438,967,0.8279773156899811,669
836,427,1263,0.5107655502392344,449
1100,494,1594,0.4490909090909091,514
35,390,425,11.142857142857142,406
17,317,334,18.647058823529413,336
16,42,58,2.625,31
15,607,622,40.46666666666667,624
58,303,361,5.224137931034483,319
36,210,246,5.833333333333333,214
17,338,355,19.88235294117647,291
67,975,1042,14.552238805970148,1006
91,302,393,3.318681318681319,317
18,18,36,1.0,1
53,142,195,2.6792452830188678,141
420,80,500,0.19047619047619047,74
1473,931,2404,0.6320434487440597,415
693,340,1033,0.4906204906204906,360
1,10,11,10.0,1
1,49,50,49.0,37
22,659,681,29.954545454545453,674
3,68,71,22.666666666666668,62
1602,452,2054,0.28214731585518105,474
24,41,65,1.7083333333333333,31
41,37,78,0.9024390243902439,23
1009,783,1792,0.77601585728444,671
23,166,189,7.217391304347826,169
664,1070,1734,1.6114457831325302,307
16,376,392,23.5,394
646,1734,2380,2.6842105263157894,1006
32,256,288,8.0,270
21,299,320,14.238095238095237,312
126,279,405,2.2142857142857144,288
6,28,34,4.666666666666667,14
13,337,350,25.923076923076923,356
11,420,431,38.18181818181818,444
71,323,394,4.549295774647887,338
8,7,15,0.875,1
113,7,120,0.061946902654867256,1
67,157,224,2.343283582089552,160
30,336,366,11.2,355
385,488,873,1.2675324675324675,757
21,433,454,20.61904761904762,453
3,365,368,121.66666666666667,390
14,84,98,6.0,78
1197,52,1249,0.04344193817878028,465
7,138,145,19.714285714285715,149
1527,387,1914,0.25343811394891946,385
2359,290,2649,0.12293344637558287,304
80,83,163,1.0375,80
65,178,243,2.7384615384615385,185
28,62,90,2.2142857142857144,53
15,235,250,15.666666666666666,245
9,181,190,20.11111111111111,182
9,139,148,15.444444444444445,140
46,456,502,9.91304347826087,482
43,591,634,13.744186046511627,605
34,46,80,1.3529411764705883,34
20,257,277,12.85,353
593,12,605,0.02023608768971332,1
39,156,195,4.0,157
56,411,467,7.339285714285714,429
12,330,342,27.5,348
2174,189,2363,0.08693652253909843,193
36,311,347,8.63888888888889,329
478,725,1203,1.5167364016736402,730
24,369,393,15.375,387
21,389,410,18.523809523809526,411
16,123,139,7.6875,123
120,23,143,0.19166666666666668,8
17,281,298,16.529411764705884,304
2862,201,3063,0.07023060796645703,207
139,169,308,1.2158273381294964,174
7,539,546,77.0,307
7,82,89,11.714285714285714,75
640,756,1396,1.18125,744
22,135,157,6.136363636363637,136
49,40,89,0.8163265306122449,11
52,320,372,6.153846153846154,339
142,907,1049,6.387323943661972,877
9,244,253,27.11111111111111,254
1470,45,1515,0.030612244897959183,35
1054,64,1118,0.06072106261859583,52
3,11,14,3.6666666666666665,1
16,282,298,17.625,299
21,140,161,6.666666666666667,141
46,99,145,2.152173913043478,94
37,297,334,8.027027027027026,308
15,342,357,22.8,364
105,353,458,3.361904761904762,364
34,378,412,11.117647058823529,394
821,20,841,0.024360535931790498,5
152,618,770,4.065789473684211,630
10,473,483,47.3,491
56,144,200,2.5714285714285716,143
27,873,900,32.333333333333336,881
39,254,293,6.512820512820513,907
23,281,304,12.217391304347826,295
1607,127,1734,0.07902924704418171,127
88,766,854,8.704545454545455,768
2900,398,3298,0.13724137931034483,421
28,90,118,3.2142857142857144,84
10,334,344,33.4,350
55,155,210,2.8181818181818183,156
18,977,995,54.27777777777778,1005
81,320,401,3.950617283950617,334
39,336,375,8.615384615384615,346
14,133,147,9.5,136
48,223,271,4.645833333333333,231
818,182,1000,0.22249388753056235,187
155,249,404,1.6064516129032258,262
10,713,723,71.3,725
4,77,81,19.25,68
44,226,270,5.136363636363637,229
415,711,1126,1.7132530120481928,723
70,463,533,6.614285714285714,487
16,153,169,9.5625,155
17,476,493,28.0,497
29,154,183,5.310344827586207,347
1634,373,2007,0.22827417380660955,395
10,583,593,58.3,600
17,38,55,2.235294117647059,24
23,269,292,11.695652173913043,277
31,355,386,11.451612903225806,369
7,34,41,4.857142857142857,22
24,219,243,9.125,227
1942,1041,2983,0.5360453141091658,1006
35,608,643,17.37142857142857,610
25,189,214,7.56,192
3431,510,3941,0.1486447099970854,531
748,413,1161,0.5521390374331551,432
17,73,90,4.294117647058823,65
111,304,415,2.7387387387387387,320
17,206,223,12.117647058823529,211
1284,995,2279,0.7749221183800623,1006
157,389,546,2.477707006369427,407
107,376,483,3.514018691588785,392
82,390,472,4.7560975609756095,414
6,340,346,56.666666666666664,364
14,189,203,13.5,195
23,512,535,22.26086956521739,528
100,658,758,6.58,645
50,76,126,1.52,72
30,356,386,11.866666666666667,375
145,4,149,0.027586206896551724,1
1551,259,1810,0.16698903932946485,271
8,11,19,1.375,1
351,523,874,1.4900284900284901,518
2161,698,2859,0.32299861175381767,709
14,213,227,15.214285714285714,219
21,908,929,43.23809523809524,916
329,919,1248,2.7933130699088147,1006
11,22,33,2.0,7
240,305,545,1.2708333333333333,323
14,286,300,20.428571428571427,296
36,285,321,7.916666666666667,296
295,73,368,0.24745762711864408,62
26,319,345,12.26923076923077,330
1,401,402,401.0,435
33,550,583,16.666666666666668,576
3026,263,3289,0.08691341705221414,273
11,325,336,29.545454545454547,340
17,309,326,18.176470588235293,323
152,348,500,2.289473684210526,368
34,162,196,4.764705882352941,163
14,208,222,14.857142857142858,218
24,28,52,1.1666666666666667,14
24,229,253,9.541666666666666,237
14,207,221,14.785714285714286,180
20,279,299,13.95,295
120,138,258,1.15,135
93,385,478,4.139784946236559,408
9,34,43,3.7777777777777777,72
766,580,1346,0.7571801566579635,601
9,377,386,41.888888888888886,394
10,326,336,32.6,341
47,463,510,9.851063829787234,486
330,138,468,0.41818181818181815,136
16,406,422,25.375,428
9,200,209,22.22222222222222,208
32,607,639,18.96875,619
2,431,433,215.5,452
15,299,314,19.933333333333334,315
7,211,218,30.142857142857142,224
42,27,69,0.6428571428571429,15
25,86,111,3.44,81
9,208,217,23.11111111111111,216
838,940,1778,1.1217183770883055,951
50,124,174,2.48,125
19,363,382,19.105263157894736,382
107,442,549,4.130841121495327,463
25,385,410,15.4,402
60,271,331,4.516666666666667,281
46,438,484,9.521739130434783,462
14,236,250,16.857142857142858,244
128,294,422,2.296875,305
8,276,284,34.5,288
295,73,368,0.24745762711864408,62
891,311,1202,0.3490460157126824,330
14,82,96,5.857142857142857,78
24,77,101,3.2083333333333335,67
15,118,133,7.866666666666666,113
9,19,28,2.111111111111111,3
11,88,99,8.0,80
54,358,412,6.62962962962963,378
29,258,287,8.89655172413793,268
24,510,534,21.25,530
36,831,867,23.083333333333332,785
81,727,808,8.975308641975309,735
16,281,297,17.5625,290
3,28,31,9.333333333333334,18
40,603,643,15.075,622
1981,45,2026,0.02271580010095911,35
8,349,357,43.625,366
7,193,200,27.571428571428573,195
2419,460,2879,0.19016122364613477,479
492,554,1046,1.1260162601626016,576
356,558,914,1.5674157303370786,578
6,344,350,57.333333333333336,362
23,301,324,13.08695652173913,320
48,273,321,5.6875,282
212,409,621,1.929245283018868,427
43,73,116,1.697674418604651,62
442,729,1171,1.6493212669683257,734
40,247,287,6.175,258
8,112,120,14.0,107
121,349,470,2.884297520661157,368
6,29,35,4.833333333333333,14
12,280,292,23.333333333333332,295
516,366,882,0.7093023255813954,387
1292,474,1766,0.3668730650154799,898
42,340,382,8.095238095238095,360
17,80,97,4.705882352941177,73
13,132,145,10.153846153846153,132
10,256,266,25.6,297
21,854,875,40.666666666666664,865
17,306,323,18.0,318
67,219,286,3.2686567164179103,229
59,101,160,1.7118644067796611,90
15,320,335,21.333333333333332,318
38,312,350,8.210526315789474,328
22,209,231,9.5,217
497,19,516,0.03822937625754527,107
15,155,170,10.333333333333334,157
1140,16,1156,0.014035087719298246,4
31,191,222,6.161290322580645,196
4,82,86,20.5,72
88,37,125,0.42045454545454547,22
170,27,197,0.1588235294117647,22
30,200,230,6.666666666666667,205
1120,993,2113,0.8866071428571428,1006
844,205,1049,0.24289099526066352,214
10,261,271,26.1,275
17,80,97,4.705882352941177,73
15,475,490,31.666666666666668,494
21,34,55,1.619047619047619,18
335,903,1238,2.6955223880597017,916
221,89,310,0.40271493212669685,72
21,200,221,9.523809523809524,203
46,49,95,1.065217391304348,35
11,225,236,20.454545454545453,232
22,27,49,1.2272727272727273,14
16,359,375,22.4375,376
24,170,194,7.083333333333333,172
345,125,470,0.36231884057971014,137
457,195,652,0.42669584245076586,146
34,40,74,1.1764705882352942,26
9,255,264,28.333333333333332,264
154,843,997,5.474025974025974,860
14,58,72,4.142857142857143,48
836,427,1263,0.5107655502392344,449
27,13,40,0.48148148148148145,1
16,311,327,19.4375,331
2221,924,3145,0.4160288158487168,129
60,488,548,8.133333333333333,506
745,151,896,0.20268456375838925,151
37,633,670,17.10810810810811,652
71,30,101,0.4225352112676056,17
20,109,129,5.45,104
435,375,810,0.8620689655172413,394
23,204,227,8.869565217391305,211
1165,3,1168,0.002575107296137339,1
473,412,885,0.8710359408033826,435
54,42,96,0.7777777777777778,31
23,565,588,24.565217391304348,583
44,358,402,8.136363636363637,375
183,881,1064,4.814207650273224,889
2292,624,2916,0.27225130890052357,632
27,390,417,14.444444444444445,407
161,97,258,0.6024844720496895,111
77,778,855,10.103896103896103,780
4,251,255,62.75,264
176,523,699,2.971590909090909,536
66,157,223,2.378787878787879,158
258,872,1130,3.37984496124031,881
8,251,259,31.375,263
88,303,391,3.4431818181818183,313
63,26,89,0.4126984126984127,12
82,401,483,4.890243902439025,426
312,475,787,1.5224358974358974,492
1,10,11,10.0,1
14,771,785,55.07142857142857,777
94,922,1016,9.808510638297872,926
2224,764,2988,0.3435251798561151,770
219,191,410,0.8721461187214612,192
22,61,83,2.772727272727273,52
40,36,76,0.9,25
73,331,404,4.534246575342466,353
3399,7,3406,0.002059429243895263,1
1551,259,1810,0.16698903932946485,271
16,124,140,7.75,127
2,101,103,50.5,96
2776,11,2787,0.003962536023054755,1
234,154,388,0.6581196581196581,157
6,265,271,44.166666666666664,276
141,321,462,2.276595744680851,342
13,219,232,16.846153846153847,227
518,799,1317,1.5424710424710424,802
21,146,167,6.9523809523809526,393
12,78,90,6.5,71
72,388,460,5.388888888888889,409
78,470,548,6.0256410256410255,490
40,582,622,14.55,595
201,313,514,1.5572139303482586,332
87,636,723,7.310344827586207,645
10,260,270,26.0,271
37,399,436,10.783783783783784,419
132,108,240,0.8181818181818182,105
11,218,229,19.818181818181817,230
3956,2,3958,0.0005055611729019212,1
66,718,784,10.878787878787879,728
1590,35,1625,0.0220125786163522,18
2,29,31,14.5,13
15,18,33,1.2,1
14,227,241,16.214285714285715,237
4,266,270,66.5,280
10,297,307,29.7,312
50,21,71,0.42,4
2,10,12,5.0,1
8,164,172,20.5,169
1142,407,1549,0.3563922942206655,463
19,496,515,26.105263157894736,519
132,108,240,0.8181818181818182,105
101,381,482,3.772277227722772,402
30,376,406,12.533333333333333,394
13,397,410,30.53846153846154,423
1393,81,1474,0.05814788226848528,75
25,38,63,1.52,24
28,86,114,3.0714285714285716,76
26,229,255,8.807692307692308,236
3238,165,3403,0.0509573810994441,168
147,290,437,1.9727891156462585,301
470,769,1239,1.6361702127659574,776
12,262,274,21.833333333333332,271
33,246,279,7.454545454545454,255
18,216,234,12.0,225
25,461,486,18.44,481
71,230,301,3.23943661971831,237
42,649,691,15.452380952380953,661
713,256,969,0.3590462833099579,265
598,4,602,0.006688963210702341,1
84,520,604,6.190476190476191,536
187,6,193,0.03208556149732621,1
7,355,362,50.714285714285715,376
5,39,44,7.8,30
107,386,493,3.607476635514019,403
293,330,623,1.1262798634812288,344
14,20,34,1.4285714285714286,3
27,124,151,4.592592592592593,189
51,470,521,9.215686274509803,492
23,557,580,24.217391304347824,578
27,320,347,11.851851851851851,340
31,254,285,8.193548387096774,263
40,550,590,13.75,568
1986,397,2383,0.1998992950654582,418
5,170,175,34.0,175
500,103,603,0.206,100
21,791,812,37.666666666666664,62
20,475,495,23.75,333
13,331,344,25.46153846153846,346
566,7,573,0.012367491166077738,1
131,106,237,0.8091603053435115,104
24,683,707,28.458333333333332,625
543,32,575,0.058931860036832415,22
125,149,274,1.192,748
28,471,499,16.821428571428573,490
174,368,542,2.1149425287356323,385
7,371,378,53.0,394
571,265,836,0.46409807355516636,273
18,414,432,23.0,438
29,789,818,27.20689655172414,789
198,10,208,0.050505050505050504,1
1150,67,1217,0.058260869565217394,59
12,327,339,27.25,344
15,304,319,20.266666666666666,246
46,226,272,4.913043478260869,234
1095,668,1763,0.6100456621004566,673
485,613,1098,1.2639175257731958,626
248,286,534,1.153225806451613,317
244,262,506,1.0737704918032787,274
22,57,79,2.590909090909091,48
860,514,1374,0.5976744186046512,535
18,375,393,20.833333333333332,396
7,329,336,47.0,344
11,290,301,26.363636363636363,306
16,17,33,1.0625,1
50,468,518,9.36,489
41,360,401,8.78048780487805,377
16,146,162,9.125,147
8,82,90,10.25,73
307,45,352,0.1465798045602606,35
129,522,651,4.046511627906977,539
43,277,320,6.441860465116279,75
55,368,423,6.6909090909090905,388
24,346,370,14.416666666666666,366
159,263,422,1.6540880503144655,267
12,283,295,23.583333333333332,298
672,226,898,0.33630952380952384,234
85,201,286,2.364705882352941,205
252,264,516,1.0476190476190477,317
40,323,363,8.075,343
375,38,413,0.10133333333333333,22
31,155,186,5.0,159
473,52,525,0.10993657505285412,35
28,601,629,21.464285714285715,614
27,528,555,19.555555555555557,312
7,233,240,33.285714285714285,243
23,489,512,21.26086956521739,514
55,17,72,0.3090909090909091,1
8,102,110,12.75,98
20,247,267,12.35,253
25,45,70,1.8,34
8,419,427,52.375,118
60,491,551,8.183333333333334,515
24,718,742,29.916666666666668,726
1230,82,1312,0.06666666666666667,76
555,290,845,0.5225225225225225,309
12,40,52,3.3333333333333335,26
13,146,159,11.23076923076923,147
35,961,996,27.457142857142856,972
105,95,200,0.9047619047619048,95
10,296,306,29.6,257
442,440,882,0.995475113122172,461
755,115,870,0.152317880794702,112
4,13,17,3.25,9
9,416,425,46.22222222222222,440
891,277,1168,0.3108866442199775,290
732,333,1065,0.45491803278688525,350
206,791,997,3.8398058252427183,786
435,321,756,0.7379310344827587,335
158,340,498,2.151898734177215,358
205,550,755,2.682926829268293,807
26,217,243,8.346153846153847,402
14,656,670,46.857142857142854,650
103,582,685,5.650485436893204,599
10,222,232,22.2,228
517,146,663,0.28239845261121854,144
76,253,329,3.3289473684210527,260
67,4,71,0.05970149253731343,1
134,233,367,1.7388059701492538,238
21,383,404,18.238095238095237,403
760,365,1125,0.48026315789473684,198
344,690,1034,2.005813953488372,701
1095,4,1099,0.0036529680365296802,1
10,867,877,86.7,881
13,115,128,8.846153846153847,114
27,262,289,9.703703703703704,274
13,324,337,24.923076923076923,342
6,82,88,13.666666666666666,73
29,963,992,33.206896551724135,433
45,193,238,4.288888888888889,199
47,125,172,2.6595744680851063,121
32,687,719,21.46875,699
157,686,843,4.369426751592357,700
15,441,456,29.4,465
15,998,1013,66.53333333333333,1006
133,71,204,0.5338345864661654,60
17,117,134,6.882352941176471,117
706,391,1097,0.5538243626062322,425
20,192,212,9.6,198
7,125,132,17.857142857142858,127
234,341,575,1.4572649572649572,359
27,613,640,22.703703703703702,631
19,696,715,36.63157894736842,708
21,214,235,10.19047619047619,223
12,79,91,6.583333333333333,69
45,407,452,9.044444444444444,425
247,60,307,0.242914979757085,47
13,270,283,20.76923076923077,278
11,247,258,22.454545454545453,255
12,56,68,4.666666666666667,46
235,567,802,2.4127659574468083,587
10,137,147,13.7,138
48,55,103,1.1458333333333333,41
15,67,82,4.466666666666667,60
33,177,210,5.363636363636363,103
104,394,498,3.7884615384615383,410
32,644,676,20.125,664
212,118,330,0.5566037735849056,117
187,40,227,0.21390374331550802,28
11,474,485,43.09090909090909,492
452,421,873,0.9314159292035398,440
19,548,567,28.842105263157894,566
18,446,464,24.77777777777778,468
10,33,43,3.3,19
25,134,159,5.36,136
137,245,382,1.7883211678832116,252
76,95,171,1.25,91
2637,573,3210,0.21729237770193402,592
171,541,712,3.1637426900584797,484
6,39,45,6.5,27
20,472,492,23.6,498
17,284,301,16.705882352941178,294
103,26,129,0.2524271844660194,11
9,286,295,31.77777777777778,304
9,125,134,13.88888888888889,124
45,320,365,7.111111111111111,338
40,816,856,20.4,818
11,320,331,29.09090909090909,336
119,834,953,7.008403361344538,844
94,484,578,5.148936170212766,499
12,32,44,2.6666666666666665,21
130,734,864,5.6461538461538465,740
22,553,575,25.136363636363637,572
35,6,41,0.17142857142857143,1
37,532,569,14.378378378378379,494
48,223,271,4.645833333333333,231
219,353,572,1.6118721461187215,368
24,311,335,12.958333333333334,327
37,17,54,0.4594594594594595,13
8,609,617,76.125,629
12,51,63,4.25,41
16,74,90,4.625,66
8,221,229,27.625,216
283,6,289,0.02120141342756184,1
12,111,123,9.25,108
16,466,482,29.125,488
16,51,67,3.1875,289
30,343,373,11.433333333333334,207
13,211,224,16.23076923076923,216
27,439,466,16.25925925925926,461
8,3,11,0.375,1
65,123,188,1.8923076923076922,123
164,189,353,1.1524390243902438,191
165,5,170,0.030303030303030304,1
32,219,251,6.84375,228
20,400,420,20.0,423
16,357,373,22.3125,377
72,276,348,3.8333333333333335,480
3,10,13,3.3333333333333335,1
56,136,192,2.4285714285714284,137
994,220,1214,0.22132796780684105,225
37,370,407,10.0,378
10,76,86,7.6,67
81,216,297,2.6666666666666665,143
9,288,297,32.0,298
762,151,913,0.19816272965879264,198
4,118,122,29.5,114
395,302,697,0.7645569620253164,319
30,21,51,0.7,8
68,626,694,9.205882352941176,639
25,441,466,17.64,461
1176,27,1203,0.02295918367346939,327
110,631,741,5.736363636363636,920
29,246,275,8.482758620689655,254
10,0,10,0.0,1
34,674,708,19.823529411764707,680
27,574,601,21.25925925925926,592
94,174,268,1.851063829787234,181
33,175,208,5.303030303030303,366
56,318,374,5.678571428571429,333
28,168,196,6.0,172
6,144,150,24.0,147
47,73,120,1.553191489361702,66
9,329,338,36.55555555555556,345
25,680,705,27.2,695
17,339,356,19.941176470588236,419
52,72,124,1.3846153846153846,68
376,158,534,0.42021276595744683,163
11,290,301,26.363636363636363,306
17,239,256,14.058823529411764,246
96,326,422,3.3958333333333335,349
7,212,219,30.285714285714285,220
340,224,564,0.6588235294117647,179
37,31,68,0.8378378378378378,320
2365,317,2682,0.13403805496828752,334
11,277,288,25.181818181818183,292
13,169,182,13.0,169
501,90,591,0.17964071856287425,83
68,867,935,12.75,872
2800,56,2856,0.02,45
10,16,26,1.6,4
1879,153,2032,0.08142629058009579,153
804,205,1009,0.25497512437810943,213
27,620,647,22.962962962962962,635
12,343,355,28.583333333333332,361
19,155,174,8.157894736842104,155
11,242,253,22.0,250
744,36,780,0.04838709677419355,23
208,373,581,1.7932692307692308,323
99,379,478,3.8282828282828283,400
786,134,920,0.17048346055979643,132
52,560,612,10.76923076923077,577
16,57,73,3.5625,48
322,276,598,0.8571428571428571,286
64,386,450,6.03125,405
7,173,180,24.714285714285715,149
2837,8,2845,0.0028198801550934085,1
531,952,1483,1.792843691148776,999
14,189,203,13.5,195
33,110,143,3.3333333333333335,109
461,272,733,0.5900216919739696,282
79,416,495,5.265822784810126,435
20,268,288,13.4,280
11,180,191,16.363636363636363,186
10,169,179,16.9,170
318,59,377,0.18553459119496854,48
7,30,37,4.285714285714286,15
10,128,138,12.8,125
64,439,503,6.859375,462
25,825,850,33.0,834
112,957,1069,8.544642857142858,983
12,722,734,60.166666666666664,736
5,200,205,40.0,206
326,1107,1433,3.395705521472393,1006
45,30,75,0.6666666666666666,15
28,243,271,8.678571428571429,253
17,417,434,24.529411764705884,291
59,203,262,3.440677966101695,210
5,253,258,50.6,264
23,31,54,1.3478260869565217,19
17,230,247,13.529411764705882,318
126,37,163,0.29365079365079366,25
501,26,527,0.05189620758483034,11
10,360,370,36.0,342
78,626,704,8.025641025641026,638
71,557,628,7.845070422535211,581
153,293,446,1.9150326797385622,303
62,355,417,5.725806451612903,376
122,304,426,2.4918032786885247,320
35,227,262,6.485714285714286,236
14,234,248,16.714285714285715,243
267,177,444,0.6629213483146067,180
4,47,51,11.75,49
49,388,437,7.918367346938775,406
198,49,247,0.2474747474747475,37
28,779,807,27.821428571428573,784
31,371,402,11.96774193548387,389
13,421,434,32.38461538461539,443
192,280,472,1.4583333333333333,291
2793,100,2893,0.03580379520229144,96
4,95,99,23.75,85
1727,395,2122,0.22872032426172553,412
1307,244,1551,0.18668706962509563,255
229,314,543,1.3711790393013101,332
72,140,212,1.9444444444444444,143
435,182,617,0.41839080459770117,186
42,194,236,4.619047619047619,198
45,39,84,0.8666666666666667,27
71,37,108,0.5211267605633803,20
20,433,453,21.65,453
433,136,569,0.3140877598152425,132
26,106,132,4.076923076923077,108
88,277,365,3.147727272727273,286
32,962,994,30.0625,997
47,177,224,3.765957446808511,180
1104,142,1246,0.1286231884057971,418
7,121,128,17.285714285714285,119
11,112,123,10.181818181818182,108
272,868,1140,3.1911764705882355,876
108,61,169,0.5648148148148148,441
1,10,11,10.0,1
2212,250,2462,0.11301989150090416,259
384,928,1312,2.4166666666666665,942
161,20,181,0.12422360248447205,4
760,365,1125,0.48026315789473684,198
41,222,263,5.414634146341464,225
13,315,328,24.23076923076923,334
22,137,159,6.2272727272727275,135
66,238,304,3.606060606060606,249
142,61,203,0.4295774647887324,53
16,51,67,3.1875,42
68,178,246,2.6176470588235294,179
233,502,735,2.1545064377682404,642
65,28,93,0.4307692307692308,43
587,69,656,0.11754684838160136,63
1,10,11,10.0,1
211,25,236,0.11848341232227488,11
638,164,802,0.25705329153605017,165
41,52,93,1.2682926829268293,167
501,43,544,0.08582834331337326,29
319,287,606,0.8996865203761756,298
36,759,795,21.083333333333332,764
132,311,443,2.356060606060606,322
22,212,234,9.636363636363637,50
7,240,247,34.285714285714285,249
141,84,225,0.5957446808510638,80
5,259,264,51.8,271
24,244,268,10.166666666666666,254
8,383,391,47.875,402
9,93,102,10.333333333333334,82
230,743,973,3.2304347826086954,754
7,44,51,6.285714285714286,32
12,344,356,28.666666666666668,359
7,375,382,53.57142857142857,399
14,518,532,37.0,537
9,206,215,22.88888888888889,212
951,199,1150,0.2092534174553102,206
88,185,273,2.102272727272727,186
4,6,10,1.5,1
16,392,408,24.5,418
12,240,252,20.0,250
1520,316,1836,0.20789473684210527,338
22,109,131,4.954545454545454,105
646,244,890,0.37770897832817335,258
11,370,381,33.63636363636363,384
46,342,388,7.434782608695652,360
85,41,126,0.4823529411764706,30
918,7,925,0.007625272331154684,1
202,9,211,0.04455445544554455,1
27,357,384,13.222222222222221,379
32,340,372,10.625,357
454,525,979,1.1563876651982379,543
749,501,1250,0.6688918558077437,520
1,37,38,37.0,1
20,303,323,15.15,319
62,755,817,12.17741935483871,759
1,10,11,10.0,1
42,445,487,10.595238095238095,467
6,115,121,19.166666666666668,111
2621,278,2899,0.10606638687523846,292
544,315,859,0.5790441176470589,330
27,1000,1027,37.03703703703704,1006
159,927,1086,5.830188679245283,728
69,410,479,5.942028985507246,430
13,169,182,13.0,173
882,115,997,0.13038548752834467,112
10,315,325,31.5,335
114,449,563,3.93859649122807,468
18,347,365,19.27777777777778,366
7,112,119,16.0,109
1,10,11,10.0,1
369,541,910,1.4661246612466126,561
14,160,174,11.428571428571429,162
3809,274,4083,0.07193489104751903,287
21,515,536,24.523809523809526,533
13,325,338,25.0,341
27,217,244,8.037037037037036,527
26,172,198,6.615384615384615,172
17,263,280,15.470588235294118,276
39,221,260,5.666666666666667,233
32,800,832,25.0,801
23,404,427,17.565217391304348,425
230,134,364,0.5826086956521739,288
7,20,27,2.857142857142857,1
166,943,1109,5.680722891566265,950
9,270,279,30.0,284
490,435,925,0.8877551020408163,451
109,495,604,4.541284403669724,528
28,313,341,11.178571428571429,331
7,508,515,72.57142857142857,533
185,89,274,0.4810810810810811,87
113,314,427,2.7787610619469025,328
9,230,239,25.555555555555557,237
10,856,866,85.6,860
6,33,39,5.5,15
11,185,196,16.818181818181817,186
25,477,502,19.08,499
105,41,146,0.3904761904761905,25
12,282,294,23.5,376
783,340,1123,0.4342273307790549,355
30,306,336,10.2,320
348,444,792,1.2758620689655173,472
2046,897,2943,0.43841642228739003,899
61,115,176,1.8852459016393444,111
22,341,363,15.5,359
1238,376,1614,0.3037156704361874,702
22,140,162,6.363636363636363,138
10,257,267,25.7,266
44,41,85,0.9318181818181818,27
16,374,390,23.375,393
284,924,1208,3.2535211267605635,933
187,762,949,4.074866310160428,766
9,433,442,48.111111111111114,463
4,233,237,58.25,242
64,781,845,12.203125,783
9,276,285,30.666666666666668,289
12,600,612,50.0,853
107,327,434,3.05607476635514,337
72,290,362,4.027777777777778,433
492,103,595,0.20934959349593496,98
73,414,487,5.671232876712328,436
21,114,135,5.428571428571429,110
648,6,654,0.009259259259259259,1
551,233,784,0.42286751361161523,243
16,167,183,10.4375,166
13,196,209,15.076923076923077,198
24,817,841,34.041666666666664,821
2106,1084,3190,0.5147198480531814,1006
67,704,771,10.507462686567164,714
43,314,357,7.3023255813953485,331
28,393,421,14.035714285714286,413
85,284,369,3.3411764705882354,297
5,211,216,42.2,216
8,223,231,27.875,228
23,85,108,3.6956521739130435,316
2077,24,2101,0.011555127587867116,18
1,10,11,10.0,1
204,42,246,0.20588235294117646,29
5,3,8,0.6,1
75,124,199,1.6533333333333333,122
155,119,274,0.7677419354838709,116
35,275,310,7.857142857142857,286
142,290,432,2.0422535211267605,301
606,149,755,0.24587458745874588,140
52,396,448,7.615384615384615,414
1582,272,1854,0.17193426042983564,477
12,958,970,79.83333333333333,978
13,134,147,10.307692307692308,139
62,367,429,5.919354838709677,301
54,70,124,1.2962962962962963,69
268,342,610,1.2761194029850746,358
4,23,27,5.75,6
5,91,96,18.2,308
1864,501,2365,0.2687768240343348,519
77,207,284,2.688311688311688,214
9,150,159,16.666666666666668,216
59,636,695,10.779661016949152,651
5,114,119,22.8,111
29,365,394,12.586206896551724,382
44,107,151,2.4318181818181817,105
82,962,1044,11.731707317073171,982
125,542,667,4.336,560
18,9,27,0.5,41
27,258,285,9.555555555555555,270
7,25,32,3.5714285714285716,13
15,320,335,21.333333333333332,318
176,169,345,0.9602272727272727,173
119,707,826,5.9411764705882355,716
28,861,889,30.75,867
37,199,236,5.378378378378378,163
39,562,601,14.41025641025641,579
55,506,561,9.2,348
14,134,148,9.571428571428571,134
46,274,320,5.956521739130435,286
20,337,357,16.85,351
3,327,330,109.0,347
11,276,287,25.09090909090909,294
1128,735,1863,0.651595744680851,283
20,102,122,5.1,98
50,593,643,11.86,631
1826,144,1970,0.07886089813800658,139
860,998,1858,1.1604651162790698,361
8,99,107,12.375,91
26,158,184,6.076923076923077,158
124,312,436,2.5161290322580645,323
44,244,288,5.545454545454546,253
20,163,183,8.15,166
433,89,522,0.20554272517321015,1
1039,531,1570,0.5110683349374399,551
24,272,296,11.333333333333334,283
13,258,271,19.846153846153847,267
21,271,292,12.904761904761905,283
213,11,224,0.051643192488262914,1
423,64,487,0.15130023640661938,56
19,581,600,30.57894736842105,600
13,251,264,19.307692307692307,260
17,252,269,14.823529411764707,263
60,770,830,12.833333333333334,778
13,949,962,73.0,974
13,811,824,62.38461538461539,812
57,209,266,3.6666666666666665,216
6,299,305,49.833333333333336,318
11,582,593,52.90909090909091,603
87,88,175,1.0114942528735633,79
105,130,235,1.2380952380952381,128
25,528,553,21.12,527
60,534,594,8.9,549
21,414,435,19.714285714285715,438
597,427,1024,0.7152428810720268,88
69,45,114,0.6521739130434783,34
20,664,684,33.2,679
79,33,112,0.4177215189873418,17
10,314,324,31.4,614
1486,7,1493,0.004710632570659489,1
18,291,309,16.166666666666668,302
15,779,794,51.93333333333333,784
528,361,889,0.6837121212121212,375
10,279,289,27.9,292
17,38,55,2.235294117647059,34
463,321,784,0.693304535637149,338
108,7,115,0.06481481481481481,1
690,5,695,0.007246376811594203,1
42,92,134,2.1904761904761907,34
25,362,387,14.48,380
199,320,519,1.6080402010050252,333
8,568,576,71.0,587
620,602,1222,0.9709677419354839,618
34,160,194,4.705882352941177,161
15,151,166,10.066666666666666,372
58,14,72,0.2413793103448276,1
64,43,107,0.671875,33
75,649,724,8.653333333333334,665
89,478,567,5.370786516853933,495
6,230,236,38.333333333333336,239
13,406,419,31.23076923076923,430
29,192,221,6.620689655172414,198
14,26,40,1.8571428571428572,10
91,68,159,0.7472527472527473,60
611,146,757,0.23895253682487724,143
10,369,379,36.9,394
347,1040,1387,2.9971181556195967,966
31,936,967,30.193548387096776,948
230,39,269,0.16956521739130434,24
7,173,180,24.714285714285715,175
19,241,260,12.68421052631579,310
73,147,220,2.0136986301369864,353
2156,322,2478,0.14935064935064934,345
12,390,402,32.5,411
50,327,377,6.54,348
30,235,265,7.833333333333333,365
13,326,339,25.076923076923077,344
17,178,195,10.470588235294118,182
202,480,682,2.376237623762376,499
16,248,264,15.5,256
15,41,56,2.7333333333333334,28
27,432,459,16.0,457
39,22,61,0.5641025641025641,6
19,104,123,5.473684210526316,99
869,633,1502,0.7284234752589183,648
2185,226,2411,0.1034324942791762,236
21,462,483,22.0,478
28,38,66,1.3571428571428572,25
6,374,380,62.333333333333336,402
54,65,119,1.2037037037037037,59
14,332,346,23.714285714285715,352
7,328,335,46.857142857142854,346
73,323,396,4.424657534246576,342
18,298,316,16.555555555555557,316
20,738,758,36.9,744
8,617,625,77.125,634
23,288,311,12.521739130434783,303
894,364,1258,0.407158836689038,382
2205,386,2591,0.17505668934240362,400
10,606,616,60.6,617
2870,17,2887,0.005923344947735192,1
9,122,131,13.555555555555555,119
49,37,86,0.7551020408163265,23
18,345,363,19.166666666666668,362
24,205,229,8.541666666666666,216
25,277,302,11.08,475
882,288,1170,0.32653061224489793,301
68,469,537,6.897058823529412,491
35,477,512,13.628571428571428,495
24,204,228,8.5,205
1861,391,2252,0.21010209564750135,415
243,7,250,0.02880658436213992,1
352,209,561,0.59375,217
264,1035,1299,3.9204545454545454,1006
39,962,1001,24.666666666666668,983
7,373,380,53.285714285714285,395
981,93,1074,0.09480122324159021,89
37,443,480,11.972972972972974,465
22,385,407,17.5,402
8,121,129,15.125,120
675,157,832,0.2325925925925926,160
12,252,264,21.0,262
1513,314,1827,0.2075346992729676,330
133,196,329,1.4736842105263157,202
8,25,33,3.125,8
226,906,1132,4.008849557522124,909
15,310,325,20.666666666666668,325
31,425,456,13.709677419354838,447
93,291,384,3.129032258064516,302
113,70,183,0.6194690265486725,30
28,70,98,2.5,61
352,500,852,1.4204545454545454,520
451,605,1056,1.3414634146341464,616
7,273,280,39.0,285
33,570,603,17.272727272727273,588
414,304,718,0.7342995169082126,312
23,321,344,13.956521739130435,356
138,125,263,0.9057971014492754,122
24,274,298,11.416666666666666,289
16,265,281,16.5625,274
1118,189,1307,0.16905187835420393,192
241,435,676,1.8049792531120332,389
15,272,287,18.133333333333333,287
753,429,1182,0.5697211155378487,450
667,195,862,0.29235382308845576,202
16,86,102,5.375,79
776,17,793,0.02190721649484536,5
13,358,371,27.53846153846154,359
12,231,243,19.25,242
462,141,603,0.3051948051948052,141
66,99,165,1.5,93
43,496,539,11.534883720930232,516
1447,347,1794,0.2398064961990325,360
97,598,695,6.164948453608248,617
118,293,411,2.483050847457627,301
25,95,120,3.8,90
1,10,11,10.0,1
9,34,43,3.7777777777777777,72
2648,8,2656,0.0030211480362537764,1
3,259,262,86.33333333333333,274
45,472,517,10.488888888888889,489
0,592,592,1,126
33,473,506,14.333333333333334,495
19,64,83,3.3684210526315788,52
10,210,220,21.0,329
59,424,483,7.186440677966102,445
24,486,510,20.25,503
988,33,1021,0.03340080971659919,21
43,546,589,12.69767441860465,567
19,566,585,29.789473684210527,585
13,366,379,28.153846153846153,390
10,65,75,6.5,55
947,6,953,0.006335797254487857,1
35,309,344,8.82857142857143,325
261,113,374,0.4329501915708812,114
31,502,533,16.193548387096776,525
18,266,284,14.777777777777779,277
28,279,307,9.964285714285714,294
180,715,895,3.9722222222222223,727
5,197,202,39.4,274
75,268,343,3.5733333333333333,279
26,252,278,9.692307692307692,262
389,188,577,0.4832904884318766,192
49,335,384,6.836734693877551,350
25,295,320,11.8,305
7,79,86,11.285714285714286,149
85,30,115,0.35294117647058826,14
23,278,301,12.08695652173913,290
8,47,55,5.875,34
33,465,498,14.090909090909092,489
266,331,597,1.244360902255639,351
3304,158,3462,0.04782082324455206,155
9,187,196,20.77777777777778,196
8,48,56,6.0,39
15,195,210,13.0,200
17,842,859,49.529411764705884,846
1595,36,1631,0.0225705329153605,509
1877,292,2169,0.1555673947789025,304
166,258,424,1.5542168674698795,270
22,652,674,29.636363636363637,669
2508,291,2799,0.11602870813397129,304
19,520,539,27.36842105263158,492
664,1070,1734,1.6114457831325302,307
168,446,614,2.6547619047619047,462
48,731,779,15.229166666666666,739
9,261,270,29.0,276
10,139,149,13.9,139
1261,770,2031,0.6106264869151468,772
2,31,33,15.5,392
428,922,1350,2.1542056074766354,925
17,518,535,30.470588235294116,540
6,96,102,16.0,92
22,161,183,7.318181818181818,163
36,467,503,12.972222222222221,487
1170,256,1426,0.2188034188034188,475
7,323,330,46.142857142857146,336
139,421,560,3.028776978417266,443
18,159,177,8.833333333333334,161
423,568,991,1.342789598108747,585
15,475,490,31.666666666666668,494
23,512,535,22.26086956521739,528
216,56,272,0.25925925925925924,44
25,214,239,8.56,237
18,249,267,13.833333333333334,256
200,404,604,2.02,425
49,843,892,17.20408163265306,853
8,262,270,32.75,277
15,277,292,18.466666666666665,291
16,301,317,18.8125,315
43,285,328,6.627906976744186,298
116,569,685,4.905172413793103,591
16,311,327,19.4375,321
14,70,84,5.0,60
32,425,457,13.28125,449
718,128,846,0.17827298050139276,126
9,440,449,48.888888888888886,461
9,279,288,31.0,298
18,279,297,15.5,290
21,26,47,1.2380952380952381,9
30,331,361,11.033333333333333,345
44,174,218,3.9545454545454546,177
32,485,517,15.15625,507
281,128,409,0.4555160142348754,169
2924,617,3541,0.2110123119015048,630
3,16,19,5.333333333333333,1
58,111,169,1.9137931034482758,109
32,396,428,12.375,435
53,609,662,11.49056603773585,624
633,926,1559,1.462875197472354,929
15,228,243,15.2,233
931,259,1190,0.2781954887218045,271
85,36,121,0.4235294117647059,24
11,359,370,32.63636363636363,293
265,164,429,0.6188679245283019,167
3174,206,3380,0.06490233144297416,212
291,649,940,2.2302405498281788,662
80,94,174,1.175,103
7,34,41,4.857142857142857,20
22,224,246,10.181818181818182,232
14,388,402,27.714285714285715,414
5,208,213,41.6,537
20,497,517,24.85,430
260,214,474,0.823076923076923,220
21,345,366,16.428571428571427,365
16,481,497,30.0625,503
26,109,135,4.1923076923076925,109
183,3,186,0.01639344262295082,1
6,210,216,35.0,220
5,42,47,8.4,31
17,309,326,18.176470588235293,323
9,203,212,22.555555555555557,204
194,328,522,1.690721649484536,346
57,313,370,5.491228070175438,335
22,239,261,10.863636363636363,247
1280,708,1988,0.553125,717
77,305,382,3.961038961038961,321
211,289,500,1.3696682464454977,304
142,790,932,5.563380281690141,787
9,293,302,32.55555555555556,304
54,799,853,14.796296296296296,801
18,395,413,21.944444444444443,413
473,287,760,0.6067653276955602,298
14,246,260,17.571428571428573,256
117,319,436,2.7264957264957266,233
18,188,206,10.444444444444445,193
21,793,814,37.76190476190476,428
43,37,80,0.8604651162790697,17
139,434,573,3.1223021582733814,452
17,1067,1084,62.76470588235294,1006
214,489,703,2.2850467289719627,510
1471,640,2111,0.43507817811012917,650
349,422,771,1.2091690544412608,441
63,432,495,6.857142857142857,454
24,101,125,4.208333333333333,95
59,53,112,0.8983050847457628,42
165,38,203,0.23030303030303031,26
76,240,316,3.1578947368421053,248
55,686,741,12.472727272727273,697
860,1,861,0.0011627906976744186,1
38,270,308,7.105263157894737,278
32,350,382,10.9375,370
34,339,373,9.970588235294118,353
10,455,465,45.5,476
1794,361,2155,0.20122630992196208,455
464,255,719,0.5495689655172413,264
64,906,970,14.15625,916
26,558,584,21.46153846153846,570
46,47,93,1.0217391304347827,37
62,196,258,3.161290322580645,198
9,754,763,83.77777777777777,761
1139,336,1475,0.29499561018437226,352
37,113,150,3.054054054054054,111
31,106,137,3.4193548387096775,127
36,46,82,1.2777777777777777,36
61,471,532,7.721311475409836,490
158,340,498,2.151898734177215,358
22,338,360,15.363636363636363,353
283,590,873,2.0848056537102475,607
2025,130,2155,0.06419753086419754,125
44,375,419,8.522727272727273,393
20,686,706,34.3,699
260,175,435,0.6730769230769231,180
16,232,248,14.5,329
33,292,325,8.848484848484848,309
41,204,245,4.975609756097561,209
8,102,110,12.75,747
11,965,976,87.72727272727273,1006
114,342,456,3.0,360
19,277,296,14.578947368421053,290
1694,7,1701,0.004132231404958678,1
1646,121,1767,0.07351154313487242,121
67,245,312,3.656716417910448,252
58,242,300,4.172413793103448,391
386,164,550,0.42487046632124353,163
509,147,656,0.2888015717092338,146
13,186,199,14.307692307692308,192
150,866,1016,5.773333333333333,874
17,203,220,11.941176470588236,217
875,61,936,0.06971428571428571,53
23,590,613,25.652173913043477,606
7,323,330,46.142857142857146,336
47,180,227,3.8297872340425534,180
5,249,254,49.8,264
256,363,619,1.41796875,383
42,399,441,9.5,418
2209,415,2624,0.1878678134902671,439
22,320,342,14.545454545454545,333
11,19,30,1.7272727272727273,4
10,80,90,8.0,74
164,370,534,2.2560975609756095,388
199,320,519,1.6080402010050252,333
402,281,683,0.6990049751243781,298
31,24,55,0.7741935483870968,11
48,30,78,0.625,41
46,172,218,3.739130434782609,180
544,7,551,0.012867647058823529,1
243,74,317,0.3045267489711934,62
1502,879,2381,0.585219707057257,886
15,309,324,20.6,324
25,179,204,7.16,179
29,379,408,13.068965517241379,403
45,319,364,7.088888888888889,338
8,54,62,6.75,40
4,25,29,6.25,11
25,297,322,11.88,311
170,184,354,1.0823529411764705,190
49,310,359,6.326530612244898,326
396,809,1205,2.042929292929293,804
160,236,396,1.475,245
194,450,644,2.3195876288659796,468
9,138,147,15.333333333333334,140
100,301,401,3.01,318
17,299,316,17.58823529411765,316
105,130,235,1.2380952380952381,128
114,201,315,1.763157894736842,205
14,190,204,13.571428571428571,191
9,26,35,2.888888888888889,10
171,400,571,2.3391812865497075,422
34,25,59,0.7352941176470589,8
7,312,319,44.57142857142857,329
131,548,679,4.183206106870229,564
7,65,72,9.285714285714286,149
27,314,341,11.62962962962963,333
11,86,97,7.818181818181818,77
11,175,186,15.909090909090908,183
103,707,810,6.864077669902913,723
1596,259,1855,0.16228070175438597,271
461,230,691,0.49891540130151846,238
173,18,191,0.10404624277456648,529
39,29,68,0.7435897435897436,13
88,80,168,0.9090909090909091,72
963,61,1024,0.06334371754932502,47
55,311,366,5.654545454545454,324
136,49,185,0.3602941176470588,34
34,40,74,1.1764705882352942,26
755,650,1405,0.8609271523178808,661
35,227,262,6.485714285714286,236
14,393,407,28.071428571428573,414
478,298,776,0.6234309623430963,310
356,516,872,1.449438202247191,534
29,379,408,13.068965517241379,348
6,241,247,40.166666666666664,335
882,970,1852,1.0997732426303855,1005
31,26,57,0.8387096774193549,11
8,101,109,12.625,95
452,222,674,0.4911504424778761,230
18,334,352,18.555555555555557,349
97,123,220,1.268041237113402,117
19,106,125,5.578947368421052,100
28,779,807,27.821428571428573,784
57,439,496,7.701754385964913,462
65,62,127,0.9538461538461539,52
2800,56,2856,0.02,45
8,146,154,18.25,151
163,374,537,2.294478527607362,394
21,569,590,27.095238095238095,581
30,355,385,11.833333333333334,375
16,88,104,5.5,84
456,212,668,0.4649122807017544,222
177,40,217,0.22598870056497175,49
196,448,644,2.2857142857142856,469
27,503,530,18.62962962962963,560
15,328,343,21.866666666666667,345
14,68,82,4.857142857142857,59
9,115,124,12.777777777777779,111
25,44,69,1.76,30
812,702,1514,0.8645320197044335,703
20,371,391,18.55,391
23,366,389,15.91304347826087,387
360,872,1232,2.422222222222222,877
16,493,509,30.8125,515
10,400,410,40.0,415
11,455,466,41.36363636363637,483
20,29,49,1.45,15
104,619,723,5.951923076923077,383
43,164,207,3.813953488372093,167
51,25,76,0.49019607843137253,15
20,98,118,4.9,92
3065,187,3252,0.06101141924959217,191
420,80,500,0.19047619047619047,74
6,253,259,42.166666666666664,266
16,294,310,18.375,362
147,290,437,1.9727891156462585,301
79,426,505,5.3924050632911396,452
466,954,1420,2.0472103004291844,978
9,581,590,64.55555555555556,597
20,256,276,12.8,270
13,155,168,11.923076923076923,157
23,404,427,17.565217391304348,425
879,264,1143,0.3003412969283277,274
23,786,809,34.17391304347826,791
442,440,882,0.995475113122172,461
38,372,410,9.789473684210526,389
22,473,495,21.5,494
36,198,234,5.5,408
23,756,779,32.869565217391305,761
129,818,947,6.341085271317829,827
21,697,718,33.19047619047619,707
47,180,227,3.8297872340425534,181
14,376,390,26.857142857142858,239
30,394,424,13.133333333333333,417
58,270,328,4.655172413793103,283
5,38,43,7.6,19
16,204,220,12.75,210
6,142,148,23.666666666666668,140
31,298,329,9.612903225806452,314
85,983,1068,11.564705882352941,1006
15,383,398,25.533333333333335,404
5,115,120,23.0,111
9,116,125,12.88888888888889,114
109,32,141,0.29357798165137616,65
37,654,691,17.675675675675677,664
327,1163,1490,3.5565749235474007,1006
20,317,337,15.85,332
46,31,77,0.6739130434782609,21
572,338,910,0.5909090909090909,357
78,626,704,8.025641025641026,638
12,506,518,42.166666666666664,524
54,176,230,3.259259259259259,181
23,265,288,11.521739130434783,271
544,7,551,0.012867647058823529,1
30,892,922,29.733333333333334,899
34,384,418,11.294117647058824,402
72,393,465,5.458333333333333,407
38,759,797,19.973684210526315,762
549,351,900,0.639344262295082,512
27,298,325,11.037037037037036,316
616,371,987,0.6022727272727273,394
82,511,593,6.2317073170731705,530
97,864,961,8.907216494845361,369
19,450,469,23.68421052631579,470
119,126,245,1.0588235294117647,26
12,373,385,31.083333333333332,413
258,21,279,0.08139534883720931,4
1411,431,1842,0.3054571226080794,453
29,313,342,10.793103448275861,328
15,343,358,22.866666666666667,356
12,114,126,9.5,112
35,390,425,11.142857142857142,406
8,255,263,31.875,264
23,227,250,9.869565217391305,233
17,219,236,12.882352941176471,221
23,120,143,5.217391304347826,119
84,109,193,1.2976190476190477,236
36,302,338,8.38888888888889,318
1172,623,1795,0.5315699658703071,635
9,425,434,47.22222222222222,448
4,278,282,69.5,290
24,41,65,1.7083333333333333,157
28,374,402,13.357142857142858,394
1605,335,1940,0.2087227414330218,357
1215,78,1293,0.06419753086419754,71
972,498,1470,0.5123456790123457,515
12,137,149,11.416666666666666,134
48,147,195,3.0625,146
681,4,685,0.005873715124816446,1
21,107,128,5.095238095238095,199
140,406,546,2.9,422
86,997,1083,11.593023255813954,1006
14,28,42,2.0,12
24,19,43,0.7916666666666666,14
73,66,139,0.9041095890410958,57
105,77,182,0.7333333333333333,67
84,33,117,0.39285714285714285,21
15,42,57,2.8,33
6,88,94,14.666666666666666,78
31,215,246,6.935483870967742,222
39,400,439,10.256410256410257,416
626,310,936,0.4952076677316294,325
772,583,1355,0.7551813471502591,600
30,186,216,6.2,189
494,451,945,0.9129554655870445,472
28,284,312,10.142857142857142,300
512,911,1423,1.779296875,915
177,956,1133,5.401129943502825,964
95,26,121,0.2736842105263158,11
18,64,82,3.5555555555555554,53
37,224,261,6.054054054054054,229
273,955,1228,3.498168498168498,992
26,244,270,9.384615384615385,459
20,258,278,12.9,270
10,193,203,19.3,180
10,125,135,12.5,122
818,407,1225,0.49755501222493886,423
30,219,249,7.3,226
398,318,716,0.7989949748743719,334
80,401,481,5.0125,417
14,92,106,6.571428571428571,86
1256,429,1685,0.34156050955414013,730
25,1061,1086,42.44,1006
9,26,35,2.888888888888889,14
136,68,204,0.5,59
22,55,77,2.5,47
1771,446,2217,0.2518351214003388,468
56,429,485,7.660714285714286,449
17,570,587,33.529411764705884,590
107,88,195,0.822429906542056,80
77,953,1030,12.376623376623376,971
30,156,186,5.2,202
28,90,118,3.2142857142857144,84
25,26,51,1.04,13
35,565,600,16.142857142857142,583
21,470,491,22.38095238095238,489
428,922,1350,2.1542056074766354,925
37,3,40,0.08108108108108109,1
22,995,1017,45.22727272727273,1006
1507,1013,2520,0.6721964167219642,1006
216,342,558,1.5833333333333333,349
8,172,180,21.5,174
762,151,913,0.19816272965879264,198
11,109,120,9.909090909090908,104
33,251,284,7.606060606060606,259
9,115,124,12.777777777777779,111
25,333,358,13.32,430
125,584,709,4.672,599
1502,747,2249,0.4973368841544607,749
19,654,673,34.421052631578945,665
6,166,172,27.666666666666668,172
201,83,284,0.4129353233830846,78
22,262,284,11.909090909090908,269
445,658,1103,1.4786516853932585,674
492,103,595,0.20934959349593496,98
17,410,427,24.11764705882353,429
12,130,142,10.833333333333334,134
8,231,239,28.875,239
273,64,337,0.23443223443223443,51
1333,352,1685,0.26406601650412603,369
12,364,376,30.333333333333332,383
4,436,440,109.0,460
1603,15,1618,0.009357454772301934,1
1243,362,1605,0.2912308930008045,380
12,184,196,15.333333333333334,188
10,212,222,21.2,219
12,462,474,38.5,415
258,55,313,0.2131782945736434,46
19,437,456,23.0,456
134,750,884,5.597014925373134,758
21,696,717,33.142857142857146,704
2615,226,2841,0.0864244741873805,233
413,732,1145,1.7723970944309928,742
11,294,305,26.727272727272727,201
20,417,437,20.85,435
17,319,336,18.764705882352942,336
24,313,337,13.041666666666666,333
9,850,859,94.44444444444444,858
162,459,621,2.8333333333333335,479
1269,9,1278,0.0070921985815602835,1
2233,370,2603,0.16569637259292433,388
23,191,214,8.304347826086957,194
4,218,222,54.5,225
7,440,447,62.857142857142854,462
25,23,48,0.92,25
17,277,294,16.294117647058822,290
8,79,87,9.875,73
185,187,372,1.0108108108108107,194
1821,34,1855,0.018671059857221308,22
4,189,193,47.25,192
44,28,72,0.6363636363636364,15
15,551,566,36.733333333333334,576
159,121,280,0.7610062893081762,120
838,334,1172,0.39856801909307876,174
23,336,359,14.608695652173912,354
9,108,117,12.0,105
1193,92,1285,0.07711651299245599,81
13,187,200,14.384615384615385,192
18,146,164,8.11111111111111,146
6,50,56,8.333333333333334,286
17,389,406,22.88235294117647,466
19,364,383,19.157894736842106,539
7,163,170,23.285714285714285,166
2,94,96,47.0,89
25,170,195,6.8,256
26,438,464,16.846153846153847,460
130,463,593,3.5615384615384613,480
22,376,398,17.09090909090909,394
669,128,797,0.19133034379671152,125
12,407,419,33.916666666666664,428
13,551,564,42.38461538461539,568
88,139,227,1.5795454545454546,139
36,186,222,5.166666666666667,187
24,202,226,8.416666666666666,205
38,62,100,1.631578947368421,53
3702,91,3793,0.024581307401404646,79
109,260,369,2.385321100917431,272
13,386,399,29.692307692307693,412
10,312,322,31.2,325
21,258,279,12.285714285714286,269
8,440,448,55.0,459
554,137,691,0.24729241877256317,135
28,215,243,7.678571428571429,219
13,538,551,41.38461538461539,562
19,264,283,13.894736842105264,278
515,143,658,0.27766990291262134,140
11,232,243,21.09090909090909,209
15,75,90,5.0,66
23,111,134,4.826086956521739,110
468,620,1088,1.3247863247863247,332
16,153,169,9.5625,153
6,596,602,99.33333333333333,611
98,147,245,1.5,145
16,81,97,5.0625,77
1390,38,1428,0.027338129496402876,21
4,363,367,90.75,385
22,73,95,3.3181818181818183,62
5,50,55,10.0,19
41,413,454,10.073170731707316,436
515,320,835,0.6213592233009708,337
970,246,1216,0.2536082474226804,256
4,273,277,68.25,286
88,79,167,0.8977272727272727,73
13,370,383,28.46153846153846,389
59,166,225,2.8135593220338984,168
4,119,123,29.75,116
6,140,146,23.333333333333332,141
36,567,603,15.75,584
20,227,247,11.35,233
938,12,950,0.01279317697228145,1
7,477,484,68.14285714285714,495
49,833,882,17.0,839
377,705,1082,1.870026525198939,720
3044,54,3098,0.017739816031537452,43
19,106,125,5.578947368421052,125
11,256,267,23.272727272727273,268
426,424,850,0.9953051643192489,440
477,10,487,0.020964360587002098,1
9,60,69,6.666666666666667,50
732,333,1065,0.45491803278688525,350
1,10,11,10.0,1
13,391,404,30.076923076923077,417
45,174,219,3.8666666666666667,174
82,1033,1115,12.597560975609756,440
1,10,11,10.0,1
22,330,352,15.0,343
35,253,288,7.228571428571429,261
794,1000,1794,1.2594458438287153,1006
87,388,475,4.459770114942529,410
67,399,466,5.955223880597015,418
22,140,162,6.363636363636363,138
19,381,400,20.05263157894737,403
3,97,100,32.333333333333336,92
165,349,514,2.1151515151515152,370
20,473,493,23.65,495
9,101,110,11.222222222222221,95
9,124,133,13.777777777777779,122
11,204,215,18.545454545454547,204
215,93,308,0.4325581395348837,86
638,164,802,0.25705329153605017,165
22,345,367,15.681818181818182,360
2,10,12,5.0,1
21,391,412,18.61904761904762,411
14,250,264,17.857142857142858,259
685,244,929,0.3562043795620438,256
6,360,366,60.0,323
13,151,164,11.615384615384615,152
1180,243,1423,0.2059322033898305,254
39,76,115,1.9487179487179487,69
68,3,71,0.04411764705882353,6
2401,800,3201,0.3331945022907122,809
3457,520,3977,0.15041943881978595,541
1178,203,1381,0.17232597623089982,212
14,510,524,36.42857142857143,532
12,132,144,11.0,132
163,40,203,0.24539877300613497,31
529,681,1210,1.287334593572779,692
16,185,201,11.5625,190
13,37,50,2.8461538461538463,24
13,453,466,34.84615384615385,474
12,414,426,34.5,438
1940,768,2708,0.3958762886597938,767
2359,34,2393,0.014412886816447647,26
905,489,1394,0.5403314917127072,511
59,48,107,0.8135593220338984,34
45,576,621,12.8,587
21,336,357,16.0,355
80,547,627,6.8375,599
42,706,748,16.80952380952381,510
934,988,1922,1.0578158458244111,1006
10,262,272,26.2,274
10,216,226,21.6,223
14,84,98,6.0,76
14,217,231,15.5,224
282,406,688,1.4397163120567376,422
39,322,361,8.256410256410257,338
231,92,323,0.39826839826839827,85
141,4,145,0.028368794326241134,1
81,446,527,5.506172839506172,463
17,174,191,10.235294117647058,177
15,419,434,27.933333333333334,442
16,396,412,24.75,488
27,39,66,1.4444444444444444,29
423,906,1329,2.141843971631206,908
45,179,224,3.977777777777778,187
9,25,34,2.7777777777777777,6
1,10,11,10.0,1
12,27,39,2.25,11
1,423,424,423.0,442
2,288,290,144.0,430
25,31,56,1.24,11
11,424,435,38.54545454545455,443
178,975,1153,5.477528089887641,980
14,308,322,22.0,321
18,568,586,31.555555555555557,585
16,271,287,16.9375,283
920,993,1913,1.0793478260869565,1006
2,18,20,9.0,1
24,502,526,20.916666666666668,520
4,285,289,71.25,299
89,310,399,3.4831460674157304,325
20,385,405,19.25,403
58,43,101,0.7413793103448276,31
8,614,622,76.75,631
10,144,154,14.4,143
10,180,190,18.0,180
21,370,391,17.61904761904762,390
136,515,651,3.786764705882353,535
14,396,410,28.285714285714285,414
26,51,77,1.9615384615384615,145
10,20,30,2.0,237
11,159,170,14.454545454545455,160
2539,49,2588,0.01929893658920835,35
1799,188,1987,0.10450250138966093,194
88,538,626,6.113636363636363,558
42,29,71,0.6904761904761905,15
247,234,481,0.9473684210526315,681
27,147,174,5.444444444444445,148
19,194,213,10.210526315789474,200
233,191,424,0.8197424892703863,199
6,22,28,3.6666666666666665,7
99,869,968,8.777777777777779,880
10,769,779,76.9,778
2466,316,2782,0.1281427412814274,330
56,301,357,5.375,316
21,104,125,4.9523809523809526,219
15,125,140,8.333333333333334,313
39,611,650,15.666666666666666,626
118,664,782,5.627118644067797,677
46,34,80,0.7391304347826086,23
2697,308,3005,0.11420096403411198,323
133,436,569,3.2781954887218046,456
46,33,79,0.717391304347826,18
9,42,51,4.666666666666667,32
108,73,181,0.6759259259259259,65
42,293,335,6.976190476190476,304
990,45,1035,0.045454545454545456,394
326,251,577,0.7699386503067485,262
18,347,365,19.27777777777778,366
14,46,60,3.2857142857142856,35
17,214,231,12.588235294117647,221
39,307,346,7.871794871794871,320
85,501,586,5.894117647058824,519
2441,1049,3490,0.42974190905366655,1006
958,265,1223,0.2766179540709812,278
402,281,683,0.6990049751243781,298
103,91,194,0.883495145631068,83
197,854,1051,4.33502538071066,856
25,774,799,30.96,768
6,15,21,2.5,1
20,347,367,17.35,365
15,95,110,6.333333333333333,94
34,310,344,9.117647058823529,326
11,877,888,79.72727272727273,893
21,123,144,5.857142857142857,124
14,560,574,40.0,579
311,401,712,1.2893890675241158,424
1436,890,2326,0.6197771587743732,897
26,724,750,27.846153846153847,741
169,647,816,3.828402366863905,659
24,258,282,10.75,267
11,394,405,35.81818181818182,419
225,80,305,0.35555555555555557,24
384,3,387,0.0078125,1
1240,255,1495,0.2056451612903226,267
9,325,334,36.111111111111114,336
13,99,112,7.615384615384615,96
16,294,310,18.375,309
421,7,428,0.0166270783847981,1
11,340,351,30.90909090909091,358
53,841,894,15.867924528301886,850
32,372,404,11.625,392
11,144,155,13.090909090909092,146
2389,307,2696,0.12850565089995813,321
12,421,433,35.083333333333336,445
36,516,552,14.333333333333334,536
24,329,353,13.708333333333334,343
11,270,281,24.545454545454547,281
8,374,382,46.75,394
441,603,1044,1.3673469387755102,620
8,20,28,2.5,4
22,41,63,1.8636363636363635,30
741,926,1667,1.2496626180836707,937
19,292,311,15.368421052631579,309
422,546,968,1.2938388625592416,435
20,337,357,16.85,351
64,3,67,0.046875,1
10,282,292,28.2,297
14,134,148,9.571428571428571,138
12,790,802,65.83333333333333,792
12,303,315,25.25,324
43,375,418,8.720930232558139,388
399,225,624,0.5639097744360902,275
26,109,135,4.1923076923076925,109
23,275,298,11.956521739130435,292
21,324,345,15.428571428571429,338
56,133,189,2.375,134
40,23,63,0.575,7
28,84,112,3.0,78
41,916,957,22.341463414634145,927
22,788,810,35.81818181818182,792
14,360,374,25.714285714285715,381
1648,146,1794,0.08859223300970874,147
107,306,413,2.8598130841121496,323
61,199,260,3.262295081967213,203
48,267,315,5.5625,277
16,87,103,5.4375,80
58,440,498,7.586206896551724,461
13,562,575,43.23076923076923,585
2458,862,3320,0.3506916192026037,872
92,317,409,3.4456521739130435,334
30,120,150,4.0,120
65,567,632,8.723076923076922,586
73,788,861,10.794520547945206,789
21,306,327,14.571428571428571,317
13,220,233,16.923076923076923,229
17,281,298,16.529411764705884,293
497,559,1056,1.124748490945674,498
33,570,603,17.272727272727273,588
15,327,342,21.8,344
44,443,487,10.068181818181818,462
95,37,132,0.3894736842105263,27
1197,565,1762,0.47201336675020883,580
586,564,1150,0.962457337883959,581
119,337,456,2.831932773109244,357
20,328,348,16.4,341
33,224,257,6.787878787878788,234
21,385,406,18.333333333333332,406
136,965,1101,7.095588235294118,983
13,416,429,32.0,436
10,577,587,57.7,597
26,454,480,17.46153846153846,474
20,288,308,14.4,301
8,150,158,18.75,151
1875,233,2108,0.12426666666666666,241
11,13,24,1.1818181818181819,1
32,117,149,3.65625,116
109,502,611,4.605504587155964,523
42,163,205,3.880952380952381,170
138,237,375,1.7173913043478262,243
26,62,88,2.3846153846153846,54
29,223,252,7.689655172413793,226
29,68,97,2.3448275862068964,57
50,271,321,5.42,285
25,277,302,11.08,291
18,268,286,14.88888888888889,279
124,26,150,0.20967741935483872,14
144,612,756,4.25,626
25,588,613,23.52,272
88,404,492,4.590909090909091,423
22,147,169,6.681818181818182,150
25,382,407,15.28,403
402,353,755,0.8781094527363185,369
242,464,706,1.9173553719008265,485
19,181,200,9.526315789473685,186
213,887,1100,4.164319248826291,511
31,298,329,9.612903225806452,314
8,48,56,6.0,39
389,161,550,0.4138817480719794,48
13,106,119,8.153846153846153,102
15,1074,1089,71.6,1006
28,861,889,30.75,867
444,757,1201,1.704954954954955,759
7,237,244,33.857142857142854,246
38,618,656,16.263157894736842,459
22,238,260,10.818181818181818,246
13,245,258,18.846153846153847,253
11,160,171,14.545454545454545,163
28,935,963,33.392857142857146,199
14,123,137,8.785714285714286,123
17,535,552,31.470588235294116,553
15,299,314,19.933333333333334,315
28,259,287,9.25,266
18,201,219,11.166666666666666,207
2,704,706,352.0,707
130,408,538,3.1384615384615384,425
5,314,319,62.8,332
74,513,587,6.9324324324324325,532
9,116,125,12.88888888888889,91
34,1121,1155,32.970588235294116,1006
43,60,103,1.3953488372093024,47
102,597,699,5.852941176470588,579
1244,600,1844,0.48231511254019294,614
14,133,147,9.5,133
53,276,329,5.2075471698113205,287
24,193,217,8.041666666666666,198
11,346,357,31.454545454545453,333
14,373,387,26.642857142857142,393
98,646,744,6.591836734693878,655
29,534,563,18.413793103448278,554
41,292,333,7.121951219512195,304
27,340,367,12.592592592592593,358
8,330,338,41.25,249
10,234,244,23.4,241
22,231,253,10.5,245
16,107,123,6.6875,103
63,580,643,9.206349206349206,593
41,287,328,7.0,301
8,374,382,46.75,400
23,104,127,4.521739130434782,98
16,29,45,1.8125,14
40,325,365,8.125,342
50,917,967,18.34,921
138,248,386,1.7971014492753623,255
34,240,274,7.0588235294117645,249
17,485,502,28.529411764705884,510
8,188,196,23.5,189
3,10,13,3.3333333333333335,1
16,290,306,18.125,308
17,302,319,17.764705882352942,314
18,292,310,16.22222222222222,736
15,279,294,18.6,296
135,31,166,0.22962962962962963,279
305,57,362,0.18688524590163935,50
5,703,708,140.6,714
23,246,269,10.695652173913043,256
34,304,338,8.941176470588236,319
13,242,255,18.615384615384617,208
19,39,58,2.0526315789473686,26
1547,195,1742,0.12605042016806722,200
19,227,246,11.947368421052632,230
41,193,234,4.7073170731707314,195
13,446,459,34.30769230769231,464
33,734,767,22.242424242424242,739
13,62,75,4.769230769230769,274
7,82,89,11.714285714285714,75
274,295,569,1.0766423357664234,308
236,356,592,1.5084745762711864,374
1,10,11,10.0,1
733,698,1431,0.9522510231923602,710
32,411,443,12.84375,432
1236,459,1695,0.3713592233009709,301
13,301,314,23.153846153846153,161
1048,199,1247,0.1898854961832061,297
68,441,509,6.485294117647059,465
16,166,182,10.375,167
20,397,417,19.85,413
114,101,215,0.8859649122807017,101
2180,80,2260,0.03669724770642202,71
6,22,28,3.6666666666666665,5
35,93,128,2.657142857142857,89
20,181,201,9.05,185
21,156,177,7.428571428571429,156
7,142,149,20.285714285714285,140
81,237,318,2.925925925925926,246
5,466,471,93.2,483
37,950,987,25.675675675675677,960
15,298,313,19.866666666666667,313
30,329,359,10.966666666666667,345
14,50,64,3.5714285714285716,40
569,733,1302,1.2882249560632688,742
25,171,196,6.84,374
86,997,1083,11.593023255813954,1006
54,34,88,0.6296296296296297,20
12,61,73,5.083333333333333,49
1616,183,1799,0.11324257425742575,191
60,983,1043,16.383333333333333,1006
162,296,458,1.8271604938271604,303
16,203,219,12.6875,207
2647,205,2852,0.07744616547034379,348
4,267,271,66.75,274
57,534,591,9.368421052631579,548
16,302,318,18.875,316
14,256,270,18.285714285714285,266
11,91,102,8.272727272727273,82
268,308,576,1.1492537313432836,327
3,36,39,12.0,22
5,912,917,182.4,922
9,107,116,11.88888888888889,100
1073,736,1809,0.6859273066169618,743
67,355,422,5.298507462686567,501
88,709,797,8.056818181818182,718
438,486,924,1.1095890410958904,504
339,130,469,0.3834808259587021,126
454,412,866,0.9074889867841409,432
3,62,65,20.666666666666668,54
17,904,921,53.1764705882353,914
1147,105,1252,0.09154315605928509,101
7,160,167,22.857142857142858,149
6,189,195,31.5,193
16,329,345,20.5625,343
103,785,888,7.621359223300971,783
46,526,572,11.434782608695652,546
11,20,31,1.8181818181818181,6
1,10,11,10.0,1
745,551,1296,0.7395973154362416,568
1147,1061,2208,0.9250217959895379,1006
15,34,49,2.2666666666666666,20
17,104,121,6.117647058823529,99
40,113,153,2.825,110
16,123,139,7.6875,341
15,157,172,10.466666666666667,156
8,264,272,33.0,282
166,445,611,2.680722891566265,462
21,97,118,4.619047619047619,100
75,985,1060,13.133333333333333,1006
11,211,222,19.181818181818183,217
654,237,891,0.3623853211009174,230
52,210,262,4.038461538461538,217
58,418,476,7.206896551724138,435
5,248,253,49.6,256
13,261,274,20.076923076923077,273
40,423,463,10.575,443
6,312,318,52.0,329
128,284,412,2.21875,295
508,437,945,0.860236220472441,460
51,515,566,10.098039215686274,539
31,422,453,13.612903225806452,443
42,293,335,6.976190476190476,304
44,176,220,4.0,178
126,145,271,1.1507936507936507,144
10,75,85,7.5,67
44,330,374,7.5,347
11,77,88,7.0,77
7,289,296,41.285714285714285,283
828,297,1125,0.358695652173913,443
1736,816,2552,0.4700460829493088,819
79,665,744,8.417721518987342,682
36,86,122,2.388888888888889,81
22,351,373,15.954545454545455,366
34,671,705,19.735294117647058,688
1451,841,2292,0.5796002756719504,851
591,923,1514,1.5617597292724197,927
61,170,231,2.7868852459016393,173
134,446,580,3.328358208955224,468
2708,1172,3880,0.4327917282127031,1006
53,74,127,1.3962264150943395,204
12,315,327,26.25,333
223,417,640,1.8699551569506727,435
351,813,1164,2.3162393162393164,819
10,98,108,9.8,92
15,378,393,25.2,402
37,357,394,9.64864864864865,378
66,299,365,4.53030303030303,313
25,216,241,8.64,227
1412,577,1989,0.4086402266288952,593
6,105,111,17.5,102
7,200,207,28.571428571428573,207
3,310,313,103.33333333333333,333
15,293,308,19.533333333333335,299
539,258,797,0.47866419294990725,269
3420,159,3579,0.04649122807017544,161
3132,60,3192,0.019157088122605363,50
8,365,373,45.625,385
8,388,396,48.5,407
36,719,755,19.97222222222222,633
447,36,483,0.08053691275167785,25
4,375,379,93.75,396
25,383,408,15.32,430
6,391,397,65.16666666666667,416
149,182,331,1.221476510067114,189
870,850,1720,0.9770114942528736,860
42,715,757,17.023809523809526,723
9,494,503,54.888888888888886,518
27,197,224,7.296296296296297,200
202,472,674,2.3366336633663365,511
8,117,125,14.625,114
121,609,730,5.033057851239669,620
30,190,220,6.333333333333333,193
17,222,239,13.058823529411764,230
11,114,125,10.363636363636363,109
7,345,352,49.285714285714285,365
18,212,230,11.777777777777779,147
7,33,40,4.714285714285714,21
85,169,254,1.988235294117647,173
17,408,425,24.0,434
1140,7,1147,0.0061403508771929825,1
84,67,151,0.7976190476190477,56
3002,435,3437,0.14490339773484343,418
21,366,387,17.428571428571427,384
767,111,878,0.14471968709256844,107
57,68,125,1.1929824561403508,62
1200,186,1386,0.155,187
33,212,245,6.424242424242424,220
85,584,669,6.870588235294117,598
5,78,83,15.6,69
84,613,697,7.2976190476190474,626
19,374,393,19.68421052631579,399
58,13,71,0.22413793103448276,1
27,145,172,5.37037037037037,147
5,766,771,153.2,771
6,134,140,22.333333333333332,136
14,133,147,9.5,132
104,496,600,4.769230769230769,513
8,422,430,52.75,445
10,313,323,31.3,329
34,386,420,11.352941176470589,403
19,648,667,34.10526315789474,658
12,110,122,9.166666666666666,107
17,184,201,10.823529411764707,187
28,577,605,20.607142857142858,592
55,406,461,7.381818181818182,426
13,314,327,24.153846153846153,330
249,786,1035,3.1566265060240966,795
212,137,349,0.6462264150943396,140
13,207,220,15.923076923076923,212
15,643,658,42.86666666666667,656
10,186,196,18.6,191
1405,245,1650,0.17437722419928825,255
6,255,261,42.5,264
6,31,37,5.166666666666667,21
16,305,321,19.0625,400
8,260,268,32.5,272
136,232,368,1.7058823529411764,491
17,246,263,14.470588235294118,293
575,7,582,0.01217391304347826,1
34,408,442,12.0,426
21,542,563,25.80952380952381,562
261,130,391,0.49808429118773945,114
207,483,690,2.3333333333333335,504
30,302,332,10.066666666666666,319
21,246,267,11.714285714285714,253
85,614,699,7.223529411764706,629
232,382,614,1.646551724137931,400
17,80,97,4.705882352941177,73
251,431,682,1.7171314741035857,458
254,206,460,0.8110236220472441,215
9,276,285,30.666666666666668,289
31,138,169,4.451612903225806,141
11,370,381,33.63636363636363,391
771,355,1126,0.4604409857328145,374
74,565,639,7.635135135135135,590
156,533,689,3.4166666666666665,558
24,298,322,12.416666666666666,313
19,575,594,30.263157894736842,594
27,451,478,16.703703703703702,467
12,351,363,29.25,376
32,416,448,13.0,437
103,29,132,0.2815533980582524,344
183,135,318,0.7377049180327869,122
24,3,27,0.125,1
11,347,358,31.545454545454547,363
13,203,216,15.615384615384615,208
183,142,325,0.7759562841530054,108
15,932,947,62.13333333333333,959
40,899,939,22.475,906
15,250,265,16.666666666666668,258
8,18,26,2.25,3
1066,632,1698,0.5928705440900562,650
399,348,747,0.8721804511278195,363
15,497,512,33.13333333333333,516
20,287,307,14.35,302
16,263,279,16.4375,276
328,47,375,0.14329268292682926,495
613,68,681,0.11092985318107668,60
897,325,1222,0.36231884057971014,341
178,787,965,4.421348314606742,787
137,362,499,2.6423357664233578,383
22,19,41,0.8636363636363636,2
87,511,598,5.873563218390805,537
96,8,104,0.08333333333333333,1
11,400,411,36.36363636363637,419
16,213,229,13.3125,217
9,265,274,29.444444444444443,276
261,106,367,0.4061302681992337,114
201,83,284,0.4129353233830846,78
12,511,523,42.583333333333336,461
945,201,1146,0.2126984126984127,205
17,484,501,28.470588235294116,499
21,389,410,18.523809523809526,411
321,307,628,0.956386292834891,316
40,718,758,17.95,729
33,51,84,1.5454545454545454,41
31,24,55,0.7741935483870968,11
6,22,28,3.6666666666666665,8
18,267,285,14.833333333333334,279
17,261,278,15.352941176470589,274
509,147,656,0.2888015717092338,146
5,249,254,49.8,264
239,257,496,1.0753138075313808,263
12,242,254,20.166666666666668,252
330,886,1216,2.684848484848485,888
16,134,150,8.375,101
22,454,476,20.636363636363637,478
2085,30,2115,0.014388489208633094,16
9,398,407,44.22222222222222,202
25,325,350,13.0,339
26,366,392,14.076923076923077,384
6,208,214,34.666666666666664,209
96,315,411,3.28125,332
36,86,122,2.388888888888889,81
1111,131,1242,0.11791179117911792,131
31,558,589,18.0,580
26,490,516,18.846153846153847,506
10,124,134,12.4,120
36,605,641,16.805555555555557,613
14,232,246,16.571428571428573,247
26,73,99,2.8076923076923075,63
23,714,737,31.043478260869566,725
33,361,394,10.93939393939394,414
11,319,330,29.0,338
1620,228,1848,0.14074074074074075,238
486,42,528,0.08641975308641975,30
119,164,283,1.3781512605042017,165
14,144,158,10.285714285714286,145
7,229,236,32.714285714285715,237
36,45,81,1.25,32
33,48,81,1.4545454545454546,36
1502,177,1679,0.11784287616511319,180
66,210,276,3.1818181818181817,216
8,45,53,5.625,36
12,286,298,23.833333333333332,298
35,803,838,22.942857142857143,806
14,184,198,13.142857142857142,186
18,373,391,20.72222222222222,392
656,51,707,0.07774390243902439,41
10,326,336,32.6,313
11,70,81,6.363636363636363,62
12,401,413,33.416666666666664,356
1638,1219,2857,0.7442002442002442,1006
13,411,424,31.615384615384617,432
11,730,741,66.36363636363636,732
14,128,142,9.142857142857142,128
84,76,160,0.9047619047619048,72
205,785,990,3.8292682926829267,789
24,160,184,6.666666666666667,162
16,227,243,14.1875,237
139,588,727,4.23021582733813,604
8,289,297,36.125,297
20,127,147,6.35,127
43,22,65,0.5116279069767442,8
64,216,280,3.375,223
12,483,495,40.25,503
158,27,185,0.17088607594936708,12
14,26,40,1.8571428571428572,10
18,115,133,6.388888888888889,110
19,64,83,3.3684210526315788,52
17,90,107,5.294117647058823,84
6,224,230,37.333333333333336,232
14,305,319,21.785714285714285,318
13,571,584,43.92307692307692,592
19,225,244,11.842105263157896,228
7,372,379,53.142857142857146,354
93,179,272,1.924731182795699,185
60,50,110,0.8333333333333334,32
17,239,256,14.058823529411764,252
373,17,390,0.045576407506702415,2
17,31,48,1.8235294117647058,18
310,664,974,2.141935483870968,673
13,304,317,23.384615384615383,320
86,168,254,1.9534883720930232,36
51,65,116,1.2745098039215685,58
14,222,236,15.857142857142858,226
27,13,40,0.48148148148148145,1
36,417,453,11.583333333333334,437
38,261,299,6.868421052631579,271
1341,115,1456,0.08575689783743475,100
27,652,679,24.14814814814815,658
2856,53,2909,0.018557422969187675,47
33,991,1024,30.03030303030303,1006
734,386,1120,0.5258855585831063,408
17,749,766,44.05882352941177,759
7,83,90,11.857142857142858,74
37,377,414,10.18918918918919,398
11,518,529,47.09090909090909,539
14,525,539,37.5,543
124,3,127,0.024193548387096774,127
21,322,343,15.333333333333334,342
47,243,290,5.170212765957447,251
12,264,276,22.0,272
102,282,384,2.764705882352941,297
35,1008,1043,28.8,1006
12,189,201,15.75,193
77,734,811,9.532467532467532,746
15,808,823,53.86666666666667,816
16,124,140,7.75,127
11,275,286,25.0,290
10,299,309,29.9,329
32,165,197,5.15625,165
1,10,11,10.0,1
133,547,680,4.112781954887218,567
96,9,105,0.09375,1
22,512,534,23.272727272727273,534
12,185,197,15.416666666666666,190
1082,275,1357,0.2541589648798521,285
137,511,648,3.72992700729927,530
15,318,333,21.2,331
490,254,744,0.5183673469387755,153
24,230,254,9.583333333333334,237
33,292,325,8.848484848484848,309
28,167,195,5.964285714285714,167
141,321,462,2.276595744680851,342
17,775,792,45.588235294117645,781
25,252,277,10.08,264
4,27,31,6.75,12
15,388,403,25.866666666666667,406
58,273,331,4.706896551724138,284
40,433,473,10.825,455
243,867,1110,3.567901234567901,873
34,93,127,2.735294117647059,87
2161,989,3150,0.45765849143914855,929
30,51,81,1.7,40
15,222,237,14.8,236
158,175,333,1.1075949367088607,176
11,365,376,33.18181818181818,385
22,218,240,9.909090909090908,228
1647,293,1940,0.17789921068609593,309
14,79,93,5.642857142857143,70
7,127,134,18.142857142857142,125
278,414,692,1.4892086330935252,431
6,365,371,60.833333333333336,170
708,251,959,0.3545197740112994,260
75,355,430,4.733333333333333,371
6,447,453,74.5,468
35,601,636,17.17142857142857,614
3,9,12,3.0,1
39,47,86,1.205128205128205,35
1270,203,1473,0.15984251968503937,206
1967,323,2290,0.16420945602440265,338
36,347,383,9.63888888888889,362
32,456,488,14.25,476
247,369,616,1.4939271255060729,388
27,270,297,10.0,280
24,281,305,11.708333333333334,273
709,41,750,0.05782792665726375,32
39,256,295,6.564102564102564,267
107,473,580,4.420560747663552,494
153,456,609,2.980392156862745,475
17,302,319,17.764705882352942,318
17,236,253,13.882352941176471,241
17,904,921,53.1764705882353,914
116,105,221,0.9051724137931034,103
1543,112,1655,0.07258587167854828,415
9,119,128,13.222222222222221,121
27,91,118,3.3703703703703702,82
14,134,148,9.571428571428571,134
11,454,465,41.27272727272727,474
3134,489,3623,0.15603063178047225,511
102,188,290,1.8431372549019607,193
83,597,680,7.192771084337349,615
74,31,105,0.4189189189189189,19
2572,376,2948,0.14618973561430793,397
42,186,228,4.428571428571429,265
26,360,386,13.846153846153847,376
17,472,489,27.764705882352942,494
14,185,199,13.214285714285714,189
18,486,504,27.0,510
3377,122,3499,0.0361267397098016,146
9,307,316,34.111111111111114,324
298,440,738,1.476510067114094,327
58,325,383,5.603448275862069,344
375,428,803,1.1413333333333333,450
198,374,572,1.8888888888888888,393
702,712,1414,1.0142450142450143,721
17,94,111,5.529411764705882,90
9,255,264,28.333333333333332,269
24,595,619,24.791666666666668,611
1526,739,2265,0.4842726081258191,751
29,544,573,18.75862068965517,565
238,312,550,1.3109243697478992,330
49,833,882,17.0,839
17,891,908,52.411764705882355,908
1892,360,2252,0.19027484143763213,377
11,84,95,7.636363636363637,76
149,774,923,5.194630872483222,781
364,406,770,1.1153846153846154,421
21,18,39,0.8571428571428571,1
833,52,885,0.062424969987995196,39
36,387,423,10.75,407
10,186,196,18.6,192
51,54,105,1.0588235294117647,40
58,790,848,13.620689655172415,653
42,180,222,4.285714285714286,185
7,117,124,16.714285714285715,149
19,250,269,13.157894736842104,259
2,10,12,5.0,1
80,187,267,2.3375,359
21,349,370,16.61904761904762,364
3,231,234,77.0,280
9,532,541,59.111111111111114,551
12,155,167,12.916666666666666,157
95,62,157,0.6526315789473685,51
831,581,1412,0.6991576413959085,596
15,69,84,4.6,61
11,474,485,43.09090909090909,492
23,226,249,9.826086956521738,236
20,738,758,36.9,744
318,64,382,0.20125786163522014,57
8,336,344,42.0,356
242,7,249,0.028925619834710745,1
35,455,490,13.0,474
5,76,81,15.2,67
2653,258,2911,0.09724839803995476,269
12,120,132,10.0,116
54,42,96,0.7777777777777778,31
598,510,1108,0.8528428093645485,532
232,193,425,0.8318965517241379,196
2067,13,2080,0.006289308176100629,1
11,325,336,29.545454545454547,340
4,154,158,38.5,156
2952,212,3164,0.07181571815718157,218
435,351,786,0.8068965517241379,369
59,63,122,1.0677966101694916,60
197,495,692,2.512690355329949,389
39,684,723,17.53846153846154,693
4,47,51,11.75,49
5,44,49,8.8,29
52,258,310,4.961538461538462,274
7,158,165,22.571428571428573,162
37,355,392,9.594594594594595,374
15,779,794,51.93333333333333,784
64,33,97,0.515625,20
85,375,460,4.411764705882353,396
14,343,357,24.5,364
33,258,291,7.818181818181818,722
1611,256,1867,0.15890751086281812,770
238,872,1110,3.6638655462184873,618
27,271,298,10.037037037037036,281
56,305,361,5.446428571428571,322
1153,135,1288,0.1170858629661752,131
56,289,345,5.160714285714286,308
1978,882,2860,0.44590495449949447,887
17,158,175,9.294117647058824,156
1482,12,1494,0.008097165991902834,5
11,461,472,41.90909090909091,481
172,268,440,1.558139534883721,279
11,290,301,26.363636363636363,304
84,570,654,6.785714285714286,586
17,152,169,8.941176470588236,154
31,129,160,4.161290322580645,433
65,17,82,0.26153846153846155,43
8,15,23,1.875,17
5,167,172,33.4,171
15,427,442,28.466666666666665,449
110,681,791,6.1909090909090905,698
26,37,63,1.4230769230769231,23
15,248,263,16.533333333333335,258
28,361,389,12.892857142857142,383
101,54,155,0.5346534653465347,43
3390,441,3831,0.13008849557522123,67
25,52,77,2.08,41
22,61,83,2.772727272727273,52
11,340,351,30.90909090909091,358
24,33,57,1.375,14
15,79,94,5.266666666666667,72
12,283,295,23.583333333333332,297
37,423,460,11.432432432432432,439
291,291,582,1.0,302
260,220,480,0.8461538461538461,226
66,366,432,5.545454545454546,387
28,400,428,14.285714285714286,422
11,855,866,77.72727272727273,862
198,10,208,0.050505050505050504,1
783,70,853,0.08939974457215837,57
46,718,764,15.608695652173912,729
17,640,657,37.64705882352941,652
17,357,374,21.0,366
14,615,629,43.92857142857143,630
10,353,363,35.3,375
8,106,114,13.25,100
7,401,408,57.285714285714285,298
1096,258,1354,0.2354014598540146,93
35,69,104,1.9714285714285715,56
59,215,274,3.6440677966101696,222
8,528,536,66.0,548
28,284,312,10.142857142857142,296
10,137,147,13.7,138
2621,314,2935,0.1198016024418161,330
13,534,547,41.07692307692308,553
181,673,854,3.718232044198895,682
102,334,436,3.2745098039215685,351
176,733,909,4.1647727272727275,746
82,547,629,6.670731707317073,569
17,409,426,24.058823529411764,425
13,406,419,31.23076923076923,430
70,54,124,0.7714285714285715,41
57,143,200,2.508771929824561,139
15,108,123,7.2,104
1048,231,1279,0.22041984732824427,115
1275,29,1304,0.022745098039215685,53
38,237,275,6.2368421052631575,249
11,182,193,16.545454545454547,177
25,243,268,9.72,244
8,33,41,4.125,18
67,537,604,8.014925373134329,556
9,155,164,17.22222222222222,155
519,395,914,0.7610789980732178,412
318,526,844,1.6540880503144655,543
130,919,1049,7.069230769230769,911
6,752,758,125.33333333333333,755
26,180,206,6.923076923076923,183
47,83,130,1.7659574468085106,74
1154,529,1683,0.4584055459272097,379
1,10,11,10.0,1
2532,347,2879,0.13704581358609794,365
32,258,290,8.0625,265
244,87,331,0.35655737704918034,81
15,74,89,4.933333333333334,66
33,168,201,5.090909090909091,168
56,760,816,13.571428571428571,768
609,262,871,0.4302134646962233,275
1,10,11,10.0,1
10,244,254,24.4,250
101,42,143,0.4158415841584158,29
2381,16,2397,0.006719865602687947,1
133,313,446,2.3533834586466167,326
297,282,579,0.9494949494949495,382
34,576,610,16.941176470588236,594
70,500,570,7.142857142857143,521
11,100,111,9.090909090909092,91
39,620,659,15.897435897435898,629
1758,364,2122,0.20705346985210465,385
228,1025,1253,4.495614035087719,1006
28,321,349,11.464285714285714,341
12,333,345,27.75,350
6,133,139,22.166666666666668,134
196,514,710,2.622448979591837,531
1967,499,2466,0.253685815963396,521
46,811,857,17.630434782608695,827
229,188,417,0.8209606986899564,195
8,4,12,0.5,1
25,229,254,9.16,238
8,225,233,28.125,232
25,432,457,17.28,455
59,554,613,9.389830508474576,575
16,200,216,12.5,204
54,327,381,6.055555555555555,346
46,328,374,7.130434782608695,347
40,1016,1056,25.4,1006
19,749,768,39.421052631578945,757
713,136,849,0.19074333800841514,135
10,534,544,53.4,555
5,211,216,42.2,168
31,652,683,21.032258064516128,662
25,94,119,3.76,425
63,97,160,1.5396825396825398,96
3460,182,3642,0.05260115606936416,189
34,481,515,14.147058823529411,505
1139,81,1220,0.07111501316944688,76
74,289,363,3.9054054054054053,300
1,10,11,10.0,1
51,473,524,9.27450980392157,492
30,469,499,15.633333333333333,494
7,89,96,12.714285714285714,80
28,22,50,0.7857142857142857,3
714,258,972,0.36134453781512604,283
221,198,419,0.8959276018099548,206
79,728,807,9.215189873417721,741
27,205,232,7.592592592592593,207
6,381,387,63.5,408
20,222,242,11.1,231
357,354,711,0.9915966386554622,370
43,117,160,2.7209302325581395,115
1507,1013,2520,0.6721964167219642,1006
87,107,194,1.2298850574712643,108
153,205,358,1.3398692810457515,212
1988,541,2529,0.2721327967806841,562
32,722,754,22.5625,733
58,476,534,8.206896551724139,539
29,204,233,7.0344827586206895,213
7,274,281,39.142857142857146,286
2,26,28,13.0,8
645,929,1574,1.4403100775193798,954
11,425,436,38.63636363636363,451
16,678,694,42.375,366
203,7,210,0.034482758620689655,1
577,60,637,0.10398613518197573,51
92,232,324,2.5217391304347827,240
248,243,491,0.9798387096774194,253
75,259,334,3.453333333333333,263
19,311,330,16.36842105263158,326
18,312,330,17.333333333333332,330
71,261,332,3.676056338028169,142
746,575,1321,0.7707774798927614,481
9,395,404,43.888888888888886,416
15,224,239,14.933333333333334,231
21,190,211,9.047619047619047,195
134,956,1090,7.134328358208955,962
3956,2,3958,0.0005055611729019212,1
223,318,541,1.4260089686098654,335
227,115,342,0.5066079295154186,435
9,822,831,91.33333333333333,702
9,337,346,37.44444444444444,752
15,77,92,5.133333333333334,57
432,396,828,0.9166666666666666,417
5,113,118,22.6,110
18,821,839,45.611111111111114,833
4,75,79,18.75,67
5,120,125,24.0,117
8,387,395,48.375,405
55,383,438,6.963636363636364,401
593,335,928,0.5649241146711635,353
6,81,87,13.5,73
330,886,1216,2.684848484848485,888
19,262,281,13.789473684210526,275
43,960,1003,22.325581395348838,988
683,904,1587,1.3235724743777453,711
1920,115,2035,0.059895833333333336,112
147,292,439,1.9863945578231292,307
3022,125,3147,0.0413633355393779,121
40,208,248,5.2,216
12,144,156,12.0,147
40,791,831,19.775,429
9,160,169,17.77777777777778,160
84,277,361,3.2976190476190474,286
26,303,329,11.653846153846153,316
10,22,32,2.2,6
1502,422,1924,0.2809587217043941,444
18,139,157,7.722222222222222,139
77,387,464,5.025974025974026,402
16,158,174,9.875,161
554,387,941,0.6985559566787004,703
9,323,332,35.888888888888886,336
46,545,591,11.847826086956522,567
8,282,290,35.25,298
23,167,190,7.260869565217392,168
12,140,152,11.666666666666666,138
1256,4,1260,0.0031847133757961785,1
55,223,278,4.054545454545455,227
75,150,225,2.0,150
13,214,227,16.46153846153846,371
192,161,353,0.8385416666666666,165
84,670,754,7.976190476190476,683
15,282,297,18.8,295
21,135,156,6.428571428571429,136
14,65,79,4.642857142857143,419
66,255,321,3.8636363636363638,260
16,123,139,7.6875,123
584,286,870,0.4897260273972603,978
758,1069,1827,1.4102902374670185,1006
8,464,472,58.0,485
222,44,266,0.1981981981981982,1
1194,367,1561,0.3073701842546064,376
22,119,141,5.409090909090909,388
7,257,264,36.714285714285715,268
13,301,314,23.153846153846153,320
65,37,102,0.5692307692307692,43
36,17,53,0.4722222222222222,1
1006,433,1439,0.4304174950298211,450
18,144,162,8.0,146
332,36,368,0.10843373493975904,23
22,64,86,2.909090909090909,60
1251,268,1519,0.21422861710631494,283
13,98,111,7.538461538461538,87
54,730,784,13.518518518518519,388
165,323,488,1.9575757575757575,102
11,484,495,44.0,396
17,314,331,18.470588235294116,330
24,15,39,0.625,2
111,255,366,2.2972972972972974,266
41,111,152,2.707317073170732,109
59,282,341,4.779661016949152,301
6,36,42,6.0,23
294,7,301,0.023809523809523808,1
342,207,549,0.6052631578947368,216
11,369,380,33.54545454545455,391
9,24,33,2.6666666666666665,14
575,7,582,0.01217391304347826,1
115,250,365,2.1739130434782608,279
24,525,549,21.875,547
22,487,509,22.136363636363637,508
16,359,375,22.4375,376
24,33,57,1.375,24
360,227,587,0.6305555555555555,235
9,123,132,13.666666666666666,123
26,12,38,0.46153846153846156,1
55,364,419,6.618181818181818,382
225,983,1208,4.368888888888889,811
30,298,328,9.933333333333334,312
14,342,356,24.428571428571427,365
78,675,753,8.653846153846153,715
11,124,135,11.272727272727273,125
201,6,207,0.029850746268656716,1
114,201,315,1.763157894736842,205
81,508,589,6.271604938271605,530
35,411,446,11.742857142857142,430
91,68,159,0.7472527472527473,60
1167,577,1744,0.4944301628106255,8
23,50,73,2.1739130434782608,41
22,551,573,25.045454545454547,690
250,936,1186,3.744,944
9,102,111,11.333333333333334,98
7,108,115,15.428571428571429,149
41,233,274,5.682926829268292,255
9,457,466,50.77777777777778,476
26,436,462,16.76923076923077,459
17,344,361,20.235294117647058,359
3681,5,3686,0.0013583265417006249,1
99,374,473,3.7777777777777777,394
46,106,152,2.3043478260869565,218
18,345,363,19.166666666666668,362
1,10,11,10.0,1
6,430,436,71.66666666666667,453
135,237,372,1.7555555555555555,247
6,98,104,16.333333333333332,92
102,282,384,2.764705882352941,297
85,284,369,3.3411764705882354,297
2,10,12,5.0,1
214,479,693,2.2383177570093458,500
9,45,54,5.0,34
14,270,284,19.285714285714285,284
10,350,360,35.0,370
12,333,345,27.75,353
128,408,536,3.1875,424
11,163,174,14.818181818181818,168
31,224,255,7.225806451612903,232
1878,715,2593,0.38072417465388714,730
59,260,319,4.406779661016949,271
50,145,195,2.9,146
28,154,182,5.5,157
762,151,913,0.19816272965879264,198
1556,529,2085,0.33997429305912596,543
81,380,461,4.691358024691358,398
10,218,228,21.8,224
62,43,105,0.6935483870967742,27
249,59,308,0.23694779116465864,46
17,245,262,14.411764705882353,253
5,59,64,11.8,47
210,572,782,2.723809523809524,589
1099,503,1602,0.45768880800727935,524
443,585,1028,1.3205417607223475,602
62,119,181,1.9193548387096775,115
17,499,516,29.352941176470587,517
45,147,192,3.2666666666666666,94
19,241,260,12.68421052631579,248
8,271,279,33.875,287
636,7,643,0.0110062893081761,1
12,237,249,19.75,246
36,269,305,7.472222222222222,282
50,31,81,0.62,17
248,176,424,0.7096774193548387,180
9,64,73,7.111111111111111,54
16,50,66,3.125,37
326,122,448,0.37423312883435583,118
95,328,423,3.4526315789473685,344
14,251,265,17.928571428571427,260
10,145,155,14.5,329
143,15,158,0.1048951048951049,1
38,372,410,9.789473684210526,389
2473,98,2571,0.03962798220784472,89
286,3,289,0.01048951048951049,1
15,342,357,22.8,358
1,14,15,14.0,1
26,43,69,1.6538461538461537,31
104,279,383,2.6826923076923075,295
161,416,577,2.5838509316770186,436
20,420,440,21.0,441
20,386,406,19.3,404
20,63,83,3.15,54
15,248,263,16.533333333333335,260
22,788,810,35.81818181818182,792
43,476,519,11.069767441860465,490
86,109,195,1.2674418604651163,105
421,7,428,0.0166270783847981,1
3292,355,3647,0.10783718104495747,232
22,105,127,4.7727272727272725,102
25,24,49,0.96,10
29,74,103,2.5517241379310347,62
5,85,90,17.0,76
30,357,387,11.9,372
1118,332,1450,0.29695885509839,345
14,37,51,2.642857142857143,25
25,70,95,2.8,59
29,291,320,10.03448275862069,306
698,905,1603,1.2965616045845272,914
5,21,26,4.2,5
88,520,608,5.909090909090909,542
7,37,44,5.285714285714286,22
32,71,103,2.21875,63
18,157,175,8.722222222222221,159
911,667,1578,0.7321624588364435,341
31,99,130,3.193548387096774,134
16,28,44,1.75,15
949,140,1089,0.1475237091675448,139
2,1033,1035,516.5,392
19,313,332,16.473684210526315,331
7,485,492,69.28571428571429,510
43,100,143,2.3255813953488373,238
16,433,449,27.0625,451
53,65,118,1.2264150943396226,57
25,47,72,1.88,31
113,622,735,5.504424778761062,634
15,253,268,16.866666666666667,264
8,110,118,13.75,108
1,10,11,10.0,1
13,132,145,10.153846153846153,131
24,403,427,16.791666666666668,424
64,381,445,5.953125,405
347,484,831,1.3948126801152738,511
12,718,730,59.833333333333336,726
14,191,205,13.642857142857142,195
1709,950,2659,0.5558806319485079,504
628,789,1417,1.2563694267515924,793
57,49,106,0.8596491228070176,38
1260,203,1463,0.16111111111111112,213
49,104,153,2.122448979591837,340
25,106,131,4.24,100
23,567,590,24.652173913043477,249
13,383,396,29.46153846153846,408
50,212,262,4.24,215
29,518,547,17.862068965517242,538
7,827,834,118.14285714285714,825
339,258,597,0.7610619469026548,485
1,10,11,10.0,1
6,211,217,35.166666666666664,219
8,34,42,4.25,19
2717,919,3636,0.3382407066617593,918
20,375,395,18.75,396
26,343,369,13.192307692307692,366
1,10,11,10.0,1
28,4,32,0.14285714285714285,1
696,263,959,0.37787356321839083,273
233,524,757,2.2489270386266096,544
1000,145,1145,0.145,147
39,80,119,2.051282051282051,101
29,52,81,1.793103448275862,43
18,34,52,1.8888888888888888,21
41,26,67,0.6341463414634146,10
1,42,43,42.0,1
14,229,243,16.357142857142858,241
14,55,69,3.9285714285714284,44
81,476,557,5.8765432098765435,498
28,601,629,21.464285714285715,614
12,283,295,23.583333333333332,298
15,387,402,25.8,455
50,533,583,10.66,551
564,1028,1592,1.822695035460993,1006
9,328,337,36.44444444444444,298
22,531,553,24.136363636363637,554
14,84,98,6.0,78
15,285,300,19.0,296
33,577,610,17.484848484848484,596
14,25,39,1.7857142857142858,9
1131,187,1318,0.16534040671971706,194
1466,905,2371,0.6173260572987722,899
66,469,535,7.106060606060606,463
32,667,699,20.84375,680
16,832,848,52.0,505
35,59,94,1.6857142857142857,48
959,26,985,0.027111574556830033,12
345,903,1248,2.617391304347826,966
19,192,211,10.105263157894736,195
149,55,204,0.3691275167785235,42
20,227,247,11.35,233
18,29,47,1.6111111111111112,16
17,244,261,14.352941176470589,391
9,219,228,24.333333333333332,228
2003,200,2203,0.09985022466300549,207
39,322,361,8.256410256410257,338
20,394,414,19.7,468
374,650,1024,1.7379679144385027,660
13,419,432,32.23076923076923,441
62,134,196,2.161290322580645,135
205,1068,1273,5.209756097560976,1006
24,21,45,0.875,14
16,233,249,14.5625,240
118,324,442,2.7457627118644066,340
11,427,438,38.81818181818182,450
89,211,300,2.3707865168539324,214
397,29,426,0.07304785894206549,16
7,28,35,4.0,228
9,170,179,18.88888888888889,170
8,197,205,24.625,205
1236,68,1304,0.05501618122977346,258
31,486,517,15.67741935483871,505
8,114,122,14.25,110
6,423,429,70.5,445
2,42,44,21.0,28
29,21,50,0.7241379310344828,9
196,159,355,0.8112244897959183,163
102,615,717,6.029411764705882,633
60,205,265,3.4166666666666665,209
10,187,197,18.7,203
133,970,1103,7.293233082706767,992
1802,937,2739,0.5199778024417314,687
7,379,386,54.142857142857146,402
36,262,298,7.277777777777778,369
32,434,466,13.5625,455
31,505,536,16.29032258064516,522
60,256,316,4.266666666666667,266
12,251,263,20.916666666666668,256
135,417,552,3.088888888888889,432
35,72,107,2.057142857142857,68
22,473,495,21.5,497
23,498,521,21.652173913043477,525
16,625,641,39.0625,632
7,474,481,67.71428571428571,493
999,474,1473,0.4744744744744745,492
17,492,509,28.941176470588236,516
404,204,608,0.504950495049505,208
12,421,433,35.083333333333336,445
34,400,434,11.764705882352942,423
1422,116,1538,0.08157524613220815,114
42,404,446,9.619047619047619,507
32,83,115,2.59375,75
224,25,249,0.11160714285714286,443
25,227,252,9.08,233
6,23,29,3.8333333333333335,9
6,234,240,39.0,248
74,412,486,5.5675675675675675,429
75,315,390,4.2,324
218,335,553,1.536697247706422,574
21,43,64,2.0476190476190474,31
142,5,147,0.035211267605633804,1
102,913,1015,8.950980392156863,921
15,111,126,7.4,112
13,273,286,21.0,288
342,116,458,0.3391812865497076,112
84,418,502,4.976190476190476,435
7,212,219,30.285714285714285,219
65,92,157,1.4153846153846155,380
23,239,262,10.391304347826088,243
25,372,397,14.88,394
61,980,1041,16.065573770491802,1006
11,626,637,56.90909090909091,639
142,159,301,1.119718309859155,161
12,57,69,4.75,48
23,346,369,15.043478260869565,360
27,211,238,7.814814814814815,222
16,234,250,14.625,241
12,344,356,28.666666666666668,359
35,1008,1043,28.8,1006
13,367,380,28.23076923076923,389
6,201,207,33.5,205
352,243,595,0.6903409090909091,257
9,90,99,10.0,84
1,13,14,13.0,1
30,965,995,32.166666666666664,986
39,375,414,9.615384615384615,397
102,228,330,2.235294117647059,238
29,117,146,4.0344827586206895,105
40,349,389,8.725,364
1,10,11,10.0,1
15,29,44,1.9333333333333333,18
49,271,320,5.530612244897959,284
83,195,278,2.3493975903614457,202
1290,520,1810,0.40310077519379844,540
15,342,357,22.8,364
14,252,266,18.0,266
15,372,387,24.8,389
7,311,318,44.42857142857143,329
217,337,554,1.5529953917050692,354
1956,25,1981,0.01278118609406953,8
300,432,732,1.44,457
9,398,407,44.22222222222222,147
22,41,63,1.8636363636363635,29
3335,438,3773,0.1313343328335832,460
35,1020,1055,29.142857142857142,1006
1962,736,2698,0.3751274209989806,741
29,519,548,17.896551724137932,679
10,234,244,23.4,241
30,394,424,13.133333333333333,417
102,332,434,3.2549019607843137,351
11,119,130,10.818181818181818,112
14,79,93,5.642857142857143,70
81,425,506,5.246913580246914,446
208,342,550,1.6442307692307692,361
126,453,579,3.5952380952380953,474
86,318,404,3.697674418604651,335
16,497,513,31.0625,520
32,21,53,0.65625,5
32,74,106,2.3125,66
6,226,232,37.666666666666664,234
122,304,426,2.4918032786885247,320
17,372,389,21.88235294117647,382
1067,6,1073,0.005623242736644799,1
29,312,341,10.758620689655173,327
10,192,202,19.2,205
23,278,301,12.08695652173913,292
84,155,239,1.8452380952380953,157
157,436,593,2.7770700636942673,455
10,152,162,15.2,145
37,28,65,0.7567567567567568,12
13,308,321,23.692307692307693,325
91,889,980,9.76923076923077,896
32,94,126,2.9375,88
92,319,411,3.467391304347826,338
616,209,825,0.3392857142857143,215
50,404,454,8.08,438
1101,543,1644,0.49318801089918257,561
808,327,1135,0.40470297029702973,348
35,32,67,0.9142857142857143,21
18,624,642,34.666666666666664,640
27,183,210,6.777777777777778,187
785,72,857,0.09171974522292993,62
377,330,707,0.8753315649867374,347
17,153,170,9.0,154
135,237,372,1.7555555555555555,247
71,315,386,4.436619718309859,334
2326,5,2331,0.0021496130696474634,1
73,244,317,3.3424657534246576,256
47,228,275,4.851063829787234,236
163,292,455,1.7914110429447854,307
18,123,141,6.833333333333333,122
44,30,74,0.6818181818181818,17
119,283,402,2.3781512605042017,297
11,316,327,28.727272727272727,330
91,228,319,2.5054945054945055,236
41,232,273,5.658536585365853,245
19,204,223,10.736842105263158,206
26,374,400,14.384615384615385,395
214,296,510,1.3831775700934579,306
1481,89,1570,0.06009453072248481,87
19,253,272,13.31578947368421,264
33,487,520,14.757575757575758,518
21,678,699,32.285714285714285,688
186,816,1002,4.387096774193548,814
80,10,90,0.125,1
26,374,400,14.384615384615385,395
16,116,132,7.25,116
2505,932,3437,0.3720558882235529,942
11,267,278,24.272727272727273,279
26,165,191,6.346153846153846,167
6,404,410,67.33333333333333,429
34,304,338,8.941176470588236,318
19,64,83,3.3684210526315788,56
38,30,68,0.7894736842105263,15
25,208,233,8.32,213
40,124,164,3.1,121
52,560,612,10.76923076923077,577
39,728,767,18.666666666666668,739
7,399,406,57.0,425
36,437,473,12.13888888888889,459
20,328,348,16.4,350
1312,227,1539,0.17301829268292682,239
11,262,273,23.818181818181817,276
15,414,429,27.6,437
28,103,131,3.6785714285714284,99
960,244,1204,0.25416666666666665,252
133,741,874,5.571428571428571,739
50,167,217,3.34,169
55,364,419,6.618181818181818,382
6,318,324,53.0,333
2370,153,2523,0.06455696202531645,148
1678,891,2569,0.5309892729439809,894
6,138,144,23.0,139
9,344,353,38.22222222222222,359
12,83,95,6.916666666666667,75
88,56,144,0.6363636363636364,46
1450,1005,2455,0.6931034482758621,1006
41,466,507,11.365853658536585,491
3,286,289,95.33333333333333,302
369,232,601,0.6287262872628726,242
8,221,229,27.625,232
32,161,193,5.03125,166
24,369,393,15.375,455
34,47,81,1.3823529411764706,34
2924,617,3541,0.2110123119015048,630
84,119,203,1.4166666666666667,281
135,381,516,2.8222222222222224,398
441,585,1026,1.3265306122448979,602
17,19,36,1.1176470588235294,4
31,418,449,13.483870967741936,438
6,38,44,6.333333333333333,24
2905,248,3153,0.08537005163511188,256
171,454,625,2.654970760233918,475
14,54,68,3.857142857142857,43
22,337,359,15.318181818181818,358
109,32,141,0.29357798165137616,65
121,329,450,2.71900826446281,351
4,100,104,25.0,95
161,271,432,1.6832298136645962,284
118,539,657,4.567796610169491,559
1508,711,2219,0.47148541114058357,623
1398,940,2338,0.6723891273247496,949
7,194,201,27.714285714285715,200
210,644,854,3.066666666666667,658
139,391,530,2.8129496402877696,411
24,398,422,16.583333333333332,418
8,150,158,18.75,151
22,27,49,1.2272727272727273,12
18,145,163,8.055555555555555,255
385,669,1054,1.7376623376623377,681
42,342,384,8.142857142857142,360
4,131,135,32.75,130
10,113,123,11.3,111
940,139,1079,0.1478723404255319,140
35,434,469,12.4,455
27,375,402,13.88888888888889,173
172,268,440,1.558139534883721,279
41,231,272,5.634146341463414,242
9,282,291,31.333333333333332,296
93,425,518,4.56989247311828,442
30,892,922,29.733333333333334,899
35,35,70,1.0,21
2655,172,2827,0.0647834274952919,176
47,270,317,5.74468085106383,280
21,34,55,1.619047619047619,18
664,722,1386,1.0873493975903614,729
139,586,725,4.215827338129497,603
101,42,143,0.4158415841584158,29
21,433,454,20.61904761904762,451
24,120,144,5.0,120
14,250,264,17.857142857142858,265
11,558,569,50.72727272727273,575
1454,375,1829,0.2579092159559835,389
16,609,625,38.0625,628
8,133,141,16.625,140
305,458,763,1.501639344262295,478
6,125,131,20.833333333333332,124
652,238,890,0.36503067484662577,246
16,311,327,19.4375,321
321,403,724,1.2554517133956387,420
22,477,499,21.681818181818183,649
68,835,903,12.279411764705882,841
51,271,322,5.313725490196078,282
500,103,603,0.206,100
795,403,1198,0.5069182389937107,425
30,578,608,19.266666666666666,594
8,335,343,41.875,356
4,83,87,20.75,72
61,497,558,8.147540983606557,518
22,333,355,15.136363636363637,386
21,297,318,14.142857142857142,313
20,192,212,9.6,198
418,245,663,0.5861244019138756,251
24,31,55,1.2916666666666667,14
17,17,34,1.0,2
737,238,975,0.3229308005427408,246
13,76,89,5.846153846153846,67
15,338,353,22.533333333333335,343
14,28,42,2.0,12
27,25,52,0.9259259259259259,8
11,1122,1133,102.0,1006
327,253,580,0.7737003058103975,267
28,827,855,29.535714285714285,838
7,88,95,12.571428571428571,149
13,461,474,35.46153846153846,478
30,463,493,15.433333333333334,486
19,413,432,21.736842105263158,432
7,84,91,12.0,77
93,609,702,6.548387096774194,623
1361,959,2320,0.7046289493019838,978
23,240,263,10.434782608695652,248
15,101,116,6.733333333333333,93
1809,277,2086,0.1531232725262576,289
1639,939,2578,0.5729103111653447,699
24,525,549,21.875,547
27,510,537,18.88888888888889,536
240,440,680,1.8333333333333333,464
54,393,447,7.277777777777778,321
2557,272,2829,0.10637465780211185,287
30,203,233,6.766666666666667,206
40,905,945,22.625,915
13,32,45,2.4615384615384617,17
25,235,260,9.4,246
28,727,755,25.964285714285715,735
476,64,540,0.13445378151260504,305
66,358,424,5.424242424242424,373
17,225,242,13.235294117647058,233
637,567,1204,0.8901098901098901,582
1528,110,1638,0.07198952879581152,105
6,291,297,48.5,304
23,927,950,40.30434782608695,942
3323,228,3551,0.06861269936804093,236
169,600,769,3.5502958579881656,625
16,242,258,15.125,248
21,366,387,17.428571428571427,381
367,258,625,0.7029972752043597,392
29,375,404,12.931034482758621,402
33,626,659,18.96969696969697,384
157,204,361,1.2993630573248407,209
29,553,582,19.06896551724138,569
13,112,125,8.615384615384615,110
69,110,179,1.5942028985507246,103
13,101,114,7.769230769230769,98
8,422,430,52.75,444
1120,185,1305,0.16517857142857142,190
42,363,405,8.642857142857142,380
84,243,327,2.892857142857143,253
1,37,38,37.0,5
356,516,872,1.449438202247191,534
16,136,152,8.5,401
97,598,695,6.164948453608248,617
28,345,373,12.321428571428571,359
22,368,390,16.727272727272727,387
1,251,252,251.0,264
37,545,582,14.72972972972973,571
160,565,725,3.53125,581
36,429,465,11.916666666666666,452
7,287,294,41.0,355
12,362,374,30.166666666666668,380
22,445,467,20.227272727272727,465
303,152,455,0.5016501650165016,154
8,114,122,14.25,109
41,386,427,9.414634146341463,406
1384,536,1920,0.3872832369942196,552
18,604,622,33.55555555555556,620
566,546,1112,0.9646643109540636,567
11,421,432,38.27272727272727,443
4,67,71,16.75,60
21,105,126,5.0,303
497,597,1094,1.2012072434607646,614
43,337,380,7.837209302325581,355
10,394,404,39.4,416
879,130,1009,0.14789533560864618,129
22,216,238,9.818181818181818,222
2,36,38,18.0,22
161,149,310,0.9254658385093167,149
4,507,511,126.75,527
11,281,292,25.545454545454547,294
23,560,583,24.347826086956523,575
31,424,455,13.67741935483871,442
8,273,281,34.125,286
231,107,338,0.46320346320346323,101
1898,380,2278,0.20021074815595363,397
712,627,1339,0.8806179775280899,643
2,542,544,271.0,562
25,320,345,12.8,277
58,49,107,0.8448275862068966,39
15,136,151,9.066666666666666,140
10,50,60,5.0,31
16,124,140,7.75,119
111,89,200,0.8018018018018018,86
53,576,629,10.867924528301886,587
11,48,59,4.363636363636363,36
14,89,103,6.357142857142857,78
59,163,222,2.76271186440678,161
183,142,325,0.7759562841530054,108
1191,494,1685,0.4147774979009236,510
295,322,617,1.0915254237288134,339
640,201,841,0.3140625,206
3,514,517,171.33333333333334,533
21,937,958,44.61904761904762,526
407,702,1109,1.7248157248157248,707
9,150,159,16.666666666666668,133
18,91,109,5.055555555555555,83
6,340,346,56.666666666666664,359
3,294,297,98.0,308
1307,573,1880,0.4384085692425402,591
17,181,198,10.647058823529411,180
862,901,1763,1.0452436194895591,900
17,499,516,29.352941176470587,517
686,453,1139,0.6603498542274052,472
13,309,322,23.76923076923077,324
49,756,805,15.428571428571429,753
319,287,606,0.8996865203761756,298
1,10,11,10.0,1
16,215,231,13.4375,221
1,32,33,32.0,5
185,849,1034,4.589189189189189,855
7,474,481,67.71428571428571,493
25,3,28,0.12,1
14,279,293,19.928571428571427,296
98,155,253,1.5816326530612246,153
141,318,459,2.25531914893617,331
11,225,236,20.454545454545453,232
808,176,984,0.21782178217821782,179
31,139,170,4.483870967741935,140
552,559,1111,1.0126811594202898,576
822,150,972,0.18248175182481752,154
1344,118,1462,0.08779761904761904,679
22,335,357,15.227272727272727,355
164,359,523,2.1890243902439024,373
20,381,401,19.05,405
217,100,317,0.4608294930875576,92
340,826,1166,2.429411764705882,832
67,7,74,0.1044776119402985,1
50,500,550,10.0,516
1230,1002,2232,0.8146341463414634,1006
430,145,575,0.3372093023255814,147
439,427,866,0.9726651480637813,436
153,456,609,2.980392156862745,475
19,433,452,22.789473684210527,454
54,731,785,13.537037037037036,737
17,661,678,38.88235294117647,669
23,96,119,4.173913043478261,92
98,386,484,3.938775510204082,396
1101,923,2024,0.8383287920072662,921
22,460,482,20.90909090909091,479
8,347,355,43.375,242
17,274,291,16.11764705882353,286
1477,804,2281,0.5443466486120515,804
20,421,441,21.05,442
732,372,1104,0.5081967213114754,334
1032,274,1306,0.2655038759689923,291
11,197,208,17.90909090909091,205
15,958,973,63.86666666666667,426
14,144,158,10.285714285714286,145
77,356,433,4.623376623376624,370
364,473,837,1.2994505494505495,610
25,680,705,27.2,695
12,194,206,16.166666666666668,200
33,686,719,20.78787878787879,699
795,403,1198,0.5069182389937107,425
14,212,226,15.142857142857142,219
291,16,307,0.054982817869415807,1
500,103,603,0.206,100
16,70,86,4.375,62
26,252,278,9.692307692307692,262
54,263,317,4.87037037037037,275
2263,217,2480,0.0958904109589041,223
9,329,338,36.55555555555556,347
922,828,1750,0.8980477223427332,828
21,349,370,16.61904761904762,366
8,234,242,29.25,244
11,181,192,16.454545454545453,183
25,102,127,4.08,98
683,674,1357,0.986822840409956,688
15,214,229,14.266666666666667,219
19,520,539,27.36842105263158,492
5,143,148,28.6,144
14,46,60,3.2857142857142856,37
46,318,364,6.913043478260869,334
10,470,480,47.0,401
9,183,192,20.333333333333332,184
47,116,163,2.4680851063829787,116
171,327,498,1.912280701754386,346
90,583,673,6.477777777777778,596
36,154,190,4.277777777777778,155
11,86,97,7.818181818181818,77
57,404,461,7.087719298245614,421
8,334,342,41.75,356
18,363,381,20.166666666666668,380
19,176,195,9.263157894736842,181
9,139,148,15.444444444444445,140
13,300,313,23.076923076923077,314
1488,148,1636,0.09946236559139784,148
1025,759,1784,0.7404878048780488,754
317,295,612,0.9305993690851735,310
15,680,695,45.333333333333336,688
18,262,280,14.555555555555555,271
528,155,683,0.2935606060606061,154
270,1051,1321,3.8925925925925924,1006
420,398,818,0.9476190476190476,419
56,903,959,16.125,900
18,426,444,23.666666666666668,450
59,1106,1165,18.74576271186441,1006
189,161,350,0.8518518518518519,232
12,624,636,52.0,645
96,28,124,0.2916666666666667,12
62,421,483,6.790322580645161,440
10,300,310,30.0,318
15,361,376,24.066666666666666,382
51,451,502,8.843137254901961,472
17,842,859,49.529411764705884,846
173,776,949,4.485549132947977,776
367,226,593,0.6158038147138964,233
8,438,446,54.75,353
49,150,199,3.061224489795918,149
1,10,11,10.0,1
10,312,322,31.2,325
130,267,397,2.0538461538461537,278
11,147,158,13.363636363636363,150
9,139,148,15.444444444444445,140
53,632,685,11.924528301886792,645
231,79,310,0.341991341991342,70
21,315,336,15.0,325
9,19,28,2.111111111111111,212
27,638,665,23.62962962962963,654
11,39,50,3.5454545454545454,26
2138,910,3048,0.4256314312441534,622
240,351,591,1.4625,540
41,15,56,0.36585365853658536,1
30,280,310,9.333333333333334,293
10,135,145,13.5,133
2324,433,2757,0.18631669535283993,455
357,393,750,1.1008403361344539,407
171,834,1005,4.87719298245614,842
22,55,77,2.5,47
135,151,286,1.1185185185185185,152
8,120,128,15.0,118
46,374,420,8.130434782608695,274
36,607,643,16.86111111111111,623
812,702,1514,0.8645320197044335,703
32,506,538,15.8125,527
58,196,254,3.3793103448275863,201
1352,188,1540,0.1390532544378698,195
705,719,1424,1.0198581560283688,721
330,328,658,0.9939393939393939,345
38,31,69,0.8157894736842105,19
151,14,165,0.09271523178807947,1
25,111,136,4.44,109
313,757,1070,2.4185303514377,762
25,3,28,0.12,1
135,904,1039,6.696296296296296,905
3,439,442,146.33333333333334,457
71,49,120,0.6901408450704225,37
126,586,712,4.650793650793651,599
1050,237,1287,0.2257142857142857,249
250,115,365,0.46,112
351,96,447,0.27350427350427353,534
12,522,534,43.5,543
9,480,489,53.333333333333336,496
751,184,935,0.24500665778961384,188
3477,232,3709,0.06672418751797526,242
40,29,69,0.725,15
1220,187,1407,0.15327868852459017,293
149,293,442,1.9664429530201342,304
8,297,305,37.125,314
32,644,676,20.125,664
288,177,465,0.6145833333333334,176
7,166,173,23.714285714285715,169
39,356,395,9.128205128205128,369
40,718,758,17.95,729
11,459,470,41.72727272727273,474
100,323,423,3.23,343
10,254,264,25.4,264
8,231,239,28.875,241
11,356,367,32.36363636363637,464
30,244,274,8.133333333333333,258
55,211,266,3.8363636363636364,216
1640,164,1804,0.1,143
7,127,134,18.142857142857142,124
1146,426,1572,0.3717277486910995,445
99,560,659,5.656565656565657,575
89,782,871,8.786516853932584,784
1034,197,1231,0.19052224371373308,202
32,344,376,10.75,328
447,410,857,0.9172259507829977,434
16,539,555,33.6875,556
27,262,289,9.703703703703704,274
900,376,1276,0.4177777777777778,222
104,407,511,3.9134615384615383,427
772,329,1101,0.4261658031088083,344
35,415,450,11.857142857142858,438
633,6,639,0.009478672985781991,1
10,13,23,1.3,377
50,341,391,6.82,355
6,31,37,5.166666666666667,18
669,128,797,0.19133034379671152,125
11,846,857,76.9090909090909,852
16,259,275,16.1875,270
643,798,1441,1.2410575427682737,799
51,43,94,0.8431372549019608,32
32,128,160,4.0,127
682,730,1412,1.0703812316715542,733
747,452,1199,0.6050870147255689,476
59,27,86,0.4576271186440678,13
36,464,500,12.88888888888889,482
84,110,194,1.3095238095238095,109
8,184,192,23.0,191
29,38,67,1.3103448275862069,26
31,126,157,4.064516129032258,123
46,33,79,0.717391304347826,19
25,415,440,16.6,437
124,563,687,4.540322580645161,580
8,69,77,8.625,61
9,70,79,7.777777777777778,61
46,274,320,5.956521739130435,286
18,399,417,22.166666666666668,420
25,259,284,10.36,264
3,189,192,63.0,284
12,183,195,15.25,187
190,447,637,2.3526315789473684,467
177,523,700,2.9548022598870056,526
10,35,45,3.5,22
14,460,474,32.857142857142854,485
93,358,451,3.849462365591398,527
225,488,713,2.168888888888889,514
133,283,416,2.1278195488721803,294
50,437,487,8.74,461
3,310,313,103.33333333333333,308
50,21,71,0.42,4
33,993,1026,30.09090909090909,1006
23,91,114,3.9565217391304346,84
787,76,863,0.096569250317662,66
2769,25,2794,0.00902853015529072,11
30,942,972,31.4,966
7,173,180,24.714285714285715,171
16,17,33,1.0625,1
10,221,231,22.1,228
15,6,21,0.4,36
13,399,412,30.692307692307693,416
485,155,640,0.31958762886597936,156
14,510,524,36.42857142857143,531
1056,622,1678,0.5890151515151515,601
1258,946,2204,0.7519872813990461,1006
51,601,652,11.784313725490197,654
36,435,471,12.083333333333334,454
380,318,698,0.8368421052631579,330
12,28,40,2.3333333333333335,15
3715,94,3809,0.025302826379542395,79
37,3,40,0.08108108108108109,1
860,343,1203,0.3988372093023256,368
1346,55,1401,0.04086181277860327,42
848,273,1121,0.32193396226415094,216
15,5,20,0.3333333333333333,1
58,14,72,0.2413793103448276,1
663,695,1358,1.048265460030166,706
75,98,173,1.3066666666666666,93
107,379,486,3.542056074766355,303
180,399,579,2.216666666666667,702
61,439,500,7.19672131147541,461
7,43,50,6.142857142857143,34
66,72,138,1.0909090909090908,64
156,588,744,3.769230769230769,600
126,853,979,6.76984126984127,860
23,595,618,25.869565217391305,611
52,394,446,7.576923076923077,410
50,341,391,6.82,355
9,294,303,32.666666666666664,120
669,900,1569,1.345291479820628,884
187,916,1103,4.898395721925134,924
1398,940,2338,0.6723891273247496,949
123,444,567,3.6097560975609757,461
17,935,952,55.0,966
17,293,310,17.235294117647058,309
28,900,928,32.142857142857146,905
35,40,75,1.1428571428571428,26
29,346,375,11.931034482758621,363
87,404,491,4.64367816091954,422
1786,920,2706,0.5151175811870101,932
975,814,1789,0.8348717948717949,820
10,15,25,1.5,1
1380,535,1915,0.38768115942028986,554
12,240,252,20.0,248
139,568,707,4.086330935251799,585
584,16,600,0.0273972602739726,1
15,381,396,25.4,332
11,222,233,20.181818181818183,228
36,194,230,5.388888888888889,195
49,843,892,17.20408163265306,853
541,352,893,0.6506469500924215,367
36,403,439,11.194444444444445,423
141,133,274,0.9432624113475178,133
21,373,394,17.761904761904763,397
2464,658,3122,0.26704545454545453,177
38,474,512,12.473684210526315,489
160,577,737,3.60625,597
12,283,295,23.583333333333332,299
44,221,265,5.0227272727272725,227
10,496,506,49.6,517
25,344,369,13.76,363
11,293,304,26.636363636363637,310
26,167,193,6.423076923076923,338
4,39,43,9.75,25
25,342,367,13.68,460
161,291,452,1.8074534161490683,303
1538,179,1717,0.11638491547464239,183
74,386,460,5.216216216216216,403
33,309,342,9.363636363636363,322
92,309,401,3.358695652173913,327
182,437,619,2.401098901098901,459
83,473,556,5.698795180722891,499
816,139,955,0.17034313725490197,141
13,116,129,8.923076923076923,111
15,397,412,26.466666666666665,421
11,237,248,21.545454545454547,246
171,802,973,4.690058479532164,804
7,25,32,3.5714285714285716,149
2078,77,2155,0.0370548604427334,510
1679,763,2442,0.45443716497915426,770
1021,902,1923,0.8834476003917727,907
17,389,406,22.88235294117647,410
10,405,415,40.5,427
16,287,303,17.9375,300
36,68,104,1.8888888888888888,26
90,93,183,1.0333333333333334,89
11,86,97,7.818181818181818,79
7,75,82,10.714285714285714,149
319,204,523,0.6394984326018809,210
951,199,1150,0.2092534174553102,206
16,388,404,24.25,409
21,34,55,1.619047619047619,343
15,438,453,29.2,460
2787,84,2871,0.030139935414424113,75
26,319,345,12.26923076923077,330
105,491,596,4.6761904761904765,506
9,467,476,51.888888888888886,315
388,163,551,0.42010309278350516,165
1166,864,2030,0.7409948542024014,868
6,178,184,29.666666666666668,181
5,214,219,42.8,219
49,841,890,17.163265306122447,852
298,738,1036,2.476510067114094,744
95,653,748,6.873684210526315,667
65,121,186,1.8615384615384616,119
1197,731,1928,0.6106934001670844,744
11,39,50,3.5454545454545454,26
23,198,221,8.608695652173912,199
75,225,300,3.0,233
9,258,267,28.666666666666668,273
275,202,477,0.7345454545454545,205
125,283,408,2.264,298
90,327,417,3.6333333333333333,346
1455,32,1487,0.021993127147766325,16
11,327,338,29.727272727272727,341
2001,774,2775,0.3868065967016492,772
67,38,105,0.5671641791044776,21
6,57,63,9.5,47
64,761,825,11.890625,771
12,78,90,6.5,70
3415,14,3429,0.004099560761346999,1
16,651,667,40.6875,662
10,172,182,17.2,172
15,808,823,53.86666666666667,816
36,436,472,12.11111111111111,374
20,486,506,24.3,509
661,342,1003,0.5173978819969742,362
1300,935,2235,0.7192307692307692,939
26,30,56,1.1538461538461537,16
10,206,216,20.6,212
13,183,196,14.076923076923077,184
72,318,390,4.416666666666667,333
246,420,666,1.7073170731707317,441
3,11,14,3.6666666666666665,1
20,705,725,35.25,717
33,575,608,17.424242424242426,587
91,531,622,5.835164835164835,552
162,459,621,2.8333333333333335,479
2,111,113,55.5,135
1411,431,1842,0.3054571226080794,453
9,324,333,36.0,84
48,320,368,6.666666666666667,333
12,356,368,29.666666666666668,375
9,261,270,29.0,273
12,113,125,9.416666666666666,108
425,655,1080,1.5411764705882354,662
61,196,257,3.2131147540983607,199
70,105,175,1.5,106
15,930,945,62.0,926
261,62,323,0.23754789272030652,53
12,245,257,20.416666666666668,255
988,33,1021,0.03340080971659919,21
1033,983,2016,0.9515972894482091,1006
1734,915,2649,0.527681660899654,365
69,195,264,2.8260869565217392,199
74,324,398,4.378378378378378,342
45,613,658,13.622222222222222,625
36,496,532,13.777777777777779,516
38,264,302,6.947368421052632,277
473,412,885,0.8710359408033826,435
36,316,352,8.777777777777779,334
447,410,857,0.9172259507829977,434
11,279,290,25.363636363636363,295
139,141,280,1.014388489208633,143
39,524,563,13.435897435897436,543
15,93,108,6.2,430
1,24,25,24.0,1
21,110,131,5.238095238095238,108
1,11,12,11.0,5
38,497,535,13.078947368421053,508
2233,370,2603,0.16569637259292433,388
14,200,214,14.285714285714286,197
7,250,257,35.714285714285715,149
11,2,13,0.18181818181818182,1
21,654,675,31.142857142857142,671
6,527,533,87.83333333333333,540
24,244,268,10.166666666666666,254
303,963,1266,3.1782178217821784,974
2330,151,2481,0.0648068669527897,152
616,509,1125,0.8262987012987013,526
24,526,550,21.916666666666668,546
20,412,432,20.6,429
505,339,844,0.6712871287128713,355
21,466,487,22.19047619047619,487
223,539,762,2.4170403587443947,562
55,277,332,5.036363636363636,294
330,691,1021,2.0939393939393938,695
2,11,13,5.5,1
2240,217,2457,0.096875,225
122,337,459,2.762295081967213,358
3956,2,3958,0.0005055611729019212,1
26,257,283,9.884615384615385,270
178,321,499,1.803370786516854,339
9,211,220,23.444444444444443,217
129,135,264,1.0465116279069768,134
942,193,1135,0.20488322717622082,198
88,258,346,2.9318181818181817,267
97,110,207,1.134020618556701,105
8,417,425,52.125,439
196,22,218,0.11224489795918367,137
14,261,275,18.642857142857142,271
15,420,435,28.0,435
76,689,765,9.06578947368421,472
48,129,177,2.6875,126
2,10,12,5.0,1
3421,91,3512,0.026600409237065185,84
35,619,654,17.685714285714287,638
11,326,337,29.636363636363637,342
539,115,654,0.21335807050092764,112
17,269,286,15.823529411764707,279
16,593,609,37.0625,605
7,211,218,30.142857142857142,224
19,29,48,1.5263157894736843,11
2804,868,3672,0.3095577746077033,879
270,16,286,0.05925925925925926,1
15,123,138,8.2,121
99,374,473,3.7777777777777777,394
24,308,332,12.833333333333334,320
10,48,58,4.8,104
111,129,240,1.162162162162162,128
11,225,236,20.454545454545453,232
2335,1005,3340,0.430406852248394,477
52,424,476,8.153846153846153,441
25,269,294,10.76,302
6,182,188,30.333333333333332,188
67,918,985,13.701492537313433,922
2488,150,2638,0.06028938906752412,151
799,9,808,0.011264080100125156,130
833,52,885,0.062424969987995196,39
44,622,666,14.136363636363637,635
57,483,540,8.473684210526315,501
91,397,488,4.362637362637362,415
48,305,353,6.354166666666667,320
13,512,525,39.38461538461539,530
2313,44,2357,0.019022913964548204,59
1,10,11,10.0,1
72,401,473,5.569444444444445,419
27,211,238,7.814814814814815,217
2,316,318,158.0,329
22,791,813,35.95454545454545,791
1,14,15,14.0,1
19,867,886,45.63157894736842,875
51,341,392,6.686274509803922,358
1,11,12,11.0,5
31,367,398,11.838709677419354,385
12,137,149,11.416666666666666,138
67,341,408,5.08955223880597,361
20,386,406,19.3,404
910,495,1405,0.5439560439560439,504
886,806,1692,0.909706546275395,803
66,807,873,12.227272727272727,816
15,59,74,3.933333333333333,47
9,249,258,27.666666666666668,255
14,632,646,45.142857142857146,646
184,18,202,0.09782608695652174,5
889,600,1489,0.6749156355455568,614
165,843,1008,5.109090909090909,845
190,121,311,0.6368421052631579,119
81,4,85,0.04938271604938271,1
16,618,634,38.625,633
5,144,149,28.8,139
58,338,396,5.827586206896552,355
31,116,147,3.7419354838709675,112
1275,618,1893,0.48470588235294115,396
63,390,453,6.190476190476191,413
12,284,296,23.666666666666668,299
14,346,360,24.714285714285715,363
494,451,945,0.9129554655870445,472
9,683,692,75.88888888888889,696
123,75,198,0.6097560975609756,66
35,293,328,8.371428571428572,307
1321,790,2111,0.5980317940953823,791
11,327,338,29.727272727272727,341
176,726,902,4.125,470
34,343,377,10.088235294117647,358
15,179,194,11.933333333333334,177
45,47,92,1.0444444444444445,33
75,867,942,11.56,795
70,30,100,0.42857142857142855,17
9,27,36,3.0,8
6,210,216,35.0,215
115,298,413,2.591304347826087,312
9,607,616,67.44444444444444,627
64,195,259,3.046875,220
1082,13,1095,0.012014787430683918,1
143,478,621,3.3426573426573425,494
5,323,328,64.6,162
93,482,575,5.182795698924731,502
27,418,445,15.481481481481481,439
8,152,160,19.0,151
139,169,308,1.2158273381294964,174
10,106,116,10.6,101
38,418,456,11.0,441
11,239,250,21.727272727272727,246
2437,189,2626,0.07755437012720558,433
1039,1059,2098,1.0192492781520692,1006
252,149,401,0.5912698412698413,149
17,610,627,35.88235294117647,416
14,276,290,19.714285714285715,287
19,127,146,6.684210526315789,129
21,234,255,11.142857142857142,243
18,172,190,9.555555555555555,176
35,549,584,15.685714285714285,572
33,291,324,8.818181818181818,242
49,515,564,10.510204081632653,538
57,218,275,3.824561403508772,224
11,281,292,25.545454545454547,294
22,737,759,33.5,743
13,113,126,8.692307692307692,110
46,130,176,2.8260869565217392,131
1134,106,1240,0.09347442680776014,100
16,189,205,11.8125,195
1,10,11,10.0,1
541,171,712,0.31608133086876156,177
34,135,169,3.9705882352941178,133
94,167,261,1.7765957446808511,168
18,4,22,0.2222222222222222,1
40,478,518,11.95,497
9,371,380,41.22222222222222,388
8,394,402,49.25,409
202,330,532,1.6336633663366336,292
16,166,182,10.375,167
35,97,132,2.7714285714285714,93
14,378,392,27.0,131
30,284,314,9.466666666666667,300
22,193,215,8.772727272727273,199
72,502,574,6.972222222222222,528
85,913,998,10.741176470588234,918
88,583,671,6.625,601
14,346,360,24.714285714285715,363
12,183,195,15.25,186
1354,167,1521,0.12333825701624815,131
23,267,290,11.608695652173912,239
370,17,387,0.04594594594594595,2
3,208,211,69.33333333333333,220
37,251,288,6.783783783783784,263
17,473,490,27.823529411764707,489
5,186,191,37.2,192
6,312,318,52.0,258
31,588,619,18.967741935483872,605
157,266,423,1.694267515923567,281
25,365,390,14.6,406
379,734,1113,1.9366754617414248,333
97,453,550,4.670103092783505,474
333,194,527,0.5825825825825826,197
9,206,215,22.88888888888889,212
161,271,432,1.6832298136645962,284
486,690,1176,1.4197530864197532,809
755,966,1721,1.2794701986754966,1006
165,38,203,0.23030303030303031,26
3,159,162,53.0,161
833,37,870,0.04441776710684274,36
544,315,859,0.5790441176470589,330
284,469,753,1.6514084507042253,412
8,685,693,85.625,697
76,40,116,0.5263157894736842,30
13,115,128,8.846153846153847,114
70,141,211,2.0142857142857142,143
18,195,213,10.833333333333334,199
1858,396,2254,0.2131324004305705,416
15,59,74,3.933333333333333,47
20,854,874,42.7,862
46,476,522,10.347826086956522,496
114,201,315,1.763157894736842,205
23,419,442,18.217391304347824,438
131,49,180,0.37404580152671757,34
161,749,910,4.6521739130434785,751
2460,906,3366,0.36829268292682926,910
91,263,354,2.89010989010989,272
12,387,399,32.25,407
56,893,949,15.946428571428571,893
20,184,204,9.2,188
2750,55,2805,0.02,57
28,405,433,14.464285714285714,425
21,249,270,11.857142857142858,260
2717,919,3636,0.3382407066617593,918
150,484,634,3.2266666666666666,502
27,228,255,8.444444444444445,236
30,21,51,0.7,8
111,234,345,2.108108108108108,242
20,130,150,6.5,128
29,659,688,22.724137931034484,675
9,222,231,24.666666666666668,235
1251,284,1535,0.2270183852917666,357
18,14,32,0.7777777777777778,1
23,420,443,18.26086956521739,439
31,244,275,7.870967741935484,255
474,180,654,0.379746835443038,9
19,274,293,14.421052631578947,287
88,414,502,4.704545454545454,438
186,495,681,2.661290322580645,522
104,394,498,3.7884615384615383,410
15,124,139,8.266666666666667,120
2898,388,3286,0.13388543823326432,408
18,150,168,8.333333333333334,153
121,479,600,3.958677685950413,502
40,488,528,12.2,508
12,325,337,27.083333333333332,341
1321,790,2111,0.5980317940953823,791
465,827,1292,1.778494623655914,838
1885,568,2453,0.3013262599469496,575
15,245,260,16.333333333333332,255
44,938,982,21.318181818181817,950
11,143,154,13.0,145
545,807,1352,1.4807339449541284,813
270,507,777,1.8777777777777778,527
56,258,314,4.607142857142857,267
124,259,383,2.088709677419355,273
20,170,190,8.5,172
28,330,358,11.785714285714286,346
1059,7,1066,0.0066100094428706326,1
31,141,172,4.548387096774194,140
15,359,374,23.933333333333334,382
121,33,154,0.2727272727272727,22
53,96,149,1.8113207547169812,347
1746,881,2627,0.504581901489118,135
31,357,388,11.516129032258064,374
13,124,137,9.538461538461538,123
118,368,486,3.1186440677966103,382
11,187,198,17.0,50
73,83,156,1.1369863013698631,79
64,56,120,0.875,46
291,627,918,2.154639175257732,640
11,338,349,30.727272727272727,354
16,306,322,19.125,324
28,38,66,1.3571428571428572,23
60,574,634,9.566666666666666,591
22,161,183,7.318181818181818,163
19,104,123,5.473684210526316,99
134,140,274,1.044776119402985,140
6,354,360,59.0,374
5,424,429,84.8,449
9,461,470,51.22222222222222,484
24,434,458,18.083333333333332,488
2747,56,2803,0.02038587550054605,45
7,235,242,33.57142857142857,245
23,260,283,11.304347826086957,273
16,13,29,0.8125,1
219,261,480,1.1917808219178083,273
334,325,659,0.9730538922155688,342
257,20,277,0.07782101167315175,5
10,141,151,14.1,144
160,107,267,0.66875,101
196,236,432,1.2040816326530612,246
17,389,406,22.88235294117647,413
21,366,387,17.428571428571427,384
498,317,815,0.6365461847389559,336
10,137,147,13.7,138
467,233,700,0.4989293361884368,243
71,621,692,8.746478873239436,635
18,328,346,18.22222222222222,344
25,596,621,23.84,609
13,131,144,10.076923076923077,130
96,452,548,4.708333333333333,475
81,203,284,2.506172839506173,208
222,190,412,0.8558558558558559,171
47,73,120,1.553191489361702,66
48,293,341,6.104166666666667,298
28,607,635,21.678571428571427,619
893,421,1314,0.47144456886898095,442
36,779,815,21.63888888888889,781
46,47,93,1.0217391304347827,37
291,213,504,0.7319587628865979,17
40,459,499,11.475,479
8,282,290,35.25,299
278,489,767,1.7589928057553956,508
5,737,742,147.4,389
27,70,97,2.5925925925925926,60
235,4,239,0.01702127659574468,1
10,367,377,36.7,329
36,356,392,9.88888888888889,375
78,327,405,4.1923076923076925,344
91,531,622,5.835164835164835,552
10,256,266,25.6,268
804,203,1007,0.2524875621890547,208
128,38,166,0.296875,27
16,187,203,11.6875,192
11,289,300,26.272727272727273,333
23,657,680,28.565217391304348,670
93,318,411,3.4193548387096775,676
11,366,377,33.27272727272727,386
8,61,69,7.625,52
50,218,268,4.36,227
304,257,561,0.8453947368421053,267
442,121,563,0.2737556561085973,118
9,44,53,4.888888888888889,22
39,638,677,16.358974358974358,651
15,85,100,5.666666666666667,76
56,13,69,0.23214285714285715,1
1217,596,1813,0.4897288414133114,607
109,9,118,0.08256880733944955,1
87,602,689,6.919540229885057,620
72,459,531,6.375,478
21,380,401,18.095238095238095,400
16,384,400,24.0,402
46,280,326,6.086956521739131,292
33,374,407,11.333333333333334,397
94,564,658,6.0,579
5,151,156,30.2,154
7,354,361,50.57142857142857,373
67,902,969,13.462686567164178,904
22,857,879,38.95454545454545,866
347,162,509,0.4668587896253602,165
156,141,297,0.9038461538461539,140
56,749,805,13.375,755
15,588,603,39.2,605
133,149,282,1.1203007518796992,149
1744,216,1960,0.12385321100917432,221
3,36,39,12.0,25
42,472,514,11.238095238095237,494
190,121,311,0.6368421052631579,119
341,153,494,0.44868035190615835,152
2035,166,2201,0.08157248157248158,171
48,673,721,14.020833333333334,689
47,485,532,10.319148936170214,504
35,344,379,9.82857142857143,383
499,9,508,0.018036072144288578,1
349,845,1194,2.4212034383954153,855
12,373,385,31.083333333333332,396
13,230,243,17.692307692307693,250
1229,596,1825,0.48494711147274205,1006
3629,105,3734,0.02893359052080463,102
3,28,31,9.333333333333334,12
216,381,597,1.7638888888888888,405
34,373,407,10.970588235294118,393
303,11,314,0.036303630363036306,1
454,399,853,0.8788546255506607,420
19,146,165,7.684210526315789,266
23,290,313,12.608695652173912,305
13,535,548,41.15384615384615,555
307,45,352,0.1465798045602606,35
8,17,25,2.125,1
18,666,684,37.0,686
141,90,231,0.6382978723404256,274
42,113,155,2.6904761904761907,109
25,424,449,16.96,443
10,186,196,18.6,189
32,312,344,9.75,327
846,326,1172,0.38534278959810875,339
9,68,77,7.555555555555555,59
741,32,773,0.043184885290148446,18
10,212,222,21.2,219
22,193,215,8.772727272727273,199
41,210,251,5.121951219512195,319
370,177,547,0.4783783783783784,184
12,292,304,24.333333333333332,309
571,2,573,0.0035026269702276708,1
10,121,131,12.1,120
103,832,935,8.077669902912621,845
559,114,673,0.2039355992844365,109
680,3,683,0.004411764705882353,1
484,383,867,0.7913223140495868,404
21,10,31,0.47619047619047616,25
40,408,448,10.2,428
28,90,118,3.2142857142857144,84
2267,711,2978,0.31363034847816496,721
31,78,109,2.5161290322580645,60
87,359,446,4.126436781609195,380
19,142,161,7.473684210526316,144
195,135,330,0.6923076923076923,298
9,102,111,11.333333333333334,96
38,28,66,0.7368421052631579,12
14,105,119,7.5,101
11,86,97,7.818181818181818,77
3,18,21,6.0,5
525,265,790,0.5047619047619047,277
15,284,299,18.933333333333334,290
3334,114,3448,0.03419316136772645,112
129,227,356,1.7596899224806202,237
25,368,393,14.72,386
442,366,808,0.8280542986425339,389
16,32,48,2.0,19
5,285,290,57.0,299
24,204,228,8.5,274
1243,362,1605,0.2912308930008045,380
12,77,89,6.416666666666667,66
48,73,121,1.5208333333333333,64
5,156,161,31.2,158
19,96,115,5.052631578947368,217
2093,66,2159,0.03153368370759675,57
252,32,284,0.12698412698412698,17
86,737,823,8.569767441860465,746
76,559,635,7.355263157894737,576
12,78,90,6.5,70
10,222,232,22.2,229
1203,237,1440,0.1970074812967581,246
10,315,325,31.5,328
17,526,543,30.941176470588236,547
46,408,454,8.869565217391305,424
899,426,1325,0.4738598442714127,446
5,357,362,71.4,375
37,615,652,16.62162162162162,630
19,337,356,17.736842105263158,351
18,491,509,27.27777777777778,516
40,93,133,2.325,86
21,45,66,2.142857142857143,34
22,224,246,10.181818181818182,232
40,264,304,6.6,276
1060,130,1190,0.12264150943396226,126
28,22,50,0.7857142857142857,3
1,10,11,10.0,1
10,809,819,80.9,425
1,14,15,14.0,1
2541,221,2762,0.08697363242817788,220
23,531,554,23.08695652173913,555
60,130,190,2.1666666666666665,130
61,3,64,0.04918032786885246,1
777,359,1136,0.462033462033462,374
720,448,1168,0.6222222222222222,485
4,347,351,86.75,368
11,114,125,10.363636363636363,109
138,195,333,1.4130434782608696,202
9,266,275,29.555555555555557,280
1,10,11,10.0,1
8,193,201,24.125,194
2214,122,2336,0.05510388437217705,123
17,117,134,6.882352941176471,117
22,29,51,1.3181818181818181,12
7,363,370,51.857142857142854,389
56,466,522,8.321428571428571,487
536,200,736,0.373134328358209,199
56,267,323,4.767857142857143,280
461,832,1293,1.8047722342733188,842
630,432,1062,0.6857142857142857,452
12,266,278,22.166666666666668,280
17,253,270,14.882352941176471,318
181,1016,1197,5.613259668508287,1006
11,238,249,21.636363636363637,246
1612,4,1616,0.0024813895781637717,1
3629,105,3734,0.02893359052080463,102
194,199,393,1.0257731958762886,310
31,342,373,11.03225806451613,361
215,93,308,0.4325581395348837,86
19,168,187,8.842105263157896,172
2,10,12,5.0,1
21,427,448,20.333333333333332,456
2195,612,2807,0.27881548974943055,132
31,500,531,16.129032258064516,516
9,449,458,49.888888888888886,473
30,177,207,5.9,180
3783,210,3993,0.05551149881046788,220
94,48,142,0.5106382978723404,37
623,381,1004,0.6115569823434992,398
236,53,289,0.2245762711864407,41
6,401,407,66.83333333333333,431
16,120,136,7.5,150
9,228,237,25.333333333333332,237
959,262,1221,0.2732012513034411,272
11,316,327,28.727272727272727,330
23,297,320,12.91304347826087,307
467,46,513,0.09850107066381156,153
7,427,434,61.0,448
19,349,368,18.36842105263158,363
5,41,46,8.2,29
10,286,296,28.6,297
12,451,463,37.583333333333336,471
25,339,364,13.56,417
113,283,396,2.504424778761062,296
88,184,272,2.090909090909091,186
239,315,554,1.3179916317991631,330
23,608,631,26.434782608695652,622
2129,14,2143,0.006575857209957727,1
525,50,575,0.09523809523809523,39
1083,207,1290,0.19113573407202217,213
36,129,165,3.5833333333333335,306
30,109,139,3.6333333333333333,107
23,109,132,4.739130434782608,102
1062,338,1400,0.3182674199623352,355
238,70,308,0.29411764705882354,171
257,419,676,1.6303501945525292,439
15,435,450,29.0,415
20,54,74,2.7,44
20,335,355,16.75,353
3,314,317,104.66666666666667,142
21,948,969,45.142857142857146,974
16,789,805,49.3125,799
1183,251,1434,0.2121724429416737,304
29,530,559,18.275862068965516,454
324,652,976,2.0123456790123457,657
208,115,323,0.5528846153846154,111
151,15,166,0.09933774834437085,2
25,539,564,21.56,561
15,108,123,7.2,104
615,8,623,0.013008130081300813,1
1,190,191,190.0,435
1034,197,1231,0.19052224371373308,202
18,65,83,3.611111111111111,55
13,288,301,22.153846153846153,304
242,300,542,1.2396694214876034,312
12,348,360,29.0,363
13,348,361,26.76923076923077,366
26,393,419,15.115384615384615,414
50,119,169,2.38,119
73,414,487,5.671232876712328,436
13,69,82,5.3076923076923075,54
140,197,337,1.4071428571428573,205
15,158,173,10.533333333333333,161
21,327,348,15.571428571428571,344
7,174,181,24.857142857142858,149
57,232,289,4.0701754385964914,240
391,408,799,1.0434782608695652,430
143,233,376,1.6293706293706294,248
93,157,250,1.6881720430107527,160
55,686,741,12.472727272727273,697
37,122,159,3.2972972972972974,118
8,136,144,17.0,138
8,280,288,35.0,295
29,397,426,13.689655172413794,412
17,309,326,18.176470588235293,323
8,309,317,38.625,323
11,228,239,20.727272727272727,235
16,268,284,16.75,283
18,636,654,35.333333333333336,650
220,370,590,1.6818181818181819,389
23,384,407,16.695652173913043,597
28,779,807,27.821428571428573,784
85,276,361,3.2470588235294118,288
20,596,616,29.8,613
11,347,358,31.545454545454547,363
55,284,339,5.163636363636364,339
380,318,698,0.8368421052631579,330
199,22,221,0.11055276381909548,7
167,171,338,1.0239520958083832,173
24,432,456,18.0,447
9,471,480,52.333333333333336,495
5,172,177,34.4,176
37,629,666,17.0,638
11,284,295,25.818181818181817,300
38,291,329,7.657894736842105,305
44,337,381,7.659090909090909,375
507,55,562,0.10848126232741617,43
53,363,416,6.849056603773585,382
21,302,323,14.380952380952381,318
29,203,232,7.0,210
19,509,528,26.789473684210527,533
16,24,40,1.5,4
56,139,195,2.482142857142857,141
26,558,584,21.46153846153846,570
42,289,331,6.880952380952381,299
512,691,1203,1.349609375,702
437,902,1339,2.064073226544622,905
10,126,136,12.6,126
10,128,138,12.8,125
17,38,55,2.235294117647059,24
28,577,605,20.607142857142858,592
100,400,500,4.0,423
13,199,212,15.307692307692308,207
42,352,394,8.380952380952381,367
2,31,33,15.5,1
766,525,1291,0.685378590078329,544
12,384,396,32.0,398
24,425,449,17.708333333333332,448
5,137,142,27.4,136
1374,386,1760,0.28093158660844253,407
1,10,11,10.0,1
9,440,449,48.888888888888886,461
24,401,425,16.708333333333332,427
24,235,259,9.791666666666666,240
29,305,334,10.517241379310345,319
259,80,339,0.3088803088803089,76
1897,641,2538,0.3379019504480759,653
14,212,226,15.142857142857142,217
10,251,261,25.1,257
10,200,210,20.0,329
674,30,704,0.04451038575667656,18
31,493,524,15.903225806451612,515
512,911,1423,1.779296875,915
34,717,751,21.08823529411765,729
92,83,175,0.9021739130434783,79
295,126,421,0.4271186440677966,125
49,362,411,7.387755102040816,385
22,76,98,3.4545454545454546,72
5,34,39,6.8,22
18,214,232,11.88888888888889,223
1158,75,1233,0.06476683937823834,67
3,419,422,139.66666666666666,436
23,344,367,14.956521739130435,361
9,277,286,30.77777777777778,295
839,7,846,0.00834326579261025,1
1084,5,1089,0.004612546125461255,1
8,112,120,14.0,110
125,27,152,0.216,11
49,260,309,5.3061224489795915,269
54,943,997,17.462962962962962,945
16,377,393,23.5625,340
43,215,258,5.0,220
1,383,384,383.0,435
18,303,321,16.833333333333332,318
137,148,285,1.0802919708029197,146
6,63,69,10.5,27
29,452,481,15.586206896551724,473
28,335,363,11.964285714285714,347
15,290,305,19.333333333333332,307
87,245,332,2.8160919540229883,255
95,195,290,2.0526315789473686,202
6,22,28,3.6666666666666665,5
9,150,159,16.666666666666668,150
52,511,563,9.826923076923077,529
50,458,508,9.16,535
36,516,552,14.333333333333334,536
3141,142,3283,0.04520853231454951,338
13,17,30,1.3076923076923077,1
13,192,205,14.76923076923077,196
117,496,613,4.239316239316239,516
30,469,499,15.633333333333333,494
27,19,46,0.7037037037037037,9
66,255,321,3.8636363636363638,260
27,262,289,9.703703703703704,268
69,705,774,10.217391304347826,720
19,64,83,3.3684210526315788,54
35,97,132,2.7714285714285714,93
3875,84,3959,0.02167741935483871,79
1,522,523,522.0,435
27,299,326,11.074074074074074,318
7,405,412,57.857142857142854,428
2,10,12,5.0,1
14,405,419,28.928571428571427,430
37,219,256,5.918918918918919,226
32,281,313,8.78125,298
21,369,390,17.571428571428573,386
41,283,324,6.902439024390244,288
28,217,245,7.75,223
7,161,168,23.0,163
113,323,436,2.8584070796460175,340
2058,669,2727,0.3250728862973761,683
167,468,635,2.802395209580838,489
157,266,423,1.694267515923567,281
22,296,318,13.454545454545455,312
2025,130,2155,0.06419753086419754,125
164,189,353,1.1524390243902438,191
9,366,375,40.666666666666664,385
32,94,126,2.9375,89
17,106,123,6.235294117647059,105
36,140,176,3.888888888888889,140
67,799,866,11.925373134328359,805
8,135,143,16.875,134
359,259,618,0.7214484679665738,268
12,43,55,3.5833333333333335,33
35,266,301,7.6,414
23,288,311,12.521739130434783,303
1077,168,1245,0.15598885793871867,173
13,897,910,69.0,899
1384,809,2193,0.5845375722543352,431
14,344,358,24.571428571428573,362
14,387,401,27.642857142857142,411
36,207,243,5.75,214
31,107,138,3.4516129032258065,101
2,433,435,216.5,392
98,956,1054,9.755102040816327,962
78,326,404,4.17948717948718,345
15,299,314,19.933333333333334,314
20,67,87,3.35,59
9,850,859,94.44444444444444,856
46,949,995,20.630434782608695,959
136,478,614,3.514705882352941,495
10,442,452,44.2,274
138,89,227,0.644927536231884,82
70,753,823,10.757142857142858,758
533,425,958,0.797373358348968,448
1330,571,1901,0.4293233082706767,585
6,335,341,55.833333333333336,350
308,151,459,0.4902597402597403,145
31,171,202,5.516129032258065,30
5,37,42,7.4,18
10,65,75,6.5,56
56,561,617,10.017857142857142,582
25,368,393,14.72,383
28,299,327,10.678571428571429,313
12,83,95,6.916666666666667,75
8,337,345,42.125,356
28,347,375,12.392857142857142,364
1043,462,1505,0.4429530201342282,463
16,328,344,20.5,343
20,554,574,27.7,422
18,173,191,9.61111111111111,319
281,260,541,0.9252669039145908,268
20,170,190,8.5,172
54,390,444,7.222222222222222,409
378,642,1020,1.6984126984126984,655
1166,246,1412,0.2109777015437393,257
15,499,514,33.266666666666666,253
8,115,123,14.375,103
1,28,29,28.0,7
11,198,209,18.0,248
30,298,328,9.933333333333334,312
43,471,514,10.953488372093023,493
1780,308,2088,0.17303370786516853,322
65,310,375,4.769230769230769,324
75,480,555,6.4,503
75,266,341,3.546666666666667,278
2,1033,1035,516.5,392
2263,217,2480,0.0958904109589041,223
559,53,612,0.09481216457960644,42
12,40,52,3.3333333333333335,29
116,493,609,4.25,513
63,554,617,8.793650793650794,579
745,551,1296,0.7395973154362416,568
92,83,175,0.9021739130434783,79
14,4,18,0.2857142857142857,288
90,578,668,6.4222222222222225,588
7,82,89,11.714285714285714,149
13,534,547,41.07692307692308,553
12,19,31,1.5833333333333333,5
40,459,499,11.475,479
226,7,233,0.030973451327433628,1
13,183,196,14.076923076923077,188
525,66,591,0.12571428571428572,57
18,650,668,36.111111111111114,665
4,288,292,72.0,302
58,7,65,0.1206896551724138,1
53,700,753,13.20754716981132,709
75,252,327,3.36,262
22,81,103,3.6818181818181817,664
10,114,124,11.4,145
416,726,1142,1.7451923076923077,740
30,942,972,31.4,966
61,709,770,11.62295081967213,720
15,242,257,16.133333333333333,250
4,270,274,67.5,285
6,83,89,13.833333333333334,77
261,567,828,2.1724137931034484,585
20,59,79,2.95,49
111,174,285,1.5675675675675675,175
1050,871,1921,0.8295238095238096,879
38,7,45,0.18421052631578946,1
5,117,122,23.4,114
5,21,26,4.2,5
10,395,405,39.5,329
9,248,257,27.555555555555557,261
80,520,600,6.5,537
52,397,449,7.634615384615385,418
13,705,718,54.23076923076923,722
88,256,344,2.909090909090909,267
31,524,555,16.903225806451612,545
17,362,379,21.294117647058822,382
112,568,680,5.071428571428571,586
3415,14,3429,0.004099560761346999,1
84,179,263,2.130952380952381,412
468,913,1381,1.9508547008547008,920
445,301,746,0.6764044943820224,310
34,323,357,9.5,338
321,458,779,1.426791277258567,483
176,202,378,1.1477272727272727,207
64,203,267,3.171875,477
8,17,25,2.125,10
17,416,433,24.470588235294116,437
26,624,650,24.0,636
12,374,386,31.166666666666668,399
1406,241,1647,0.17140825035561877,251
1603,600,2203,0.37429819089207733,614
11,399,410,36.27272727272727,419
120,720,840,6.0,729
16,337,353,21.0625,351
7,359,366,51.285714285714285,378
8,153,161,19.125,140
172,642,814,3.7325581395348837,650
2,247,249,123.5,260
13,367,380,28.23076923076923,387
702,712,1414,1.0142450142450143,721
3817,92,3909,0.024102698454283467,85
410,655,1065,1.5975609756097562,674
12,312,324,26.0,324
31,406,437,13.096774193548388,427
14,246,260,17.571428571428573,281
31,348,379,11.225806451612904,368
348,694,1042,1.9942528735632183,690
1,10,11,10.0,1
7,227,234,32.42857142857143,215
6,511,517,85.16666666666667,618
9,532,541,59.111111111111114,551
9,96,105,10.666666666666666,88
12,461,473,38.416666666666664,485
41,380,421,9.268292682926829,400
705,719,1424,1.0198581560283688,721
42,592,634,14.095238095238095,600
12,42,54,3.5,30
95,9,104,0.09473684210526316,1
26,529,555,20.346153846153847,552
1,10,11,10.0,1
64,692,756,10.8125,702
16,293,309,18.3125,307
7,10,17,1.4285714285714286,1
1910,1017,2927,0.5324607329842932,1006
106,276,382,2.6037735849056602,288
8,20,28,2.5,3
35,318,353,9.085714285714285,335
14,150,164,10.714285714285714,150
192,487,679,2.5364583333333335,507
8,224,232,28.0,231
3201,421,3622,0.13152139956263667,439
2,31,33,15.5,16
16,254,270,15.875,260
58,867,925,14.948275862068966,880
37,153,190,4.135135135135135,156
10,242,252,24.2,250
49,427,476,8.714285714285714,448
667,169,836,0.25337331334332835,172
2663,22,2685,0.008261359369132557,10
45,26,71,0.5777777777777777,11
51,257,308,5.03921568627451,267
421,7,428,0.0166270783847981,1
469,501,970,1.068230277185501,518
36,178,214,4.944444444444445,210
42,114,156,2.7142857142857144,114
80,348,428,4.35,368
310,70,380,0.22580645161290322,60
714,562,1276,0.7871148459383753,585
153,713,866,4.660130718954249,723
12,333,345,27.75,349
13,180,193,13.846153846153847,179
512,4,516,0.0078125,1
208,855,1063,4.110576923076923,861
14,358,372,25.571428571428573,292
389,161,550,0.4138817480719794,48
16,374,390,23.375,393
13,122,135,9.384615384615385,120
11,225,236,20.454545454545453,232
100,410,510,4.1,431
6,84,90,14.0,78
22,581,603,26.40909090909091,594
22,62,84,2.8181818181818183,52
53,197,250,3.7169811320754715,160
1955,271,2226,0.13861892583120206,283
123,599,722,4.869918699186992,612
92,69,161,0.75,61
169,365,534,2.1597633136094676,381
15,239,254,15.933333333333334,167
53,449,502,8.471698113207546,473
14,252,266,18.0,266
484,477,961,0.9855371900826446,496
77,305,382,3.961038961038961,321
744,145,889,0.19489247311827956,142
97,44,141,0.4536082474226804,30
17,297,314,17.470588235294116,233
1176,11,1187,0.00935374149659864,1
20,414,434,20.7,436
18,416,434,23.11111111111111,439
48,387,435,8.0625,409
35,151,186,4.314285714285714,149
60,744,804,12.4,745
7,523,530,74.71428571428571,544
130,29,159,0.2230769230769231,15
85,98,183,1.1529411764705881,92
388,163,551,0.42010309278350516,165
259,304,563,1.1737451737451738,316
14,79,93,5.642857142857143,70
829,341,1170,0.41133896260554886,360
38,458,496,12.052631578947368,475
31,423,454,13.64516129032258,371
90,267,357,2.966666666666667,276
21,487,508,23.19047619047619,468
50,4,54,0.08,1
23,35,58,1.5217391304347827,24
9,624,633,69.33333333333333,414
185,225,410,1.2162162162162162,236
56,245,301,4.375,252
32,487,519,15.21875,506
264,1035,1299,3.9204545454545454,1006
149,185,334,1.2416107382550337,188
264,555,819,2.102272727272727,352
2116,241,2357,0.11389413988657845,137
73,453,526,6.205479452054795,475
551,312,863,0.5662431941923775,329
10,62,72,6.2,190
33,97,130,2.9393939393939394,88
7,298,305,42.57142857142857,447
1,10,11,10.0,1
7,171,178,24.428571428571427,149
7,453,460,64.71428571428571,473
13,344,357,26.46153846153846,365
54,331,385,6.12962962962963,450
66,138,204,2.090909090909091,135
41,445,486,10.853658536585366,465
32,246,278,7.6875,253
20,749,769,37.45,762
15,206,221,13.733333333333333,216
1,10,11,10.0,1
33,420,453,12.727272727272727,388
15,169,184,11.266666666666667,175
57,611,668,10.719298245614034,627
8,89,97,11.125,83
18,315,333,17.5,329
22,740,762,33.63636363636363,744
385,367,752,0.9532467532467532,306
17,475,492,27.941176470588236,494
3,267,270,89.0,106
31,444,475,14.32258064516129,466
23,368,391,16.0,366
238,859,1097,3.6092436974789917,868
5,23,28,4.6,19
50,546,596,10.92,565
28,239,267,8.535714285714286,247
10,289,299,28.9,253
61,302,363,4.950819672131147,322
115,683,798,5.939130434782609,696
81,446,527,5.506172839506172,463
1,10,11,10.0,1
241,240,481,0.995850622406639,250
42,27,69,0.6428571428571429,15
16,418,434,26.125,435
80,295,375,3.6875,312
23,364,387,15.826086956521738,379
208,768,976,3.6923076923076925,771
157,216,373,1.375796178343949,222
25,374,399,14.96,389
546,178,724,0.326007326007326,184
228,275,503,1.206140350877193,285
2087,22,2109,0.010541447053186392,6
482,167,649,0.34647302904564314,167
30,398,428,13.266666666666667,422
34,102,136,3.0,117
180,43,223,0.2388888888888889,31
1220,14,1234,0.011475409836065573,117
307,44,351,0.14332247557003258,35
22,423,445,19.227272727272727,442
15,372,387,24.8,396
39,181,220,4.641025641025641,187
12,265,277,22.083333333333332,276
55,182,237,3.309090909090909,224
44,334,378,7.590909090909091,350
33,46,79,1.393939393939394,40
17,807,824,47.470588235294116,809
18,252,270,14.0,262
26,109,135,4.1923076923076925,109
13,320,333,24.615384615384617,340
10,91,101,9.1,82
2230,423,2653,0.1896860986547085,443
124,642,766,5.17741935483871,275
18,103,121,5.722222222222222,95
7,326,333,46.57142857142857,343
47,388,435,8.25531914893617,411
2861,793,3654,0.2771758126529186,800
1415,516,1931,0.3646643109540636,538
22,319,341,14.5,259
107,330,437,3.0841121495327104,348
19,304,323,16.0,326
403,174,577,0.4317617866004963,179
7,141,148,20.142857142857142,146
9,594,603,66.0,114
61,309,370,5.065573770491803,471
8,111,119,13.875,105
19,192,211,10.105263157894736,195
11,19,30,1.7272727272727273,4
11,725,736,65.9090909090909,733
107,317,424,2.9626168224299065,333
13,312,325,24.0,328
13,401,414,30.846153846153847,420
33,379,412,11.484848484848484,399
31,830,861,26.774193548387096,839
3361,248,3609,0.07378756322523058,258
981,93,1074,0.09480122324159021,89
33,189,222,5.7272727272727275,189
25,43,68,1.72,30
5,474,479,94.8,494
46,318,364,6.913043478260869,334
104,126,230,1.2115384615384615,183
33,51,84,1.5454545454545454,48
3,249,252,83.0,256
732,333,1065,0.45491803278688525,350
153,131,284,0.8562091503267973,129
43,365,408,8.488372093023257,383
10,126,136,12.6,126
19,280,299,14.736842105263158,293
177,543,720,3.0677966101694913,563
23,438,461,19.043478260869566,419
6,368,374,61.333333333333336,387
8,48,56,6.0,20
2159,295,2454,0.13663733209819362,310
4,107,111,26.75,104
97,905,1002,9.329896907216495,907
4,25,29,6.25,6
32,178,210,5.5625,184
10,340,350,34.0,365
58,97,155,1.6724137931034482,93
11,135,146,12.272727272727273,115
14,174,188,12.428571428571429,175
11,37,48,3.3636363636363638,29
9,105,114,11.666666666666666,95
14,137,151,9.785714285714286,137
33,615,648,18.636363636363637,509
82,201,283,2.451219512195122,209
22,466,488,21.181818181818183,652
18,330,348,18.333333333333332,352
2205,386,2591,0.17505668934240362,400
26,651,677,25.03846153846154,258
12,348,360,29.0,369
1128,286,1414,0.25354609929078015,298
242,80,322,0.3305785123966942,71
9,232,241,25.77777777777778,240
1,10,11,10.0,1
34,357,391,10.5,372
1462,5,1467,0.003419972640218878,1
34,392,426,11.529411764705882,410
66,229,295,3.4696969696969697,239
65,46,111,0.7076923076923077,34
59,215,274,3.6440677966101696,222
26,463,489,17.807692307692307,487
56,422,478,7.535714285714286,444
57,643,700,11.280701754385966,661
1082,13,1095,0.012014787430683918,1
534,688,1222,1.2883895131086143,372
7,83,90,11.857142857142858,149
12,122,134,10.166666666666666,119
71,49,120,0.6901408450704225,37
39,611,650,15.666666666666666,626
163,357,520,2.1901840490797544,370
12,183,195,15.25,186
1391,220,1611,0.15815959741193386,128
1547,332,1879,0.21460892049127342,347
226,7,233,0.030973451327433628,1
396,397,793,1.0025252525252526,418
44,363,407,8.25,378
19,337,356,17.736842105263158,351
4,37,41,9.25,24
90,427,517,4.7444444444444445,445
777,218,995,0.2805662805662806,227
92,159,251,1.7282608695652173,182
13,155,168,11.923076923076923,153
7,27,34,3.857142857142857,13
49,361,410,7.36734693877551,380
47,184,231,3.9148936170212765,188
25,251,276,10.04,267
1452,194,1646,0.13360881542699724,202
129,420,549,3.255813953488372,440
82,498,580,6.073170731707317,518
462,205,667,0.44372294372294374,207
46,458,504,9.956521739130435,481
30,200,230,6.666666666666667,207
116,603,719,5.198275862068965,620
29,111,140,3.8275862068965516,465
29,345,374,11.89655172413793,360
7,88,95,12.571428571428571,81
51,150,201,2.9411764705882355,135
10,338,348,33.8,360
52,477,529,9.173076923076923,498
8,258,266,32.25,184
72,1006,1078,13.972222222222221,1006
13,514,527,39.53846153846154,533
411,167,578,0.40632603406326034,166
657,139,796,0.2115677321156773,138
3,770,773,256.6666666666667,777
12,466,478,38.833333333333336,485
66,217,283,3.287878787878788,224
6,146,152,24.333333333333332,151
450,288,738,0.64,386
9,68,77,7.555555555555555,58
94,445,539,4.73404255319149,467
24,160,184,6.666666666666667,162
12,309,321,25.75,324
612,473,1085,0.7728758169934641,497
19,181,200,9.526315789473685,186
75,187,262,2.493333333333333,194
45,977,1022,21.711111111111112,1006
37,123,160,3.324324324324324,118
99,641,740,6.474747474747475,653
24,91,115,3.7916666666666665,86
69,569,638,8.246376811594203,587
30,633,663,21.1,648
118,324,442,2.7457627118644066,340
99,4,103,0.04040404040404041,1
54,754,808,13.962962962962964,760
69,71,140,1.0289855072463767,98
17,153,170,9.0,154
29,518,547,17.862068965517242,538
2496,514,3010,0.20592948717948717,531
65,480,545,7.384615384615385,474
2275,208,2483,0.09142857142857143,227
69,277,346,4.0144927536231885,289
2924,600,3524,0.2051983584131327,630
147,425,572,2.891156462585034,192
20,270,290,13.5,284
15,266,281,17.733333333333334,281
9,211,220,23.444444444444443,217
14,4,18,0.2857142857142857,1
34,517,551,15.205882352941176,541
46,526,572,11.434782608695652,546
17,150,167,8.823529411764707,154
1224,291,1515,0.23774509803921567,306
435,327,762,0.7517241379310344,350
12,398,410,33.166666666666664,423
486,288,774,0.5925925925925926,299
507,47,554,0.09270216962524655,36
129,228,357,1.7674418604651163,235
5,281,286,56.2,297
16,255,271,15.9375,263
30,415,445,13.833333333333334,438
22,73,95,3.3181818181818183,64
17,309,326,18.176470588235293,323
1706,190,1896,0.11137162954279015,200
706,391,1097,0.5538243626062322,425
921,608,1529,0.6601520086862106,410
2237,189,2426,0.08448815377738042,170
23,368,391,16.0,366
77,92,169,1.1948051948051948,88
80,428,508,5.35,456
130,364,494,2.8,377
26,138,164,5.3076923076923075,136
11,209,220,19.0,212
1393,35,1428,0.02512562814070352,23
309,24,333,0.07766990291262135,1
23,346,369,15.043478260869565,363
14,209,223,14.928571428571429,215
61,25,86,0.4098360655737705,12
19,432,451,22.736842105263158,453
20,545,565,27.25,570
262,227,489,0.8664122137404581,234
3491,395,3886,0.11314809510169006,416
7,507,514,72.42857142857143,530
23,872,895,37.91304347826087,881
299,84,383,0.2809364548494983,78
10,317,327,31.7,335
54,431,485,7.981481481481482,434
10,270,280,27.0,281
32,632,664,19.75,648
842,1064,1906,1.2636579572446556,1006
12,122,134,10.166666666666666,119
95,51,146,0.5368421052631579,39
48,130,178,2.7083333333333335,133
2083,935,3018,0.4488718194911186,937
17,685,702,40.294117647058826,700
56,612,668,10.928571428571429,624
47,83,130,1.7659574468085106,77
6,232,238,38.666666666666664,240
23,490,513,21.304347826086957,511
28,347,375,12.392857142857142,370
10,114,124,11.4,109
82,55,137,0.6707317073170732,44
58,48,106,0.8275862068965517,36
179,497,676,2.776536312849162,517
11,146,157,13.272727272727273,293
15,177,192,11.8,179
31,355,386,11.451612903225806,369
8,916,924,114.5,946
152,119,271,0.7828947368421053,116
16,187,203,11.6875,192
16,451,467,28.1875,473
2224,55,2279,0.02473021582733813,45
113,454,567,4.017699115044247,471
283,621,904,2.1943462897526502,638
14,373,387,26.642857142857142,394
323,1090,1413,3.374613003095975,1006
832,928,1760,1.1153846153846154,934
882,475,1357,0.5385487528344671,207
82,553,635,6.7439024390243905,573
2679,7,2686,0.0026129152668906306,1
21,216,237,10.285714285714286,224
789,3,792,0.0038022813688212928,1
195,60,255,0.3076923076923077,51
55,228,283,4.1454545454545455,241
11,459,470,41.72727272727273,474
8,400,408,50.0,423
595,153,748,0.2571428571428571,157
93,249,342,2.6774193548387095,259
2,35,37,17.5,1
2407,3,2410,0.0012463647694225177,1
20,30,50,1.5,14
57,269,326,4.719298245614035,281
68,263,331,3.8676470588235294,271
62,52,114,0.8387096774193549,37
101,61,162,0.6039603960396039,49
51,184,235,3.607843137254902,228
31,358,389,11.548387096774194,382
18,402,420,22.333333333333332,421
635,404,1039,0.6362204724409449,423
291,174,465,0.5979381443298969,178
22,38,60,1.7272727272727273,25
1,10,11,10.0,1
706,47,753,0.06657223796033994,34
25,498,523,19.92,515
23,712,735,30.956521739130434,435
1,800,801,800.0,435
13,705,718,54.23076923076923,722
20,108,128,5.4,104
38,862,900,22.68421052631579,877
26,410,436,15.76923076923077,433
25,342,367,13.68,361
41,296,337,7.219512195121951,312
1682,21,1703,0.01248513674197384,8
7,232,239,33.142857142857146,243
403,406,809,1.0074441687344913,427
23,220,243,9.565217391304348,227
265,908,1173,3.4264150943396228,908
71,409,480,5.76056338028169,430
11,501,512,45.54545454545455,524
1172,145,1317,0.12372013651877133,145
18,943,961,52.388888888888886,973
7,135,142,19.285714285714285,149
69,998,1067,14.46376811594203,1006
13,598,611,46.0,620
20,244,264,12.2,248
17,231,248,13.588235294117647,238
45,587,632,13.044444444444444,605
14,219,233,15.642857142857142,230
426,7,433,0.01643192488262911,1
66,838,904,12.696969696969697,842
64,107,171,1.671875,104
6,22,28,3.6666666666666665,7
38,479,517,12.605263157894736,498
880,132,1012,0.15,129
22,274,296,12.454545454545455,286
9,292,301,32.44444444444444,312
14,133,147,9.5,132
12,158,170,13.166666666666666,160
3,310,313,103.33333333333333,333
167,171,338,1.0239520958083832,173
354,660,1014,1.8644067796610169,673
10,492,502,49.2,510
10,19,29,1.9,2
16,75,91,4.6875,64
294,86,380,0.2925170068027211,83
16,390,406,24.375,297
6,393,399,65.5,413
11,112,123,10.181818181818182,108
43,426,469,9.906976744186046,446
75,27,102,0.36,13
18,532,550,29.555555555555557,556
9,50,59,5.555555555555555,40
15,102,117,6.8,94
312,361,673,1.1570512820512822,385
144,481,625,3.3402777777777777,496
2003,200,2203,0.09985022466300549,207
14,615,629,43.92857142857143,630
12,16,28,1.3333333333333333,1
18,273,291,15.166666666666666,286
1000,33,1033,0.033,20
1398,940,2338,0.6723891273247496,949
38,103,141,2.710526315789474,101
114,43,157,0.37719298245614036,35
791,24,815,0.03034134007585335,8
51,97,148,1.9019607843137254,91
9,420,429,46.666666666666664,442
13,189,202,14.538461538461538,191
12,368,380,30.666666666666668,261
1837,4,1841,0.002177463255307567,1
1164,1043,2207,0.8960481099656358,772
93,144,237,1.5483870967741935,143
3,383,386,127.66666666666667,404
21,32,53,1.5238095238095237,19
701,465,1166,0.6633380884450785,485
24,788,812,32.833333333333336,794
2748,1015,3763,0.36935953420669576,442
11,277,288,25.181818181818183,291
14,519,533,37.07142857142857,535
541,704,1245,1.301293900184843,719
2209,415,2624,0.1878678134902671,439
55,152,207,2.7636363636363637,154
14,273,287,19.5,549
727,70,797,0.09628610729023383,61
11,82,93,7.454545454545454,74
15,220,235,14.666666666666666,224
533,262,795,0.4915572232645403,272
32,42,74,1.3125,27
42,769,811,18.30952380952381,770
7,262,269,37.42857142857143,274
69,281,350,4.072463768115942,292
16,412,428,25.75,437
210,357,567,1.7,375
11,302,313,27.454545454545453,314
8,320,328,40.0,336
113,283,396,2.504424778761062,296
6,18,24,3.0,6
19,570,589,30.0,587
7,204,211,29.142857142857142,211
21,314,335,14.952380952380953,328
6,253,259,42.166666666666664,266
22,319,341,14.5,334
69,28,97,0.4057971014492754,16
6,146,152,24.333333333333332,151
62,265,327,4.274193548387097,264
12,327,339,27.25,345
42,482,524,11.476190476190476,499
55,516,571,9.381818181818181,537
990,468,1458,0.4727272727272727,490
101,600,701,5.9405940594059405,614
12,449,461,37.416666666666664,472
1589,270,1859,0.1699181875393329,339
285,353,638,1.2385964912280703,374
28,241,269,8.607142857142858,250
106,399,505,3.7641509433962264,413
564,257,821,0.45567375886524825,271
12,404,416,33.666666666666664,427
23,280,303,12.173913043478262,293
16,68,84,4.25,58
115,579,694,5.034782608695652,592
7,278,285,39.714285714285715,295
27,420,447,15.555555555555555,444
11,600,611,54.54545454545455,615
11,304,315,27.636363636363637,317
99,594,693,6.0,611
43,339,382,7.883720930232558,360
5,151,156,30.2,154
27,48,75,1.7777777777777777,36
9,298,307,33.111111111111114,309
286,159,445,0.5559440559440559,163
2608,112,2720,0.04294478527607362,112
13,71,84,5.461538461538462,62
272,294,566,1.0808823529411764,314
17,476,493,28.0,497
1653,269,1922,0.16273442226255294,294
51,791,842,15.509803921568627,794
88,5,93,0.056818181818181816,1
2031,8,2039,0.003938946331856229,1
43,189,232,4.395348837209302,306
378,902,1280,2.386243386243386,900
3866,87,3953,0.022503879979306775,77
14,98,112,7.0,94
7,14,21,2.0,1
4,589,593,147.25,805
15,375,390,25.0,394
15,37,52,2.466666666666667,22
47,1146,1193,24.382978723404257,1006
9,164,173,18.22222222222222,163
470,769,1239,1.6361702127659574,776
1070,540,1610,0.5046728971962616,486
159,222,381,1.3962264150943395,185
18,760,778,42.22222222222222,763
74,124,198,1.6756756756756757,120
41,918,959,22.390243902439025,918
166,181,347,1.0903614457831325,187
3055,187,3242,0.06121112929623568,194
41,413,454,10.073170731707316,436
17,253,270,14.882352941176471,318
28,156,184,5.571428571428571,154
219,30,249,0.136986301369863,11
10,497,507,49.7,511
10,261,271,26.1,271
93,120,213,1.2903225806451613,117
352,968,1320,2.75,977
18,403,421,22.38888888888889,423
1,267,268,267.0,281
17,375,392,22.058823529411764,397
13,201,214,15.461538461538462,208
1689,957,2646,0.566607460035524,974
12,123,135,10.25,120
84,81,165,0.9642857142857143,70
31,70,101,2.2580645161290325,60
81,118,199,1.4567901234567902,121
38,648,686,17.05263157894737,661
65,473,538,7.276923076923077,387
17,241,258,14.176470588235293,250
2875,15,2890,0.0052173913043478265,2
46,403,449,8.76086956521739,422
13,121,134,9.307692307692308,116
6,521,527,86.83333333333333,544
48,30,78,0.625,17
10,455,465,45.5,477
10,736,746,73.6,739
3,105,108,35.0,101
117,283,400,2.4188034188034186,295
34,369,403,10.852941176470589,391
136,127,263,0.9338235294117647,128
27,270,297,10.0,280
15,461,476,30.733333333333334,482
114,43,157,0.37719298245614036,35
54,298,352,5.518518518518518,312
2691,169,2860,0.06280193236714976,170
13,61,74,4.6923076923076925,48
1,10,11,10.0,1
1633,33,1666,0.02020820575627679,22
36,35,71,0.9722222222222222,24
47,550,597,11.702127659574469,29
356,104,460,0.29213483146067415,98
18,693,711,38.5,707
319,293,612,0.9184952978056427,305
57,218,275,3.824561403508772,224
122,924,1046,7.573770491803279,941
14,340,354,24.285714285714285,33
17,152,169,8.941176470588236,154
9,207,216,23.0,215
116,27,143,0.23275862068965517,449
289,809,1098,2.7993079584775087,814
11,846,857,76.9090909090909,852
67,220,287,3.283582089552239,10
45,319,364,7.088888888888889,336
60,445,505,7.416666666666667,463
46,33,79,0.717391304347826,19
69,471,540,6.826086956521739,492
155,515,670,3.3225806451612905,535
11,369,380,33.54545454545455,394
57,277,334,4.859649122807017,290
13,109,122,8.384615384615385,101
15,299,314,19.933333333333334,314
113,7,120,0.061946902654867256,1
162,175,337,1.0802469135802468,180
50,359,409,7.18,373
11,176,187,16.0,183
547,784,1331,1.43327239488117,790
112,455,567,4.0625,477
11,162,173,14.727272727272727,166
2918,141,3059,0.04832076764907471,139
66,381,447,5.7727272727272725,399
14,519,533,37.07142857142857,538
122,162,284,1.3278688524590163,162
10,270,280,27.0,281
3,22,25,7.333333333333333,3
24,93,117,3.875,268
12,236,248,19.666666666666668,245
24,53,77,2.2083333333333335,42
66,10,76,0.15151515151515152,32
8,563,571,70.375,589
15,639,654,42.6,655
71,406,477,5.71830985915493,425
65,81,146,1.2461538461538462,69
47,190,237,4.042553191489362,374
75,984,1059,13.12,1006
38,84,122,2.210526315789474,78
11,540,551,49.09090909090909,387
14,381,395,27.214285714285715,339
460,711,1171,1.5456521739130435,722
2273,101,2374,0.044434667839859214,98
656,261,917,0.3978658536585366,230
49,462,511,9.428571428571429,484
6,335,341,55.833333333333336,350
24,57,81,2.375,48
51,176,227,3.450980392156863,175
1139,81,1220,0.07111501316944688,76
100,191,291,1.91,192
12,25,37,2.0833333333333335,11
2012,58,2070,0.02882703777335984,32
6,57,63,9.5,47
557,3,560,0.005385996409335727,1
28,607,635,21.678571428571427,619
1201,7,1208,0.005828476269775187,1
23,696,719,30.26086956521739,708
26,120,146,4.615384615384615,119
42,361,403,8.595238095238095,376
20,421,441,21.05,442
6,5,11,0.8333333333333334,1
47,4,51,0.0851063829787234,705
123,304,427,2.4715447154471546,324
206,791,997,3.8398058252427183,786
10,310,320,31.0,324
19,768,787,40.421052631578945,769
42,496,538,11.80952380952381,517
495,920,1415,1.8585858585858586,917
32,347,379,10.84375,361
2503,318,2821,0.12704754294846185,331
18,244,262,13.555555555555555,256
183,1040,1223,5.683060109289618,1006
77,397,474,5.1558441558441555,410
53,953,1006,17.9811320754717,976
42,4,46,0.09523809523809523,1
15,290,305,19.333333333333332,308
207,587,794,2.8357487922705316,606
316,708,1024,2.240506329113924,51
18,218,236,12.11111111111111,222
11,518,529,47.09090909090909,542
34,1121,1155,32.970588235294116,1006
15,226,241,15.066666666666666,323
2275,186,2461,0.08175824175824176,191
18,273,291,15.166666666666666,286
20,78,98,3.9,76
7,203,210,29.0,207
24,50,74,2.0833333333333335,38
35,381,416,10.885714285714286,402
587,500,1087,0.8517887563884157,518
433,120,553,0.27713625866050806,461
20,461,481,23.05,481
9,461,470,51.22222222222222,484
37,377,414,10.18918918918919,392
22,218,240,9.909090909090908,228
134,660,794,4.925373134328358,673
670,437,1107,0.6522388059701493,485
58,550,608,9.482758620689655,646
77,953,1030,12.376623376623376,971
21,121,142,5.761904761904762,118
22,595,617,27.045454545454547,607
243,573,816,2.3580246913580245,107
260,214,474,0.823076923076923,220
120,456,576,3.8,448
12,416,428,34.666666666666664,442
9,120,129,13.333333333333334,115
33,510,543,15.454545454545455,531
79,106,185,1.3417721518987342,101
12,373,385,31.083333333333332,391
9,732,741,81.33333333333333,737
63,291,354,4.619047619047619,305
24,116,140,4.833333333333333,115
7,534,541,76.28571428571429,557
874,71,945,0.08123569794050343,56
53,526,579,9.924528301886792,546
173,161,334,0.930635838150289,165
14,48,62,3.4285714285714284,143
233,191,424,0.8197424892703863,199
175,61,236,0.3485714285714286,51
32,443,475,13.84375,465
41,192,233,4.682926829268292,364
5,249,254,49.8,264
10,232,242,23.2,239
16,329,345,20.5625,346
14,533,547,38.07142857142857,555
9,122,131,13.555555555555555,119
49,794,843,16.20408163265306,801
20,967,987,48.35,998
37,18,55,0.4864864864864865,5
17,46,63,2.7058823529411766,35
111,267,378,2.4054054054054053,279
21,486,507,23.142857142857142,506
104,10,114,0.09615384615384616,1
315,491,806,1.5587301587301587,38
323,239,562,0.739938080495356,250
385,385,770,1.0,690
61,325,386,5.327868852459017,338
63,291,354,4.619047619047619,305
19,603,622,31.736842105263158,627
12,179,191,14.916666666666666,181
40,599,639,14.975,619
14,342,356,24.428571428571427,364
34,23,57,0.6764705882352942,9
22,78,100,3.5454545454545454,279
451,605,1056,1.3414634146341464,616
125,275,400,2.2,290
38,352,390,9.263157894736842,349
139,148,287,1.064748201438849,366
17,387,404,22.764705882352942,318
32,667,699,20.84375,680
26,328,354,12.615384615384615,61
636,646,1282,1.0157232704402517,658
221,6,227,0.027149321266968326,1
1324,590,1914,0.44561933534743203,603
650,91,741,0.14,80
39,653,692,16.743589743589745,660
6,90,96,15.0,85
24,160,184,6.666666666666667,162
2237,776,3013,0.34689316048278945,777
13,171,184,13.153846153846153,173
23,419,442,18.217391304347824,434
1275,872,2147,0.683921568627451,882
1462,5,1467,0.003419972640218878,1
8,253,261,31.625,266
20,441,461,22.05,464
349,114,463,0.32664756446991405,114
25,248,273,9.92,260
13,393,406,30.23076923076923,416
89,315,404,3.539325842696629,333
42,94,136,2.238095238095238,518
1422,116,1538,0.08157524613220815,114
49,426,475,8.693877551020408,450
241,288,529,1.1950207468879668,75
11,84,95,7.636363636363637,76
250,324,574,1.296,275
421,943,1364,2.2399049881235156,954
9,637,646,70.77777777777777,651
9,46,55,5.111111111111111,35
447,856,1303,1.9149888143176734,859
125,581,706,4.648,601
74,286,360,3.864864864864865,300
683,131,814,0.191800878477306,123
26,37,63,1.4230769230769231,23
347,4,351,0.011527377521613832,1
15,361,376,24.066666666666666,382
73,806,879,11.04109589041096,811
2597,386,2983,0.14863303812090875,408
4,204,208,51.0,211
11,109,120,9.909090909090908,320
423,401,824,0.9479905437352246,418
76,111,187,1.4605263157894737,109
79,351,430,4.443037974683544,367
105,110,215,1.0476190476190477,199
45,64,109,1.4222222222222223,53
1170,505,1675,0.43162393162393164,322
38,381,419,10.026315789473685,402
15,304,319,20.266666666666666,322
256,477,733,1.86328125,731
31,585,616,18.870967741935484,596
317,44,361,0.138801261829653,34
102,90,192,0.8823529411764706,83
56,550,606,9.821428571428571,566
97,804,901,8.288659793814434,362
12,417,429,34.75,433
19,129,148,6.7894736842105265,129
20,463,483,23.15,489
13,341,354,26.23076923076923,357
13,193,206,14.846153846153847,204
8,251,259,31.375,263
21,265,286,12.619047619047619,271
56,24,80,0.42857142857142855,12
20,418,438,20.9,440
146,96,242,0.6575342465753424,88
41,937,978,22.853658536585368,948
11,276,287,25.09090909090909,295
106,631,737,5.952830188679245,648
5,115,120,23.0,112
14,463,477,33.07142857142857,486
86,185,271,2.1511627906976742,186
3956,2,3958,0.0005055611729019212,1
13,101,114,7.769230769230769,96
7,288,295,41.142857142857146,303
99,416,515,4.202020202020202,439
34,188,222,5.529411764705882,188
51,257,308,5.03921568627451,267
3,35,38,11.666666666666666,22
787,27,814,0.03430749682337993,10
25,680,705,27.2,695
22,276,298,12.545454545454545,292
9,52,61,5.777777777777778,40
61,180,241,2.9508196721311477,182
40,149,189,3.725,150
7,108,115,15.428571428571429,149
73,88,161,1.2054794520547945,79
7,93,100,13.285714285714286,86
208,855,1063,4.110576923076923,861
1964,756,2720,0.384928716904277,762
20,185,205,9.25,189
35,573,608,16.37142857142857,592
9,254,263,28.22222222222222,261
43,317,360,7.372093023255814,312
10,122,132,12.2,121
19,374,393,19.68421052631579,392
2,41,43,20.5,29
71,320,391,4.507042253521127,341
31,406,437,13.096774193548388,427
19,339,358,17.842105263157894,357
9,219,228,24.333333333333332,228
1451,352,1803,0.24259131633356307,374
45,498,543,11.066666666666666,521
31,341,372,11.0,355
2,10,12,5.0,1
110,421,531,3.827272727272727,440
775,283,1058,0.36516129032258066,293
85,222,307,2.611764705882353,231
80,174,254,2.175,278
135,308,443,2.2814814814814817,323
25,238,263,9.52,246
8,557,565,69.625,574
32,742,774,23.1875,747
1647,293,1940,0.17789921068609593,309
21,606,627,28.857142857142858,623
1048,152,1200,0.1450381679389313,153
2868,802,3670,0.2796373779637378,804
40,25,65,0.625,10
325,635,960,1.9538461538461538,644
47,127,174,2.702127659574468,126
609,408,1017,0.6699507389162561,429
49,462,511,9.428571428571429,484
27,206,233,7.62962962962963,192
11,131,142,11.909090909090908,131
16,252,268,15.75,264
13,302,315,23.23076923076923,321
8,237,245,29.625,250
21,466,487,22.19047619047619,490
1,10,11,10.0,1
6,48,54,8.0,38
1011,581,1592,0.5746785361028685,575
19,184,203,9.68421052631579,185
16,258,274,16.125,273
20,355,375,17.75,373
1,11,12,11.0,5
20,355,375,17.75,373
626,179,805,0.28594249201277955,181
13,341,354,26.23076923076923,385
74,48,122,0.6486486486486487,37
37,663,700,17.91891891891892,679
59,582,641,9.864406779661017,597
21,481,502,22.904761904761905,501
17,436,453,25.647058823529413,460
13,167,180,12.846153846153847,216
130,21,151,0.16153846153846155,6
483,149,632,0.3084886128364389,151
14,415,429,29.642857142857142,437
28,639,667,22.821428571428573,651
16,923,939,57.6875,955
27,678,705,25.11111111111111,694
44,644,688,14.636363636363637,655
141,565,706,4.00709219858156,450
8,51,59,6.375,46
1295,504,1799,0.3891891891891892,333
858,666,1524,0.7762237762237763,678
50,31,81,0.62,17
11,524,535,47.63636363636363,546
58,43,101,0.7413793103448276,31
44,344,388,7.818181818181818,356
39,158,197,4.051282051282051,160
8,11,19,1.375,1
25,259,284,10.36,264
3009,649,3658,0.21568627450980393,662
14,282,296,20.142857142857142,299
462,797,1259,1.725108225108225,799
1032,32,1064,0.031007751937984496,57
21,220,241,10.476190476190476,225
47,764,811,16.25531914893617,766
50,101,151,2.02,95
34,69,103,2.0294117647058822,67
14,278,292,19.857142857142858,526
17,685,702,40.294117647058826,700
14,123,137,8.785714285714286,123
487,36,523,0.07392197125256673,22
12,124,136,10.333333333333334,122
37,1031,1068,27.864864864864863,1006
10,247,257,24.7,257
2050,491,2541,0.2395121951219512,514
2643,16,2659,0.006053726825576996,1
14,263,277,18.785714285714285,271
25,310,335,12.4,392
134,347,481,2.58955223880597,370
101,141,242,1.396039603960396,141
134,347,481,2.58955223880597,370
836,427,1263,0.5107655502392344,449
385,669,1054,1.7376623376623377,681
3421,91,3512,0.026600409237065185,84
18,279,297,15.5,294
9,335,344,37.22222222222222,350
24,459,483,19.125,480
15,22,37,1.4666666666666666,6
15,72,87,4.8,63
19,228,247,12.0,238
27,763,790,28.25925925925926,767
10,396,406,39.6,415
13,356,369,27.384615384615383,375
6,133,139,22.166666666666668,132
17,454,471,26.705882352941178,473
72,221,293,3.0694444444444446,230
9,342,351,38.0,361
684,281,965,0.4108187134502924,292
79,462,541,5.848101265822785,486
43,426,469,9.906976744186046,494
1,10,11,10.0,1
7,247,254,35.285714285714285,149
214,83,297,0.3878504672897196,76
686,453,1139,0.6603498542274052,472
39,400,439,10.256410256410257,416
151,696,847,4.6092715231788075,708
13,534,547,41.07692307692308,553
170,361,531,2.123529411764706,371
8,448,456,56.0,471
8,343,351,42.875,356
13,263,276,20.23076923076923,272
21,254,275,12.095238095238095,266
436,319,755,0.731651376146789,337
1,10,11,10.0,1
32,128,160,4.0,127
284,924,1208,3.2535211267605635,933
33,55,88,1.6666666666666667,39
785,298,1083,0.3796178343949045,314
7,34,41,4.857142857142857,24
18,426,444,23.666666666666668,445
30,394,424,13.133333333333333,417
15,212,227,14.133333333333333,218
7,244,251,34.857142857142854,149
828,994,1822,1.2004830917874396,170
46,487,533,10.58695652173913,504
107,349,456,3.2616822429906542,371
29,348,377,12.0,363
122,547,669,4.483606557377049,562
28,170,198,6.071428571428571,174
829,309,1138,0.37273823884197826,323
93,282,375,3.032258064516129,297
421,358,779,0.850356294536817,369
653,199,852,0.30474732006125577,208
11,200,211,18.181818181818183,198
6,530,536,88.33333333333333,547
41,357,398,8.707317073170731,381
34,312,346,9.176470588235293,332
882,909,1791,1.030612244897959,915
21,401,422,19.095238095238095,423
517,122,639,0.23597678916827852,121
68,867,935,12.75,872
1431,905,2336,0.6324248777078966,917
28,139,167,4.964285714285714,141
18,262,280,14.555555555555555,268
27,246,273,9.11111111111111,254
24,212,236,8.833333333333334,89
179,451,630,2.5195530726256985,473
14,467,481,33.357142857142854,489
28,188,216,6.714285714285714,192
62,85,147,1.3709677419354838,82
40,490,530,12.25,4
4,105,109,26.25,101
3878,184,4062,0.04744713769984528,190
20,452,472,22.6,476
7,171,178,24.428571428571427,175
25,379,404,15.16,399
888,481,1369,0.5416666666666666,497
21,315,336,15.0,325
3492,51,3543,0.014604810996563574,43
14,197,211,14.071428571428571,205
85,14,99,0.16470588235294117,1
7,493,500,70.42857142857143,514
54,358,412,6.62962962962963,378
7,456,463,65.14285714285714,478
38,98,136,2.5789473684210527,95
107,511,618,4.775700934579439,575
1893,386,2279,0.2039091389329107,201
10,279,289,27.9,293
21,447,468,21.285714285714285,466
152,291,443,1.9144736842105263,306
91,7,98,0.07692307692307693,1
50,106,156,2.12,407
16,179,195,11.1875,180
1368,138,1506,0.10087719298245613,138
10,106,116,10.6,101
11,612,623,55.63636363636363,630
13,344,357,26.46153846153846,570
16,346,362,21.625,366
23,433,456,18.82608695652174,459
303,194,497,0.6402640264026402,198
3,223,226,74.33333333333333,228
19,364,383,19.157894736842106,388
36,277,313,7.694444444444445,292
8,79,87,9.875,73
35,137,172,3.914285714285714,137
74,356,430,4.8108108108108105,441
81,28,109,0.345679012345679,14
75,187,262,2.493333333333333,193
6,140,146,23.333333333333332,139
75,669,744,8.92,680
15,369,384,24.6,390
6,246,252,41.0,256
238,544,782,2.2857142857142856,629
653,376,1029,0.5758039816232772,393
23,191,214,8.304347826086957,194
122,104,226,0.8524590163934426,100
567,564,1131,0.9947089947089947,589
930,143,1073,0.15376344086021507,144
16,42,58,2.625,224
106,483,589,4.556603773584905,232
17,260,277,15.294117647058824,269
1325,611,1936,0.4611320754716981,627
24,196,220,8.166666666666666,200
20,212,232,10.6,220
29,196,225,6.758620689655173,202
98,585,683,5.969387755102041,599
5,224,229,44.8,233
47,336,383,7.148936170212766,351
77,44,121,0.5714285714285714,33
67,643,710,9.597014925373134,655
122,733,855,6.008196721311475,735
282,193,475,0.6843971631205674,196
142,97,239,0.6830985915492958,87
26,383,409,14.73076923076923,399
3204,110,3314,0.03433208489388265,53
158,312,470,1.9746835443037976,328
35,275,310,7.857142857142857,286
40,139,179,3.475,139
34,470,504,13.823529411764707,492
774,4,778,0.00516795865633075,1
15,287,302,19.133333333333333,295
580,163,743,0.2810344827586207,168
86,85,171,0.9883720930232558,49
50,331,381,6.62,344
11,222,233,20.181818181818183,227
9,877,886,97.44444444444444,883
300,908,1208,3.026666666666667,685
116,466,582,4.017241379310345,383
1362,770,2132,0.5653450807635829,775
37,305,342,8.243243243243244,321
165,237,402,1.4363636363636363,245
16,54,70,3.375,39
4,25,29,6.25,11
202,243,445,1.202970297029703,241
519,421,940,0.8111753371868978,441
260,170,430,0.6538461538461539,176
101,277,378,2.742574257425743,289
27,454,481,16.814814814814813,535
106,516,622,4.867924528301887,525
12,538,550,44.833333333333336,554
2,10,12,5.0,1
14,771,785,55.07142857142857,773
6,370,376,61.666666666666664,391
44,63,107,1.4318181818181819,55
10,168,178,16.8,175
16,350,366,21.875,366
1227,276,1503,0.22493887530562348,289
2318,797,3115,0.3438308886971527,796
21,324,345,15.428571428571429,338
1,10,11,10.0,1
241,435,676,1.8049792531120332,389
18,360,378,20.0,381
233,524,757,2.2489270386266096,544
3163,343,3506,0.10844135314574771,358
1234,601,1835,0.48703403565640196,792
8,28,36,3.5,15
16,31,47,1.9375,18
39,22,61,0.5641025641025641,6
20,417,437,20.85,438
174,311,485,1.7873563218390804,329
15,388,403,25.866666666666667,409
105,91,196,0.8666666666666667,93
311,294,605,0.9453376205787781,312
570,168,738,0.29473684210526313,171
17,37,54,2.176470588235294,24
1276,155,1431,0.12147335423197492,156
575,343,918,0.5965217391304348,363
14,44,58,3.142857142857143,29
35,694,729,19.82857142857143,703
7,26,33,3.7142857142857144,12
80,401,481,5.0125,417
110,681,791,6.1909090909090905,698
1,10,11,10.0,1
13,300,313,23.076923076923077,321
1,10,11,10.0,1
356,106,462,0.29775280898876405,101
39,508,547,13.025641025641026,529
22,390,412,17.727272727272727,408
36,126,162,3.5,125
376,385,761,1.023936170212766,405
347,4,351,0.011527377521613832,1
62,512,574,8.258064516129032,536
34,198,232,5.823529411764706,205
31,441,472,14.225806451612904,463
2,30,32,15.0,20
5,297,302,59.4,311
71,318,389,4.47887323943662,333
35,209,244,5.9714285714285715,218
225,165,390,0.7333333333333333,168
145,472,617,3.2551724137931033,494
7,90,97,12.857142857142858,86
19,169,188,8.894736842105264,358
204,229,433,1.1225490196078431,240
185,47,232,0.25405405405405407,35
16,133,149,8.3125,139
13,220,233,16.923076923076923,232
372,697,1069,1.8736559139784945,141
977,1370,2347,1.4022517911975434,1006
75,403,478,5.373333333333333,424
126,161,287,1.2777777777777777,158
71,80,151,1.1267605633802817,66
58,325,383,5.603448275862069,344
220,172,392,0.7818181818181819,175
55,156,211,2.8363636363636364,159
154,456,610,2.961038961038961,474
80,124,204,1.55,124
58,384,442,6.620689655172414,404
174,254,428,1.4597701149425288,262
783,58,841,0.07407407407407407,48
25,3,28,0.12,1
21,299,320,14.238095238095237,302
38,98,136,2.5789473684210527,95
327,138,465,0.42201834862385323,136
11,22,33,2.0,6
77,320,397,4.1558441558441555,336
1855,247,2102,0.13315363881401618,257
28,169,197,6.035714285714286,174
71,1020,1091,14.366197183098592,467
230,512,742,2.226086956521739,531
17,107,124,6.294117647058823,104
33,185,218,5.606060606060606,191
65,225,290,3.4615384615384617,235
7,386,393,55.142857142857146,406
14,359,373,25.642857142857142,374
11,21,32,1.9090909090909092,5
8,173,181,21.625,177
6,25,31,4.166666666666667,10
5,335,340,67.0,352
8,390,398,48.75,415
24,263,287,10.958333333333334,275
22,161,183,7.318181818181818,160
92,924,1016,10.043478260869565,941
14,114,128,8.142857142857142,112
27,439,466,16.25925925925926,461
400,337,737,0.8425,354
43,680,723,15.813953488372093,695
28,577,605,20.607142857142858,592
21,259,280,12.333333333333334,302
30,343,373,11.433333333333334,357
35,890,925,25.428571428571427,899
360,364,724,1.011111111111111,386
152,199,351,1.3092105263157894,205
15,414,429,27.6,437
9,58,67,6.444444444444445,49
443,585,1028,1.3205417607223475,602
28,559,587,19.964285714285715,581
5,539,544,107.8,556
21,299,320,14.238095238095237,317
82,358,440,4.365853658536586,373
4,360,364,90.0,382
10,309,319,30.9,329
1217,596,1813,0.4897288414133114,607
37,29,66,0.7837837837837838,16
5,164,169,32.8,163
34,96,130,2.823529411764706,92
303,152,455,0.5016501650165016,154
44,415,459,9.431818181818182,436
33,274,307,8.303030303030303,284
26,772,798,29.692307692307693,566
1,10,11,10.0,1
243,989,1232,4.0699588477366255,702
690,366,1056,0.5304347826086957,376
121,305,426,2.520661157024793,318
10,1054,1064,105.4,1006
23,160,183,6.956521739130435,439
219,5,224,0.0228310502283105,1
13,246,259,18.923076923076923,250
26,306,332,11.76923076923077,322
12,148,160,12.333333333333334,152
12,325,337,27.083333333333332,341
49,85,134,1.7346938775510203,78
15,982,997,65.46666666666667,1006
25,317,342,12.68,336
22,140,162,6.363636363636363,138
23,131,154,5.695652173913044,132
360,872,1232,2.422222222222222,877
15,277,292,18.466666666666665,291
389,381,770,0.9794344473007712,399
2597,386,2983,0.14863303812090875,408
21,425,446,20.238095238095237,446
53,363,416,6.849056603773585,382
5,716,721,143.2,724
10,577,587,57.7,597
924,272,1196,0.2943722943722944,286
16,580,596,36.25,599
34,233,267,6.852941176470588,241
21,350,371,16.666666666666668,366
560,35,595,0.0625,20
33,47,80,1.4242424242424243,35
307,701,1008,2.2833876221498373,713
67,600,667,8.955223880597014,619
10,279,289,27.9,292
2569,371,2940,0.1444141689373297,390
24,565,589,23.541666666666668,581
1393,87,1480,0.0624551328068916,80
2879,116,2995,0.040291767974991316,150
26,454,480,17.46153846153846,474
24,763,787,31.791666666666668,768
11,51,62,4.636363636363637,40
1010,36,1046,0.03564356435643564,24
6,26,32,4.333333333333333,14
53,579,632,10.924528301886792,596
7,144,151,20.571428571428573,145
33,550,583,16.666666666666668,572
2,447,449,223.5,469
19,313,332,16.473684210526315,331
22,282,304,12.818181818181818,300
69,281,350,4.072463768115942,292
7,446,453,63.714285714285715,473
15,329,344,21.933333333333334,344
80,37,117,0.4625,27
75,331,406,4.413333333333333,349
1255,948,2203,0.7553784860557768,974
29,300,329,10.344827586206897,317
825,99,924,0.12,94
33,91,124,2.757575757575758,86
49,420,469,8.571428571428571,443
9,209,218,23.22222222222222,215
192,330,522,1.71875,343
25,525,550,21.0,547
8,252,260,31.5,258
220,29,249,0.1318181818181818,9
7,184,191,26.285714285714285,186
43,58,101,1.3488372093023255,47
54,147,201,2.7222222222222223,147
100,487,587,4.87,510
2365,317,2682,0.13403805496828752,334
82,488,570,5.951219512195122,511
47,209,256,4.446808510638298,217
297,326,623,1.0976430976430978,343
120,355,475,2.9583333333333335,377
2432,257,2689,0.10567434210526316,270
67,92,159,1.373134328358209,86
60,285,345,4.75,299
19,409,428,21.526315789473685,429
1411,466,1877,0.33026222537207656,486
174,640,814,3.67816091954023,438
1,395,396,395.0,435
100,191,291,1.91,192
471,419,890,0.8895966029723992,438
1552,7,1559,0.004510309278350515,1
22,782,804,35.54545454545455,782
667,3,670,0.004497751124437781,1
8,17,25,2.125,1
21,394,415,18.761904761904763,412
706,391,1097,0.5538243626062322,425
1993,186,2179,0.09332664325137983,191
7,274,281,39.142857142857146,286
24,129,153,5.375,130
19,523,542,27.526315789473685,540
32,389,421,12.15625,408
436,435,871,0.9977064220183486,459
9,174,183,19.333333333333332,173
96,683,779,7.114583333333333,701
7,37,44,5.285714285714286,22
111,5,116,0.04504504504504504,1
17,198,215,11.647058823529411,199
17,240,257,14.117647058823529,586
9,30,39,3.3333333333333335,16
33,666,699,20.181818181818183,684
389,612,1001,1.5732647814910026,624
1230,168,1398,0.13658536585365855,170
23,233,256,10.130434782608695,238
3472,266,3738,0.07661290322580645,277
15,253,268,16.866666666666667,263
17,148,165,8.705882352941176,144
185,334,519,1.8054054054054054,349
2992,428,3420,0.14304812834224598,449
8,124,132,15.5,63
11,141,152,12.818181818181818,414
19,274,293,14.421052631578947,288
130,267,397,2.0538461538461537,278
69,420,489,6.086956521739131,293
12,397,409,33.083333333333336,420
44,221,265,5.0227272727272725,227
17,873,890,51.35294117647059,886
279,808,1087,2.8960573476702507,811
16,423,439,26.4375,456
13,535,548,41.15384615384615,555
1844,209,2053,0.11334056399132321,218
7,520,527,74.28571428571429,544
108,53,161,0.49074074074074076,42
21,255,276,12.142857142857142,369
24,135,159,5.625,131
768,190,958,0.24739583333333334,195
392,3,395,0.007653061224489796,1
68,444,512,6.529411764705882,467
37,67,104,1.8108108108108107,58
1502,422,1924,0.2809587217043941,444
42,88,130,2.0952380952380953,280
45,656,701,14.577777777777778,676
17,747,764,43.94117647058823,749
20,171,191,8.55,537
664,229,893,0.34487951807228917,239
22,474,496,21.545454545454547,497
260,220,480,0.8461538461538461,226
2597,386,2983,0.14863303812090875,408
15,329,344,21.933333333333334,346
8,457,465,57.125,481
13,410,423,31.53846153846154,433
1,25,26,25.0,7
96,209,305,2.1770833333333335,215
484,339,823,0.7004132231404959,436
103,150,253,1.4563106796116505,153
248,243,491,0.9798387096774194,253
486,668,1154,1.374485596707819,681
37,305,342,8.243243243243244,321
96,426,522,4.4375,448
11,865,876,78.63636363636364,872
15,67,82,4.466666666666667,58
14,415,429,29.642857142857142,437
424,1034,1458,2.438679245283019,1006
8,269,277,33.625,280
51,581,632,11.392156862745098,597
1130,423,1553,0.3743362831858407,438
156,588,744,3.769230769230769,610
21,144,165,6.857142857142857,146
7,212,219,30.285714285714285,220
40,359,399,8.975,374
453,2,455,0.004415011037527594,1
143,530,673,3.7062937062937062,534
22,265,287,12.045454545454545,274
313,374,687,1.194888178913738,390
9,80,89,8.88888888888889,74
922,828,1750,0.8980477223427332,828
2856,231,3087,0.08088235294117647,240
62,501,563,8.080645161290322,528
215,363,578,1.6883720930232557,377
241,96,337,0.3983402489626556,95
54,430,484,7.962962962962963,444
15,194,209,12.933333333333334,196
200,144,344,0.72,405
1274,846,2120,0.6640502354788069,850
2,10,12,5.0,1
88,347,435,3.9431818181818183,363
5,11,16,2.2,1
31,41,72,1.3225806451612903,38
34,471,505,13.852941176470589,489
39,359,398,9.205128205128204,377
27,337,364,12.481481481481481,356
14,246,260,17.571428571428573,256
66,25,91,0.3787878787878788,12
327,757,1084,2.314984709480122,766
9,374,383,41.55555555555556,397
8,106,114,13.25,104
11,335,346,30.454545454545453,351
39,627,666,16.076923076923077,637
829,341,1170,0.41133896260554886,360
26,436,462,16.76923076923077,459
21,436,457,20.761904761904763,459
8,268,276,33.5,280
20,116,136,5.8,115
111,234,345,2.108108108108108,242
91,410,501,4.5054945054945055,663
28,626,654,22.357142857142858,640
127,305,432,2.4015748031496065,320
124,122,246,0.9838709677419355,118
45,196,241,4.355555555555555,197
57,407,464,7.140350877192983,429
789,313,1102,0.39670468948035487,323
13,192,205,14.76923076923077,196
6,267,273,44.5,281
8,180,188,22.5,184
127,794,921,6.251968503937008,796
1309,218,1527,0.16653934300993126,227
120,550,670,4.583333333333333,568
250,115,365,0.46,112
7,299,306,42.714285714285715,315
108,100,208,0.9259259259259259,97
102,75,177,0.7352941176470589,41
18,96,114,5.333333333333333,90
21,193,214,9.19047619047619,191
27,398,425,14.74074074074074,415
69,430,499,6.231884057971015,451
50,62,112,1.24,51
15,357,372,23.8,374
12,170,182,14.166666666666666,173
45,319,364,7.088888888888889,47
630,768,1398,1.2190476190476192,771
9,113,122,12.555555555555555,109
660,332,992,0.503030303030303,350
8,181,189,22.625,186
136,441,577,3.2426470588235294,554
6,90,96,15.0,85
27,449,476,16.62962962962963,467
11,140,151,12.727272727272727,146
24,317,341,13.208333333333334,335
49,325,374,6.63265306122449,340
32,564,596,17.625,530
472,356,828,0.7542372881355932,370
401,153,554,0.38154613466334164,153
1570,81,1651,0.05159235668789809,74
368,255,623,0.6929347826086957,263
415,841,1256,2.0265060240963857,853
15,67,82,4.466666666666667,58
7,346,353,49.42857142857143,365
1,47,48,47.0,1
28,195,223,6.964285714285714,252
1097,919,2016,0.837739288969918,915
12,40,52,3.3333333333333335,29
21,674,695,32.095238095238095,689
34,357,391,10.5,383
840,513,1353,0.6107142857142858,530
106,212,318,2.0,221
9,371,380,41.22222222222222,392
88,301,389,3.4204545454545454,315
47,186,233,3.9574468085106385,190
811,180,991,0.2219482120838471,211
13,362,375,27.846153846153847,380
161,341,502,2.1180124223602483,360
13,327,340,25.153846153846153,349
9,216,225,24.0,224
2171,159,2330,0.07323813910640257,157
9,367,376,40.77777777777778,388
247,60,307,0.242914979757085,47
14,551,565,39.357142857142854,568
8,869,877,108.625,876
3,69,72,23.0,59
14,208,222,14.857142857142858,218
21,260,281,12.380952380952381,270
2003,817,2820,0.40788816774837744,818
7,3,10,0.42857142857142855,1
7,225,232,32.142857142857146,232
73,433,506,5.931506849315069,449
53,412,465,7.773584905660377,433
226,317,543,1.4026548672566372,327
58,412,470,7.103448275862069,431
62,310,372,5.0,325
52,671,723,12.903846153846153,656
19,157,176,8.263157894736842,157
31,461,492,14.870967741935484,482
7,96,103,13.714285714285714,97
8,164,172,20.5,54
332,328,660,0.9879518072289156,343
25,362,387,14.48,370
17,10,27,0.5882352941176471,1
5,167,172,33.4,171
9,396,405,44.0,259
2519,35,2554,0.013894402540690751,22
6,350,356,58.333333333333336,370
19,496,515,26.105263157894736,519
20,108,128,5.4,104
14,1038,1052,74.14285714285714,1006
21,449,470,21.38095238095238,467
20,170,190,8.5,172
112,323,435,2.8839285714285716,342
69,12,81,0.17391304347826086,1
67,310,377,4.626865671641791,324
1222,747,1969,0.6112929623567921,751
97,321,418,3.3092783505154637,341
39,406,445,10.41025641025641,424
67,975,1042,14.552238805970148,1006
44,411,455,9.340909090909092,431
20,360,380,18.0,377
762,325,1087,0.42650918635170604,341
22,547,569,24.863636363636363,568
22,287,309,13.045454545454545,307
244,635,879,2.6024590163934427,645
17,297,314,17.470588235294116,274
1128,19,1147,0.016843971631205674,6
2969,266,3235,0.08959245537217919,274
769,25,794,0.032509752925877766,10
518,392,910,0.7567567567567568,409
34,188,222,5.529411764705882,188
16,93,109,5.8125,87
1220,100,1320,0.08196721311475409,91
2831,308,3139,0.10879547862945955,322
16,81,97,5.0625,77
17,292,309,17.176470588235293,306
28,163,191,5.821428571428571,165
7,142,149,20.285714285714285,140
15,385,400,25.666666666666668,404
8,408,416,51.0,430
41,422,463,10.292682926829269,446
7,819,826,117.0,819
703,573,1276,0.8150782361308677,590
15,242,257,16.133333333333333,251
368,223,591,0.6059782608695652,229
24,21,45,0.875,14
1,10,11,10.0,1
69,587,656,8.507246376811594,602
6,240,246,40.0,407
19,64,83,3.3684210526315788,56
14,193,207,13.785714285714286,198
292,200,492,0.684931506849315,206
95,226,321,2.3789473684210525,232
35,390,425,11.142857142857142,408
77,36,113,0.4675324675324675,28
77,207,284,2.688311688311688,214
24,77,101,3.2083333333333335,67
121,192,313,1.5867768595041323,192
17,297,314,17.470588235294116,312
13,225,238,17.307692307692307,219
89,121,210,1.3595505617977528,117
3414,198,3612,0.05799648506151142,201
59,152,211,2.5762711864406778,153
45,7,52,0.15555555555555556,1
54,390,444,7.222222222222222,400
20,645,665,32.25,658
5,211,216,42.2,216
16,182,198,11.375,185
12,30,42,2.5,17
6,195,201,32.5,201
14,487,501,34.785714285714285,512
382,140,522,0.36649214659685864,140
213,395,608,1.8544600938967135,416
20,76,96,3.8,69
10,224,234,22.4,233
893,596,1489,0.6674132138857782,608
111,445,556,4.009009009009009,459
8,110,118,13.75,111
1878,715,2593,0.38072417465388714,730
18,241,259,13.38888888888889,423
27,176,203,6.518518518518518,275
63,275,338,4.365079365079365,287
14,89,103,6.357142857142857,78
28,407,435,14.535714285714286,428
14,12,26,0.8571428571428571,1
62,3,65,0.04838709677419355,1
10,441,451,44.1,329
202,209,411,1.0346534653465347,214
2,94,96,47.0,88
41,484,525,11.804878048780488,255
1,10,11,10.0,1
109,350,459,3.2110091743119265,367
1153,314,1467,0.2723330442324371,328
4,10,14,2.5,1
91,302,393,3.318681318681319,317
182,142,324,0.7802197802197802,139
24,349,373,14.541666666666666,364
74,455,529,6.148648648648648,472
20,517,537,25.85,542
129,533,662,4.131782945736434,552
7,291,298,41.57142857142857,305
7,267,274,38.142857142857146,280
2502,112,2614,0.04476418864908074,107
48,215,263,4.479166666666667,223
11,847,858,77.0,856
149,293,442,1.9664429530201342,304
15,320,335,21.333333333333332,338
81,282,363,3.4814814814814814,271
1092,302,1394,0.2765567765567766,318
126,493,619,3.9126984126984126,511
258,91,349,0.35271317829457366,40
30,305,335,10.166666666666666,288
25,128,153,5.12,129
54,754,808,13.962962962962964,760
1,127,128,127.0,146
32,518,550,16.1875,540
55,977,1032,17.763636363636362,1006
14,937,951,66.92857142857143,970
15,567,582,37.8,583
22,170,192,7.7272727272727275,171
488,325,813,0.6659836065573771,343
468,655,1123,1.3995726495726495,467
1,239,240,239.0,435
64,128,192,2.0,124
113,631,744,5.584070796460177,638
76,111,187,1.4605263157894737,109
36,464,500,12.88888888888889,482
92,75,167,0.8152173913043478,68
368,142,510,0.3858695652173913,144
24,323,347,13.458333333333334,335
11,222,233,20.181818181818183,228
13,89,102,6.846153846153846,83
36,146,182,4.055555555555555,145
14,822,836,58.714285714285715,832
380,102,482,0.26842105263157895,95
36,163,199,4.527777777777778,161
72,247,319,3.4305555555555554,259
601,650,1251,1.08153078202995,663
24,308,332,12.833333333333334,320
52,33,85,0.6346153846153846,44
4,251,255,62.75,264
124,1098,1222,8.85483870967742,1006
151,15,166,0.09933774834437085,1
25,319,344,12.76,333
53,953,1006,17.9811320754717,976
49,98,147,2.0,94
24,241,265,10.041666666666666,249
7,192,199,27.428571428571427,149
9,145,154,16.11111111111111,147
22,322,344,14.636363636363637,364
269,111,380,0.41263940520446096,109
11,341,352,31.0,367
80,520,600,6.5,537
384,203,587,0.5286458333333334,207
2093,66,2159,0.03153368370759675,57
90,162,252,1.8,164
15,76,91,5.066666666666666,69
18,338,356,18.77777777777778,358
34,683,717,20.08823529411765,696
41,389,430,9.487804878048781,403
696,391,1087,0.5617816091954023,406
9,329,338,36.55555555555556,345
1947,170,2117,0.08731381612737545,173
11,166,177,15.090909090909092,167
185,225,410,1.2162162162162162,236
13,397,410,30.53846153846154,419
33,577,610,17.484848484848484,593
61,12,73,0.19672131147540983,1
6,308,314,51.333333333333336,322
29,143,172,4.931034482758621,143
58,919,977,15.844827586206897,492
31,355,386,11.451612903225806,369
196,832,1028,4.244897959183674,821
1513,192,1705,0.12690019828155982,198
70,356,426,5.085714285714285,369
367,373,740,1.0163487738419619,395
112,16,128,0.14285714285714285,1
56,719,775,12.839285714285714,728
40,811,851,20.275,821
27,545,572,20.185185185185187,677
20,497,517,24.85,517
3,107,110,35.666666666666664,103
14,518,532,37.0,537
13,204,217,15.692307692307692,209
1457,285,1742,0.19560741249142072,296
32,835,867,26.09375,322
35,109,144,3.1142857142857143,105
243,256,499,1.0534979423868314,270
24,261,285,10.875,273
21,699,720,33.285714285714285,714
631,556,1187,0.8811410459587956,574
145,105,250,0.7241379310344828,102
102,418,520,4.098039215686274,418
221,44,265,0.19909502262443438,33
22,274,296,12.454545454545455,286
2753,162,2915,0.05884489647657101,162
261,559,820,2.1417624521072796,573
18,270,288,15.0,283
62,735,797,11.85483870967742,741
1268,145,1413,0.11435331230283911,76
369,581,950,1.5745257452574526,596
21,340,361,16.19047619047619,356
11,236,247,21.454545454545453,317
14,858,872,61.285714285714285,860
7,124,131,17.714285714285715,121
16,136,152,8.5,138
16,84,100,5.25,76
727,70,797,0.09628610729023383,61
15,284,299,18.933333333333334,239
20,213,233,10.65,220
19,335,354,17.63157894736842,356
297,326,623,1.0976430976430978,343
4,234,238,58.5,244
6,158,164,26.333333333333332,162
633,6,639,0.009478672985781991,1
51,119,170,2.3333333333333335,123
8,101,109,12.625,95
22,29,51,1.3181818181818181,17
13,95,108,7.3076923076923075,89
16,314,330,19.625,332
19,432,451,22.736842105263158,449
40,330,370,8.25,343
23,222,245,9.652173913043478,177
80,23,103,0.2875,8
5,58,63,11.6,50
49,973,1022,19.857142857142858,1006
10,327,337,32.7,338
11,22,33,2.0,6
95,177,272,1.8631578947368421,181
47,470,517,10.0,490
11,429,440,39.0,863
298,182,480,0.610738255033557,186
18,72,90,4.0,63
21,616,637,29.333333333333332,631
11,229,240,20.818181818181817,340
65,627,692,9.646153846153846,628
964,708,1672,0.7344398340248963,714
4,622,626,155.5,670
33,259,292,7.848484848484849,269
189,850,1039,4.497354497354498,858
628,789,1417,1.2563694267515924,793
67,643,710,9.597014925373134,655
70,578,648,8.257142857142858,596
17,389,406,22.88235294117647,413
360,295,655,0.8194444444444444,311
14,510,524,36.42857142857143,531
312,361,673,1.1570512820512822,385
28,411,439,14.678571428571429,436
880,247,1127,0.2806818181818182,257
2848,621,3469,0.21804775280898878,632
449,599,1048,1.334075723830735,616
21,391,412,18.61904761904762,436
17,362,379,21.294117647058822,376
154,279,433,1.8116883116883118,287
10,331,341,33.1,348
544,315,859,0.5790441176470589,330
7,130,137,18.571428571428573,149
13,320,333,24.615384615384617,134
23,222,245,9.652173913043478,229
248,176,424,0.7096774193548387,180
26,421,447,16.192307692307693,436
20,38,58,1.9,26
87,380,467,4.367816091954023,401
36,130,166,3.611111111111111,130
107,330,437,3.0841121495327104,348
22,653,675,29.681818181818183,664
41,777,818,18.951219512195124,781
325,308,633,0.9476923076923077,848
7,22,29,3.142857142857143,8
8,52,60,6.5,39
170,311,481,1.8294117647058823,327
124,44,168,0.3548387096774194,33
28,200,228,7.142857142857143,203
483,149,632,0.3084886128364389,151
149,449,598,3.0134228187919465,471
28,365,393,13.035714285714286,382
37,168,205,4.54054054054054,171
3,10,13,3.3333333333333335,1
34,799,833,23.5,801
49,352,401,7.183673469387755,369
2982,184,3166,0.06170355466130114,185
138,248,386,1.7971014492753623,255
36,36,72,1.0,24
1508,711,2219,0.47148541114058357,623
13,376,389,28.923076923076923,392
23,238,261,10.347826086956522,249
1011,465,1476,0.4599406528189911,483
408,382,790,0.9362745098039216,405
410,655,1065,1.5975609756097562,674
429,478,907,1.1142191142191142,496
11,811,822,73.72727272727273,815
3875,84,3959,0.02167741935483871,79
2067,13,2080,0.006289308176100629,1
1282,138,1420,0.10764430577223089,137
28,141,169,5.035714285714286,141
5,31,36,6.2,15
366,388,754,1.0601092896174864,407
287,795,1082,2.770034843205575,805
70,188,258,2.6857142857142855,195
13,329,342,25.307692307692307,337
38,220,258,5.7894736842105265,224
11,449,460,40.81818181818182,375
101,141,242,1.396039603960396,141
35,659,694,18.82857142857143,668
53,327,380,6.169811320754717,346
72,354,426,4.916666666666667,217
36,466,502,12.944444444444445,487
18,797,815,44.27777777777778,808
25,393,418,15.72,413
19,467,486,24.57894736842105,487
11,284,295,25.818181818181817,297
298,63,361,0.21140939597315436,55
273,543,816,1.989010989010989,568
21,312,333,14.857142857142858,325
49,464,513,9.46938775510204,567
35,116,151,3.3142857142857145,114
349,530,879,1.518624641833811,546
18,128,146,7.111111111111111,128
28,675,703,24.107142857142858,687
26,492,518,18.923076923076923,511
12,150,162,12.5,149
492,103,595,0.20934959349593496,98
18,348,366,19.333333333333332,369
5,448,453,89.6,467
158,254,412,1.6075949367088607,267
5,271,276,54.2,282
775,341,1116,0.44,358
3803,179,3982,0.04706810412831975,184
28,176,204,6.285714285714286,179
1236,26,1262,0.021035598705501618,6
26,158,184,6.076923076923077,160
54,431,485,7.981481481481482,434
136,245,381,1.8014705882352942,255
977,857,1834,0.8771750255885363,860
927,1013,1940,1.09277238403452,1006
1165,3,1168,0.002575107296137339,1
14,248,262,17.714285714285715,253
19,403,422,21.210526315789473,425
63,343,406,5.444444444444445,358
5,56,61,11.2,43
906,633,1539,0.6986754966887417,253
51,366,417,7.176470588235294,384
40,336,376,8.4,350
12,915,927,76.25,935
10,282,292,28.2,297
35,395,430,11.285714285714286,450
14,295,309,21.071428571428573,315
95,143,238,1.5052631578947369,143
366,49,415,0.13387978142076504,38
11,28,39,2.5454545454545454,10
15,574,589,38.266666666666666,471
103,229,332,2.2233009708737863,241
21,39,60,1.8571428571428572,27
80,534,614,6.675,555
27,567,594,21.0,588
14,312,326,22.285714285714285,336
7,300,307,42.857142857142854,318
46,34,80,0.7391304347826086,23
95,612,707,6.442105263157894,627
31,348,379,11.225806451612904,368
8,255,263,31.875,265
131,176,307,1.3435114503816794,181
19,259,278,13.631578947368421,269
8,180,188,22.5,184
62,170,232,2.7419354838709675,389
1066,45,1111,0.04221388367729831,35
15,469,484,31.266666666666666,489
96,534,630,5.5625,555
120,221,341,1.8416666666666666,225
20,166,186,8.3,172
65,933,998,14.353846153846154,941
94,486,580,5.170212765957447,463
9,293,302,32.55555555555556,304
45,166,211,3.688888888888889,166
248,300,548,1.2096774193548387,317
7,89,96,12.714285714285714,81
12,570,582,47.5,588
177,765,942,4.322033898305085,776
484,3,487,0.006198347107438017,1
28,405,433,14.464285714285714,425
1002,761,1763,0.7594810379241517,763
260,175,435,0.6730769230769231,180
137,652,789,4.759124087591241,660
10,273,283,27.3,286
109,439,548,4.027522935779817,466
727,284,1011,0.390646492434663,296
16,122,138,7.625,120
11,100,111,9.090909090909092,91
34,756,790,22.235294117647058,756
39,236,275,6.051282051282051,241
1033,983,2016,0.9515972894482091,1006
89,88,177,0.9887640449438202,81
13,155,168,11.923076923076923,157
1628,133,1761,0.08169533169533169,131
78,42,120,0.5384615384615384,32
3817,92,3909,0.024102698454283467,85
13,360,373,27.692307692307693,380
114,453,567,3.973684210526316,470
666,412,1078,0.6186186186186187,432
2029,296,2325,0.14588467225234106,311
69,262,331,3.7971014492753623,273
1259,304,1563,0.2414614773629865,318
34,453,487,13.323529411764707,474
116,112,228,0.9655172413793104,110
5,335,340,67.0,352
5,233,238,46.6,243
22,191,213,8.681818181818182,196
97,380,477,3.917525773195876,401
52,59,111,1.1346153846153846,50
166,363,529,2.1867469879518073,378
21,215,236,10.238095238095237,223
561,256,817,0.4563279857397504,258
909,112,1021,0.12321232123212321,108
185,446,631,2.4108108108108106,465
17,182,199,10.705882352941176,187
3,9,12,3.0,1
15,76,91,5.066666666666666,69
8,145,153,18.125,149
9,690,699,76.66666666666667,696
1,10,11,10.0,1
1984,7,1991,0.003528225806451613,1
24,235,259,9.791666666666666,240
76,606,682,7.973684210526316,622
1951,310,2261,0.15889287544848796,327
51,150,201,2.9411764705882355,135
40,323,363,8.075,340
1974,671,2645,0.33991894630192504,687
25,204,229,8.16,201
9,486,495,54.0,512
179,497,676,2.776536312849162,517
24,384,408,16.0,404
51,39,90,0.7647058823529411,25
16,86,102,5.375,80
84,68,152,0.8095238095238095,56
82,385,467,4.695121951219512,410
12,193,205,16.083333333333332,200
135,448,583,3.3185185185185184,464
803,275,1078,0.3424657534246575,288
46,161,207,3.5,160
151,10,161,0.06622516556291391,1
181,86,267,0.47513812154696133,79
6,69,75,11.5,61
5,250,255,50.0,262
167,917,1084,5.491017964071856,412
205,451,656,2.2,457
1228,409,1637,0.3330618892508143,456
19,267,286,14.052631578947368,275
21,220,241,10.476190476190476,226
13,82,95,6.3076923076923075,284
12,40,52,3.3333333333333335,29
13,287,300,22.076923076923077,301
456,212,668,0.4649122807017544,222
12,522,534,43.5,543
170,237,407,1.3941176470588235,274
86,568,654,6.604651162790698,586
32,829,861,25.90625,832
17,56,73,3.2941176470588234,318
9,68,77,7.555555555555555,60
1322,4,1326,0.0030257186081694403,1
16,243,259,15.1875,244
112,509,621,4.544642857142857,510
39,704,743,18.05128205128205,718
13,477,490,36.69230769230769,497
46,167,213,3.630434782608696,168
996,164,1160,0.1646586345381526,168
147,387,534,2.63265306122449,410
12,326,338,27.166666666666668,281
63,38,101,0.6031746031746031,25
15,371,386,24.733333333333334,397
46,503,549,10.934782608695652,556
45,92,137,2.0444444444444443,86
28,407,435,14.535714285714286,428
58,384,442,6.620689655172414,404
1,10,11,10.0,1
46,949,995,20.630434782608695,959
1765,44,1809,0.024929178470254956,31
27,271,298,10.037037037037036,281
24,227,251,9.458333333333334,270
9,440,449,48.888888888888886,461
19,87,106,4.578947368421052,78
45,613,658,13.622222222222222,625
24,39,63,1.625,28
26,37,63,1.4230769230769231,23
10,195,205,19.5,197
108,290,398,2.685185185185185,300
21,457,478,21.761904761904763,475
102,615,717,6.029411764705882,633
18,131,149,7.277777777777778,369
32,96,128,3.0,91
43,45,88,1.0465116279069768,31
8,386,394,48.25,412
15,212,227,14.133333333333333,221
1039,141,1180,0.13570741097208855,141
47,210,257,4.468085106382978,219
2866,336,3202,0.11723656664340544,353
564,257,821,0.45567375886524825,271
8,271,279,33.875,287
23,31,54,1.3478260869565217,19
29,357,386,12.310344827586206,380
105,77,182,0.7333333333333333,67
161,586,747,3.639751552795031,373
279,180,459,0.6451612903225806,478
12,360,372,30.0,378
19,931,950,49.0,943
1466,41,1507,0.02796725784447476,142
3,280,283,93.33333333333333,296
8,387,395,48.375,102
747,285,1032,0.3815261044176707,295
8,282,290,35.25,299
7,81,88,11.571428571428571,137
235,87,322,0.3702127659574468,83
11,389,400,35.36363636363637,312
37,306,343,8.27027027027027,319
97,347,444,3.577319587628866,367
23,634,657,27.565217391304348,645
3,279,282,93.0,292
183,7,190,0.03825136612021858,1
182,85,267,0.46703296703296704,42
63,37,100,0.5873015873015873,69
3286,438,3724,0.13329275715155203,455
73,450,523,6.164383561643835,471
44,367,411,8.340909090909092,388
23,169,192,7.3478260869565215,169
24,238,262,9.916666666666666,248
2327,131,2458,0.05629565964761495,179
28,176,204,6.285714285714286,179
20,287,307,14.35,36
1220,100,1320,0.08196721311475409,91
33,257,290,7.787878787878788,266
12,547,559,45.583333333333336,568
68,236,304,3.4705882352941178,244
18,220,238,12.222222222222221,227
46,318,364,6.913043478260869,334
174,422,596,2.425287356321839,346
30,29,59,0.9666666666666667,16
12,407,419,33.916666666666664,428
18,32,50,1.7777777777777777,16
22,783,805,35.59090909090909,784
7,526,533,75.14285714285714,546
21,80,101,3.8095238095238093,414
34,343,377,10.088235294117647,363
28,90,118,3.2142857142857144,84
2055,158,2213,0.07688564476885645,159
7,15,22,2.142857142857143,1
88,184,272,2.090909090909091,186
25,88,113,3.52,82
2304,269,2573,0.11675347222222222,284
918,7,925,0.007625272331154684,1
16,373,389,23.3125,397
243,867,1110,3.567901234567901,873
11,36,47,3.272727272727273,24
249,194,443,0.7791164658634538,194
250,248,498,0.992,259
5,22,27,4.4,19
9,143,152,15.88888888888889,147
9,138,147,15.333333333333334,139
62,216,278,3.4838709677419355,222
19,226,245,11.894736842105264,232
28,766,794,27.357142857142858,365
48,435,483,9.0625,455
11,316,327,28.727272727272727,330
21,114,135,5.428571428571429,110
7,105,112,15.0,149
231,234,465,1.0129870129870129,240
13,340,353,26.153846153846153,362
41,211,252,5.146341463414634,219
10,103,113,10.3,97
431,192,623,0.44547563805104406,208
130,101,231,0.7769230769230769,95
44,236,280,5.363636363636363,247
44,63,107,1.4318181818181819,55
30,332,362,11.066666666666666,351
501,189,690,0.3772455089820359,194
18,353,371,19.61111111111111,377
73,597,670,8.178082191780822,611
3491,279,3770,0.07991979375537095,276
10,188,198,18.8,196
34,961,995,28.264705882352942,982
9,343,352,38.111111111111114,400
48,206,254,4.291666666666667,214
15,189,204,12.6,191
20,345,365,17.25,365
9,138,147,15.333333333333334,139
57,581,638,10.192982456140351,599
99,379,478,3.8282828282828283,400
26,410,436,15.76923076923077,433
179,497,676,2.776536312849162,517
34,79,113,2.323529411764706,107
138,66,204,0.4782608695652174,58
24,401,425,16.708333333333332,427
17,815,832,47.94117647058823,414
8,496,504,62.0,518
11,846,857,76.9090909090909,852
8,58,66,7.25,251
43,948,991,22.046511627906977,963
106,322,428,3.0377358490566038,345
10,583,593,58.3,394
7,274,281,39.142857142857146,286
12,42,54,3.5,30
40,22,62,0.55,5
16,211,227,13.1875,218
17,339,356,19.941176470588236,358
89,27,116,0.30337078651685395,13
88,118,206,1.3409090909090908,116
5,64,69,12.8,54
608,12,620,0.019736842105263157,1
67,918,985,13.701492537313433,922
9,132,141,14.666666666666666,133
80,416,496,5.2,433
111,294,405,2.6486486486486487,299
11,46,57,4.181818181818182,30
135,596,731,4.4148148148148145,605
15,167,182,11.133333333333333,165
28,279,307,9.964285714285714,278
54,299,353,5.537037037037037,311
128,631,759,4.9296875,643
24,202,226,8.416666666666666,205
17,848,865,49.88235294117647,849
9,296,305,32.888888888888886,308
12,453,465,37.75,478
125,411,536,3.288,420
22,290,312,13.181818181818182,302
1441,207,1648,0.1436502428868841,213
138,812,950,5.884057971014493,817
9,209,218,23.22222222222222,218
10,236,246,23.6,243
382,363,745,0.9502617801047121,383
626,179,805,0.28594249201277955,181
11,48,59,4.363636363636363,36
378,431,809,1.1402116402116402,453
2589,70,2659,0.027037466203167246,68
11,277,288,25.181818181818183,291
39,290,329,7.435897435897436,301
14,428,442,30.571428571428573,450
31,139,170,4.483870967741935,140
23,271,294,11.782608695652174,283
122,640,762,5.245901639344262,651
251,205,456,0.8167330677290837,208
452,421,873,0.9314159292035398,440
18,297,315,16.5,308
167,917,1084,5.491017964071856,412
27,612,639,22.666666666666668,621
145,298,443,2.0551724137931036,313
569,304,873,0.5342706502636204,319
717,175,892,0.24407252440725244,177
463,197,660,0.42548596112311016,202
29,104,133,3.586206896551724,100
3,22,25,7.333333333333333,4
7,400,407,57.142857142857146,421
8,175,183,21.875,175
15,446,461,29.733333333333334,464
1397,97,1494,0.06943450250536864,94
1407,321,1728,0.2281449893390192,338
2757,525,3282,0.19042437431991294,542
104,841,945,8.086538461538462,856
2081,180,2261,0.08649687650168188,182
2128,263,2391,0.12359022556390978,705
81,11,92,0.13580246913580246,1
484,206,690,0.4256198347107438,212
123,17,140,0.13821138211382114,33
20,875,895,43.75,882
22,13,35,0.5909090909090909,1
11,301,312,27.363636363636363,313
18,448,466,24.88888888888889,470
810,588,1398,0.725925925925926,603
21,385,406,18.333333333333332,406
9,158,167,17.555555555555557,162
32,256,288,8.0,270
9,414,423,46.0,432
471,303,774,0.643312101910828,305
57,261,318,4.578947368421052,270
12,548,560,45.666666666666664,573
155,313,468,2.0193548387096776,326
18,600,618,33.333333333333336,613
762,151,913,0.19816272965879264,198
23,177,200,7.695652173913044,181
14,198,212,14.142857142857142,202
300,213,513,0.71,39
40,137,177,3.425,137
51,274,325,5.372549019607843,321
2516,104,2620,0.04133545310015898,97
8,205,213,25.625,209
1864,46,1910,0.02467811158798283,35
6,173,179,28.833333333333332,23
12,1001,1013,83.41666666666667,1006
7,275,282,39.285714285714285,289
10,402,412,40.2,424
67,383,450,5.7164179104477615,401
17,452,469,26.58823529411765,471
362,178,540,0.49171270718232046,184
100,21,121,0.21,7
14,994,1008,71.0,1006
101,69,170,0.6831683168316832,67
19,322,341,16.94736842105263,333
1074,518,1592,0.4823091247672253,544
3438,272,3710,0.07911576497963932,285
10,212,222,21.2,219
8,187,195,23.375,197
2,162,164,81.0,166
25,194,219,7.76,200
60,24,84,0.4,10
9,89,98,9.88888888888889,107
141,288,429,2.0425531914893615,299
15,83,98,5.533333333333333,74
120,869,989,7.241666666666666,872
32,485,517,15.15625,507
2,11,13,5.5,1
1755,2,1757,0.0011396011396011395,1
244,1008,1252,4.131147540983607,1006
2016,142,2158,0.07043650793650794,139
9,831,840,92.33333333333333,842
35,188,223,5.371428571428571,193
10,252,262,25.2,259
10,359,369,35.9,375
1092,202,1294,0.184981684981685,554
11,252,263,22.90909090909091,262
7,133,140,19.0,242
208,137,345,0.6586538461538461,137
332,647,979,1.9487951807228916,661
18,486,504,27.0,506
174,279,453,1.603448275862069,295
17,90,107,5.294117647058823,84
290,285,575,0.9827586206896551,296
1236,256,1492,0.20711974110032363,379
26,714,740,27.46153846153846,731
11,338,349,30.727272727272727,354
17,78,95,4.588235294117647,70
154,791,945,5.136363636363637,795
34,75,109,2.2058823529411766,69
1239,567,1806,0.4576271186440678,578
36,347,383,9.63888888888889,368
38,967,1005,25.44736842105263,976
20,738,758,36.9,744
36,319,355,8.86111111111111,339
7,151,158,21.571428571428573,156
71,981,1052,13.816901408450704,1006
24,452,476,18.833333333333332,475
238,54,292,0.226890756302521,226
6,212,218,35.333333333333336,384
12,316,328,26.333333333333332,332
17,651,668,38.294117647058826,666
6,180,186,30.0,186
74,83,157,1.1216216216216217,80
44,20,64,0.45454545454545453,1
127,582,709,4.582677165354331,601
631,32,663,0.05071315372424723,17
16,85,101,5.3125,80
107,272,379,2.542056074766355,285
37,3,40,0.08108108108108109,1
823,25,848,0.030376670716889428,16
1408,237,1645,0.16832386363636365,247
10,26,36,2.6,12
9,638,647,70.88888888888889,654
17,644,661,37.88235294117647,650
105,584,689,5.561904761904762,598
678,13,691,0.019174041297935103,1
3010,352,3362,0.11694352159468438,372
9,354,363,39.333333333333336,368
122,255,377,2.0901639344262297,266
6,326,332,54.333333333333336,343
658,5,663,0.007598784194528876,1
38,539,577,14.18421052631579,556
535,396,931,0.7401869158878505,413
105,997,1102,9.495238095238095,1006
13,840,853,64.61538461538461,855
33,265,298,8.030303030303031,231
1761,46,1807,0.02612152186257808,33
12,404,416,33.666666666666664,424
23,162,185,7.043478260869565,164
7,306,313,43.714285714285715,406
76,111,187,1.4605263157894737,109
976,982,1958,1.0061475409836065,1006
11,320,331,29.09090909090909,342
519,111,630,0.2138728323699422,441
19,344,363,18.105263157894736,363
24,390,414,16.25,413
15,173,188,11.533333333333333,174
85,522,607,6.141176470588236,542
30,108,138,3.6,104
859,389,1248,0.4528521536670547,406
3,496,499,165.33333333333334,472
128,827,955,6.4609375,825
10,222,232,22.2,228
46,161,207,3.5,160
37,443,480,11.972972972972974,465
264,244,508,0.9242424242424242,254
8,37,45,4.625,26
9,26,35,2.888888888888889,28
18,313,331,17.38888888888889,328
67,135,202,2.014925373134328,135
8,282,290,35.25,295
105,8,113,0.0761904761904762,1
692,464,1156,0.6705202312138728,482
32,976,1008,30.5,1006
15,241,256,16.066666666666666,252
663,412,1075,0.6214177978883861,436
49,841,890,17.163265306122447,852
13,271,284,20.846153846153847,282
37,113,150,3.054054054054054,111
32,411,443,12.84375,431
28,252,280,9.0,264
11,264,275,24.0,275
185,11,196,0.05945945945945946,1
14,360,374,25.714285714285715,381
1,7,8,7.0,5
12,244,256,20.333333333333332,252
53,156,209,2.943396226415094,156
89,299,388,3.359550561797753,312
16,358,374,22.375,378
42,103,145,2.4523809523809526,99
37,258,295,6.972972972972973,267
30,284,314,9.466666666666667,300
24,401,425,16.708333333333332,428
246,132,378,0.5365853658536586,129
8,243,251,30.375,257
24,429,453,17.875,450
435,250,685,0.5747126436781609,259
1182,248,1430,0.2098138747884941,175
281,246,527,0.8754448398576512,279
16,384,400,24.0,402
23,101,124,4.391304347826087,95
13,92,105,7.076923076923077,90
77,4,81,0.05194805194805195,1
799,1039,1838,1.300375469336671,1006
561,807,1368,1.4385026737967914,806
143,127,270,0.8881118881118881,125
11,396,407,36.0,419
895,943,1838,1.053631284916201,463
188,395,583,2.101063829787234,414
196,121,317,0.6173469387755102,91
268,67,335,0.25,58
32,320,352,10.0,334
60,271,331,4.516666666666667,281
6,59,65,9.833333333333334,50
16,839,855,52.4375,632
2311,401,2712,0.1735179575941151,422
228,337,565,1.4780701754385965,353
41,46,87,1.1219512195121952,26
102,92,194,0.9019607843137255,89
32,478,510,14.9375,500
348,160,508,0.45977011494252873,161
16,53,69,3.3125,41
14,153,167,10.928571428571429,341
108,413,521,3.824074074074074,430
38,34,72,0.8947368421052632,17
80,459,539,5.7375,478
19,898,917,47.26315789473684,914
1140,374,1514,0.3280701754385965,394
74,904,978,12.216216216216216,911
48,390,438,8.125,410
77,228,305,2.961038961038961,237
79,106,185,1.3417721518987342,101
6,345,351,57.5,363
12,344,356,28.666666666666668,360
15,600,615,40.0,438
17,419,436,24.647058823529413,569
1926,822,2748,0.42679127725856697,828
185,95,280,0.5135135135135135,85
8,55,63,6.875,43
727,284,1011,0.390646492434663,296
242,410,652,1.6942148760330578,429
34,433,467,12.735294117647058,455
46,456,502,9.91304347826087,482
997,1122,2119,1.1253761283851555,1006
2992,428,3420,0.14304812834224598,449
2699,330,3029,0.12226750648388292,351
224,476,700,2.125,502
27,568,595,21.037037037037038,587
34,93,127,2.735294117647059,87
9,31,40,3.4444444444444446,19
24,233,257,9.708333333333334,244
1,428,429,428.0,432
7,362,369,51.714285714285715,372
2,150,152,75.0,152
1227,481,1708,0.3920130399348003,504
416,190,606,0.4567307692307692,198
21,481,502,22.904761904761905,501
1431,4,1435,0.002795248078266946,1
340,189,529,0.5558823529411765,195
68,476,544,7.0,498
1374,417,1791,0.3034934497816594,439
585,99,684,0.16923076923076924,725
7,181,188,25.857142857142858,149
9,360,369,40.0,379
397,29,426,0.07304785894206549,16
119,373,492,3.134453781512605,423
22,481,503,21.863636363636363,502
250,158,408,0.632,161
9,207,216,23.0,215
3204,32,3236,0.009987515605493134,53
133,547,680,4.112781954887218,567
14,944,958,67.42857142857143,956
13,317,330,24.384615384615383,337
10,96,106,9.6,93
10,109,119,10.9,106
10,967,977,96.7,983
224,524,748,2.3392857142857144,541
26,135,161,5.1923076923076925,142
32,314,346,9.8125,328
500,103,603,0.206,100
11,217,228,19.727272727272727,225
13,218,231,16.76923076923077,225
18,163,181,9.055555555555555,166
62,815,877,13.14516129032258,810
9,265,274,29.444444444444443,281
117,213,330,1.8205128205128205,218
51,104,155,2.0392156862745097,98
13,401,414,30.846153846153847,424
1488,274,1762,0.18413978494623656,285
24,188,212,7.833333333333333,188
19,362,381,19.05263157894737,274
47,264,311,5.617021276595745,277
11,605,616,55.0,622
9,172,181,19.11111111111111,172
21,149,170,7.095238095238095,150
9,127,136,14.11111111111111,131
35,548,583,15.657142857142857,567
17,410,427,24.11764705882353,432
764,274,1038,0.3586387434554974,282
845,17,862,0.020118343195266272,471
18,88,106,4.888888888888889,85
12,444,456,37.0,471
935,307,1242,0.32834224598930484,323
971,397,1368,0.40885684860968075,414
15,279,294,18.6,292
12,793,805,66.08333333333333,793
12,466,478,38.833333333333336,484
366,15,381,0.040983606557377046,1
28,201,229,7.178571428571429,207
393,48,441,0.12213740458015267,38
33,286,319,8.666666666666666,300
16,68,84,4.25,58
412,914,1326,2.2184466019417477,924
86,72,158,0.8372093023255814,361
1087,262,1349,0.24103035878564857,273
34,46,80,1.3529411764705883,34
658,7,665,0.010638297872340425,1
2304,269,2573,0.11675347222222222,284
529,681,1210,1.287334593572779,692
92,317,409,3.4456521739130435,334
683,225,908,0.3294289897510981,235
7,212,219,30.285714285714285,221
9,211,220,23.444444444444443,220
187,254,441,1.358288770053476,267
396,397,793,1.0025252525252526,418
116,5,121,0.04310344827586207,1
110,18,128,0.16363636363636364,2
18,450,468,25.0,469
3368,439,3807,0.13034441805225652,460
116,448,564,3.8620689655172415,463
261,106,367,0.4061302681992337,114
17,186,203,10.941176470588236,191
16,205,221,12.8125,209
9,533,542,59.22222222222222,552
100,309,409,3.09,191
353,502,855,1.4220963172804533,551
168,21,189,0.125,3
11,624,635,56.72727272727273,636
18,353,371,19.61111111111111,377
11,327,338,29.727272727272727,341
23,881,904,38.30434782608695,889
6,81,87,13.5,95
29,291,320,10.03448275862069,306
19,363,382,19.105263157894736,388
19,247,266,13.0,255
102,85,187,0.8333333333333334,79
11,109,120,9.909090909090908,101
18,187,205,10.38888888888889,247
1,42,43,42.0,1
54,24,78,0.4444444444444444,11
128,422,550,3.296875,363
3629,105,3734,0.02893359052080463,102
35,340,375,9.714285714285714,374
19,665,684,35.0,679
90,401,491,4.455555555555556,417
383,103,486,0.2689295039164491,97
12,935,947,77.91666666666667,946
88,322,410,3.659090909090909,341
1599,11,1610,0.0068792995622263915,1
9,494,503,54.888888888888886,518
11,51,62,4.636363636363637,40
17,420,437,24.705882352941178,443
82,298,380,3.6341463414634148,311
6,285,291,47.5,303
75,98,173,1.3066666666666666,93
6,377,383,62.833333333333336,400
75,195,270,2.6,195
6,370,376,61.666666666666664,393
8,784,792,98.0,385
19,761,780,40.05263157894737,770
144,339,483,2.3541666666666665,355
104,70,174,0.6730769230769231,60
16,292,308,18.25,306
187,195,382,1.0427807486631016,200
175,105,280,0.6,101
42,99,141,2.357142857142857,258
65,439,504,6.753846153846154,459
1504,1022,2526,0.6795212765957447,1006
241,240,481,0.995850622406639,250
30,524,554,17.466666666666665,543
50,327,377,6.54,343
28,411,439,14.678571428571429,436
9,661,670,73.44444444444444,669
24,922,946,38.416666666666664,929
233,70,303,0.30042918454935624,64
16,187,203,11.6875,192
12,486,498,40.5,528
79,106,185,1.3417721518987342,101
898,446,1344,0.49665924276169265,307
67,240,307,3.582089552238806,250
5,11,16,2.2,1
26,522,548,20.076923076923077,543
2296,238,2534,0.10365853658536585,250
12,200,212,16.666666666666668,202
319,439,758,1.3761755485893417,461
17,270,287,15.882352941176471,287
10,260,270,26.0,271
13,374,387,28.76923076923077,394
7,323,330,46.142857142857146,335
6,40,46,6.666666666666667,29
12,114,126,9.5,111
2,760,762,380.0,767
14,48,62,3.4285714285714284,36
26,104,130,4.0,98
7,94,101,13.428571428571429,89
164,189,353,1.1524390243902438,191
2,559,561,279.5,579
101,609,710,6.02970297029703,624
1998,285,2283,0.14264264264264265,300
768,230,998,0.2994791666666667,236
12,49,61,4.083333333333333,35
76,446,522,5.868421052631579,458
174,555,729,3.189655172413793,403
6,198,204,33.0,198
79,1038,1117,13.139240506329115,1006
1953,391,2344,0.20020481310803892,404
33,507,540,15.363636363636363,529
80,158,238,1.975,160
100,463,563,4.63,485
12,342,354,28.5,359
40,830,870,20.75,842
21,130,151,6.190476190476191,127
259,193,452,0.7451737451737451,197
651,818,1469,1.2565284178187404,423
24,135,159,5.625,134
3129,393,3522,0.12559923298178333,415
295,73,368,0.24745762711864408,62
193,971,1164,5.0310880829015545,1006
25,278,303,11.12,294
882,47,929,0.05328798185941043,34
786,27,813,0.03435114503816794,11
201,860,1061,4.278606965174129,869
1543,114,1657,0.07388204795852236,108
249,10,259,0.040160642570281124,1
17,68,85,4.0,58
242,350,592,1.4462809917355373,365
312,821,1133,2.6314102564102564,824
21,244,265,11.619047619047619,174
12,887,899,73.91666666666667,907
1,567,568,567.0,435
50,364,414,7.28,385
222,341,563,1.5360360360360361,359
20,421,441,21.05,442
181,1016,1197,5.613259668508287,1006
10,313,323,31.3,329
6,81,87,13.5,73
23,472,495,20.52173913043478,492
133,57,190,0.42857142857142855,45
19,425,444,22.36842105263158,369
15,374,389,24.933333333333334,390
4,39,43,9.75,25
14,275,289,19.642857142857142,288
53,496,549,9.358490566037736,683
374,4,378,0.0106951871657754,1
49,191,240,3.8979591836734695,194
21,58,79,2.761904761904762,47
1504,168,1672,0.11170212765957446,174
2569,371,2940,0.1444141689373297,390
14,270,284,19.285714285714285,284
1518,22,1540,0.014492753623188406,6
529,169,698,0.31947069943289225,173
13,237,250,18.23076923076923,248
130,408,538,3.1384615384615384,425
13,9,22,0.6923076923076923,1
9,831,840,92.33333333333333,842
3,351,354,117.0,333
28,104,132,3.7142857142857144,100
141,451,592,3.198581560283688,274
856,392,1248,0.45794392523364486,408
174,174,348,1.0,181
278,3,281,0.01079136690647482,1
7,356,363,50.857142857142854,379
1,10,11,10.0,1
113,358,471,3.168141592920354,378
50,119,169,2.38,119
5,101,106,20.2,112
2717,919,3636,0.3382407066617593,918
58,198,256,3.413793103448276,204
46,293,339,6.369565217391305,307
35,601,636,17.17142857142857,614
48,176,224,3.6666666666666665,441
105,97,202,0.9238095238095239,89
48,253,301,5.270833333333333,268
11,240,251,21.818181818181817,250
1062,901,1963,0.8483992467043314,897
164,131,295,0.7987804878048781,125
20,473,493,23.65,495
152,199,351,1.3092105263157894,205
3249,152,3401,0.04678362573099415,149
45,24,69,0.5333333333333333,1
47,779,826,16.574468085106382,778
8,268,276,33.5,280
57,433,490,7.5964912280701755,451
148,764,912,5.162162162162162,769
91,7,98,0.07692307692307693,1
108,74,182,0.6851851851851852,65
40,228,268,5.7,234
7,90,97,12.857142857142858,83
4,154,158,38.5,156
400,337,737,0.8425,354
3415,483,3898,0.14143484626647146,502
715,866,1581,1.2111888111888112,880
17,391,408,23.0,417
27,811,838,30.037037037037038,822
718,207,925,0.2883008356545961,215
25,115,140,4.6,111
10,258,268,25.8,267
15,95,110,6.333333333333333,94
66,279,345,4.2272727272727275,292
34,42,76,1.2352941176470589,34
29,556,585,19.17241379310345,580
36,146,182,4.055555555555555,145
3014,226,3240,0.07498341074983411,233
88,56,144,0.6363636363636364,46
320,632,952,1.975,645
70,604,674,8.628571428571428,853
20,446,466,22.3,467
323,69,392,0.21362229102167182,187
34,732,766,21.529411764705884,518
1785,180,1965,0.10084033613445378,189
132,353,485,2.6742424242424243,370
113,398,511,3.52212389380531,413
116,337,453,2.9051724137931036,356
3,163,166,54.333333333333336,167
82,220,302,2.682926829268293,222
78,42,120,0.5384615384615384,32
283,446,729,1.5759717314487633,464
73,63,136,0.863013698630137,52
28,861,889,30.75,867
33,261,294,7.909090909090909,273
11,162,173,14.727272727272727,166
13,327,340,25.153846153846153,339
13,304,317,23.384615384615383,323
125,275,400,2.2,290
81,342,423,4.222222222222222,358
158,507,665,3.2088607594936707,532
142,739,881,5.204225352112676,744
27,682,709,25.25925925925926,699
59,192,251,3.2542372881355934,196
142,414,556,2.915492957746479,433
314,312,626,0.9936305732484076,325
21,349,370,16.61904761904762,371
30,574,604,19.133333333333333,588
74,327,401,4.418918918918919,344
2488,150,2638,0.06028938906752412,151
45,446,491,9.911111111111111,470
237,194,431,0.8185654008438819,202
11,441,452,40.09090909090909,463
2,266,268,133.0,281
71,49,120,0.6901408450704225,37
9,208,217,23.11111111111111,214
46,920,966,20.0,919
22,368,390,16.727272727272727,387
188,395,583,2.101063829787234,414
11,32,43,2.909090909090909,14
8,135,143,16.875,135
64,260,324,4.0625,267
56,266,322,4.75,274
6,317,323,52.833333333333336,388
91,157,248,1.7252747252747254,156
14,217,231,15.5,224
231,384,615,1.6623376623376624,402
269,550,819,2.0446096654275094,487
81,297,378,3.6666666666666665,306
492,747,1239,1.5182926829268293,753
5,51,56,10.2,41
258,4,262,0.015503875968992248,1
80,364,444,4.55,380
11,240,251,21.818181818181817,248
1791,236,2027,0.13176996091568957,771
6,870,876,145.0,867
59,219,278,3.711864406779661,226
1,10,11,10.0,1
28,62,90,2.2142857142857144,53
194,4,198,0.020618556701030927,1
1177,7,1184,0.00594732370433305,1
25,400,425,16.0,420
107,274,381,2.560747663551402,282
26,398,424,15.307692307692308,417
259,44,303,0.16988416988416988,32
23,239,262,10.391304347826088,248
588,627,1215,1.066326530612245,636
52,105,157,2.019230769230769,101
3,282,285,94.0,298
13,167,180,12.846153846153847,171
1154,529,1683,0.4584055459272097,379
39,322,361,8.256410256410257,338
8,340,348,42.5,358
64,374,438,5.84375,392
1922,45,1967,0.023413111342351717,36
20,34,54,1.7,20
21,123,144,5.857142857142857,121
64,470,534,7.34375,491
209,723,932,3.45933014354067,730
52,418,470,8.038461538461538,434
374,384,758,1.0267379679144386,405
396,267,663,0.6742424242424242,277
24,34,58,1.4166666666666667,18
16,321,337,20.0625,335
45,613,658,13.622222222222222,625
21,338,359,16.095238095238095,360
36,285,321,7.916666666666667,296
183,194,377,1.0601092896174864,200
36,267,303,7.416666666666667,281
11,936,947,85.0909090909091,957
478,725,1203,1.5167364016736402,730
13,353,366,27.153846153846153,382
202,248,450,1.2277227722772277,257
24,3,27,0.125,1
19,356,375,18.736842105263158,379
19,247,266,13.0,254
25,365,390,14.6,406
16,498,514,31.125,521
27,258,285,9.555555555555555,270
848,356,1204,0.419811320754717,368
64,89,153,1.390625,84
292,249,541,0.8527397260273972,258
77,403,480,5.233766233766234,350
2159,415,2574,0.19221861973135712,435
19,136,155,7.157894736842105,135
182,734,916,4.032967032967033,756
3,111,114,37.0,286
47,255,302,5.425531914893617,266
7,34,41,4.857142857142857,20
8,23,31,2.875,28
11,342,353,31.09090909090909,364
240,270,510,1.125,281
44,28,72,0.6363636363636364,15
14,419,433,29.928571428571427,430
37,558,595,15.08108108108108,584
7,191,198,27.285714285714285,190
6,281,287,46.833333333333336,294
387,317,704,0.8191214470284238,324
23,544,567,23.652173913043477,306
10,463,473,46.3,484
2230,423,2653,0.1896860986547085,443
291,491,782,1.6872852233676976,512
1,10,11,10.0,1
158,215,373,1.360759493670886,223
49,840,889,17.142857142857142,853
17,615,632,36.1764705882353,634
275,626,901,2.2763636363636364,640
50,449,499,8.98,473
35,443,478,12.657142857142857,468
146,70,216,0.4794520547945205,58
12,624,636,52.0,637
6,325,331,54.166666666666664,337
1382,638,2020,0.46164978292329956,645
11,546,557,49.63636363636363,563
1898,45,1943,0.02370916754478398,35
35,150,185,4.285714285714286,151
6,369,375,61.5,424
458,504,962,1.1004366812227073,521
20,368,388,18.4,390
3,62,65,20.666666666666668,54
46,490,536,10.652173913043478,671
19,100,119,5.2631578947368425,102
47,95,142,2.021276595744681,91
34,666,700,19.58823529411765,682
46,264,310,5.739130434782608,273
97,14,111,0.14432989690721648,1
1352,188,1540,0.1390532544378698,195
10,28,38,2.8,12
19,355,374,18.68421052631579,377
963,146,1109,0.15160955347871236,147
502,66,568,0.13147410358565736,56
8,124,132,15.5,122
56,27,83,0.48214285714285715,11
78,244,322,3.128205128205128,253
8,226,234,28.25,237
15,204,219,13.6,210
2,156,158,78.0,159
55,409,464,7.4363636363636365,429
4,3,7,0.75,1
131,131,262,1.0,131
16,408,424,25.5,433
1644,188,1832,0.11435523114355231,196
382,739,1121,1.9345549738219896,832
9,168,177,18.666666666666668,170
426,832,1258,1.9530516431924883,838
10,250,260,25.0,260
76,532,608,7.0,555
29,245,274,8.448275862068966,252
124,397,521,3.2016129032258065,419
123,346,469,2.813008130081301,363
31,105,136,3.3870967741935485,439
2183,308,2491,0.14109024278515803,320
21,385,406,18.333333333333332,406
2880,191,3071,0.06631944444444444,196
226,7,233,0.030973451327433628,1
9,370,379,41.111111111111114,390
67,4,71,0.05970149253731343,1
60,103,163,1.7166666666666666,103
616,982,1598,1.594155844155844,932
934,676,1610,0.7237687366167024,686
94,282,376,3.0,294
264,466,730,1.7651515151515151,484
22,291,313,13.227272727272727,306
45,752,797,16.711111111111112,752
1844,209,2053,0.11334056399132321,218
52,375,427,7.211538461538462,396
3629,105,3734,0.02893359052080463,102
25,159,184,6.36,162
10,424,434,42.4,450
261,106,367,0.4061302681992337,114
241,65,306,0.2697095435684647,22
23,279,302,12.130434782608695,295
11,441,452,40.09090909090909,463
47,458,505,9.74468085106383,640
30,313,343,10.433333333333334,327
13,202,215,15.538461538461538,209
1357,124,1481,0.09137803979366249,123
2708,1172,3880,0.4327917282127031,1006
16,289,305,18.0625,307
18,615,633,34.166666666666664,628
101,786,887,7.782178217821782,791
12,265,277,22.083333333333332,276
749,513,1262,0.684913217623498,531
27,454,481,16.814814814814813,479
893,596,1489,0.6674132138857782,608
11,314,325,28.545454545454547,331
28,644,672,23.0,653
12,84,96,7.0,77
18,267,285,14.833333333333334,279
34,931,965,27.38235294117647,956
123,498,621,4.048780487804878,518
36,463,499,12.86111111111111,479
23,324,347,14.08695652173913,382
25,250,275,10.0,319
48,617,665,12.854166666666666,631
15,137,152,9.133333333333333,138
301,332,633,1.1029900332225913,348
171,360,531,2.1052631578947367,377
33,314,347,9.515151515151516,330
24,227,251,9.458333333333334,232
35,245,280,7.0,254
54,277,331,5.12962962962963,292
5,31,36,6.2,18
16,408,424,25.5,433
34,340,374,10.0,354
10,67,77,6.7,55
197,394,591,2.0,409
10,188,198,18.8,191
12,8,20,0.6666666666666666,100
148,782,930,5.283783783783784,785
13,470,483,36.15384615384615,491
14,103,117,7.357142857142857,276
3286,438,3724,0.13329275715155203,455
19,18,37,0.9473684210526315,1
10,133,143,13.3,134
3174,206,3380,0.06490233144297416,212
147,906,1053,6.163265306122449,907
217,411,628,1.8940092165898617,422
1294,123,1417,0.09505409582689335,118
12,124,136,10.333333333333334,122
14,402,416,28.714285714285715,419
16,324,340,20.25,340
14,304,318,21.714285714285715,302
161,171,332,1.062111801242236,177
205,248,453,1.2097560975609756,254
20,305,325,15.25,319
13,312,325,24.0,328
9,200,209,22.22222222222222,44
12,176,188,14.666666666666666,183
54,180,234,3.3333333333333335,356
12,342,354,28.5,356
9,207,216,23.0,215
10,364,374,36.4,169
11,266,277,24.181818181818183,277
702,40,742,0.05698005698005698,29
12,738,750,61.5,751
27,628,655,23.25925925925926,640
14,1038,1052,74.14285714285714,1006
433,428,861,0.9884526558891455,878
27,496,523,18.37037037037037,517
34,155,189,4.5588235294117645,155
48,320,368,6.666666666666667,333
36,403,439,11.194444444444445,423
53,203,256,3.830188679245283,203
45,453,498,10.066666666666666,474
102,92,194,0.9019607843137255,89
279,378,657,1.3548387096774193,412
94,338,432,3.595744680851064,379
35,616,651,17.6,627
73,217,290,2.9726027397260273,224
129,97,226,0.751937984496124,92
247,268,515,1.0850202429149798,200
11,415,426,37.72727272727273,439
19,786,805,41.36842105263158,790
182,581,763,3.1923076923076925,596
19,136,155,7.157894736842105,135
27,340,367,12.592592592592593,389
65,314,379,4.8307692307692305,328
19,64,83,3.3684210526315788,52
9,850,859,94.44444444444444,856
117,429,546,3.6666666666666665,448
47,30,77,0.6382978723404256,19
1361,959,2320,0.7046289493019838,978
12,631,643,52.583333333333336,646
838,940,1778,1.1217183770883055,951
925,797,1722,0.8616216216216216,789
31,384,415,12.387096774193548,403
13,26,39,2.0,10
15,506,521,33.733333333333334,530
1465,4,1469,0.0027303754266211604,1
6,282,288,47.0,295
311,442,753,1.4212218649517685,462
2007,765,2772,0.3811659192825112,692
16,115,131,7.1875,111
23,279,302,12.130434782608695,295
2,43,45,21.5,31
13,535,548,41.15384615384615,555
870,318,1188,0.36551724137931035,336
9,850,859,94.44444444444444,856
6,4,10,0.6666666666666666,1
22,316,338,14.363636363636363,336
138,187,325,1.355072463768116,193
5,181,186,36.2,186
71,14,85,0.19718309859154928,1
264,1035,1299,3.9204545454545454,1006
15,213,228,14.2,217
54,44,98,0.8148148148148148,32
256,172,428,0.671875,177
117,213,330,1.8205128205128205,218
541,470,1011,0.8687615526802218,489
11,313,324,28.454545454545453,327
26,331,357,12.73076923076923,345
5,28,33,5.6,12
16,172,188,10.75,175
34,200,234,5.882352941176471,202
2031,8,2039,0.003938946331856229,1
5,16,21,3.2,19
28,241,269,8.607142857142858,250
51,704,755,13.803921568627452,883
1059,7,1066,0.0066100094428706326,1
279,119,398,0.4265232974910394,114
28,335,363,11.964285714285714,347
1174,106,1280,0.09028960817717206,103
3045,483,3528,0.15862068965517243,408
13,220,233,16.923076923076923,225
62,755,817,12.17741935483871,759
481,421,902,0.8752598752598753,442
96,44,140,0.4583333333333333,30
18,849,867,47.166666666666664,852
25,50,75,2.0,39
33,342,375,10.363636363636363,354
27,211,238,7.814814814814815,221
945,226,1171,0.23915343915343915,230
25,313,338,12.52,409
16,817,833,51.0625,827
20,312,332,15.6,322
107,283,390,2.6448598130841123,295
12,330,342,27.5,348
171,234,405,1.368421052631579,243
14,276,290,19.714285714285715,287
1543,1011,2554,0.6552171095268956,1006
21,542,563,25.80952380952381,562
19,345,364,18.157894736842106,364
5,6,11,1.2,1
25,76,101,3.04,187
291,649,940,2.2302405498281788,662
18,356,374,19.77777777777778,381
740,959,1699,1.295945945945946,997
111,67,178,0.6036036036036037,58
20,345,365,17.25,365
33,368,401,11.151515151515152,387
437,116,553,0.2654462242562929,112
82,423,505,5.158536585365853,441
5,261,266,52.2,54
6,119,125,19.833333333333332,113
15,669,684,44.6,680
17,17,34,1.0,2
2307,346,2653,0.14997832683138274,362
68,181,249,2.661764705882353,183
2918,141,3059,0.04832076764907471,139
15,69,84,4.6,61
39,105,144,2.6923076923076925,103
319,293,612,0.9184952978056427,305
192,285,477,1.484375,295
6,310,316,51.666666666666664,326
36,403,439,11.194444444444445,423
7,160,167,22.857142857142858,149
14,209,223,14.928571428571429,213
331,136,467,0.4108761329305136,135
668,116,784,0.17365269461077845,135
9,507,516,56.333333333333336,528
34,683,717,20.08823529411765,696
28,500,528,17.857142857142858,517
92,209,301,2.2717391304347827,182
51,49,100,0.9607843137254902,37
33,874,907,26.484848484848484,595
134,159,293,1.1865671641791045,162
9,318,327,35.333333333333336,334
289,494,783,1.7093425605536332,514
1,35,36,35.0,1
21,158,179,7.523809523809524,162
522,138,660,0.26436781609195403,138
22,298,320,13.545454545454545,314
323,29,352,0.08978328173374613,17
19,295,314,15.526315789473685,304
56,86,142,1.5357142857142858,80
16,603,619,37.6875,617
24,127,151,5.291666666666667,126
8,238,246,29.75,248
23,301,324,13.08695652173913,320
33,769,802,23.303030303030305,340
192,795,987,4.140625,799
65,51,116,0.7846153846153846,40
15,18,33,1.2,1
910,324,1234,0.35604395604395606,340
171,360,531,2.1052631578947367,377
10,273,283,27.3,288
84,94,178,1.119047619047619,303
80,618,698,7.725,630
49,26,75,0.5306122448979592,23
73,63,136,0.863013698630137,52
28,187,215,6.678571428571429,315
333,637,970,1.912912912912913,636
1117,51,1168,0.045658012533572066,39
40,408,448,10.2,429
893,871,1764,0.975363941769317,871
28,366,394,13.071428571428571,380
280,55,335,0.19642857142857142,43
193,863,1056,4.471502590673575,877
91,414,505,4.549450549450549,431
22,445,467,20.227272727272727,465
47,125,172,2.6595744680851063,121
219,5,224,0.0228310502283105,1
34,518,552,15.235294117647058,542
27,897,924,33.22222222222222,907
396,98,494,0.2474747474747475,93
95,612,707,6.442105263157894,627
31,238,269,7.67741935483871,246
185,47,232,0.25405405405405407,35
29,739,768,25.482758620689655,741
1002,761,1763,0.7594810379241517,763
11,488,499,44.36363636363637,506
202,128,330,0.6336633663366337,336
22,227,249,10.318181818181818,234
30,264,294,8.8,397
1872,231,2103,0.1233974358974359,238
13,324,337,24.923076923076923,342
15,124,139,8.266666666666667,126
8,25,33,3.125,8
50,101,151,2.02,95
127,397,524,3.125984251968504,415
16,83,99,5.1875,74
501,189,690,0.3772455089820359,194
17,251,268,14.764705882352942,263
18,122,140,6.777777777777778,120
18,261,279,14.5,270
32,559,591,17.46875,576
296,689,985,2.3277027027027026,693
1780,450,2230,0.25280898876404495,466
9,581,590,64.55555555555556,597
123,97,220,0.7886178861788617,94
1241,819,2060,0.6599516518936341,829
136,4,140,0.029411764705882353,1
18,151,169,8.38888888888889,154
31,96,127,3.096774193548387,88
318,59,377,0.18553459119496854,48
40,273,313,6.825,287
14,507,521,36.214285714285715,530
1099,177,1276,0.1610555050045496,182
21,136,157,6.476190476190476,136
23,634,657,27.565217391304348,645
10,180,190,18.0,184
2383,109,2492,0.045740663029794376,108
12,213,225,17.75,218
72,388,460,5.388888888888889,409
21,364,385,17.333333333333332,384
561,684,1245,1.2192513368983957,499
10,444,454,44.4,466
494,143,637,0.2894736842105263,142
303,309,612,1.0198019801980198,323
119,165,284,1.3865546218487395,167
16,255,271,15.9375,263
1442,47,1489,0.03259361997226075,34
57,333,390,5.842105263157895,352
470,348,818,0.7404255319148936,365
144,520,664,3.611111111111111,540
8,59,67,7.375,50
415,375,790,0.9036144578313253,398
13,186,199,14.307692307692308,192
11,855,866,77.72727272727273,862
18,99,117,5.5,92
18,246,264,13.666666666666666,258
36,400,436,11.11111111111111,415
61,29,90,0.47540983606557374,8
12,67,79,5.583333333333333,59
6,553,559,92.16666666666667,622
18,471,489,26.166666666666668,492
62,245,307,3.9516129032258065,255
4,206,210,51.5,216
1,11,12,11.0,1
35,267,302,7.628571428571429,278
106,320,426,3.018867924528302,338
120,720,840,6.0,729
11,88,99,8.0,80
21,918,939,43.714285714285715,931
37,492,529,13.297297297297296,517
7,251,258,35.857142857142854,149
1077,168,1245,0.15598885793871867,173
8,78,86,9.75,74
23,100,123,4.3478260869565215,141
171,188,359,1.0994152046783625,168
247,137,384,0.5546558704453441,132
56,144,200,2.5714285714285716,146
7,467,474,66.71428571428571,421
12,111,123,9.25,108
133,384,517,2.887218045112782,402
829,309,1138,0.37273823884197826,323
15,266,281,17.733333333333334,100
925,204,1129,0.22054054054054054,212
1739,141,1880,0.08108108108108109,142
51,119,170,2.3333333333333335,123
28,306,334,10.928571428571429,323
55,396,451,7.2,417
495,121,616,0.24444444444444444,121
9,461,470,51.22222222222222,484
129,311,440,2.4108527131782944,326
84,481,565,5.726190476190476,508
49,407,456,8.306122448979592,434
3825,204,4029,0.05333333333333334,212
29,294,323,10.137931034482758,307
112,263,375,2.3482142857142856,273
33,121,154,3.6666666666666665,119
26,465,491,17.884615384615383,490
1,10,11,10.0,1
389,381,770,0.9794344473007712,399
5,15,20,3.0,1
128,87,215,0.6796875,80
11,70,81,6.363636363636363,62
198,10,208,0.050505050505050504,1
8,294,302,36.75,308
35,288,323,8.228571428571428,302
15,36,51,2.4,23
18,372,390,20.666666666666668,393
17,357,374,21.0,327
10,29,39,2.9,13
8,171,179,21.375,177
23,231,254,10.043478260869565,236
3473,604,4077,0.17391304347826086,615
24,47,71,1.9583333333333333,36
15,18,33,1.2,1
8,434,442,54.25,453
52,396,448,7.615384615384615,414
15,113,128,7.533333333333333,107
7,194,201,27.714285714285715,200
16,197,213,12.3125,312
28,251,279,8.964285714285714,261
384,50,434,0.13020833333333334,40
33,643,676,19.484848484848484,659
21,370,391,17.61904761904762,390
6,99,105,16.5,96
2946,243,3189,0.0824847250509165,101
8,196,204,24.5,204
8,349,357,43.625,299
916,1142,2058,1.2467248908296944,1006
344,385,729,1.119186046511628,404
220,672,892,3.0545454545454547,682
13,27,40,2.076923076923077,14
10,279,289,27.9,292
538,188,726,0.34944237918215615,194
14,320,334,22.857142857142858,336
7,197,204,28.142857142857142,203
39,673,712,17.256410256410255,689
40,137,177,3.425,137
1237,675,1912,0.5456750202101859,689
23,32,55,1.391304347826087,17
11,266,277,24.181818181818183,277
31,626,657,20.193548387096776,636
663,36,699,0.05429864253393665,25
4,331,335,82.75,344
50,37,87,0.74,27
20,782,802,39.1,783
58,174,232,3.0,175
39,263,302,6.743589743589744,274
36,339,375,9.416666666666666,360
39,288,327,7.384615384615385,300
19,351,370,18.473684210526315,368
23,320,343,13.91304347826087,338
95,596,691,6.273684210526316,609
174,555,729,3.189655172413793,403
2862,136,2998,0.047519217330538085,135
92,254,346,2.760869565217391,260
21,815,836,38.80952380952381,673
13,410,423,31.53846153846154,433
18,345,363,19.166666666666668,362
1,10,11,10.0,1
9,117,126,13.0,111
12,931,943,77.58333333333333,948
15,395,410,26.333333333333332,278
18,395,413,21.944444444444443,413
18,38,56,2.111111111111111,41
22,273,295,12.409090909090908,441
28,282,310,10.071428571428571,300
512,436,948,0.8515625,458
836,427,1263,0.5107655502392344,449
99,65,164,0.6565656565656566,54
998,944,1942,0.9458917835671342,952
22,186,208,8.454545454545455,191
82,488,570,5.951219512195122,511
23,92,115,4.0,86
591,268,859,0.45346869712351945,278
44,36,80,0.8181818181818182,20
1901,3,1904,0.0015781167806417674,5
16,701,717,43.8125,707
10,505,515,50.5,526
23,237,260,10.304347826086957,248
312,331,643,1.060897435897436,350
14,164,178,11.714285714285714,167
166,165,331,0.9939759036144579,166
100,421,521,4.21,442
12,336,348,28.0,351
17,378,395,22.235294117647058,395
17,357,374,21.0,451
1,10,11,10.0,1
10,186,196,18.6,192
308,894,1202,2.9025974025974026,683
96,30,126,0.3125,27
215,296,511,1.3767441860465117,309
45,320,365,7.111111111111111,331
74,231,305,3.1216216216216215,312
14,274,288,19.571428571428573,286
83,37,120,0.4457831325301205,24
97,191,288,1.9690721649484537,192
27,152,179,5.62962962962963,152
8,12,20,1.5,1
10,121,131,12.1,118
6,11,17,1.8333333333333333,1
6,380,386,63.333333333333336,400
1190,249,1439,0.2092436974789916,260
73,479,552,6.561643835616438,505
56,482,538,8.607142857142858,509
80,132,212,1.65,131
24,291,315,12.125,302
15,225,240,15.0,233
652,939,1591,1.4401840490797546,957
13,213,226,16.384615384615383,223
35,265,300,7.571428571428571,410
102,228,330,2.235294117647059,238
1,32,33,32.0,5
18,205,223,11.38888888888889,208
764,532,1296,0.6963350785340314,558
1198,419,1617,0.34974958263772954,440
20,199,219,9.95,204
76,61,137,0.8026315789473685,51
40,425,465,10.625,445
14,529,543,37.785714285714285,494
1131,187,1318,0.16534040671971706,194
2998,497,3495,0.1657771847898599,521
3607,188,3795,0.05212087607429997,192
601,503,1104,0.8369384359400999,525
61,89,150,1.459016393442623,89
1,10,11,10.0,1
11,542,553,49.27272727272727,568
100,3,103,0.03,1
14,460,474,32.857142857142854,481
14,19,33,1.3571428571428572,4
7,92,99,13.142857142857142,149
36,127,163,3.5277777777777777,126
2029,296,2325,0.14588467225234106,311
71,67,138,0.9436619718309859,58
16,701,717,43.8125,707
22,14,36,0.6363636363636364,1
7,139,146,19.857142857142858,139
83,37,120,0.4457831325301205,24
1147,431,1578,0.3757628596338274,453
12,19,31,1.5833333333333333,5
9,26,35,2.888888888888889,12
11,119,130,10.818181818181818,110
659,140,799,0.212443095599393,141
49,325,374,6.63265306122449,340
16,551,567,34.4375,575
5,22,27,4.4,4
22,119,141,5.409090909090909,388
69,373,442,5.405797101449275,347
6,211,217,35.166666666666664,216
16,356,372,22.25,374
16,99,115,6.1875,93
8,172,180,21.5,174
13,273,286,21.0,283
75,29,104,0.38666666666666666,14
4,241,245,60.25,255
32,800,832,25.0,801
691,44,735,0.06367583212735166,33
137,121,258,0.8832116788321168,118
225,298,523,1.3244444444444445,315
300,471,771,1.57,492
51,36,87,0.7058823529411765,33
639,747,1386,1.1690140845070423,750
18,27,45,1.5,11
35,164,199,4.685714285714286,166
915,283,1198,0.3092896174863388,296
437,902,1339,2.064073226544622,905
261,404,665,1.5478927203065134,428
46,274,320,5.956521739130435,286
26,151,177,5.8076923076923075,154
18,402,420,22.333333333333332,421
2098,417,2515,0.19876072449952337,436
9,185,194,20.555555555555557,186
17,483,500,28.41176470588235,427
139,169,308,1.2158273381294964,174
35,181,216,5.171428571428572,184
103,144,247,1.3980582524271845,145
44,497,541,11.295454545454545,513
8,166,174,20.75,167
24,369,393,15.375,387
25,122,147,4.88,121
6,261,267,43.5,275
13,207,220,15.923076923076923,211
8,124,132,15.5,122
5,120,125,24.0,117
72,108,180,1.5,103
7,130,137,18.571428571428573,131
22,421,443,19.136363636363637,444
15,183,198,12.2,186
85,60,145,0.7058823529411765,49
133,547,680,4.112781954887218,567
105,243,348,2.3142857142857145,250
13,843,856,64.84615384615384,848
55,169,224,3.0727272727272728,172
128,11,139,0.0859375,1
108,101,209,0.9351851851851852,99
40,197,237,4.925,204
662,138,800,0.2084592145015106,136
53,252,305,4.754716981132075,262
30,429,459,14.3,457
18,239,257,13.277777777777779,244
63,177,240,2.8095238095238093,179
185,11,196,0.05945945945945946,1
6,991,997,165.16666666666666,1006
16,714,730,44.625,724
261,105,366,0.40229885057471265,114
39,638,677,16.358974358974358,651
55,98,153,1.7818181818181817,99
103,119,222,1.1553398058252426,207
133,621,754,4.669172932330827,636
437,902,1339,2.064073226544622,905
30,119,149,3.966666666666667,115
2495,424,2919,0.16993987975951905,445
17,362,379,21.294117647058822,376
119,157,276,1.319327731092437,157
94,937,1031,9.96808510638298,940
3367,517,3884,0.15354915354915355,534
13,195,208,15.0,195
22,241,263,10.954545454545455,248
10,150,160,15.0,151
246,98,344,0.3983739837398374,93
6,120,126,20.0,116
16,412,428,25.75,425
7,266,273,38.0,277
13,383,396,29.46153846153846,405
9,244,253,27.11111111111111,254
16,311,327,19.4375,331
11,14,25,1.2727272727272727,1
3172,247,3419,0.0778688524590164,177
2688,606,3294,0.22544642857142858,622
68,631,699,9.279411764705882,638
22,408,430,18.545454545454547,277
1160,603,1763,0.5198275862068965,616
535,396,931,0.7401869158878505,413
5,386,391,77.2,403
9,220,229,24.444444444444443,226
1255,433,1688,0.3450199203187251,451
28,38,66,1.3571428571428572,25
23,180,203,7.826086956521739,183
1946,497,2443,0.25539568345323743,520
543,7,550,0.01289134438305709,1
18,328,346,18.22222222222222,344
90,231,321,2.566666666666667,240
25,375,400,15.0,395
22,224,246,10.181818181818182,232
216,374,590,1.7314814814814814,392
44,367,411,8.340909090909092,388
20,371,391,18.55,391
128,541,669,4.2265625,560
1836,170,2006,0.09259259259259259,176
28,846,874,30.214285714285715,856
37,633,670,17.10810810810811,645
17,1110,1127,65.29411764705883,1006
354,280,634,0.7909604519774012,290
9,219,228,24.333333333333332,230
1,362,363,362.0,435
23,147,170,6.391304347826087,149
51,95,146,1.8627450980392157,85
1,10,11,10.0,1
31,793,824,25.580645161290324,798
592,94,686,0.15878378378378377,90
29,410,439,14.137931034482758,434
659,59,718,0.08952959028831563,48
24,327,351,13.625,342
46,531,577,11.543478260869565,547
388,394,782,1.0154639175257731,414
1791,236,2027,0.13176996091568957,771
1032,187,1219,0.1812015503875969,57
382,179,561,0.468586387434555,182
11,461,472,41.90909090909091,481
21,366,387,17.428571428571427,388
20,320,340,16.0,335
48,737,785,15.354166666666666,270
15,115,130,7.666666666666667,113
87,877,964,10.080459770114942,884
113,702,815,6.212389380530974,719
173,79,252,0.45664739884393063,73
766,364,1130,0.4751958224543081,386
11,394,405,35.81818181818182,419
64,128,192,2.0,128
98,135,233,1.3775510204081634,134
8,145,153,18.125,144
119,28,147,0.23529411764705882,15
1184,76,1260,0.06418918918918919,72
387,423,810,1.0930232558139534,443
72,906,978,12.583333333333334,915
27,161,188,5.962962962962963,295
28,212,240,7.571428571428571,221
199,97,296,0.48743718592964824,92
25,99,124,3.96,94
17,254,271,14.941176470588236,263
78,321,399,4.115384615384615,336
38,653,691,17.18421052631579,667
4,192,196,48.0,282
36,282,318,7.833333333333333,44
31,375,406,12.096774193548388,349
26,345,371,13.26923076923077,364
334,449,783,1.344311377245509,476
8,75,83,9.375,64
2998,105,3103,0.03502334889926618,100
134,888,1022,6.626865671641791,888
7,229,236,32.714285714285715,238
41,160,201,3.902439024390244,161
9,32,41,3.5555555555555554,18
101,695,796,6.881188118811881,705
19,22,41,1.1578947368421053,7
141,393,534,2.7872340425531914,413
19,363,382,19.105263157894736,378
495,424,919,0.8565656565656565,442
133,196,329,1.4736842105263157,202
9,117,126,13.0,114
60,744,804,12.4,745
180,410,590,2.2777777777777777,426
12,34,46,2.8333333333333335,19
5,269,274,53.8,282
56,662,718,11.821428571428571,668
7,69,76,9.857142857142858,61
17,487,504,28.647058823529413,507
199,372,571,1.8693467336683418,389
4,664,668,166.0,255
12,146,158,12.166666666666666,146
11,332,343,30.181818181818183,353
18,237,255,13.166666666666666,245
58,440,498,7.586206896551724,461
2081,180,2261,0.08649687650168188,182
56,136,192,2.4285714285714284,135
22,321,343,14.590909090909092,338
12,437,449,36.416666666666664,513
6,42,48,7.0,118
16,232,248,14.5,329
39,51,90,1.3076923076923077,36
132,385,517,2.9166666666666665,405
13,148,161,11.384615384615385,150
55,271,326,4.927272727272728,285
75,331,406,4.413333333333333,349
56,199,255,3.5535714285714284,203
23,82,105,3.5652173913043477,74
996,138,1134,0.13855421686746988,136
10,233,243,23.3,241
0,592,592,1,126
11,488,499,44.36363636363637,506
14,536,550,38.285714285714285,556
60,141,201,2.35,140
18,723,741,40.166666666666664,732
373,6,379,0.0160857908847185,1
117,134,251,1.1452991452991452,134
47,885,932,18.829787234042552,903
1898,380,2278,0.20021074815595363,397
12,130,142,10.833333333333334,125
39,29,68,0.7435897435897436,14
77,403,480,5.233766233766234,350
8,496,504,62.0,518
16,450,466,28.125,471
7,318,325,45.42857142857143,337
18,770,788,42.77777777777778,774
60,744,804,12.4,745
58,623,681,10.741379310344827,636
99,639,738,6.454545454545454,648
15,155,170,10.333333333333334,157
60,235,295,3.9166666666666665,242
27,136,163,5.037037037037037,173
614,368,982,0.5993485342019544,389
15,94,109,6.266666666666667,91
29,937,966,32.310344827586206,951
15,163,178,10.866666666666667,165
58,111,169,1.9137931034482758,109
4,227,231,56.75,234
73,455,528,6.232876712328767,476
42,372,414,8.857142857142858,388
8,219,227,27.375,226
8,506,514,63.25,528
18,372,390,20.666666666666668,393
10,355,365,35.5,372
11,213,224,19.363636363636363,111
14,111,125,7.928571428571429,111
104,726,830,6.980769230769231,736
317,368,685,1.160883280757098,385
249,395,644,1.5863453815261044,415
2,18,20,9.0,1
6,230,236,38.333333333333336,238
7,135,142,19.285714285714285,361
321,403,724,1.2554517133956387,420
8,528,536,66.0,548
1528,110,1638,0.07198952879581152,105
17,655,672,38.529411764705884,666
185,419,604,2.264864864864865,341
3457,520,3977,0.15041943881978595,541
705,719,1424,1.0198581560283688,721
13,155,168,11.923076923076923,154
2173,137,2310,0.06304647952139898,136
705,644,1349,0.9134751773049645,164
176,132,308,0.75,224
49,7,56,0.14285714285714285,1
4,145,149,36.25,144
1545,302,1847,0.19546925566343043,314
14,323,337,23.071428571428573,338
11,558,569,50.72727272727273,579
15,235,250,15.666666666666666,244
17,350,367,20.58823529411765,373
304,257,561,0.8453947368421053,267
18,345,363,19.166666666666668,362
2129,14,2143,0.006575857209957727,1
5,16,21,3.2,19
342,116,458,0.3391812865497076,112
17,341,358,20.058823529411764,362
12,421,433,35.083333333333336,261
7,404,411,57.714285714285715,425
10,109,119,10.9,106
20,477,497,23.85,493
44,18,62,0.4090909090909091,4
152,26,178,0.17105263157894737,13
1465,4,1469,0.0027303754266211604,1
287,859,1146,2.9930313588850175,864
420,122,542,0.2904761904761905,120
14,206,220,14.714285714285714,306
74,1011,1085,13.662162162162161,1006
105,130,235,1.2380952380952381,128
95,608,703,6.4,622
36,122,158,3.388888888888889,116
21,283,304,13.476190476190476,296
3,97,100,32.333333333333336,92
15,551,566,36.733333333333334,576
42,355,397,8.452380952380953,373
837,262,1099,0.3130227001194743,273
24,369,393,15.375,388
99,202,301,2.04040404040404,210
11,558,569,50.72727272727273,575
10,385,395,38.5,32
83,214,297,2.5783132530120483,222
503,13,516,0.02584493041749503,1
10,283,293,28.3,295
876,391,1267,0.4463470319634703,551
7,8,15,1.1428571428571428,1
4,135,139,33.75,134
142,109,251,0.7676056338028169,106
133,547,680,4.112781954887218,567
2769,73,2842,0.0263633080534489,61
24,272,296,11.333333333333334,288
11,385,396,35.0,403
359,181,540,0.5041782729805014,187
61,240,301,3.9344262295081966,246
401,153,554,0.38154613466334164,153
9,291,300,32.333333333333336,312
91,458,549,5.032967032967033,485
834,908,1742,1.0887290167865706,914
216,100,316,0.46296296296296297,99
1273,41,1314,0.03220738413197172,29
18,460,478,25.555555555555557,482
324,276,600,0.8518518518518519,286
32,432,464,13.5,454
204,277,481,1.357843137254902,260
17,839,856,49.35294117647059,847
14,330,344,23.571428571428573,344
236,136,372,0.576271186440678,135
11,256,267,23.272727272727273,268
1003,441,1444,0.43968095712861416,462
17,388,405,22.823529411764707,404
72,311,383,4.319444444444445,330
237,269,506,1.1350210970464134,266
3,297,300,99.0,315
101,303,404,3.0,313
469,181,650,0.3859275053304904,188
39,288,327,7.384615384615385,300
108,170,278,1.5740740740740742,403
1631,195,1826,0.11955855303494789,202
21,222,243,10.571428571428571,227
8,355,363,44.375,279
22,856,878,38.90909090909091,333
29,30,59,1.0344827586206897,17
21,386,407,18.38095238095238,404
139,421,560,3.028776978417266,443
104,44,148,0.4230769230769231,32
6,346,352,57.666666666666664,370
84,346,430,4.119047619047619,429
445,555,1000,1.247191011235955,432
37,527,564,14.243243243243244,545
11,44,55,4.0,33
40,1066,1106,26.65,1006
47,49,96,1.0425531914893618,40
47,757,804,16.106382978723403,755
1707,803,2510,0.47041593438781487,808
24,223,247,9.291666666666666,236
19,415,434,21.842105263157894,437
121,372,493,3.074380165289256,394
7,82,89,11.714285714285714,72
71,720,791,10.140845070422536,729
16,162,178,10.125,164
19,131,150,6.894736842105263,131
44,199,243,4.5227272727272725,205
142,61,203,0.4295774647887324,53
86,86,172,1.0,82
2632,27,2659,0.010258358662613981,10
100,421,521,4.21,442
312,565,877,1.810897435897436,580
2106,38,2144,0.018043684710351376,25
63,252,315,4.0,263
17,332,349,19.529411764705884,309
43,691,734,16.069767441860463,700
24,304,328,12.666666666666666,318
91,159,250,1.7472527472527473,157
171,454,625,2.654970760233918,475
112,536,648,4.785714285714286,565
38,352,390,9.263157894736842,349
42,709,751,16.88095238095238,724
29,69,98,2.3793103448275863,61
89,48,137,0.5393258426966292,35
1155,226,1381,0.19567099567099566,235
11,115,126,10.454545454545455,111
95,169,264,1.7789473684210526,173
107,330,437,3.0841121495327104,348
1343,36,1379,0.02680565897244974,23
386,4,390,0.010362694300518135,1
20,63,83,3.15,54
33,452,485,13.696969696969697,472
33,885,918,26.818181818181817,900
14,36,50,2.5714285714285716,21
2,366,368,183.0,386
70,611,681,8.728571428571428,625
2054,8,2062,0.0038948393378773127,1
12,181,193,15.083333333333334,182
21,541,562,25.761904761904763,559
1223,666,1889,0.544562551103843,680
254,422,676,1.6614173228346456,442
91,84,175,0.9230769230769231,74
41,111,152,2.707317073170732,109
29,369,398,12.724137931034482,388
8,211,219,26.375,215
50,21,71,0.42,23
24,25,49,1.0416666666666667,14
121,228,349,1.884297520661157,237
18,609,627,33.833333333333336,625
190,24,214,0.12631578947368421,9
1092,427,1519,0.391025641025641,447
154,777,931,5.045454545454546,777
9,423,432,47.0,444
3,115,118,38.333333333333336,111
9,138,147,15.333333333333334,140
9,68,77,7.555555555555555,59
10,152,162,15.2,145
16,357,373,22.3125,373
37,529,566,14.297297297297296,550
309,695,1004,2.249190938511327,699
7,253,260,36.142857142857146,267
17,111,128,6.529411764705882,109
60,132,192,2.2,134
9,101,110,11.222222222222221,95
75,375,450,5.0,399
23,881,904,38.30434782608695,889
838,77,915,0.09188544152744631,70
157,204,361,1.2993630573248407,209
1162,259,1421,0.22289156626506024,303
9,217,226,24.11111111111111,223
22,351,373,15.954545454545455,372
7,360,367,51.42857142857143,382
9,414,423,46.0,432
1251,190,1441,0.1518784972022382,200
197,854,1051,4.33502538071066,856
208,126,334,0.6057692307692307,121
18,100,118,5.555555555555555,93
9,211,220,23.444444444444443,220
14,289,303,20.642857142857142,301
17,718,735,42.23529411764706,725
8,312,320,39.0,323
13,113,126,8.692307692307692,109
24,565,589,23.541666666666668,581
102,35,137,0.3431372549019608,21
713,443,1156,0.6213183730715287,469
22,258,280,11.727272727272727,269
13,257,270,19.76923076923077,266
16,340,356,21.25,362
12,227,239,18.916666666666668,234
83,257,340,3.0963855421686746,268
28,420,448,15.0,438
17,341,358,20.058823529411764,362
33,140,173,4.242424242424242,142
4,6,10,1.5,1
35,499,534,14.257142857142858,522
23,612,635,26.608695652173914,631
1524,27,1551,0.017716535433070866,13
7,135,142,19.285714285714285,149
18,410,428,22.77777777777778,432
12,610,622,50.833333333333336,626
13,232,245,17.846153846153847,242
6,194,200,32.333333333333336,200
18,347,365,19.27777777777778,370
41,286,327,6.975609756097561,297
76,29,105,0.3815789473684211,18
20,475,495,23.75,500
1,11,12,11.0,5
49,825,874,16.836734693877553,839
66,1018,1084,15.424242424242424,1006
25,563,588,22.52,588
38,38,76,1.0,25
55,666,721,12.10909090909091,675
910,273,1183,0.3,284
3411,242,3653,0.07094693638229259,252
394,329,723,0.8350253807106599,344
892,655,1547,0.734304932735426,665
1361,959,2320,0.7046289493019838,978
16,372,388,23.25,392
38,357,395,9.394736842105264,371
29,385,414,13.275862068965518,401
14,209,223,14.928571428571429,215
16,376,392,23.5,394
132,25,157,0.1893939393939394,9
54,109,163,2.0185185185185186,446
38,62,100,1.631578947368421,53
1053,377,1430,0.35802469135802467,391
1,10,11,10.0,1
2,129,131,64.5,127
40,419,459,10.475,441
104,229,333,2.201923076923077,240
9,286,295,31.77777777777778,304
1854,865,2719,0.4665587918015103,574
83,144,227,1.7349397590361446,143
8,175,183,21.875,175
54,147,201,2.7222222222222223,147
16,338,354,21.125,359
22,137,159,6.2272727272727275,137
323,1090,1413,3.374613003095975,1006
21,439,460,20.904761904761905,463
14,330,344,23.571428571428573,348
29,388,417,13.379310344827585,408
31,964,995,31.096774193548388,984
25,273,298,10.92,284
69,454,523,6.579710144927536,474
176,328,504,1.8636363636363635,343
16,138,154,8.625,139
2422,16,2438,0.006606110652353427,1
14,114,128,8.142857142857142,112
14,118,132,8.428571428571429,109
183,135,318,0.7377049180327869,133
39,153,192,3.923076923076923,153
376,397,773,1.0558510638297873,411
18,218,236,12.11111111111111,225
42,214,256,5.095238095238095,224
26,239,265,9.192307692307692,248
3972,10,3982,0.0025176233635448137,1
19,398,417,20.94736842105263,506
4,154,158,38.5,156
131,312,443,2.381679389312977,257
258,272,530,1.054263565891473,281
18,260,278,14.444444444444445,269
8,289,297,36.125,304
7,102,109,14.571428571428571,99
32,308,340,9.625,328
208,90,298,0.4326923076923077,89
31,519,550,16.741935483870968,545
30,499,529,16.633333333333333,522
98,80,178,0.8163265306122449,74
500,321,821,0.642,639
17,120,137,7.0588235294117645,119
58,196,254,3.3793103448275863,201
81,107,188,1.3209876543209877,107
10,101,111,10.1,96
25,522,547,20.88,542
10,248,258,24.8,258
10,338,348,33.8,360
12,343,355,28.583333333333332,317
36,182,218,5.055555555555555,183
55,431,486,7.836363636363636,452
117,496,613,4.239316239316239,516
1,10,11,10.0,1
216,374,590,1.7314814814814814,392
127,995,1122,7.834645669291339,1006
34,272,306,8.0,286
46,185,231,4.021739130434782,192
116,803,919,6.922413793103448,803
373,30,403,0.08042895442359249,19
24,217,241,9.041666666666666,220
317,44,361,0.138801261829653,34
842,766,1608,0.9097387173396675,772
125,45,170,0.36,33
1791,787,2578,0.43941931881630375,771
17,37,54,2.176470588235294,23
1,10,11,10.0,1
21,133,154,6.333333333333333,131
543,7,550,0.01289134438305709,1
81,600,681,7.407407407407407,584
113,868,981,7.68141592920354,876
34,706,740,20.764705882352942,726
200,497,697,2.485,522
14,346,360,24.714285714285715,366
30,968,998,32.266666666666666,999
7,335,342,47.857142857142854,354
8,193,201,24.125,195
8,104,112,13.0,98
237,350,587,1.4767932489451476,365
2615,90,2705,0.03441682600382409,85
737,252,989,0.3419267299864315,262
15,366,381,24.4,386
13,374,387,28.76923076923077,394
212,352,564,1.6603773584905661,365
273,275,548,1.0073260073260073,291
23,256,279,11.130434782608695,265
5,300,305,60.0,317
8,220,228,27.5,225
1531,33,1564,0.02155453951665578,368
2918,141,3059,0.04832076764907471,139
2,10,12,5.0,1
403,642,1045,1.5930521091811414,652
6,260,266,43.333333333333336,272
85,320,405,3.764705882352941,336
39,64,103,1.641025641025641,91
1,48,49,48.0,1
513,233,746,0.45419103313840153,242
25,99,124,3.96,94
90,595,685,6.611111111111111,416
79,103,182,1.3037974683544304,130
9,207,216,23.0,214
33,125,158,3.787878787878788,126
588,537,1125,0.9132653061224489,551
167,195,362,1.1676646706586826,200
12,166,178,13.833333333333334,171
37,950,987,25.675675675675677,960
294,404,698,1.3741496598639455,426
461,1328,1789,2.880694143167028,1006
2,661,663,330.5,433
78,919,997,11.782051282051283,924
7,192,199,27.428571428571427,200
14,242,256,17.285714285714285,249
8,443,451,55.375,606
62,483,545,7.790322580645161,503
153,127,280,0.8300653594771242,120
4,11,15,2.75,1
27,391,418,14.481481481481481,406
260,761,1021,2.9269230769230767,761
1923,279,2202,0.14508580343213728,293
19,293,312,15.421052631578947,303
14,519,533,37.07142857142857,535
370,17,387,0.04594594594594595,2
18,199,217,11.055555555555555,200
21,82,103,3.9047619047619047,73
208,507,715,2.4375,526
948,319,1267,0.33649789029535865,335
1901,3,1904,0.0015781167806417674,5
13,367,380,28.23076923076923,390
1802,241,2043,0.13374028856825748,248
10,121,131,12.1,118
972,624,1596,0.6419753086419753,634
10,326,336,32.6,341
33,312,345,9.454545454545455,326
95,505,600,5.315789473684211,483
12,212,224,17.666666666666668,217
109,64,173,0.5871559633027523,53
52,7,59,0.1346153846153846,1
8,420,428,52.5,448
86,325,411,3.7790697674418605,334
575,28,603,0.04869565217391304,15
8,45,53,5.625,36
23,293,316,12.73913043478261,311
344,970,1314,2.8197674418604652,1005
19,175,194,9.210526315789474,179
1070,540,1610,0.5046728971962616,486
73,246,319,3.3698630136986303,258
33,865,898,26.21212121212121,882
32,416,448,13.0,437
18,96,114,5.333333333333333,90
18,29,47,1.6111111111111112,16
25,43,68,1.72,30
1007,167,1174,0.16583912611717974,141
28,471,499,16.821428571428573,490
20,225,245,11.25,236
28,374,402,13.357142857142858,399
216,338,554,1.5648148148148149,357
1265,657,1922,0.5193675889328063,545
126,37,163,0.29365079365079366,25
20,604,624,30.2,617
15,173,188,11.533333333333333,175
946,332,1278,0.35095137420718814,716
12,184,196,15.333333333333334,188
680,836,1516,1.2294117647058824,711
1336,297,1633,0.22230538922155688,385
252,437,689,1.7341269841269842,457
16,233,249,14.5625,246
1529,262,1791,0.17135382603008503,272
27,181,208,6.703703703703703,185
2462,781,3243,0.3172217709179529,775
7,517,524,73.85714285714286,536
1333,227,1560,0.17029257314328583,235
103,707,810,6.864077669902913,723
151,696,847,4.6092715231788075,708
9,265,274,29.444444444444443,279
29,295,324,10.172413793103448,303
1152,446,1598,0.3871527777777778,671
48,294,342,6.125,306
91,403,494,4.428571428571429,421
705,313,1018,0.44397163120567373,328
11,579,590,52.63636363636363,594
10,415,425,41.5,438
55,282,337,5.127272727272727,290
14,271,285,19.357142857142858,281
29,503,532,17.344827586206897,535
29,104,133,3.586206896551724,100
451,329,780,0.729490022172949,344
16,372,388,23.25,391
22,290,312,13.181818181818182,305
889,204,1093,0.22947131608548932,213
23,35,58,1.5217391304347827,12
22,239,261,10.863636363636363,247
69,167,236,2.420289855072464,167
610,373,983,0.6114754098360655,388
43,278,321,6.465116279069767,289
102,858,960,8.411764705882353,867
16,230,246,14.375,239
25,449,474,17.96,473
16,325,341,20.3125,343
13,203,216,15.615384615384615,208
53,387,440,7.30188679245283,401
1,10,11,10.0,1
37,593,630,16.027027027027028,611
1362,770,2132,0.5653450807635829,775
40,4,44,0.1,4
34,745,779,21.91176470588235,750
30,375,405,12.5,395
701,465,1166,0.6633380884450785,485
20,412,432,20.6,436
43,892,935,20.74418604651163,898
80,10,90,0.125,1
1,15,16,15.0,1
66,55,121,0.8333333333333334,45
23,496,519,21.565217391304348,521
84,458,542,5.4523809523809526,478
15,424,439,28.266666666666666,448
52,38,90,0.7307692307692307,25
22,102,124,4.636363636363637,102
25,498,523,19.92,525
56,749,805,13.375,755
43,403,446,9.372093023255815,424
95,701,796,7.378947368421053,715
225,298,523,1.3244444444444445,315
73,416,489,5.698630136986301,435
52,453,505,8.711538461538462,474
23,865,888,37.608695652173914,887
45,396,441,8.8,415
16,370,386,23.125,401
18,19,37,1.0555555555555556,3
35,217,252,6.2,223
131,806,937,6.152671755725191,807
9,221,230,24.555555555555557,229
2609,416,3025,0.15944806439248754,625
712,627,1339,0.8806179775280899,643
7,188,195,26.857142857142858,149
30,771,801,25.7,775
6,68,74,11.333333333333334,370
30,71,101,2.3666666666666667,61
731,519,1250,0.7099863201094391,537
9,57,66,6.333333333333333,46
317,576,893,1.8170347003154574,591
26,105,131,4.038461538461538,100
1766,63,1829,0.03567383918459796,52
3,131,134,43.666666666666664,130
105,775,880,7.380952380952381,780
112,841,953,7.508928571428571,849
34,243,277,7.147058823529412,252
60,350,410,5.833333333333333,365
224,117,341,0.5223214285714286,114
96,314,410,3.2708333333333335,331
141,870,1011,6.170212765957447,876
38,323,361,8.5,341
216,261,477,1.2083333333333333,270
12,526,538,43.833333333333336,284
57,656,713,11.508771929824562,667
57,965,1022,16.92982456140351,992
518,54,572,0.10424710424710425,315
2284,710,2994,0.3108581436077058,716
56,406,462,7.25,427
20,421,441,21.05,442
96,30,126,0.3125,27
7,135,142,19.285714285714285,149
24,105,129,4.375,101
13,70,83,5.384615384615385,20
14,85,99,6.071428571428571,78
94,702,796,7.468085106382978,684
75,22,97,0.29333333333333333,6
1,10,11,10.0,1
1145,214,1359,0.1868995633187773,221
164,365,529,2.225609756097561,385
7,138,145,19.714285714285715,149
41,918,959,22.390243902439025,918
121,479,600,3.958677685950413,502
78,569,647,7.294871794871795,585
16,580,596,36.25,599
11,459,470,41.72727272727273,480
84,243,327,2.892857142857143,253
12,38,50,3.1666666666666665,21
15,295,310,19.666666666666668,310
1604,205,1809,0.12780548628428928,212
78,608,686,7.794871794871795,627
20,216,236,10.8,223
194,376,570,1.9381443298969072,398
13,283,296,21.76923076923077,399
1599,122,1721,0.07629768605378362,120
1834,158,1992,0.0861504907306434,159
16,844,860,52.75,785
12,161,173,13.416666666666666,165
111,27,138,0.24324324324324326,15
2,10,12,5.0,1
1567,13,1580,0.008296107211231652,1
927,179,1106,0.1930960086299892,185
102,328,430,3.215686274509804,347
96,42,138,0.4375,31
41,486,527,11.853658536585366,319
1356,744,2100,0.5486725663716814,745
38,417,455,10.973684210526315,437
76,43,119,0.5657894736842105,29
222,292,514,1.3153153153153154,306
50,816,866,16.32,820
16,404,420,25.25,443
389,261,650,0.6709511568123393,275
15,312,327,20.8,330
50,356,406,7.12,322
37,286,323,7.72972972972973,301
28,193,221,6.892857142857143,109
18,532,550,29.555555555555557,556
1707,130,1837,0.07615700058582309,128
16,193,209,12.0625,200
83,597,680,7.192771084337349,615
7,326,333,46.57142857142857,343
105,62,167,0.5904761904761905,51
481,146,627,0.30353430353430355,145
217,422,639,1.944700460829493,446
70,43,113,0.6142857142857143,29
19,264,283,13.894736842105264,275
1348,470,1818,0.3486646884272997,488
1362,770,2132,0.5653450807635829,775
5,432,437,86.4,454
251,668,919,2.6613545816733066,678
10,143,153,14.3,142
9,96,105,10.666666666666666,88
46,46,92,1.0,32
17,534,551,31.41176470588235,575
12,207,219,17.25,213
69,537,606,7.782608695652174,557
20,91,111,4.55,84
485,679,1164,1.4,686
10,283,293,28.3,295
14,496,510,35.42857142857143,516
314,343,657,1.0923566878980893,360
354,660,1014,1.8644067796610169,673
33,450,483,13.636363636363637,471
76,506,582,6.657894736842105,528
22,252,274,11.454545454545455,267
179,451,630,2.5195530726256985,473
52,488,540,9.384615384615385,507
14,83,97,5.928571428571429,80
10,284,294,28.4,319
2631,47,2678,0.017863930064614217,34
16,203,219,12.6875,207
3,350,353,116.66666666666667,326
5,191,196,38.2,437
22,67,89,3.0454545454545454,58
341,226,567,0.6627565982404692,229
2073,13,2086,0.006271104679208876,1
3132,60,3192,0.019157088122605363,50
20,187,207,9.35,187
96,88,184,0.9166666666666666,27
84,380,464,4.523809523809524,399
20,508,528,25.4,533
35,499,534,14.257142857142858,505
58,338,396,5.827586206896552,355
113,418,531,3.6991150442477876,412
260,283,543,1.0884615384615384,299
82,949,1031,11.573170731707316,957
1922,45,1967,0.023413111342351717,36
113,33,146,0.2920353982300885,19
56,307,363,5.482142857142857,325
10,286,296,28.6,297
15,81,96,5.4,73
18,492,510,27.333333333333332,655
13,188,201,14.461538461538462,190
17,232,249,13.647058823529411,241
10,332,342,33.2,352
9,296,305,32.888888888888886,315
19,931,950,49.0,943
376,385,761,1.023936170212766,405
16,87,103,5.4375,80
279,305,584,1.093189964157706,294
121,537,658,4.43801652892562,512
785,883,1668,1.1248407643312102,892
13,457,470,35.15384615384615,478
70,103,173,1.4714285714285715,36
68,584,652,8.588235294117647,638
699,932,1631,1.3333333333333333,924
7,334,341,47.714285714285715,353
14,208,222,14.857142857142858,214
25,418,443,16.72,439
10,315,325,31.5,328
19,562,581,29.57894736842105,588
49,41,90,0.8367346938775511,642
14,405,419,28.928571428571427,430
42,821,863,19.547619047619047,825
1242,233,1475,0.18760064412238325,242
1202,285,1487,0.23710482529118138,298
1814,406,2220,0.22381477398015434,425
319,208,527,0.6520376175548589,214
15,244,259,16.266666666666666,255
35,367,402,10.485714285714286,384
127,168,295,1.3228346456692914,173
22,57,79,2.590909090909091,47
9,284,293,31.555555555555557,298
16,20,36,1.25,5
23,147,170,6.391304347826087,149
19,350,369,18.42105263157895,372
119,274,393,2.302521008403361,286
23,431,454,18.73913043478261,454
19,255,274,13.421052631578947,361
1597,127,1724,0.07952410770194114,125
61,324,385,5.311475409836065,342
10,186,196,18.6,189
63,26,89,0.4126984126984127,13
14,245,259,17.5,108
16,390,406,24.375,414
42,29,71,0.6904761904761905,13
67,449,516,6.701492537313433,472
14,519,533,37.07142857142857,535
12,314,326,26.166666666666668,325
50,57,107,1.14,48
12,141,153,11.75,141
77,295,372,3.831168831168831,311
12,358,370,29.833333333333332,381
3019,219,3238,0.0725405763497847,223
22,161,183,7.318181818181818,160
98,892,990,9.10204081632653,898
10,499,509,49.9,519
33,157,190,4.757575757575758,158
38,547,585,14.394736842105264,566
44,344,388,7.818181818181818,356
177,144,321,0.8135593220338984,143
46,91,137,1.9782608695652173,86
38,58,96,1.5263157894736843,102
15,182,197,12.133333333333333,186
160,236,396,1.475,245
115,460,575,4.0,482
8,394,402,49.25,415
8,409,417,51.125,336
2951,136,3087,0.04608607251779058,137
73,414,487,5.671232876712328,436
14,615,629,43.92857142857143,630
39,45,84,1.1538461538461537,34
21,389,410,18.523809523809526,411
13,9,22,0.6923076923076923,1
1,40,41,40.0,1
37,534,571,14.432432432432432,436
2222,503,2725,0.22637263726372636,524
1972,829,2801,0.42038539553752535,829
22,306,328,13.909090909090908,322
98,176,274,1.7959183673469388,181
2114,473,2587,0.2237464522232734,493
25,369,394,14.76,386
75,452,527,6.026666666666666,474
16,110,126,6.875,109
23,35,58,1.5217391304347827,12
8,102,110,12.75,99
43,639,682,14.86046511627907,653
41,95,136,2.317073170731707,91
7,97,104,13.857142857142858,149
26,17,43,0.6538461538461539,1
1311,6,1317,0.004576659038901602,1
20,28,48,1.4,12
8,276,284,34.5,291
19,397,416,20.894736842105264,421
4,205,209,51.25,207
10,367,377,36.7,329
18,437,455,24.27777777777778,459
25,12,37,0.48,1
11,279,290,25.363636363636363,296
20,85,105,4.25,78
19,208,227,10.947368421052632,214
12,565,577,47.083333333333336,586
1427,522,1949,0.365802382620883,543
812,515,1327,0.6342364532019704,381
174,315,489,1.8103448275862069,327
23,110,133,4.782608695652174,109
40,340,380,8.5,356
6,282,288,47.0,298
33,256,289,7.757575757575758,273
69,464,533,6.72463768115942,480
7,229,236,32.714285714285715,114
50,57,107,1.14,888
77,953,1030,12.376623376623376,971
17,685,702,40.294117647058826,700
217,317,534,1.4608294930875576,204
17,325,342,19.11764705882353,318
1920,115,2035,0.059895833333333336,112
16,812,828,50.75,818
1650,927,2577,0.5618181818181818,959
24,298,322,12.416666666666666,313
1743,78,1821,0.04475043029259897,52
56,466,522,8.321428571428571,487
26,388,414,14.923076923076923,411
2570,759,3329,0.2953307392996109,764
87,294,381,3.3793103448275863,306
16,325,341,20.3125,340
3008,189,3197,0.06283244680851063,194
60,202,262,3.3666666666666667,157
3,84,87,28.0,77
18,501,519,27.833333333333332,528
16,239,255,14.9375,247
37,164,201,4.4324324324324325,165
9,124,133,13.777777777777779,122
94,37,131,0.39361702127659576,25
13,52,65,4.0,43
125,162,287,1.296,163
1486,1115,2601,0.7503364737550471,1006
3,5,8,1.6666666666666667,1
304,317,621,1.042763157894737,330
428,363,791,0.8481308411214953,381
77,268,345,3.4805194805194803,281
11,726,737,66.0,735
28,394,422,14.071428571428571,412
18,460,478,25.555555555555557,482
50,312,362,6.24,326
23,154,177,6.695652173913044,155
105,420,525,4.0,439
39,60,99,1.5384615384615385,264
35,72,107,2.057142857142857,59
114,953,1067,8.359649122807017,968
99,87,186,0.8787878787878788,82
10,124,134,12.4,122
3070,326,3396,0.10618892508143322,342
29,259,288,8.931034482758621,270
9,850,859,94.44444444444444,858
363,330,693,0.9090909090909091,512
55,708,763,12.872727272727273,346
147,74,221,0.5034013605442177,65
35,439,474,12.542857142857143,461
14,581,595,41.5,602
12,94,106,7.833333333333333,90
37,19,56,0.5135135135135135,3
128,848,976,6.625,850
125,96,221,0.768,90
96,326,422,3.3958333333333335,349
648,444,1092,0.6851851851851852,464
15,330,345,22.0,347
19,165,184,8.68421052631579,67
81,312,393,3.8518518518518516,329
656,220,876,0.3353658536585366,227
6,836,842,139.33333333333334,849
14,330,344,23.571428571428573,348
86,312,398,3.627906976744186,326
10,333,343,33.3,356
6,80,86,13.333333333333334,73
755,966,1721,1.2794701986754966,1006
1060,358,1418,0.33773584905660375,374
1066,222,1288,0.20825515947467166,230
703,504,1207,0.716927453769559,525
27,340,367,12.592592592592593,358
45,7,52,0.15555555555555556,1
7,378,385,54.0,401
16,86,102,5.375,79
147,545,692,3.707482993197279,565
131,665,796,5.076335877862595,340
265,104,369,0.39245283018867927,102
19,241,260,12.68421052631579,253
7,119,126,17.0,149
9,35,44,3.888888888888889,143
25,24,49,0.96,10
11,159,170,14.454545454545455,162
606,246,852,0.40594059405940597,255
525,194,719,0.36952380952380953,198
11,352,363,32.0,384
22,450,472,20.454545454545453,465
11,19,30,1.7272727272727273,4
26,158,184,6.076923076923077,160
14,133,147,9.5,133
1086,294,1380,0.27071823204419887,309
75,150,225,2.0,150
426,181,607,0.42488262910798125,185
44,765,809,17.386363636363637,768
12,237,249,19.75,246
14,75,89,5.357142857142857,67
385,140,525,0.36363636363636365,139
153,461,614,3.0130718954248366,478
12,161,173,13.416666666666666,164
14,437,451,31.214285714285715,455
2460,906,3366,0.36829268292682926,910
12,122,134,10.166666666666666,119
1087,337,1424,0.31002759889604414,359
57,456,513,8.0,475
13,36,49,2.769230769230769,11
20,339,359,16.95,362
2,732,734,366.0,736
1,10,11,10.0,1
1225,488,1713,0.3983673469387755,508
129,99,228,0.7674418604651163,93
410,655,1065,1.5975609756097562,674
21,66,87,3.142857142857143,58
14,339,353,24.214285714285715,358
11,223,234,20.272727272727273,235
3,422,425,140.66666666666666,444
278,765,1043,2.7517985611510793,767
4,678,682,169.5,805
5,227,232,45.4,237
100,283,383,2.83,289
21,327,348,15.571428571428571,346
17,608,625,35.76470588235294,624
504,367,871,0.7281746031746031,316
49,703,752,14.346938775510203,713
333,535,868,1.6066066066066067,555
2507,353,2860,0.14080574391703232,369
25,354,379,14.16,370
45,534,579,11.866666666666667,556
460,281,741,0.6108695652173913,186
13,286,299,22.0,305
2499,791,3290,0.3165266106442577,801
19,264,283,13.894736842105264,275
20,391,411,19.55,412
226,161,387,0.7123893805309734,165
6,8,14,1.3333333333333333,1
57,194,251,3.4035087719298245,202
131,464,595,3.5419847328244276,486
17,409,426,24.058823529411764,433
11,76,87,6.909090909090909,65
1229,469,1698,0.38161106590724164,484
17,164,181,9.647058823529411,168
107,94,201,0.8785046728971962,89
59,967,1026,16.389830508474578,982
82,841,923,10.25609756097561,849
117,431,548,3.6837606837606836,451
33,217,250,6.575757575757576,224
11,284,295,25.818181818181817,300
28,323,351,11.535714285714286,241
311,442,753,1.4212218649517685,462
117,145,262,1.2393162393162394,145
1743,78,1821,0.04475043029259897,52
216,315,531,1.4583333333333333,328
2793,100,2893,0.03580379520229144,96
7,95,102,13.571428571428571,84
1672,435,2107,0.26016746411483255,458
11,301,312,27.363636363636363,318
5,208,213,41.6,215
95,195,290,2.0526315789473686,202
458,250,708,0.5458515283842795,260
25,31,56,1.24,11
11,166,177,15.090909090909092,168
116,5,121,0.04310344827586207,1
66,381,447,5.7727272727272725,399
19,256,275,13.473684210526315,265
75,29,104,0.38666666666666666,14
56,231,287,4.125,292
7,389,396,55.57142857142857,415
8,183,191,22.875,185
14,532,546,38.0,292
19,214,233,11.263157894736842,222
165,456,621,2.7636363636363637,475
84,243,327,2.892857142857143,254
733,578,1311,0.7885402455661664,597
74,386,460,5.216216216216216,403
525,5,530,0.009523809523809525,1
37,419,456,11.324324324324325,441
695,597,1292,0.8589928057553957,711
12,16,28,1.3333333333333333,1
92,122,214,1.326086956521739,200
13,97,110,7.461538461538462,90
65,323,388,4.969230769230769,685
1788,417,2205,0.2332214765100671,621
17,325,342,19.11764705882353,318
432,260,692,0.6018518518518519,271
125,27,152,0.216,11
111,186,297,1.6756756756756757,191
59,67,126,1.1355932203389831,60
14,518,532,37.0,537
35,275,310,7.857142857142857,286
24,100,124,4.166666666666667,96
55,280,335,5.090909090909091,296
355,126,481,0.35492957746478876,122
28,4,32,0.14285714285714285,1
30,350,380,11.666666666666666,455
84,76,160,0.9047619047619048,72
19,398,417,20.94736842105263,506
21,376,397,17.904761904761905,393
185,89,274,0.4810810810810811,87
50,277,327,5.54,294
16,309,325,19.3125,327
93,482,575,5.182795698924731,502
17,275,292,16.176470588235293,254
238,438,676,1.8403361344537814,459
96,192,288,2.0,196
395,302,697,0.7645569620253164,319
50,251,301,5.02,262
100,140,240,1.4,138
4,10,14,2.5,1
319,439,758,1.3761755485893417,461
14,308,322,22.0,330
349,777,1126,2.226361031518625,676
21,356,377,16.952380952380953,375
47,295,342,6.276595744680851,312
865,40,905,0.046242774566473986,27
1,10,11,10.0,1
19,95,114,5.0,90
137,342,479,2.4963503649635035,364
297,586,883,1.973063973063973,601
954,283,1237,0.2966457023060797,294
68,129,197,1.8970588235294117,172
19,748,767,39.36842105263158,753
21,252,273,12.0,261
141,268,409,1.900709219858156,280
21,70,91,3.3333333333333335,61
8,62,70,7.75,21
50,212,262,4.24,215
1,10,11,10.0,1
1233,496,1729,0.40227088402270883,513
78,975,1053,12.5,1006
4,27,31,6.75,12
26,254,280,9.76923076923077,267
18,516,534,28.666666666666668,540
45,959,1004,21.31111111111111,1006
27,897,924,33.22222222222222,907
42,236,278,5.619047619047619,245
39,37,76,0.9487179487179487,23
73,43,116,0.589041095890411,30
143,530,673,3.7062937062937062,534
53,53,106,1.0,43
1225,488,1713,0.3983673469387755,508
1579,192,1771,0.12159594680177327,193
2,39,41,19.5,1
24,23,47,0.9583333333333334,14
22,263,285,11.954545454545455,273
18,501,519,27.833333333333332,528
373,303,676,0.8123324396782842,314
18,59,77,3.2777777777777777,51
24,153,177,6.375,153
69,306,375,4.434782608695652,321
7,237,244,33.857142857142854,244
31,215,246,6.935483870967742,222
83,235,318,2.8313253012048194,239
22,247,269,11.227272727272727,256
492,103,595,0.20934959349593496,98
22,1148,1170,52.18181818181818,1006
23,265,288,11.521739130434783,279
25,295,320,11.8,305
185,259,444,1.4,268
1433,22,1455,0.015352407536636426,8
8,74,82,9.25,66
6,128,134,21.333333333333332,126
8,123,131,15.375,119
12,128,140,10.666666666666666,128
78,53,131,0.6794871794871795,44
15,74,89,4.933333333333334,66
23,780,803,33.91304347826087,783
840,822,1662,0.9785714285714285,828
2191,1050,3241,0.4792332268370607,1006
22,136,158,6.181818181818182,135
22,108,130,4.909090909090909,104
1150,343,1493,0.2982608695652174,363
17,288,305,16.941176470588236,305
5,127,132,25.4,128
35,415,450,11.857142857142858,438
17,234,251,13.764705882352942,243
5,162,167,32.4,163
13,338,351,26.0,362
128,631,759,4.9296875,643
11,188,199,17.09090909090909,194
6,335,341,55.833333333333336,330
651,773,1424,1.1874039938556067,783
307,990,1297,3.224755700325733,1006
24,426,450,17.75,452
19,241,260,12.68421052631579,253
38,532,570,14.0,551
183,1040,1223,5.683060109289618,1006
18,391,409,21.72222222222222,409
117,104,221,0.8888888888888888,102
596,868,1464,1.4563758389261745,874
2450,186,2636,0.07591836734693877,197
454,399,853,0.8788546255506607,420
13,442,455,34.0,463
5,211,216,42.2,216
72,753,825,10.458333333333334,755
764,143,907,0.18717277486910994,145
50,350,400,7.0,372
7,192,199,27.428571428571427,201
90,394,484,4.377777777777778,412
10,465,475,46.5,485
4,91,95,22.75,85
1151,7,1158,0.006081668114682885,1
38,109,147,2.8684210526315788,436
225,531,756,2.36,553
28,104,132,3.7142857142857144,100
310,146,456,0.47096774193548385,383
26,306,332,11.76923076923077,322
16,64,80,4.0,56
5,406,411,81.2,425
1,270,271,270.0,435
158,312,470,1.9746835443037976,328
1777,25,1802,0.014068655036578503,11
2,18,20,9.0,1
15,924,939,61.6,940
220,389,609,1.768181818181818,408
11,246,257,22.363636363636363,257
257,530,787,2.062256809338521,552
30,56,86,1.8666666666666667,94
916,430,1346,0.46943231441048033,447
187,254,441,1.358288770053476,267
14,116,130,8.285714285714286,118
4,679,683,169.75,690
19,347,366,18.263157894736842,369
61,3,64,0.04918032786885246,1
44,268,312,6.090909090909091,108
433,101,534,0.23325635103926096,96
14,48,62,3.4285714285714284,36
25,21,46,0.84,11
2,10,12,5.0,1
23,25,48,1.0869565217391304,10
2180,80,2260,0.03669724770642202,71
1972,208,2180,0.10547667342799188,213
13,222,235,17.076923076923077,227
12,280,292,23.333333333333332,297
161,291,452,1.8074534161490683,303
24,384,408,16.0,404
218,25,243,0.11467889908256881,11
1,25,26,25.0,7
3,11,14,3.6666666666666665,1
205,13,218,0.06341463414634146,17
18,54,72,3.0,38
113,7,120,0.061946902654867256,1
26,357,383,13.73076923076923,373
530,104,634,0.19622641509433963,97
77,232,309,3.012987012987013,240
15,438,453,29.2,460
21,847,868,40.333333333333336,858
10,76,86,7.6,67
2391,82,2473,0.034295273943956504,77
89,57,146,0.6404494382022472,43
12,541,553,45.083333333333336,559
11,364,375,33.09090909090909,392
99,311,410,3.1414141414141414,327
16,268,284,16.75,283
19,444,463,23.36842105263158,296
43,403,446,9.372093023255815,424
17,281,298,16.529411764705884,293
16,58,74,3.625,46
7,39,46,5.571428571428571,28
8,35,43,4.375,19
89,7,96,0.07865168539325842,1
18,424,442,23.555555555555557,444
49,558,607,11.387755102040817,582
66,124,190,1.878787878787879,117
2304,428,2732,0.1857638888888889,447
2106,38,2144,0.018043684710351376,25
209,723,932,3.45933014354067,730
46,189,235,4.108695652173913,191
22,469,491,21.318181818181817,488
18,107,125,5.944444444444445,100
1060,358,1418,0.33773584905660375,374
765,148,913,0.1934640522875817,145
10,180,190,18.0,182
5,342,347,68.4,372
555,209,764,0.37657657657657656,217
20,469,489,23.45,493
522,22,544,0.0421455938697318,7
25,302,327,12.08,315
166,190,356,1.144578313253012,193
755,502,1257,0.6649006622516557,522
7,405,412,57.857142857142854,428
318,342,660,1.0754716981132075,356
93,25,118,0.26881720430107525,7
5,104,109,20.8,225
15,282,297,18.8,295
22,296,318,13.454545454545455,312
35,253,288,7.228571428571429,261
131,698,829,5.32824427480916,717
63,444,507,7.0476190476190474,463
21,767,788,36.523809523809526,772
8,143,151,17.875,145
27,431,458,15.962962962962964,446
14,371,385,26.5,392
14,334,348,23.857142857142858,356
388,443,831,1.1417525773195876,462
79,321,400,4.063291139240507,340
1547,15,1562,0.009696186166774402,1
9,492,501,54.666666666666664,511
37,950,987,25.675675675675677,960
46,491,537,10.673913043478262,514
1,12,13,12.0,9
22,161,183,7.318181818181818,163
72,968,1040,13.444444444444445,1006
22,688,710,31.272727272727273,703
12,384,396,32.0,413
62,22,84,0.3548387096774194,6
259,80,339,0.3088803088803089,76
13,327,340,25.153846153846153,343
8,407,415,50.875,431
8,313,321,39.125,324
122,180,302,1.4754098360655739,182
58,364,422,6.275862068965517,382
23,453,476,19.695652173913043,467
5,49,54,9.8,38
756,796,1552,1.052910052910053,737
7,57,64,8.142857142857142,259
7,89,96,12.714285714285714,80
7,445,452,63.57142857142857,471
9,364,373,40.44444444444444,488
70,261,331,3.7285714285714286,271
6,26,32,4.333333333333333,11
10,85,95,8.5,78
23,682,705,29.652173913043477,691
6,109,115,18.166666666666668,104
28,771,799,27.535714285714285,777
47,333,380,7.085106382978723,349
1,254,255,254.0,435
17,156,173,9.176470588235293,156
27,600,627,22.22222222222222,617
27,143,170,5.296296296296297,145
63,59,122,0.9365079365079365,49
189,379,568,2.005291005291005,402
13,278,291,21.384615384615383,290
336,298,634,0.8869047619047619,311
4,250,254,62.5,259
76,259,335,3.4078947368421053,268
2677,328,3005,0.12252521479267837,326
98,161,259,1.6428571428571428,162
18,310,328,17.22222222222222,231
1184,504,1688,0.42567567567567566,529
40,263,303,6.575,274
110,421,531,3.827272727272727,440
33,557,590,16.87878787878788,576
20,191,211,9.55,199
1707,130,1837,0.07615700058582309,128
39,266,305,6.82051282051282,265
1,10,11,10.0,1
1002,200,1202,0.1996007984031936,400
5,15,20,3.0,1
15,255,270,17.0,261
1195,47,1242,0.03933054393305439,36
80,183,263,2.2875,190
49,795,844,16.224489795918366,378
9,6,15,0.6666666666666666,1
735,350,1085,0.47619047619047616,367
1364,456,1820,0.3343108504398827,477
7,87,94,12.428571428571429,149
61,609,670,9.98360655737705,624
98,348,446,3.5510204081632653,246
59,901,960,15.271186440677965,532
25,522,547,20.88,542
16,175,191,10.9375,178
14,193,207,13.785714285714286,198
147,686,833,4.666666666666667,700
10,168,178,16.8,172
1258,946,2204,0.7519872813990461,1006
85,82,167,0.9647058823529412,77
101,207,308,2.0495049504950495,212
148,494,642,3.3378378378378377,515
6,22,28,3.6666666666666665,5
23,282,305,12.26086956521739,294
22,509,531,23.136363636363637,529
2,10,12,5.0,1
16,190,206,11.875,199
1401,382,1783,0.2726623840114204,177
18,65,83,3.611111111111111,55
92,172,264,1.8695652173913044,176
9,270,279,30.0,281
9,238,247,26.444444444444443,245
18,391,409,21.72222222222222,409
45,7,52,0.15555555555555556,1
2349,295,2644,0.12558535547041294,465
125,542,667,4.336,560
150,603,753,4.02,619
72,494,566,6.861111111111111,510
51,150,201,2.9411764705882355,135
147,569,716,3.870748299319728,587
13,445,458,34.23076923076923,468
8,722,730,90.25,731
1,10,11,10.0,1
21,294,315,14.0,310
22,108,130,4.909090909090909,108
133,71,204,0.5338345864661654,60
19,33,52,1.736842105263158,16
105,475,580,4.523809523809524,497
168,126,294,0.75,123
63,466,529,7.396825396825397,489
13,95,108,7.3076923076923075,89
240,15,255,0.0625,2
148,203,351,1.3716216216216217,207
13,297,310,22.846153846153847,311
42,906,948,21.571428571428573,900
14,543,557,38.785714285714285,562
10,328,338,32.8,375
21,145,166,6.904761904761905,145
491,34,525,0.06924643584521385,26
21,316,337,15.047619047619047,335
211,365,576,1.7298578199052133,393
14,447,461,31.928571428571427,466
138,40,178,0.2898550724637681,29
12,140,152,11.666666666666666,138
43,443,486,10.30232558139535,201
2084,4,2088,0.0019193857965451055,1
444,177,621,0.39864864864864863,426
16,24,40,1.5,6
119,431,550,3.6218487394957983,451
40,388,428,9.7,329
9,207,216,23.0,214
12,276,288,23.0,289
127,885,1012,6.968503937007874,890
19,398,417,20.94736842105263,421
9,145,154,16.11111111111111,150
27,345,372,12.777777777777779,363
10,361,371,36.1,385
1473,277,1750,0.18805159538357094,288
23,732,755,31.82608695652174,740
5,78,83,15.6,73
412,301,713,0.7305825242718447,317
16,324,340,20.25,340
22,170,192,7.7272727272727275,171
12,240,252,20.0,248
123,916,1039,7.4471544715447155,917
29,319,348,11.0,378
21,354,375,16.857142857142858,373
31,40,71,1.2903225806451613,26
104,193,297,1.8557692307692308,194
21,966,987,46.0,983
438,589,1027,1.3447488584474885,601
148,348,496,2.3513513513513513,363
1066,222,1288,0.20825515947467166,230
81,342,423,4.222222222222222,358
251,179,430,0.7131474103585658,185
18,402,420,22.333333333333332,420
4,12,16,3.0,1
180,30,210,0.16666666666666666,31
31,457,488,14.741935483870968,483
9,155,164,17.22222222222222,155
24,548,572,22.833333333333332,564
7,781,788,111.57142857142857,241
170,158,328,0.9294117647058824,391
14,359,373,25.642857142857142,374
10,144,154,14.4,143
37,84,121,2.27027027027027,75
282,344,626,1.2198581560283688,360
7,282,289,40.285714285714285,293
564,1028,1592,1.822695035460993,1006
447,165,612,0.3691275167785235,169
13,373,386,28.692307692307693,397
19,208,227,10.947368421052632,216
155,530,685,3.4193548387096775,548
7,90,97,12.857142857142858,83
30,384,414,12.8,400
12,274,286,22.833333333333332,286
488,523,1011,1.0717213114754098,545
210,262,472,1.2476190476190476,269
37,471,508,12.72972972972973,366
1,10,11,10.0,1
48,537,585,11.1875,556
13,274,287,21.076923076923077,282
8,289,297,36.125,304
1771,34,1805,0.019198193111236588,19
36,44,80,1.2222222222222223,31
422,634,1056,1.5023696682464456,649
67,366,433,5.462686567164179,390
11,84,95,7.636363636363637,76
1101,543,1644,0.49318801089918257,561
26,543,569,20.884615384615383,559
17,271,288,15.941176470588236,280
84,602,686,7.166666666666667,619
1,10,11,10.0,1
26,383,409,14.73076923076923,399
412,400,812,0.970873786407767,420
12,902,914,75.16666666666667,914
13,379,392,29.153846153846153,402
10,626,636,62.6,642
26,468,494,18.0,491
126,443,569,3.515873015873016,462
1,10,11,10.0,1
120,524,644,4.366666666666666,549
833,4,837,0.004801920768307323,1
89,224,313,2.5168539325842696,228
470,224,694,0.4765957446808511,235
2460,245,2705,0.09959349593495935,257
5,74,79,14.8,65
26,55,81,2.1153846153846154,41
429,128,557,0.29836829836829837,127
2710,69,2779,0.025461254612546124,64
19,167,186,8.789473684210526,169
82,340,422,4.146341463414634,357
2663,22,2685,0.008261359369132557,10
28,245,273,8.75,252
14,264,278,18.857142857142858,280
66,229,295,3.4696969696969697,239
623,381,1004,0.6115569823434992,398
628,100,728,0.1592356687898089,95
18,3,21,0.16666666666666666,1
1513,192,1705,0.12690019828155982,198
22,293,315,13.318181818181818,304
143,415,558,2.902097902097902,434
11,301,312,27.363636363636363,318
29,487,516,16.79310344827586,508
14,300,314,21.428571428571427,315
31,231,262,7.451612903225806,241
72,275,347,3.8194444444444446,283
133,253,386,1.9022556390977443,262
85,36,121,0.4235294117647059,24
27,96,123,3.5555555555555554,87
24,1052,1076,43.833333333333336,1006
10,226,236,22.6,232
14,1038,1052,74.14285714285714,1006
19,414,433,21.789473684210527,435
393,354,747,0.9007633587786259,375
289,809,1098,2.7993079584775087,814
1391,429,1820,0.308411214953271,445
318,157,475,0.4937106918238994,157
39,679,718,17.41025641025641,689
120,632,752,5.266666666666667,644
51,266,317,5.215686274509804,277
76,925,1001,12.171052631578947,925
2793,100,2893,0.03580379520229144,96
208,29,237,0.13942307692307693,6
1,10,11,10.0,1
17,404,421,23.764705882352942,440
1507,935,2442,0.6204379562043796,949
38,276,314,7.2631578947368425,290
76,52,128,0.6842105263157895,40
8,543,551,67.875,562
30,304,334,10.133333333333333,321
16,227,243,14.1875,237
1804,402,2206,0.22283813747228381,425
109,30,139,0.27522935779816515,168
10,19,29,1.9,2
57,576,633,10.105263157894736,582
43,58,101,1.3488372093023255,47
90,586,676,6.511111111111111,603
21,937,958,44.61904761904762,526
12,237,249,19.75,241
37,168,205,4.54054054054054,171
376,385,761,1.023936170212766,405
4,218,222,54.5,225
198,515,713,2.601010101010101,526
97,391,488,4.030927835051546,413
8,70,78,8.75,62
116,338,454,2.913793103448276,357
36,970,1006,26.944444444444443,1006
15,380,395,25.333333333333332,399
19,355,374,18.68421052631579,371
869,269,1138,0.3095512082853855,277
16,214,230,13.375,220
53,173,226,3.2641509433962264,177
96,651,747,6.78125,667
469,665,1134,1.4179104477611941,673
122,503,625,4.122950819672131,528
13,317,330,24.384615384615383,334
1,10,11,10.0,1
11,1030,1041,93.63636363636364,1006
799,1039,1838,1.300375469336671,1006
9,62,71,6.888888888888889,51
80,334,414,4.175,353
36,562,598,15.61111111111111,583
116,112,228,0.9655172413793104,110
8,231,239,28.875,239
43,202,245,4.6976744186046515,204
3090,389,3479,0.12588996763754046,413
146,96,242,0.6575342465753424,88
1043,603,1646,0.5781399808245445,617
66,955,1021,14.469696969696969,450
55,311,366,5.654545454545454,324
7,385,392,55.0,410
1473,931,2404,0.6320434487440597,415
17,148,165,8.705882352941176,144
31,360,391,11.612903225806452,376
14,297,311,21.214285714285715,315
207,99,306,0.4782608695652174,93
29,322,351,11.10344827586207,335
1243,362,1605,0.2912308930008045,380
1,164,165,164.0,435
66,434,500,6.575757575757576,465
10,413,423,41.3,442
15,935,950,62.333333333333336,946
181,358,539,1.977900552486188,374
35,144,179,4.114285714285714,145
454,399,853,0.8788546255506607,420
20,604,624,30.2,617
15,195,210,13.0,158
12,97,109,8.083333333333334,163
9,135,144,15.0,134
4,35,39,8.75,18
1092,747,1839,0.6840659340659341,755
64,31,95,0.484375,47
16,279,295,17.4375,291
19,170,189,8.947368421052632,166
12,49,61,4.083333333333333,37
150,606,756,4.04,621
32,110,142,3.4375,106
228,337,565,1.4780701754385965,353
171,111,282,0.6491228070175439,110
22,409,431,18.59090909090909,430
443,645,1088,1.4559819413092552,655
9,148,157,16.444444444444443,154
684,472,1156,0.6900584795321637,485
16,20,36,1.25,5
6,221,227,36.833333333333336,230
3,97,100,32.333333333333336,92
100,259,359,2.59,273
59,582,641,9.864406779661017,597
1,11,12,11.0,5
435,182,617,0.41839080459770117,186
616,371,987,0.6022727272727273,394
16,258,274,16.125,272
2655,288,2943,0.10847457627118644,304
20,455,475,22.75,475
31,173,204,5.580645161290323,138
118,111,229,0.940677966101695,108
7,50,57,7.142857142857143,43
1224,240,1464,0.19607843137254902,249
130,852,982,6.553846153846154,852
25,385,410,15.4,402
32,127,159,3.96875,238
3457,520,3977,0.15041943881978595,541
50,88,138,1.76,84
211,363,574,1.7203791469194314,386
12,355,367,29.583333333333332,333
429,239,668,0.5571095571095571,248
38,532,570,14.0,551
53,159,212,3.0,238
100,210,310,2.1,220
1354,261,1615,0.19276218611521417,270
9,38,47,4.222222222222222,29
28,197,225,7.035714285714286,370
208,251,459,1.2067307692307692,323
159,401,560,2.5220125786163523,425
12,768,780,64.0,754
2,10,12,5.0,1
54,592,646,10.962962962962964,606
37,687,724,18.56756756756757,698
11,50,61,4.545454545454546,37
14,228,242,16.285714285714285,236
18,462,480,25.666666666666668,483
289,221,510,0.7647058823529411,233
54,754,808,13.962962962962964,760
27,966,993,35.77777777777778,978
414,203,617,0.49033816425120774,212
81,468,549,5.777777777777778,489
1106,791,1897,0.7151898734177216,789
14,319,333,22.785714285714285,333
19,437,456,23.0,456
89,137,226,1.5393258426966292,311
19,256,275,13.473684210526315,265
9,215,224,23.88888888888889,221
49,52,101,1.0612244897959184,37
668,321,989,0.4805389221556886,334
88,285,373,3.2386363636363638,299
1511,282,1793,0.18663136995367308,299
22,345,367,15.681818181818182,327
414,841,1255,2.031400966183575,850
8,15,23,1.875,1
3,10,13,3.3333333333333335,1
5,24,29,4.8,10
12,331,343,27.583333333333332,353
6,283,289,47.166666666666664,330
1454,66,1520,0.0453920220082531,55
603,152,755,0.25207296849087896,153
295,19,314,0.06440677966101695,5
105,155,260,1.4761904761904763,155
38,71,109,1.868421052631579,62
11,207,218,18.818181818181817,213
6,836,842,139.33333333333334,849
13,133,146,10.23076923076923,131
70,459,529,6.557142857142857,482
133,547,680,4.112781954887218,567
460,394,854,0.8565217391304348,415
17,362,379,21.294117647058822,318
46,318,364,6.913043478260869,334
8,427,435,53.375,449
16,365,381,22.8125,385
11,214,225,19.454545454545453,218
11,102,113,9.272727272727273,97
15,75,90,5.0,63
18,416,434,23.11111111111111,439
15,33,48,2.2,37
47,722,769,15.361702127659575,730
21,286,307,13.619047619047619,300
7,89,96,12.714285714285714,81
19,170,189,8.947368421052632,166
194,593,787,3.056701030927835,609
10,357,367,35.7,381
23,560,583,24.347826086956523,585
19,175,194,9.210526315789474,179
14,330,344,23.571428571428573,344
1130,474,1604,0.4194690265486726,494
1,10,11,10.0,1
45,162,207,3.6,162
650,514,1164,0.7907692307692308,534
44,279,323,6.340909090909091,287
742,266,1008,0.3584905660377358,279
2007,670,2677,0.3338315894369706,692
24,151,175,6.291666666666667,148
7,126,133,18.0,103
16,399,415,24.9375,422
16,293,309,18.3125,308
9,65,74,7.222222222222222,115
344,470,814,1.3662790697674418,488
60,47,107,0.7833333333333333,35
21,606,627,28.857142857142858,623
21,282,303,13.428571428571429,435
148,203,351,1.3716216216216217,207
115,398,513,3.4608695652173913,414
14,878,892,62.714285714285715,889
8,197,205,24.625,206
10,476,486,47.6,504
119,236,355,1.9831932773109244,471
8,105,113,13.125,102
17,259,276,15.235294117647058,318
2237,776,3013,0.34689316048278945,777
1087,321,1408,0.2953081876724931,334
30,709,739,23.633333333333333,718
12,205,217,17.083333333333332,209
87,559,646,6.425287356321839,577
10,300,310,30.0,318
17,437,454,25.705882352941178,349
166,332,498,2.0,203
173,452,625,2.61271676300578,469
7,438,445,62.57142857142857,281
77,207,284,2.688311688311688,214
149,110,259,0.738255033557047,108
268,16,284,0.05970149253731343,2
57,574,631,10.070175438596491,590
5,112,117,22.4,110
498,217,715,0.4357429718875502,499
8,12,20,1.5,1
49,478,527,9.755102040816327,500
26,131,157,5.038461538461538,118
6,285,291,47.5,297
7,324,331,46.285714285714285,338
15,107,122,7.133333333333334,104
900,842,1742,0.9355555555555556,851
140,711,851,5.078571428571428,722
307,632,939,2.0586319218241043,490
14,354,368,25.285714285714285,375
122,255,377,2.0901639344262297,266
23,540,563,23.47826086956522,871
24,362,386,15.083333333333334,380
21,234,255,11.142857142857142,243
1351,348,1699,0.25758697261287933,364
18,428,446,23.77777777777778,455
2305,188,2493,0.08156182212581345,198
40,255,295,6.375,364
2707,81,2788,0.029922423346878464,68
73,320,393,4.383561643835616,337
160,669,829,4.18125,287
22,390,412,17.727272727272727,408
14,543,557,38.785714285714285,564
23,200,223,8.695652173913043,206
40,276,316,6.9,283
227,268,495,1.1806167400881058,281
76,925,1001,12.171052631578947,925
9,278,287,30.88888888888889,294
210,292,502,1.3904761904761904,305
40,96,136,2.4,88
19,548,567,28.842105263157894,444
161,586,747,3.639751552795031,373
113,631,744,5.584070796460177,638
250,345,595,1.38,367
59,75,134,1.271186440677966,90
210,262,472,1.2476190476190476,269
80,295,375,3.6875,312
542,461,1003,0.8505535055350554,482
8,329,337,41.125,347
221,552,773,2.497737556561086,571
29,37,66,1.2758620689655173,28
21,190,211,9.047619047619047,302
139,56,195,0.4028776978417266,46
35,251,286,7.171428571428572,264
65,96,161,1.476923076923077,260
2214,122,2336,0.05510388437217705,123
79,817,896,10.341772151898734,823
38,506,544,13.31578947368421,530
41,468,509,11.414634146341463,489
54,771,825,14.277777777777779,16
100,242,342,2.42,251
168,192,360,1.1428571428571428,196
31,105,136,3.3870967741935485,439
26,227,253,8.73076923076923,235
2477,248,2725,0.10012111425111021,261
370,377,747,1.018918918918919,399
67,25,92,0.373134328358209,10
2539,474,3013,0.18668767231193384,322
87,670,757,7.7011494252873565,682
33,300,333,9.090909090909092,319
11,115,126,10.454545454545455,111
241,240,481,0.995850622406639,250
13,274,287,21.076923076923077,287
32,485,517,15.15625,507
138,917,1055,6.644927536231884,914
608,58,666,0.09539473684210527,50
316,374,690,1.1835443037974684,388
67,137,204,2.044776119402985,142
13,293,306,22.53846153846154,307
24,481,505,20.041666666666668,500
1092,202,1294,0.184981684981685,554
20,445,465,22.25,469
33,72,105,2.1818181818181817,218
4,32,36,8.0,89
261,105,366,0.40229885057471265,114
177,956,1133,5.401129943502825,964
15,152,167,10.133333333333333,156
240,1068,1308,4.45,1006
11,251,262,22.818181818181817,256
96,683,779,7.114583333333333,701
2462,4,2466,0.0016246953696181965,1
9,97,106,10.777777777777779,1
19,267,286,14.052631578947368,275
22,124,146,5.636363636363637,351
25,52,77,2.08,40
16,433,449,27.0625,451
841,131,972,0.15576694411414982,129
19,701,720,36.89473684210526,718
47,341,388,7.25531914893617,438
556,246,802,0.44244604316546765,257
305,317,622,1.039344262295082,450
497,340,837,0.6841046277665996,355
39,69,108,1.7692307692307692,66
19,260,279,13.68421052631579,270
193,236,429,1.2227979274611398,243
1848,18,1866,0.00974025974025974,1
793,736,1529,0.9281210592686002,754
323,651,974,2.015479876160991,666
18,453,471,25.166666666666668,472
11,150,161,13.636363636363637,150
9,27,36,3.0,10
14,320,334,22.857142857142858,336
40,866,906,21.65,874
24,632,656,26.333333333333332,644
14,330,344,23.571428571428573,343
6,27,33,4.5,11
43,360,403,8.372093023255815,280
349,423,772,1.2120343839541547,445
1134,106,1240,0.09347442680776014,100
2234,397,2631,0.17770814682184422,418
404,336,740,0.8316831683168316,351
3,10,13,3.3333333333333335,1
139,536,675,3.856115107913669,560
2,41,43,20.5,26
216,207,423,0.9583333333333334,213
1137,948,2085,0.8337730870712401,284
1266,962,2228,0.7598736176935229,1006
12,448,460,37.333333333333336,472
8,670,678,83.75,683
324,732,1056,2.259259259259259,610
371,110,481,0.29649595687331537,106
109,381,490,3.4954128440366974,401
19,79,98,4.157894736842105,69
4,114,118,28.5,111
329,947,1276,2.878419452887538,1006
1186,303,1489,0.2554806070826307,319
15,287,302,19.133333333333333,303
11,83,94,7.545454545454546,73
44,63,107,1.4318181818181819,55
1174,106,1280,0.09028960817717206,103
75,142,217,1.8933333333333333,151
39,438,477,11.23076923076923,459
335,53,388,0.1582089552238806,42
1766,59,1825,0.033408833522083806,48
18,175,193,9.722222222222221,177
2567,111,2678,0.043241137514608494,119
52,105,157,2.019230769230769,106
1393,81,1474,0.05814788226848528,75
2163,59,2222,0.02727693018955155,346
7,213,220,30.428571428571427,286
7,195,202,27.857142857142858,149
9,376,385,41.77777777777778,403
450,478,928,1.0622222222222222,501
1,14,15,14.0,1
7,206,213,29.428571428571427,208
10,283,293,28.3,293
68,469,537,6.897058823529412,491
18,105,123,5.833333333333333,99
26,279,305,10.73076923076923,294
8,345,353,43.125,365
11,405,416,36.81818181818182,429
32,602,634,18.8125,617
12,49,61,4.083333333333333,36
15,293,308,19.533333333333335,305
7,329,336,47.0,344
4,479,483,119.75,314
38,187,225,4.921052631578948,195
24,323,347,13.458333333333334,338
10,397,407,39.7,277
37,124,161,3.3513513513513513,124
21,249,270,11.857142857142858,260
117,429,546,3.6666666666666665,448
681,666,1347,0.9779735682819384,678
104,205,309,1.9711538461538463,183
10,349,359,34.9,380
38,28,66,0.7368421052631579,12
208,54,262,0.25961538461538464,45
565,363,928,0.6424778761061947,62
341,451,792,1.3225806451612903,476
1212,45,1257,0.03712871287128713,33
15,328,343,21.866666666666667,345
11,107,118,9.727272727272727,100
20,137,157,6.85,136
95,392,487,4.126315789473685,414
144,152,296,1.0555555555555556,149
19,194,213,10.210526315789474,200
64,325,389,5.078125,343
205,357,562,1.7414634146341463,373
61,18,79,0.29508196721311475,1
52,148,200,2.8461538461538463,147
48,359,407,7.479166666666667,265
55,459,514,8.345454545454546,381
18,280,298,15.555555555555555,294
94,338,432,3.595744680851064,379
17,77,94,4.529411764705882,67
24,240,264,10.0,248
6,409,415,68.16666666666667,433
762,447,1209,0.5866141732283464,465
12,488,500,40.666666666666664,502
2209,13,2222,0.005885015844273427,1
7,362,369,51.714285714285715,382
252,149,401,0.5912698412698413,149
31,500,531,16.129032258064516,516
19,245,264,12.894736842105264,255
203,628,831,3.0935960591133007,636
2,179,181,89.5,185
54,94,148,1.7407407407407407,88
48,91,139,1.8958333333333333,86
10,343,353,34.3,363
160,577,737,3.60625,597
164,203,367,1.2378048780487805,209
6,344,350,57.333333333333336,362
57,25,82,0.43859649122807015,10
199,930,1129,4.673366834170854,949
708,395,1103,0.557909604519774,417
53,89,142,1.679245283018868,87
138,274,412,1.9855072463768115,287
207,327,534,1.5797101449275361,341
74,317,391,4.283783783783784,333
29,746,775,25.724137931034484,743
1000,89,1089,0.089,82
841,225,1066,0.267538644470868,809
57,215,272,3.7719298245614037,218
5,170,175,34.0,175
14,212,226,15.142857142857142,219
16,322,338,20.125,339
14,350,364,25.0,370
17,46,63,2.7058823529411766,35
4,504,508,126.0,522
21,513,534,24.428571428571427,531
11,104,115,9.454545454545455,97
34,135,169,3.9705882352941178,134
133,121,254,0.9097744360902256,120
56,46,102,0.8214285714285714,47
205,333,538,1.6243902439024391,457
23,284,307,12.347826086956522,226
2267,711,2978,0.31363034847816496,721
243,989,1232,4.0699588477366255,702
1157,226,1383,0.19533275713050993,235
18,23,41,1.2777777777777777,10
164,370,534,2.2560975609756095,388
14,216,230,15.428571428571429,268
1172,92,1264,0.07849829351535836,86
94,539,633,5.73404255319149,558
55,280,335,5.090909090909091,296
12,327,339,27.25,335
31,32,63,1.032258064516129,18
12,242,254,20.166666666666668,249
21,117,138,5.571428571428571,111
709,350,1059,0.4936530324400564,370
188,139,327,0.7393617021276596,137
11,174,185,15.818181818181818,213
18,302,320,16.77777777777778,318
496,610,1106,1.2298387096774193,949
115,298,413,2.591304347826087,312
10,317,327,31.7,335
15,400,415,26.666666666666668,424
1956,731,2687,0.37372188139059304,738
63,584,647,9.26984126984127,605
92,476,568,5.173913043478261,388
13,514,527,39.53846153846154,533
939,196,1135,0.20873269435569755,163
88,192,280,2.1818181818181817,197
447,255,702,0.5704697986577181,269
8,347,355,43.375,370
13,275,288,21.153846153846153,286
456,232,688,0.5087719298245614,244
577,10,587,0.01733102253032929,1
470,223,693,0.474468085106383,231
246,363,609,1.475609756097561,378
1,35,36,35.0,1
3,83,86,27.666666666666668,75
359,278,637,0.7743732590529248,289
129,338,467,2.62015503875969,350
7,315,322,45.0,329
22,13,35,0.5909090909090909,1
1327,686,2013,0.5169555388093444,699
10,948,958,94.8,961
36,264,300,7.333333333333333,276
31,273,304,8.806451612903226,284
55,146,201,2.6545454545454548,146
1147,105,1252,0.09154315605928509,101
21,634,655,30.19047619047619,646
66,373,439,5.651515151515151,319
16,194,210,12.125,198
16,380,396,23.75,405
195,60,255,0.3076923076923077,51
10,414,424,41.4,439
149,500,649,3.3557046979865772,519
1752,419,2171,0.2391552511415525,438
51,169,220,3.3137254901960786,171
2,162,164,81.0,166
92,67,159,0.7282608695652174,56
28,767,795,27.392857142857142,394
8,34,42,4.25,19
93,648,741,6.967741935483871,662
2044,263,2307,0.1286692759295499,685
11,81,92,7.363636363636363,74
8,220,228,27.5,225
39,795,834,20.384615384615383,802
22,352,374,16.0,400
273,228,501,0.8351648351648352,239
43,294,337,6.837209302325581,411
53,86,139,1.6226415094339623,82
6,78,84,13.0,70
24,749,773,31.208333333333332,756
22,464,486,21.09090909090909,481
32,373,405,11.65625,392
114,903,1017,7.921052631578948,911
23,321,344,13.956521739130435,59
128,631,759,4.9296875,643
18,127,145,7.055555555555555,123
16,340,356,21.25,355
48,460,508,9.583333333333334,482
63,199,262,3.1587301587301586,200
18,497,515,27.61111111111111,520
547,345,892,0.6307129798903108,365
22,288,310,13.090909090909092,299
10,454,464,45.4,475
43,433,476,10.069767441860465,455
1,10,11,10.0,1
141,44,185,0.3120567375886525,33
10,260,270,26.0,269
8,464,472,58.0,489
893,596,1489,0.6674132138857782,608
53,948,1001,17.88679245283019,970
1589,270,1859,0.1699181875393329,339
6,125,131,20.833333333333332,124
156,180,336,1.1538461538461537,185
395,288,683,0.7291139240506329,300
293,96,389,0.32764505119453924,98
70,27,97,0.38571428571428573,11
43,134,177,3.116279069767442,132
13,273,286,21.0,284
19,248,267,13.052631578947368,259
48,460,508,9.583333333333334,482
30,200,230,6.666666666666667,205
18,276,294,15.333333333333334,390
75,109,184,1.4533333333333334,105
13,705,718,54.23076923076923,722
20,67,87,3.35,59
1,10,11,10.0,1
46,342,388,7.434782608695652,360
24,596,620,24.833333333333332,610
14,85,99,6.071428571428571,74
65,256,321,3.9384615384615387,266
13,226,239,17.384615384615383,237
133,126,259,0.9473684210526315,125
7,251,258,35.857142857142854,149
383,511,894,1.3342036553524803,295
395,350,745,0.8860759493670886,368
4,87,91,21.75,83
1057,35,1092,0.033112582781456956,22
16,300,316,18.75,313
43,314,357,7.3023255813953485,331
1467,178,1645,0.12133605998636673,185
10,355,365,35.5,372
26,26,52,1.0,10
11,521,532,47.36363636363637,542
5,137,142,27.4,137
2175,205,2380,0.09425287356321839,212
869,842,1711,0.9689298043728424,894
11,178,189,16.181818181818183,179
20,286,306,14.3,294
97,347,444,3.577319587628866,367
575,28,603,0.04869565217391304,15
347,558,905,1.6080691642651297,551
23,557,580,24.217391304347824,578
49,361,410,7.36734693877551,380
2222,503,2725,0.22637263726372636,524
374,363,737,0.9705882352941176,507
54,321,375,5.944444444444445,334
38,427,465,11.236842105263158,450
102,90,192,0.8823529411764706,83
26,696,722,26.76923076923077,708
228,396,624,1.736842105263158,418
59,967,1026,16.389830508474578,982
8,206,214,25.75,212
18,330,348,18.333333333333332,344
22,39,61,1.7727272727272727,27
22,234,256,10.636363636363637,245
40,327,367,8.175,224
20,293,313,14.65,302
856,314,1170,0.36682242990654207,327
1,11,12,11.0,5
53,333,386,6.283018867924528,350
18,480,498,26.666666666666668,500
60,77,137,1.2833333333333334,422
123,563,686,4.5772357723577235,577
23,344,367,14.956521739130435,363
17,279,296,16.41176470588235,291
42,818,860,19.476190476190474,817
26,314,340,12.076923076923077,331
37,419,456,11.324324324324325,441
60,132,192,2.2,134
13,367,380,28.23076923076923,389
7,305,312,43.57142857142857,352
53,272,325,5.132075471698113,283
1390,38,1428,0.027338129496402876,21
17,151,168,8.882352941176471,150
16,403,419,25.1875,432
411,37,448,0.09002433090024331,208
57,218,275,3.824561403508772,224
8,223,231,27.875,228
16,433,449,27.0625,456
51,429,480,8.411764705882353,272
19,333,352,17.526315789473685,434
84,67,151,0.7976190476190477,56
9,293,302,32.55555555555556,306
249,395,644,1.5863453815261044,415
22,105,127,4.7727272727272725,102
1174,120,1294,0.10221465076660988,118
6,35,41,5.833333333333333,22
28,62,90,2.2142857142857144,53
53,327,380,6.169811320754717,346
37,295,332,7.972972972972973,385
9,316,325,35.111111111111114,327
247,217,464,0.8785425101214575,500
11,278,289,25.272727272727273,295
2106,22,2128,0.010446343779677113,8
7,102,109,14.571428571428571,99
29,727,756,25.06896551724138,738
11,167,178,15.181818181818182,171
2,29,31,14.5,20
541,266,807,0.49168207024029575,278
5,178,183,35.6,183
220,102,322,0.4636363636363636,96
1,332,333,332.0,361
10,133,143,13.3,132
461,348,809,0.754880694143167,366
2,81,83,40.5,75
32,45,77,1.40625,33
34,245,279,7.205882352941177,258
31,565,596,18.225806451612904,584
74,338,412,4.5675675675675675,390
3,18,21,6.0,5
14,96,110,6.857142857142857,87
25,529,554,21.16,551
70,189,259,2.7,196
951,83,1034,0.08727655099894847,77
91,296,387,3.2527472527472527,137
316,463,779,1.4651898734177216,438
8,164,172,20.5,169
9,50,59,5.555555555555555,40
19,219,238,11.526315789473685,25
80,141,221,1.7625,142
18,238,256,13.222222222222221,246
219,353,572,1.6118721461187215,368
53,458,511,8.641509433962264,477
1081,125,1206,0.11563367252543941,125
190,206,396,1.0842105263157895,209
9,640,649,71.11111111111111,653
9,693,702,77.0,707
21,546,567,26.0,571
171,1042,1213,6.093567251461988,1006
142,109,251,0.7676056338028169,106
14,631,645,45.07142857142857,643
1735,338,2073,0.19481268011527378,356
22,270,292,12.272727272727273,279
281,246,527,0.8754448398576512,279
623,3,626,0.004815409309791332,1
126,254,380,2.015873015873016,262
3629,105,3734,0.02893359052080463,102
111,90,201,0.8108108108108109,84
45,529,574,11.755555555555556,548
99,641,740,6.474747474747475,653
181,896,1077,4.9502762430939224,888
12,724,736,60.333333333333336,614
6,308,314,51.333333333333336,322
1890,211,2101,0.11164021164021164,216
38,510,548,13.421052631578947,530
35,318,353,9.085714285714285,335
2441,1049,3490,0.42974190905366655,1006
488,281,769,0.5758196721311475,289
19,970,989,51.05263157894737,984
339,130,469,0.3834808259587021,126
15,348,363,23.2,371
101,936,1037,9.267326732673267,958
97,934,1031,9.628865979381443,940
315,917,1232,2.911111111111111,389
369,217,586,0.5880758807588076,224
54,17,71,0.3148148148148148,1
182,232,414,1.2747252747252746,243
16,668,684,41.75,678
22,85,107,3.8636363636363638,331
199,9,208,0.04522613065326633,1
11,96,107,8.727272727272727,83
186,368,554,1.978494623655914,388
513,190,703,0.37037037037037035,198
509,147,656,0.2888015717092338,146
35,460,495,13.142857142857142,483
20,417,437,20.85,438
282,183,465,0.648936170212766,190
71,67,138,0.9436619718309859,58
338,17,355,0.05029585798816568,3
73,127,200,1.7397260273972603,128
634,146,780,0.2302839116719243,147
47,94,141,2.0,90
22,699,721,31.772727272727273,709
179,98,277,0.547486033519553,90
16,436,452,27.25,457
259,568,827,2.193050193050193,583
84,537,621,6.392857142857143,557
42,582,624,13.857142857142858,438
42,580,622,13.80952380952381,592
1265,682,1947,0.5391304347826087,691
19,235,254,12.368421052631579,243
19,566,585,29.789473684210527,585
287,641,928,2.2334494773519165,646
5,585,590,117.0,603
38,221,259,5.815789473684211,224
10,534,544,53.4,555
7,460,467,65.71428571428571,482
58,519,577,8.948275862068966,542
320,53,373,0.165625,43
5,162,167,32.4,151
2,11,13,5.5,1
16,452,468,28.25,321
11,460,471,41.81818181818182,484
9,381,390,42.333333333333336,401
87,719,806,8.264367816091953,728
609,408,1017,0.6699507389162561,429
904,104,1008,0.11504424778761062,100
1064,266,1330,0.25,278
131,206,337,1.5725190839694656,211
87,294,381,3.3793103448275863,306
2057,128,2185,0.06222654350996597,128
529,299,828,0.5652173913043478,313
19,408,427,21.473684210526315,430
40,87,127,2.175,81
235,415,650,1.7659574468085106,700
406,36,442,0.08866995073891626,19
8,386,394,48.25,407
14,359,373,25.642857142857142,380
20,320,340,16.0,338
73,68,141,0.9315068493150684,59
74,317,391,4.283783783783784,333
41,591,632,14.414634146341463,607
19,725,744,38.1578947368421,736
20,263,283,13.15,276
11,256,267,23.272727272727273,268
45,104,149,2.311111111111111,101
57,387,444,6.7894736842105265,408
9,13,22,1.4444444444444444,1
19,267,286,14.052631578947368,269
70,29,99,0.4142857142857143,16
12,283,295,23.583333333333332,297
12,461,473,38.416666666666664,483
25,465,490,18.6,488
15,328,343,21.866666666666667,345
23,299,322,13.0,314
50,126,176,2.52,363
320,14,334,0.04375,1
11,371,382,33.72727272727273,393
10,345,355,34.5,329
233,950,1183,4.07725321888412,969
25,37,62,1.48,22
19,402,421,21.157894736842106,424
839,7,846,0.00834326579261025,1
206,587,793,2.849514563106796,604
106,631,737,5.952830188679245,648
102,90,192,0.8823529411764706,83
1228,353,1581,0.28745928338762217,370
71,621,692,8.746478873239436,635
56,267,323,4.767857142857143,280
975,329,1304,0.3374358974358974,343
585,171,756,0.2923076923076923,177
17,314,331,18.470588235294116,352
14,92,106,6.571428571428571,84
925,797,1722,0.8616216216216216,789
661,342,1003,0.5173978819969742,362
993,175,1168,0.17623363544813697,178
203,903,1106,4.448275862068965,899
10,222,232,22.2,228
21,327,348,15.571428571428571,344
39,60,99,1.5384615384615385,226
1048,527,1575,0.5028625954198473,551
70,30,100,0.42857142857142855,17
12,269,281,22.416666666666668,282
2,180,182,90.0,189
13,217,230,16.692307692307693,224
32,507,539,15.84375,528
99,458,557,4.626262626262626,480
37,90,127,2.4324324324324325,85
25,179,204,7.16,381
8,64,72,8.0,54
11,105,116,9.545454545454545,100
307,282,589,0.9185667752442996,297
1258,216,1474,0.17170111287758347,222
22,518,540,23.545454545454547,540
176,4,180,0.022727272727272728,1
74,565,639,7.635135135135135,590
72,437,509,6.069444444444445,459
47,26,73,0.5531914893617021,137
79,106,185,1.3417721518987342,101
38,61,99,1.605263157894737,37
14,168,182,12.0,169
3038,858,3896,0.282422646477946,869
25,21,46,0.84,11
66,209,275,3.1666666666666665,215
17,36,53,2.1176470588235294,30
204,282,486,1.3823529411764706,296
42,409,451,9.738095238095237,420
43,691,734,16.069767441860463,700
9,180,189,20.0,180
143,430,573,3.006993006993007,674
35,188,223,5.371428571428571,193
4,244,248,61.0,258
29,356,385,12.275862068965518,373
15,47,62,3.1333333333333333,36
19,358,377,18.842105263157894,375
34,215,249,6.323529411764706,221
2510,457,2967,0.18207171314741036,479
46,40,86,0.8695652173913043,29
112,196,308,1.75,202
239,946,1185,3.9581589958158996,956
27,766,793,28.37037037037037,772
9,110,119,12.222222222222221,107
10,167,177,16.7,174
1616,183,1799,0.11324257425742575,191
118,111,229,0.940677966101695,108
22,187,209,8.5,189
383,349,732,0.9112271540469974,399
11,244,255,22.181818181818183,252
7,167,174,23.857142857142858,169
8,528,536,66.0,549
166,371,537,2.2349397590361444,417
2055,292,2347,0.14209245742092458,308
13,48,61,3.6923076923076925,242
11,262,273,23.818181818181817,275
2787,84,2871,0.030139935414424113,75
23,408,431,17.73913043478261,425
59,369,428,6.254237288135593,386
3457,520,3977,0.15041943881978595,541
5,115,120,23.0,112
11,237,248,21.545454545454547,245
21,364,385,17.333333333333332,384
838,334,1172,0.39856801909307876,174
21,132,153,6.285714285714286,132
15,990,1005,66.0,1006
433,120,553,0.27713625866050806,461
7,4,11,0.5714285714285714,1
24,417,441,17.375,436
139,434,573,3.1223021582733814,452
36,86,122,2.388888888888889,81
11,846,857,76.9090909090909,852
55,256,311,4.654545454545454,269
18,522,540,29.0,542
463,84,547,0.18142548596112312,75
10,259,269,25.9,270
150,332,482,2.2133333333333334,350
31,4,35,0.12903225806451613,1
12,110,122,9.166666666666666,107
10,415,425,41.5,438
308,122,430,0.3961038961038961,121
3,19,22,6.333333333333333,12
3,163,166,54.333333333333336,165
6,69,75,11.5,60
2,33,35,16.5,18
211,44,255,0.20853080568720378,36
75,32,107,0.4266666666666667,21
2628,244,2872,0.0928462709284627,255
2064,137,2201,0.06637596899224807,134
5,740,745,148.0,603
24,45,69,1.875,34
16,424,440,26.5,443
68,123,191,1.8088235294117647,122
77,171,248,2.220779220779221,173
21,581,602,27.666666666666668,597
12,399,411,33.25,423
8,297,305,37.125,314
20,139,159,6.95,140
8,478,486,59.75,502
15,58,73,3.8666666666666667,47
6,3,9,0.5,1
3886,97,3983,0.024961399897066392,89
34,41,75,1.2058823529411764,28
44,184,228,4.181818181818182,189
46,185,231,4.021739130434782,192
11,514,525,46.72727272727273,538
16,714,730,44.625,302
5,13,18,2.6,1
33,570,603,17.272727272727273,588
187,346,533,1.8502673796791445,363
30,244,274,8.133333333333333,258
99,250,349,2.525252525252525,77
106,574,680,5.415094339622642,697
55,356,411,6.472727272727273,379
11,596,607,54.18181818181818,613
17,287,304,16.88235294117647,300
5,31,36,6.2,17
24,642,666,26.75,655
72,109,181,1.5138888888888888,171
94,564,658,6.0,579
8,259,267,32.375,263
413,146,559,0.35351089588377727,144
2,121,123,60.5,120
100,170,270,1.7,175
17,306,323,18.0,318
51,744,795,14.588235294117647,751
23,163,186,7.086956521739131,206
3250,8,3258,0.0024615384615384616,1
233,433,666,1.8583690987124464,454
13,175,188,13.461538461538462,179
11,39,50,3.5454545454545454,22
64,71,135,1.109375,60
3238,3,3241,0.0009264978381717109,1
12,113,125,9.416666666666666,107
52,267,319,5.134615384615385,279
121,42,163,0.34710743801652894,30
616,706,1322,1.146103896103896,631
94,212,306,2.25531914893617,217
12,362,374,30.166666666666668,380
1118,332,1450,0.29695885509839,345
66,99,165,1.5,93
39,572,611,14.666666666666666,588
10,221,231,22.1,227
324,42,366,0.12962962962962962,29
1,10,11,10.0,1
168,21,189,0.125,3
16,296,312,18.5,313
260,214,474,0.823076923076923,220
13,258,271,19.846153846153847,267
38,293,331,7.7105263157894735,306
710,399,1109,0.5619718309859155,364
22,464,486,21.09090909090909,481
1,10,11,10.0,1
409,470,879,1.1491442542787287,490
21,66,87,3.142857142857143,58
7,268,275,38.285714285714285,282
20,91,111,4.55,84
17,607,624,35.705882352941174,624
7,329,336,47.0,344
513,400,913,0.7797270955165692,420
14,335,349,23.928571428571427,371
22,416,438,18.90909090909091,435
959,26,985,0.027111574556830033,12
13,24,37,1.8461538461538463,8
21,404,425,19.238095238095237,427
39,104,143,2.6666666666666665,105
16,180,196,11.25,182
21,115,136,5.476190476190476,112
14,168,182,12.0,169
36,466,502,12.944444444444445,487
105,41,146,0.3904761904761905,25
219,146,365,0.6666666666666666,80
38,458,496,12.052631578947368,475
9,63,72,7.0,58
488,37,525,0.07581967213114754,314
408,762,1170,1.8676470588235294,434
56,694,750,12.392857142857142,691
26,364,390,14.0,383
84,702,786,8.357142857142858,714
1101,923,2024,0.8383287920072662,921
45,1016,1061,22.57777777777778,1006
18,272,290,15.11111111111111,285
37,47,84,1.2702702702702702,32
362,274,636,0.7569060773480663,284
85,284,369,3.3411764705882354,297
18,106,124,5.888888888888889,103
1129,549,1678,0.4862710363153233,568
49,474,523,9.673469387755102,303
30,298,328,9.933333333333334,312
24,510,534,21.25,530
55,425,480,7.7272727272727275,441
851,856,1707,1.0058754406580495,864
202,237,439,1.1732673267326732,292
316,401,717,1.268987341772152,421
7,15,22,2.142857142857143,149
18,772,790,42.888888888888886,772
226,7,233,0.030973451327433628,1
40,208,248,5.2,216
9,26,35,2.888888888888889,12
135,304,439,2.251851851851852,316
14,518,532,37.0,537
50,364,414,7.28,385
19,156,175,8.210526315789474,332
45,774,819,17.2,514
122,162,284,1.3278688524590163,162
24,45,69,1.875,34
20,91,111,4.55,84
303,309,612,1.0198019801980198,323
9,103,112,11.444444444444445,101
22,749,771,34.04545454545455,485
3,81,84,27.0,70
283,387,670,1.3674911660777385,408
22,152,174,6.909090909090909,130
691,7,698,0.010130246020260492,1
81,418,499,5.160493827160494,439
37,235,272,6.351351351351352,246
8,12,20,1.5,1
55,403,458,7.327272727272727,425
61,709,770,11.62295081967213,720
1249,3,1252,0.0024019215372297837,1
78,290,368,3.717948717948718,300
18,49,67,2.7222222222222223,38
13,547,560,42.07692307692308,688
32,28,60,0.875,10
1154,87,1241,0.07538994800693241,81
14,373,387,26.642857142857142,394
27,243,270,9.0,252
622,796,1418,1.279742765273312,810
33,659,692,19.96969696969697,679
133,149,282,1.1203007518796992,149
49,224,273,4.571428571428571,234
2,10,12,5.0,1
72,579,651,8.041666666666666,595
1471,84,1555,0.05710401087695445,79
32,83,115,2.59375,75
167,195,362,1.1676646706586826,200
19,244,263,12.842105263157896,298
11,118,129,10.727272727272727,115
1897,641,2538,0.3379019504480759,653
14,351,365,25.071428571428573,370
19,171,190,9.0,174
20,468,488,23.4,497
6,267,273,44.5,278
14,280,294,20.0,294
1033,983,2016,0.9515972894482091,1006
35,132,167,3.7714285714285714,132
21,386,407,18.38095238095238,412
37,40,77,1.0810810810810811,29
11,354,365,32.18181818181818,375
20,275,295,13.75,108
14,303,317,21.642857142857142,325
8,188,196,23.5,189
22,263,285,11.954545454545455,280
230,113,343,0.49130434782608695,112
356,104,460,0.29213483146067415,98
32,117,149,3.65625,116
101,36,137,0.3564356435643564,1
72,811,883,11.26388888888889,814
19,103,122,5.421052631578948,97
174,408,582,2.3448275862068964,425
371,183,554,0.49326145552560646,185
6,174,180,29.0,177
23,592,615,25.73913043478261,605
105,949,1054,9.038095238095238,969
42,409,451,9.738095238095237,420
26,299,325,11.5,312
127,745,872,5.866141732283465,753
64,282,346,4.40625,298
240,504,744,2.1,667
17,284,301,16.705882352941178,300
1009,783,1792,0.77601585728444,671
42,88,130,2.0952380952380953,84
23,346,369,15.043478260869565,360
3250,15,3265,0.004615384615384616,1
38,425,463,11.18421052631579,447
76,375,451,4.934210526315789,388
7,14,21,2.0,1
158,830,988,5.253164556962025,835
40,206,246,5.15,215
61,410,471,6.721311475409836,428
367,127,494,0.3460490463215259,122
7,35,42,5.0,372
2027,173,2200,0.08534780463739516,177
5,15,20,3.0,1
56,366,422,6.535714285714286,379
15,76,91,5.066666666666666,69
266,347,613,1.3045112781954886,364
4,77,81,19.25,71
2878,205,3083,0.07123002084781098,210
46,356,402,7.739130434782608,373
697,823,1520,1.1807747489239597,818
16,603,619,37.6875,617
46,144,190,3.130434782608696,148
25,95,120,3.8,90
86,219,305,2.546511627906977,227
7,128,135,18.285714285714285,149
44,336,380,7.636363636363637,355
215,167,382,0.7767441860465116,169
29,225,254,7.758620689655173,229
661,369,1030,0.5582450832072617,385
9,190,199,21.11111111111111,192
16,253,269,15.8125,263
120,124,244,1.0333333333333334,125
212,409,621,1.929245283018868,427
17,281,298,16.529411764705884,293
9,135,144,15.0,134
20,346,366,17.3,364
13,126,139,9.692307692307692,122
41,396,437,9.658536585365853,411
34,232,266,6.823529411764706,238
251,769,1020,3.0637450199203187,771
7,489,496,69.85714285714286,516
22,512,534,23.272727272727273,534
7,70,77,10.0,61
44,182,226,4.136363636363637,183
7,312,319,44.57142857142857,327
74,523,597,7.0675675675675675,552
102,35,137,0.3431372549019608,21
31,793,824,25.580645161290324,798
16,299,315,18.6875,316
36,168,204,4.666666666666667,171
1669,453,2122,0.27142001198322346,472
9,389,398,43.22222222222222,409
27,271,298,10.037037037037036,281
207,898,1105,4.338164251207729,899
2,27,29,13.5,11
29,605,634,20.862068965517242,619
14,271,285,19.357142857142858,282
19,219,238,11.526315789473685,223
1,10,11,10.0,1
292,883,1175,3.0239726027397262,892
25,435,460,17.4,458
17,464,481,27.294117647058822,484
12,285,297,23.75,299
29,421,450,14.517241379310345,438
33,693,726,21.0,298
591,295,886,0.49915397631133673,309
131,460,591,3.5114503816793894,478
24,632,656,26.333333333333332,644
65,220,285,3.3846153846153846,232
25,550,575,22.0,571
9,948,957,105.33333333333333,959
2,109,111,54.5,108
11,285,296,25.90909090909091,298
25,548,573,21.92,565
13,168,181,12.923076923076923,170
785,298,1083,0.3796178343949045,314
16,118,134,7.375,114
6,14,20,2.3333333333333335,1
67,159,226,2.373134328358209,161
68,269,337,3.9558823529411766,360
327,233,560,0.7125382262996942,240
31,922,953,29.741935483870968,929
92,318,410,3.4565217391304346,333
12,183,195,15.25,187
23,965,988,41.95652173913044,989
995,251,1246,0.2522613065326633,265
16,607,623,37.9375,622
2,542,544,271.0,562
1,10,11,10.0,1
37,309,346,8.35135135135135,320
70,753,823,10.757142857142858,758
24,260,284,10.833333333333334,268
35,600,635,17.142857142857142,615
753,121,874,0.16069057104913678,118
184,8,192,0.043478260869565216,1
122,193,315,1.5819672131147542,196
22,55,77,2.5,42
2597,358,2955,0.13785136696187908,378
36,198,234,5.5,408
1312,499,1811,0.3803353658536585,519
28,630,658,22.5,644
6,105,111,17.5,95
15,394,409,26.266666666666666,326
12,102,114,8.5,92
40,582,622,14.55,595
439,112,551,0.255125284738041,108
32,365,397,11.40625,382
15,574,589,38.266666666666666,592
57,468,525,8.210526315789474,487
82,802,884,9.78048780487805,807
90,14,104,0.15555555555555556,1
10,226,236,22.6,232
5,272,277,54.4,289
722,465,1187,0.6440443213296398,485
52,394,446,7.576923076923077,410
66,169,235,2.5606060606060606,172
685,614,1299,0.8963503649635036,631
4,495,499,123.75,512
29,423,452,14.586206896551724,450
158,149,307,0.9430379746835443,149
94,392,486,4.170212765957447,406
50,110,160,2.2,105
26,19,45,0.7307692307692307,4
8,21,29,2.625,6
34,838,872,24.647058823529413,864
23,483,506,21.0,503
12,283,295,23.583333333333332,295
18,109,127,6.055555555555555,105
28,577,605,20.607142857142858,592
1,10,11,10.0,1
8,394,402,49.25,387
14,403,417,28.785714285714285,424
724,355,1079,0.4903314917127072,370
45,696,741,15.466666666666667,714
19,725,744,38.1578947368421,736
3,71,74,23.666666666666668,63
13,274,287,21.076923076923077,289
12,280,292,23.333333333333332,295
24,450,474,18.75,471
343,158,501,0.4606413994169096,163
16,312,328,19.5,327
86,351,437,4.0813953488372094,366
46,297,343,6.456521739130435,310
46,117,163,2.5434782608695654,116
1307,254,1561,0.1943381790359602,481
94,263,357,2.797872340425532,278
116,415,531,3.5775862068965516,438
45,104,149,2.311111111111111,101
32,566,598,17.6875,584
15,249,264,16.6,256
18,44,62,2.4444444444444446,34
92,209,301,2.2717391304347827,182
459,923,1382,2.0108932461873636,927
254,221,475,0.8700787401574803,230
120,243,363,2.025,250
10,317,327,31.7,335
155,331,486,2.1354838709677417,346
33,42,75,1.2727272727272727,31
399,657,1056,1.6466165413533835,668
16,1038,1054,64.875,1006
123,131,254,1.065040650406504,131
67,720,787,10.746268656716419,729
836,427,1263,0.5107655502392344,449
544,125,669,0.22977941176470587,126
4,11,15,2.75,1
21,134,155,6.380952380952381,130
27,496,523,18.37037037037037,516
8,82,90,10.25,74
9,178,187,19.77777777777778,182
33,351,384,10.636363636363637,367
6,134,140,22.333333333333332,145
44,28,72,0.6363636363636364,15
154,456,610,2.961038961038961,474
9,200,209,22.22222222222222,44
44,55,99,1.25,43
9,526,535,58.44444444444444,314
18,615,633,34.166666666666664,630
13,368,381,28.307692307692307,389
23,271,294,11.782608695652174,283
289,122,411,0.42214532871972316,122
62,425,487,6.854838709677419,443
13,232,245,17.846153846153847,239
30,415,445,13.833333333333334,438
806,181,987,0.22456575682382135,185
991,398,1389,0.40161453077699294,417
23,71,94,3.0869565217391304,65
46,318,364,6.913043478260869,334
50,101,151,2.02,95
32,632,664,19.75,648
22,436,458,19.818181818181817,101
45,65,110,1.4444444444444444,55
43,22,65,0.5116279069767442,7
29,264,293,9.10344827586207,275
14,388,402,27.714285714285715,410
8,101,109,12.625,240
29,314,343,10.827586206896552,328
1960,410,2370,0.20918367346938777,430
55,332,387,6.036363636363636,351
23,85,108,3.6956521739130435,78
28,159,187,5.678571428571429,161
2886,212,3098,0.07345807345807345,219
10,402,412,40.2,423
102,677,779,6.637254901960785,688
26,224,250,8.615384615384615,233
6,104,110,17.333333333333332,100
321,153,474,0.4766355140186916,153
71,14,85,0.19718309859154928,1
362,399,761,1.1022099447513811,415
776,17,793,0.02190721649484536,5
1096,258,1354,0.2354014598540146,93
8,534,542,66.75,555
10,68,78,6.8,29
35,550,585,15.714285714285714,567
11,35,46,3.1818181818181817,24
21,466,487,22.19047619047619,490
30,343,373,11.433333333333334,357
25,393,418,15.72,413
28,123,151,4.392857142857143,131
732,333,1065,0.45491803278688525,350
17,421,438,24.764705882352942,249
1372,283,1655,0.20626822157434402,297
34,384,418,11.294117647058824,402
11,113,124,10.272727272727273,112
11,602,613,54.72727272727273,618
485,155,640,0.31958762886597936,156
10,377,387,37.7,397
13,56,69,4.3076923076923075,47
20,218,238,10.9,226
178,975,1153,5.477528089887641,980
10,356,366,35.6,371
12,169,181,14.083333333333334,169
21,453,474,21.571428571428573,405
79,823,902,10.417721518987342,773
24,1052,1076,43.833333333333336,1006
104,406,510,3.9038461538461537,427
24,403,427,16.791666666666668,418
228,288,516,1.263157894736842,300
536,4,540,0.007462686567164179,1
15,200,215,13.333333333333334,232
59,154,213,2.610169491525424,154
24,274,298,11.416666666666666,73
29,684,713,23.586206896551722,307
10,161,171,16.1,168
7,580,587,82.85714285714286,600
21,45,66,2.142857142857143,34
620,672,1292,1.0838709677419356,679
35,349,384,9.971428571428572,364
8,357,365,44.625,378
9,91,100,10.11111111111111,85
45,24,69,0.5333333333333333,1
54,316,370,5.851851851851852,369
13,340,353,26.153846153846153,362
34,272,306,8.0,284
14,994,1008,71.0,1006
6,32,38,5.333333333333333,428
19,128,147,6.7368421052631575,129
9,355,364,39.44444444444444,424
5,34,39,6.8,22
14,191,205,13.642857142857142,196
49,656,705,13.387755102040817,670
24,1059,1083,44.125,1006
22,345,367,15.681818181818182,364
135,980,1115,7.2592592592592595,1006
60,143,203,2.3833333333333333,198
242,305,547,1.2603305785123966,322
1942,1041,2983,0.5360453141091658,1006
121,569,690,4.702479338842975,585
8,670,678,83.75,683
7,225,232,32.142857142857146,232
543,773,1316,1.423572744014733,779
14,212,226,15.142857142857142,217
1504,86,1590,0.057180851063829786,83
3177,648,3825,0.20396600566572237,665
51,502,553,9.843137254901961,522
13,59,72,4.538461538461538,44
8,464,472,58.0,485
6,81,87,13.5,73
91,162,253,1.7802197802197801,162
5,716,721,143.2,724
84,275,359,3.2738095238095237,285
30,128,158,4.266666666666667,120
9,166,175,18.444444444444443,137
583,123,706,0.2109777015437393,122
9,36,45,4.0,23
15,680,695,45.333333333333336,697
16,280,296,17.5,29
44,336,380,7.636363636363637,355
91,2,93,0.02197802197802198,1
63,578,641,9.174603174603174,595
106,279,385,2.6320754716981134,287
57,52,109,0.9122807017543859,42
413,25,438,0.06053268765133172,13
18,275,293,15.277777777777779,291
555,209,764,0.37657657657657656,217
660,523,1183,0.7924242424242425,544
41,161,202,3.926829268292683,162
13,297,310,22.846153846153847,298
26,148,174,5.6923076923076925,149
333,724,1057,2.174174174174174,729
338,17,355,0.05029585798816568,3
28,768,796,27.428571428571427,772
57,59,116,1.0350877192982457,48
22,791,813,35.95454545454545,791
344,206,550,0.5988372093023255,215
36,302,338,8.38888888888889,318
39,455,494,11.666666666666666,478
7,816,823,116.57142857142857,816
23,539,562,23.434782608695652,559
10,407,417,40.7,427
232,400,632,1.7241379310344827,422
8,133,141,16.625,132
265,908,1173,3.4264150943396228,908
57,295,352,5.175438596491228,303
11,321,332,29.181818181818183,342
13,249,262,19.153846153846153,261
1198,269,1467,0.22454090150250416,281
14,701,715,50.07142857142857,716
13,663,676,51.0,679
38,707,745,18.605263157894736,721
10,38,48,3.8,190
9,59,68,6.555555555555555,48
14,67,81,4.785714285714286,58
299,843,1142,2.819397993311037,846
105,976,1081,9.295238095238096,1006
82,511,593,6.2317073170731705,530
7,44,51,6.285714285714286,29
11,271,282,24.636363636363637,289
123,171,294,1.3902439024390243,318
159,612,771,3.849056603773585,624
20,368,388,18.4,390
111,127,238,1.1441441441441442,126
2729,245,2974,0.08977647489923049,264
9,355,364,39.44444444444444,424
133,251,384,1.887218045112782,262
166,132,298,0.7951807228915663,135
6,265,271,44.166666666666664,267
29,346,375,11.931034482758621,693
46,144,190,3.130434782608696,148
46,318,364,6.913043478260869,334
20,1081,1101,54.05,1006
2081,11,2092,0.005285920230658337,1
52,421,473,8.096153846153847,435
15,402,417,26.8,423
181,496,677,2.7403314917127073,515
117,12,129,0.10256410256410256,1
143,97,240,0.6783216783216783,93
53,56,109,1.0566037735849056,44
20,71,91,3.55,298
76,111,187,1.4605263157894737,109
54,353,407,6.537037037037037,365
124,435,559,3.5080645161290325,455
210,670,880,3.1904761904761907,702
14,211,225,15.071428571428571,215
8,64,72,8.0,54
744,40,784,0.053763440860215055,23
17,267,284,15.705882352941176,278
8,490,498,61.25,512
11,312,323,28.363636363636363,292
148,662,810,4.472972972972973,662
12,434,446,36.166666666666664,458
94,937,1031,9.96808510638298,940
26,176,202,6.769230769230769,177
21,805,826,38.333333333333336,446
2979,393,3372,0.13192346424974824,412
16,205,221,12.8125,210
15,332,347,22.133333333333333,231
16,360,376,22.5,376
151,15,166,0.09933774834437085,1
86,211,297,2.453488372093023,216
86,444,530,5.162790697674419,463
100,301,401,3.01,318
444,133,577,0.29954954954954954,131
11,512,523,46.54545454545455,531
8,106,114,13.25,100
334,103,437,0.3083832335329341,99
36,286,322,7.944444444444445,302
7,1056,1063,150.85714285714286,1006
16,293,309,18.3125,308
8,370,378,46.25,386
10,65,75,6.5,55
25,30,55,1.2,15
26,545,571,20.96153846153846,567
9,80,89,8.88888888888889,74
8,307,315,38.375,320
5,31,36,6.2,17
35,85,120,2.4285714285714284,76
101,42,143,0.4158415841584158,29
1166,864,2030,0.7409948542024014,868
38,52,90,1.368421052631579,39
17,287,304,16.88235294117647,301
2359,284,2643,0.12038999576091564,295
6,56,62,9.333333333333334,44
886,30,916,0.033860045146726865,401
503,224,727,0.44532803180914515,514
15,279,294,18.6,292
17,123,140,7.235294117647059,124
30,96,126,3.2,93
9,259,268,28.77777777777778,275
21,547,568,26.047619047619047,567
17,535,552,31.470588235294116,553
22,328,350,14.909090909090908,344
3,282,285,94.0,298
18,347,365,19.27777777777778,370
17,126,143,7.411764705882353,124
103,89,192,0.8640776699029126,85
10,475,485,47.5,496
12,145,157,12.083333333333334,135
9,26,35,2.888888888888889,14
57,1065,1122,18.68421052631579,1006
13,259,272,19.923076923076923,274
24,363,387,15.125,334
15,24,39,1.6,10
9,93,102,10.333333333333334,88
48,336,384,7.0,356
39,567,606,14.538461538461538,585
22,1013,1035,46.04545454545455,1006
577,135,712,0.2339688041594454,134
12,218,230,18.166666666666668,345
544,957,1501,1.7591911764705883,990
1406,241,1647,0.17140825035561877,251
230,644,874,2.8,655
80,387,467,4.8375,370
106,923,1029,8.70754716981132,931
13,44,57,3.3846153846153846,33
13,207,220,15.923076923076923,211
89,373,462,4.191011235955056,319
424,236,660,0.5566037735849056,246
63,59,122,0.9365079365079365,49
15,22,37,1.4666666666666666,6
32,443,475,13.84375,464
915,283,1198,0.3092896174863388,296
11,44,55,4.0,33
247,414,661,1.6761133603238867,437
150,606,756,4.04,618
7,108,115,15.428571428571429,149
14,88,102,6.285714285714286,78
205,24,229,0.11707317073170732,7
8,20,28,2.5,2
14,150,164,10.714285714285714,150
122,304,426,2.4918032786885247,320
61,252,313,4.131147540983607,262
44,132,176,3.0,131
11,911,922,82.81818181818181,919
609,408,1017,0.6699507389162561,429
38,388,426,10.210526315789474,410
45,529,574,11.755555555555556,548
27,29,56,1.0740740740740742,15
5,146,151,29.2,148
53,170,223,3.207547169811321,222
420,483,903,1.15,502
55,4,59,0.07272727272727272,1
228,270,498,1.1842105263157894,285
78,475,553,6.089743589743589,430
18,192,210,10.666666666666666,199
144,784,928,5.444444444444445,786
22,183,205,8.318181818181818,187
34,4,38,0.11764705882352941,1
965,562,1527,0.5823834196891192,583
99,169,268,1.707070707070707,172
408,398,806,0.9754901960784313,426
14,271,285,19.357142857142858,282
20,841,861,42.05,855
64,1009,1073,15.765625,1006
116,415,531,3.5775862068965516,438
48,55,103,1.1458333333333333,41
101,280,381,2.772277227722772,292
1397,62,1459,0.04438081603435934,51
4,296,300,74.0,311
181,362,543,2.0,373
88,5,93,0.056818181818181816,1
190,364,554,1.9157894736842105,381
39,318,357,8.153846153846153,333
113,255,368,2.256637168141593,263
212,712,924,3.358490566037736,188
69,110,179,1.5942028985507246,106
56,61,117,1.0892857142857142,49
14,227,241,16.214285714285715,233
28,222,250,7.928571428571429,229
56,662,718,11.821428571428571,673
88,1031,1119,11.715909090909092,1006
18,271,289,15.055555555555555,288
14,373,387,26.642857142857142,393
131,206,337,1.5725190839694656,211
8,157,165,19.625,160
511,86,597,0.16829745596868884,80
349,120,469,0.3438395415472779,115
4,384,388,96.0,406
1755,315,2070,0.1794871794871795,286
17,225,242,13.235294117647058,268
26,394,420,15.153846153846153,413
75,372,447,4.96,398
13,367,380,28.23076923076923,387
22,474,496,21.545454545454547,497
43,13,56,0.3023255813953488,1
66,323,389,4.893939393939394,342
18,280,298,15.555555555555555,473
4,929,933,232.25,941
54,316,370,5.851851851851852,333
51,341,392,6.686274509803922,358
137,582,719,4.248175182481752,852
21,122,143,5.809523809523809,100
13,324,337,24.923076923076923,342
8,193,201,24.125,195
56,136,192,2.4285714285714284,135
1948,13,1961,0.006673511293634497,1
421,7,428,0.0166270783847981,1
161,232,393,1.4409937888198758,242
233,25,258,0.1072961373390558,8
133,313,446,2.3533834586466167,326
12,342,354,28.5,358
154,224,378,1.4545454545454546,889
19,127,146,6.684210526315789,122
21,697,718,33.19047619047619,707
50,335,385,6.7,346
12,373,385,31.083333333333332,396
85,315,400,3.7058823529411766,331
201,128,329,0.6368159203980099,123
73,127,200,1.7397260273972603,128
10,143,153,14.3,146
126,853,979,6.76984126984127,860
384,84,468,0.21875,119
43,37,80,0.8604651162790697,31
3,267,270,89.0,106
234,568,802,2.427350427350427,589
65,354,419,5.446153846153846,367
157,169,326,1.0764331210191083,174
678,41,719,0.06047197640117994,29
130,726,856,5.584615384615384,732
1984,255,2239,0.12852822580645162,270
18,353,371,19.61111111111111,372
55,175,230,3.1818181818181817,178
28,206,234,7.357142857142857,211
96,907,1003,9.447916666666666,429
16,479,495,29.9375,502
10,331,341,33.1,348
1010,477,1487,0.47227722772277225,180
721,28,749,0.038834951456310676,16
21,221,242,10.523809523809524,232
21,417,438,19.857142857142858,443
7,240,247,34.285714285714285,120
32,448,480,14.0,317
9,192,201,21.333333333333332,191
6,24,30,4.0,8
41,777,818,18.951219512195124,781
482,167,649,0.34647302904564314,167
1507,1013,2520,0.6721964167219642,1006
1054,478,1532,0.45351043643263755,499
35,349,384,9.971428571428572,366
9,225,234,25.0,235
20,596,616,29.8,613
20,158,178,7.9,161
31,414,445,13.35483870967742,323
24,80,104,3.3333333333333335,67
15,491,506,32.733333333333334,516
11,309,320,28.09090909090909,324
2,24,26,12.0,16
153,278,431,1.8169934640522876,287
15,416,431,27.733333333333334,435
181,135,316,0.7458563535911602,132
160,565,725,3.53125,581
19,502,521,26.42105263157895,205
81,411,492,5.074074074074074,431
36,508,544,14.11111111111111,535
14,116,130,8.285714285714286,118
682,339,1021,0.4970674486803519,356
431,534,965,1.2389791183294663,552
3,404,407,134.66666666666666,429
13,278,291,21.384615384615383,290
463,321,784,0.693304535637149,338
163,560,723,3.4355828220858897,573
5,1015,1020,203.0,292
95,46,141,0.4842105263157895,37
22,887,909,40.31818181818182,897
63,75,138,1.1904761904761905,69
83,367,450,4.421686746987952,389
79,180,259,2.278481012658228,186
78,335,413,4.294871794871795,350
513,400,913,0.7797270955165692,420
41,189,230,4.609756097560975,195
310,664,974,2.141935483870968,673
12,915,927,76.25,935
31,502,533,16.193548387096776,525
270,507,777,1.8777777777777778,527
21,21,42,1.0,5
46,274,320,5.956521739130435,286
1222,747,1969,0.6112929623567921,751
6,61,67,10.166666666666666,58
35,22,57,0.6285714285714286,3
49,22,71,0.4489795918367347,11
866,298,1164,0.3441108545034642,311
1184,270,1454,0.22804054054054054,282
36,567,603,15.75,584
94,567,661,6.031914893617022,586
42,201,243,4.785714285714286,207
12,242,254,20.166666666666668,253
48,358,406,7.458333333333333,369
6,66,72,11.0,59
956,1024,1980,1.0711297071129706,690
17,624,641,36.705882352941174,638
460,711,1171,1.5456521739130435,722
423,618,1041,1.4609929078014185,633
18,454,472,25.22222222222222,337
34,240,274,7.0588235294117645,249
11,206,217,18.727272727272727,209
17,141,158,8.294117647058824,140
58,534,592,9.206896551724139,555
1447,347,1794,0.2398064961990325,360
10,588,598,58.8,601
232,156,388,0.6724137931034483,155
18,165,183,9.166666666666666,165
9,24,33,2.6666666666666665,14
179,62,241,0.3463687150837989,53
5,349,354,69.8,365
104,406,510,3.9038461538461537,427
1101,543,1644,0.49318801089918257,561
84,277,361,3.2976190476190474,286
30,494,524,16.466666666666665,682
1567,127,1694,0.08104658583280153,126
559,53,612,0.09481216457960644,42
842,280,1122,0.332541567695962,293
30,30,60,1.0,16
20,684,704,34.2,700
11,197,208,17.90909090909091,205
14,458,472,32.714285714285715,480
8,419,427,52.375,441
54,400,454,7.407407407407407,427
6,189,195,31.5,193
61,60,121,0.9836065573770492,51
1208,274,1482,0.22682119205298013,285
10,216,226,21.6,226
24,235,259,9.791666666666666,239
54,392,446,7.2592592592592595,424
558,558,1116,1.0,574
28,103,131,3.6785714285714284,99
109,366,475,3.3577981651376145,385
497,661,1158,1.3299798792756539,643
840,140,980,0.16666666666666666,139
7,294,301,42.0,313
102,92,194,0.9019607843137255,89
161,169,330,1.049689440993789,171
78,376,454,4.82051282051282,499
224,524,748,2.3392857142857144,541
467,46,513,0.09850107066381156,153
41,215,256,5.2439024390243905,223
8,292,300,36.5,308
8,80,88,10.0,242
529,687,1216,1.2986767485822306,694
1,11,12,11.0,5
6,254,260,42.333333333333336,265
18,400,418,22.22222222222222,243
36,466,502,12.944444444444445,487
1743,78,1821,0.04475043029259897,52
190,869,1059,4.573684210526316,878
11,141,152,12.818181818181818,25
1,10,11,10.0,1
9,103,112,11.444444444444445,99
36,272,308,7.555555555555555,284
11,947,958,86.0909090909091,960
1664,746,2410,0.4483173076923077,758
92,478,570,5.195652173913044,499
15,366,381,24.4,386
9,64,73,7.111111111111111,54
12,380,392,31.666666666666668,400
68,734,802,10.794117647058824,734
1303,994,2297,0.762854950115119,865
212,118,330,0.5566037735849056,117
11,18,29,1.6363636363636365,1
824,360,1184,0.4368932038834951,356
430,331,761,0.7697674418604651,345
31,48,79,1.5483870967741935,36
67,490,557,7.313432835820896,514
12,367,379,30.583333333333332,393
25,525,550,21.0,547
84,67,151,0.7976190476190477,56
21,383,404,18.238095238095237,400
13,496,509,38.15384615384615,519
23,985,1008,42.82608695652174,1006
764,274,1038,0.3586387434554974,282
1224,291,1515,0.23774509803921567,306
22,227,249,10.318181818181818,234
42,195,237,4.642857142857143,201
1027,420,1447,0.4089581304771178,442
18,469,487,26.055555555555557,405
17,221,238,13.0,226
52,733,785,14.096153846153847,746
52,534,586,10.26923076923077,555
19,708,727,37.26315789473684,719
5,151,156,30.2,154
6,110,116,18.333333333333332,108
2045,346,2391,0.16919315403422983,362
4,234,238,58.5,244
2710,73,2783,0.026937269372693726,64
39,560,599,14.35897435897436,583
1216,81,1297,0.06661184210526316,73
26,101,127,3.8846153846153846,98
75,478,553,6.373333333333333,497
25,95,120,3.8,90
56,407,463,7.267857142857143,426
622,973,1595,1.5643086816720257,1006
13,302,315,23.23076923076923,176
20,415,435,20.75,452
15,65,80,4.333333333333333,57
3956,2,3958,0.0005055611729019212,1
337,112,449,0.3323442136498516,111
1,10,11,10.0,1
18,83,101,4.611111111111111,71
23,193,216,8.391304347826088,191
22,447,469,20.318181818181817,471
10,130,140,13.0,130
750,638,1388,0.8506666666666667,643
22,236,258,10.727272727272727,243
266,299,565,1.1240601503759398,312
20,743,763,37.15,748
2,40,42,20.0,26
18,74,92,4.111111111111111,65
30,307,337,10.233333333333333,321
20,420,440,21.0,442
10,308,318,30.8,321
6,186,192,31.0,183
10,39,49,3.9,26
23,105,128,4.565217391304348,100
25,375,400,15.0,396
11,759,770,69.0,765
63,141,204,2.238095238095238,137
213,523,736,2.455399061032864,543
55,601,656,10.927272727272728,303
85,371,456,4.364705882352941,394
17,266,283,15.647058823529411,276
376,119,495,0.31648936170212766,119
34,330,364,9.705882352941176,345
53,369,422,6.962264150943396,388
29,294,323,10.137931034482758,307
17,310,327,18.235294117647058,360
35,97,132,2.7714285714285714,93
11,47,58,4.2727272727272725,37
36,196,232,5.444444444444445,202
17,155,172,9.117647058823529,152
24,477,501,19.875,496
33,316,349,9.575757575757576,330
1410,888,2298,0.6297872340425532,671
339,129,468,0.3805309734513274,142
40,359,399,8.975,374
276,549,825,1.9891304347826086,573
373,41,414,0.10991957104557641,27
27,391,418,14.481481481481481,406
23,872,895,37.91304347826087,881
977,1370,2347,1.4022517911975434,1006
30,474,504,15.8,492
525,5,530,0.009523809523809525,1
224,461,685,2.0580357142857144,482
23,466,489,20.26086956521739,485
23,657,680,28.565217391304348,666
28,283,311,10.107142857142858,294
1,317,318,317.0,435
16,346,362,21.625,366
1066,632,1698,0.5928705440900562,650
285,353,638,1.2385964912280703,374
5,300,305,60.0,317
5,40,45,8.0,19
49,382,431,7.795918367346939,404
37,493,530,13.324324324324325,517
340,189,529,0.5558823529411765,195
21,410,431,19.523809523809526,428
43,341,384,7.930232558139535,354
40,599,639,14.975,619
8,112,120,14.0,107
11,223,234,20.272727272727273,230
32,919,951,28.71875,920
100,874,974,8.74,878
25,24,49,0.96,10
209,262,471,1.2535885167464116,276
1280,708,1988,0.553125,717
281,685,966,2.4377224199288254,697
185,47,232,0.25405405405405407,35
21,132,153,6.285714285714286,41
9,209,218,23.22222222222222,215
3,10,13,3.3333333333333335,1
18,299,317,16.61111111111111,316
21,34,55,1.619047619047619,20
710,152,862,0.2140845070422535,186
11,115,126,10.454545454545455,111
333,374,707,1.1231231231231231,183
1482,12,1494,0.008097165991902834,5
17,565,582,33.23529411764706,586
13,274,287,21.076923076923077,282
13,327,340,25.153846153846153,349
26,161,187,6.1923076923076925,506
109,797,906,7.3119266055045875,805
28,446,474,15.928571428571429,475
11,370,381,33.63636363636363,384
508,619,1127,1.218503937007874,632
73,94,167,1.2876712328767124,88
43,130,173,3.0232558139534884,127
542,175,717,0.32287822878228783,176
158,285,443,1.8037974683544304,303
13,376,389,28.923076923076923,392
15,375,390,25.0,394
52,486,538,9.346153846153847,506
1,10,11,10.0,1
1887,995,2882,0.5272919978802332,1006
623,878,1501,1.4093097913322632,878
17,187,204,11.0,195
4,100,104,25.0,94
1742,402,2144,0.23076923076923078,420
201,611,812,3.0398009950248754,621
7,586,593,83.71428571428571,599
14,229,243,16.357142857142858,235
157,363,520,2.3121019108280256,142
6,96,102,16.0,90
29,285,314,9.827586206896552,633
25,254,279,10.16,264
24,226,250,9.416666666666666,239
7,107,114,15.285714285714286,102
6,51,57,8.5,45
8,82,90,10.25,74
18,580,598,32.22222222222222,600
44,414,458,9.409090909090908,435
516,175,691,0.3391472868217054,177
32,124,156,3.875,123
16,673,689,42.0625,688
311,129,440,0.41479099678456594,128
8,196,204,24.5,199
20,42,62,2.1,31
65,17,82,0.26153846153846155,43
7,310,317,44.285714285714285,149
21,393,414,18.714285714285715,416
15,280,295,18.666666666666668,291
9,118,127,13.11111111111111,225
405,476,881,1.1753086419753087,322
663,138,801,0.2081447963800905,137
76,546,622,7.184210526315789,563
19,128,147,6.7368421052631575,129
165,274,439,1.6606060606060606,285
185,849,1034,4.589189189189189,855
25,183,208,7.32,182
52,938,990,18.03846153846154,953
39,917,956,23.512820512820515,928
24,747,771,31.125,753
1922,45,1967,0.023413111342351717,36
715,141,856,0.1972027972027972,139
22,218,240,9.909090909090908,228
8,464,472,58.0,485
68,440,508,6.470588235294118,463
23,205,228,8.91304347826087,206
85,501,586,5.894117647058824,519
395,288,683,0.7291139240506329,300
482,22,504,0.04564315352697095,10
39,69,108,1.7692307692307692,66
40,124,164,3.1,121
10,308,318,30.8,323
21,129,150,6.142857142857143,97
14,286,300,20.428571428571427,300
33,99,132,3.0,93
46,345,391,7.5,364
41,304,345,7.414634146341464,320
2,10,12,5.0,1
15,336,351,22.4,349
19,708,727,37.26315789473684,719
26,432,458,16.615384615384617,457
5,37,42,7.4,18
934,988,1922,1.0578158458244111,1006
11,83,94,7.545454545454546,74
285,87,372,0.30526315789473685,78
15,241,256,16.066666666666666,252
103,701,804,6.805825242718447,713
12,718,730,59.833333333333336,726
13,168,181,12.923076923076923,7
15,68,83,4.533333333333333,58
15,575,590,38.333333333333336,591
177,516,693,2.9152542372881354,536
46,363,409,7.891304347826087,441
16,390,406,24.375,414
28,385,413,13.75,618
12,453,465,37.75,478
109,162,271,1.4862385321100917,168
133,149,282,1.1203007518796992,149
11,102,113,9.272727272727273,97
16,476,492,29.75,496
1673,3,1676,0.0017931858936043037,1
55,427,482,7.763636363636364,447
625,32,657,0.0512,18
193,118,311,0.6113989637305699,116
85,390,475,4.588235294117647,416
20,163,183,8.15,162
2568,124,2692,0.048286604361370715,119
118,647,765,5.483050847457627,664
12,206,218,17.166666666666668,215
10,182,192,18.2,187
8,334,342,41.75,398
58,412,470,7.103448275862069,431
1826,268,2094,0.14676889375684557,262
11,369,380,33.54545454545455,391
8,440,448,55.0,458
6,462,468,77.0,239
14,421,435,30.071428571428573,421
8,421,429,52.625,272
342,995,1337,2.909356725146199,1006
2061,197,2258,0.09558466763706938,363
114,415,529,3.6403508771929824,436
327,236,563,0.7217125382262997,243
5,296,301,59.2,312
1523,5,1528,0.003282994090610637,1
398,318,716,0.7989949748743719,334
44,244,288,5.545454545454546,253
43,38,81,0.8837209302325582,29
1965,138,2103,0.07022900763358779,137
1338,783,2121,0.5852017937219731,793
152,312,464,2.0526315789473686,325
880,132,1012,0.15,129
133,547,680,4.112781954887218,567
21,654,675,31.142857142857142,671
102,25,127,0.24509803921568626,9
12,207,219,17.25,320
161,169,330,1.049689440993789,172
35,24,59,0.6857142857142857,8
57,166,223,2.912280701754386,167
95,596,691,6.273684210526316,609
15,247,262,16.466666666666665,113
13,215,228,16.53846153846154,222
17,99,116,5.823529411764706,94
199,157,356,0.7889447236180904,158
15,304,319,20.266666666666666,322
23,373,396,16.217391304347824,425
187,85,272,0.45454545454545453,79
90,284,374,3.1555555555555554,299
18,245,263,13.61111111111111,251
445,5,450,0.011235955056179775,1
20,421,441,21.05,442
40,412,452,10.3,435
85,222,307,2.611764705882353,231
16,116,132,7.25,109
90,611,701,6.788888888888889,628
760,93,853,0.12236842105263158,86
1152,24,1176,0.020833333333333332,11
107,126,233,1.1775700934579438,89
15,299,314,19.933333333333334,314
343,203,546,0.5918367346938775,1
23,388,411,16.869565217391305,410
13,623,636,47.92307692307692,641
335,903,1238,2.6955223880597017,916
13,146,159,11.23076923076923,146
92,722,814,7.8478260869565215,582
15,189,204,12.6,193
21,97,118,4.619047619047619,100
19,949,968,49.94736842105263,967
85,19,104,0.2235294117647059,4
12,132,144,11.0,132
11,235,246,21.363636363636363,359
73,585,658,8.013698630136986,602
652,842,1494,1.2914110429447854,851
45,884,929,19.644444444444446,889
9,13,22,1.4444444444444444,1
8,267,275,33.375,325
210,572,782,2.723809523809524,589
70,897,967,12.814285714285715,900
6,322,328,53.666666666666664,335
233,963,1196,4.133047210300429,995
49,543,592,11.081632653061224,560
117,177,294,1.5128205128205128,180
448,133,581,0.296875,132
51,440,491,8.627450980392156,456
2717,919,3636,0.3382407066617593,918
149,68,217,0.4563758389261745,60
34,272,306,8.0,283
47,177,224,3.765957446808511,184
60,597,657,9.95,525
7,1001,1008,143.0,1006
638,164,802,0.25705329153605017,165
6,215,221,35.833333333333336,221
18,72,90,4.0,63
2,11,13,5.5,1
34,392,426,11.529411764705882,410
2479,485,2964,0.19564340459862847,507
20,307,327,15.35,332
19,566,585,29.789473684210527,585
83,343,426,4.132530120481928,368
13,616,629,47.38461538461539,634
190,194,384,1.0210526315789474,200
27,826,853,30.59259259259259,825
9,178,187,19.77777777777778,182
351,813,1164,2.3162393162393164,819
36,429,465,11.916666666666666,452
29,335,364,11.551724137931034,351
17,77,94,4.529411764705882,69
52,157,209,3.019230769230769,156
17,80,97,4.705882352941177,73
10,122,132,12.2,121
47,62,109,1.3191489361702127,48
22,363,385,16.5,384
462,175,637,0.3787878787878788,175
635,259,894,0.4078740157480315,267
63,440,503,6.984126984126984,383
1045,93,1138,0.08899521531100478,86
18,476,494,26.444444444444443,495
9,440,449,48.888888888888886,461
1151,7,1158,0.006081668114682885,1
32,187,219,5.84375,190
1925,166,2091,0.08623376623376623,175
10,473,483,47.3,491
38,43,81,1.131578947368421,38
5,227,232,45.4,228
21,366,387,17.428571428571427,388
2,709,711,354.5,433
66,894,960,13.545454545454545,893
14,263,277,18.785714285714285,273
24,50,74,2.0833333333333335,38
603,180,783,0.29850746268656714,181
47,339,386,7.212765957446808,307
5,207,212,41.4,210
18,18,36,1.0,1
57,501,558,8.789473684210526,529
170,223,393,1.311764705882353,227
2,10,12,5.0,1
9,436,445,48.44444444444444,408
14,92,106,6.571428571428571,86
7,218,225,31.142857142857142,225
88,285,373,3.2386363636363638,299
6,12,18,2.0,1
12,159,171,13.25,159
10,571,581,57.1,594
47,559,606,11.893617021276595,578
52,560,612,10.76923076923077,577
80,37,117,0.4625,27
920,1025,1945,1.1141304347826086,1006
166,162,328,0.9759036144578314,163
6,12,18,2.0,1
12,42,54,3.5,30
123,900,1023,7.317073170731708,903
1263,90,1353,0.07125890736342043,82
514,191,705,0.3715953307392996,195
28,139,167,4.964285714285714,141
10,308,318,30.8,323
2,559,561,279.5,579
33,144,177,4.363636363636363,144
12,364,376,30.333333333333332,384
311,627,938,2.0160771704180065,474
29,391,420,13.482758620689655,412
44,41,85,0.9318181818181818,27
108,40,148,0.37037037037037035,26
65,933,998,14.353846153846154,941
114,87,201,0.7631578947368421,84
23,283,306,12.304347826086957,296
23,239,262,10.391304347826088,248
11,293,304,26.636363636363637,310
3,81,84,27.0,70
23,266,289,11.565217391304348,278
26,273,299,10.5,287
349,114,463,0.32664756446991405,114
141,501,642,3.5531914893617023,523
371,89,460,0.2398921832884097,85
5,241,246,48.2,99
68,263,331,3.8676470588235294,271
402,251,653,0.6243781094527363,390
19,476,495,25.05263157894737,494
8,86,94,10.75,78
21,326,347,15.523809523809524,343
2,11,13,5.5,1
12,139,151,11.583333333333334,140
83,235,318,2.8313253012048194,236
2793,100,2893,0.03580379520229144,96
189,431,620,2.2804232804232805,449
3250,8,3258,0.0024615384615384616,1
1898,45,1943,0.02370916754478398,35
291,174,465,0.5979381443298969,178
8,20,28,2.5,4
29,189,218,6.517241379310345,199
58,253,311,4.362068965517241,267
309,373,682,1.2071197411003236,392
636,139,775,0.21855345911949686,138
13,419,432,32.23076923076923,441
7,191,198,27.285714285714285,192
927,334,1261,0.36030204962243795,349
22,371,393,16.863636363636363,386
30,378,408,12.6,397
67,490,557,7.313432835820896,514
2,11,13,5.5,1
11,44,55,4.0,33
16,329,345,20.5625,346
6,340,346,56.666666666666664,359
115,578,693,5.026086956521739,597
44,194,238,4.409090909090909,197
13,135,148,10.384615384615385,194
4,199,203,49.75,201
22,64,86,2.909090909090909,60
2161,698,2859,0.32299861175381767,709
19,761,780,40.05263157894737,769
1236,14,1250,0.011326860841423949,1
44,284,328,6.454545454545454,296
76,397,473,5.223684210526316,417
767,472,1239,0.6153846153846154,493
9,302,311,33.55555555555556,234
40,340,380,8.5,356
16,180,196,11.25,181
13,27,40,2.076923076923077,14
11,82,93,7.454545454545454,69
6,351,357,58.5,382
6,982,988,163.66666666666666,1006
57,132,189,2.3157894736842106,131
21,312,333,14.857142857142858,326
78,538,616,6.897435897435898,464
317,432,749,1.362776025236593,450
34,433,467,12.735294117647058,455
46,526,572,11.434782608695652,546
206,569,775,2.762135922330097,582
10,354,364,35.4,373
105,278,383,2.6476190476190475,287
34,433,467,12.735294117647058,455
17,4,21,0.23529411764705882,1
238,331,569,1.3907563025210083,171
13,9,22,0.6923076923076923,1
242,305,547,1.2603305785123966,322
135,237,372,1.7555555555555555,247
30,660,690,22.0,677
448,82,530,0.18303571428571427,80
16,384,400,24.0,402
16,150,166,9.375,152
3204,110,3314,0.03433208489388265,53
7,276,283,39.42857142857143,289
457,133,590,0.2910284463894967,146
12,280,292,23.333333333333332,292
19,949,968,49.94736842105263,967
51,576,627,11.294117647058824,597
448,403,851,0.8995535714285714,427
2,10,12,5.0,1
23,590,613,25.652173913043477,606
10,315,325,31.5,335
21,98,119,4.666666666666667,93
137,474,611,3.45985401459854,495
83,379,462,4.566265060240964,397
439,503,942,1.1457858769931664,523
387,541,928,1.3979328165374676,559
893,140,1033,0.15677491601343785,137
23,301,324,13.08695652173913,320
10,160,170,16.0,162
18,22,40,1.2222222222222223,4
94,496,590,5.276595744680851,505
114,590,704,5.175438596491228,604
65,291,356,4.476923076923077,307
13,143,156,11.0,146
52,1090,1142,20.96153846153846,1006
47,324,371,6.8936170212765955,338
34,395,429,11.617647058823529,410
785,298,1083,0.3796178343949045,314
13,294,307,22.615384615384617,310
126,201,327,1.5952380952380953,403
10,212,222,21.2,329
70,555,625,7.928571428571429,567
743,229,972,0.3082099596231494,238
13,322,335,24.76923076923077,335
67,208,275,3.1044776119402986,215
81,18,99,0.2222222222222222,4
11,499,510,45.36363636363637,525
718,128,846,0.17827298050139276,126
33,434,467,13.151515151515152,455
488,523,1011,1.0717213114754098,545
397,33,430,0.08312342569269521,48
310,267,577,0.8612903225806452,279
1885,173,2058,0.09177718832891246,308
610,373,983,0.6114754098360655,388
79,677,756,8.569620253164556,688
336,392,728,1.1666666666666667,405
17,372,389,21.88235294117647,382
39,439,478,11.256410256410257,460
640,201,841,0.3140625,206
17,116,133,6.823529411764706,111
421,7,428,0.0166270783847981,1
1,10,11,10.0,1
24,208,232,8.666666666666666,213
16,25,41,1.5625,10
61,202,263,3.3114754098360657,207
11,456,467,41.45454545454545,479
259,102,361,0.3938223938223938,109
159,263,422,1.6540880503144655,267
114,415,529,3.6403508771929824,436
34,406,440,11.941176470588236,425
881,932,1813,1.05788876276958,948
111,196,307,1.7657657657657657,202
6,392,398,65.33333333333333,415
19,299,318,15.736842105263158,315
10,504,514,50.4,527
64,710,774,11.09375,716
278,987,1265,3.550359712230216,1006
15,369,384,24.6,390
502,84,586,0.16733067729083664,77
110,681,791,6.1909090909090905,698
88,581,669,6.6022727272727275,602
12,78,90,6.5,70
21,444,465,21.142857142857142,462
46,34,80,0.7391304347826086,20
17,388,405,22.823529411764707,404
1717,908,2625,0.5288293535235876,910
196,980,1176,5.0,1006
248,76,324,0.3064516129032258,199
1,10,11,10.0,1
560,385,945,0.6875,407
200,345,545,1.725,205
67,298,365,4.447761194029851,313
1021,902,1923,0.8834476003917727,907
421,7,428,0.0166270783847981,1
474,283,757,0.5970464135021097,297
14,148,162,10.571428571428571,150
197,275,472,1.3959390862944163,355
329,947,1276,2.878419452887538,1006
86,116,202,1.3488372093023255,114
1978,882,2860,0.44590495449949447,887
7,326,333,46.57142857142857,343
8,763,771,95.375,767
16,728,744,45.5,743
19,274,293,14.421052631578947,288
8,115,123,14.375,114
1,8,9,8.0,1
27,262,289,9.703703703703704,268
78,947,1025,12.14102564102564,964
13,168,181,12.923076923076923,175
35,387,422,11.057142857142857,408
3132,60,3192,0.019157088122605363,50
6,761,767,126.83333333333333,763
15,688,703,45.86666666666667,710
166,274,440,1.6506024096385543,287
11,39,50,3.5454545454545454,26
13,23,36,1.7692307692307692,6
16,227,243,14.1875,237
12,183,195,15.25,186
35,548,583,15.657142857142857,567
601,752,1353,1.2512479201331115,754
64,308,372,4.8125,327
278,3,281,0.01079136690647482,1
11,181,192,16.454545454545453,183
52,397,449,7.634615384615385,185
49,191,240,3.8979591836734695,194
49,484,533,9.877551020408163,507
8,221,229,27.625,216
15,289,304,19.266666666666666,305
19,326,345,17.157894736842106,340
38,714,752,18.789473684210527,376
21,295,316,14.047619047619047,309
8,685,693,85.625,697
424,236,660,0.5566037735849056,246
173,84,257,0.48554913294797686,75
1,10,11,10.0,1
8,374,382,46.75,394
7,313,320,44.714285714285715,328
663,36,699,0.05429864253393665,25
103,89,192,0.8640776699029126,85
878,344,1222,0.3917995444191344,366
23,570,593,24.782608695652176,585
24,241,265,10.041666666666666,249
16,379,395,23.6875,401
2359,284,2643,0.12038999576091564,295
248,169,417,0.6814516129032258,172
20,452,472,22.6,476
166,274,440,1.6506024096385543,287
16,344,360,21.5,394
999,474,1473,0.4744744744744745,492
6,368,374,61.333333333333336,385
368,755,1123,2.051630434782609,761
408,383,791,0.9387254901960784,401
19,213,232,11.210526315789474,222
150,603,753,4.02,619
79,750,829,9.49367088607595,758
11,37,48,3.3636363636363638,29
3713,287,4000,0.07729598707244816,252
282,165,447,0.5851063829787234,159
46,666,712,14.478260869565217,680
13,463,476,35.61538461538461,482
11,65,76,5.909090909090909,54
11,919,930,83.54545454545455,929
11,256,267,23.272727272727273,264
16,226,242,14.125,236
15,441,456,29.4,465
5,101,106,20.2,112
307,45,352,0.1465798045602606,35
390,304,694,0.7794871794871795,321
97,52,149,0.5360824742268041,39
9,262,271,29.11111111111111,276
8,147,155,18.375,146
9,125,134,13.88888888888889,121
17,234,251,13.764705882352942,243
40,1066,1106,26.65,1006
9,314,323,34.888888888888886,327
43,877,920,20.3953488372093,882
5,161,166,32.2,162
40,110,150,2.75,109
140,402,542,2.8714285714285714,335
4,206,210,51.5,216
11,48,59,4.363636363636363,36
171,30,201,0.17543859649122806,18
50,370,420,7.4,391
1095,609,1704,0.5561643835616439,622
39,679,718,17.41025641025641,689
15,84,99,5.6,81
12,401,413,33.416666666666664,421
143,551,694,3.8531468531468533,574
14,543,557,38.785714285714285,562
9,288,297,32.0,302
1877,25,1902,0.013319126265316995,16
1,10,11,10.0,1
130,52,182,0.4,42
1,10,11,10.0,1
16,261,277,16.3125,270
675,291,966,0.4311111111111111,301
10,345,355,34.5,359
4,357,361,89.25,379
327,558,885,1.7064220183486238,587
1540,740,2280,0.4805194805194805,754
134,136,270,1.0149253731343284,134
1256,1038,2294,0.8264331210191083,1006
350,427,777,1.22,446
152,304,456,2.0,319
97,110,207,1.134020618556701,105
10,295,305,29.5,329
1422,398,1820,0.279887482419128,420
914,415,1329,0.4540481400437637,437
162,531,693,3.2777777777777777,551
951,199,1150,0.2092534174553102,206
9,26,35,2.888888888888889,14
18,37,55,2.0555555555555554,27
251,234,485,0.9322709163346613,258
22,218,240,9.909090909090908,252
1186,889,2075,0.7495784148397976,907
42,39,81,0.9285714285714286,20
2,10,12,5.0,1
23,98,121,4.260869565217392,96
17,360,377,21.176470588235293,318
42,180,222,4.285714285714286,185
97,609,706,6.278350515463917,622
40,704,744,17.6,708
2553,222,2775,0.08695652173913043,229
617,902,1519,1.4619124797406806,902
39,266,305,6.82051282051282,289
2,10,12,5.0,1
3460,182,3642,0.05260115606936416,189
13,97,110,7.461538461538462,90
32,660,692,20.625,671
231,92,323,0.39826839826839827,85
237,337,574,1.4219409282700421,451
31,355,386,11.451612903225806,369
16,757,773,47.3125,765
793,283,1076,0.35687263556116017,294
1523,5,1528,0.003282994090610637,1
2056,244,2300,0.11867704280155641,253
14,360,374,25.714285714285715,381
15,574,589,38.266666666666666,594
73,377,450,5.164383561643835,396
11,458,469,41.63636363636363,484
13,122,135,9.384615384615385,120
1794,7,1801,0.0039018952062430325,1
25,241,266,9.64,250
3702,83,3785,0.022420313344138302,79
112,263,375,2.3482142857142856,273
27,464,491,17.185185185185187,486
5,320,325,64.0,337
135,223,358,1.651851851851852,234
2878,205,3083,0.07123002084781098,210
32,96,128,3.0,91
21,767,788,36.523809523809526,772
170,156,326,0.9176470588235294,157
7,422,429,60.285714285714285,443
18,402,420,22.333333333333332,421
95,9,104,0.09473684210526316,8
5,115,120,23.0,111
1293,953,2246,0.737045630317092,1006
1354,390,1744,0.2880354505169867,410
56,49,105,0.875,38
705,465,1170,0.6595744680851063,884
173,389,562,2.2485549132947975,407
69,410,479,5.942028985507246,430
11,47,58,4.2727272727272725,37
10,73,83,7.3,65
11,262,273,23.818181818181817,201
62,208,270,3.3548387096774195,214
56,652,708,11.642857142857142,668
30,771,801,25.7,775
147,290,437,1.9727891156462585,301
22,368,390,16.727272727272727,387
12,255,267,21.25,267
38,181,219,4.7631578947368425,103
2,11,13,5.5,1
8,293,301,36.625,304
4,159,163,39.75,160
22,436,458,19.818181818181817,455
13,103,116,7.923076923076923,95
24,36,60,1.5,14
23,534,557,23.217391304347824,557
713,136,849,0.19074333800841514,135
509,147,656,0.2888015717092338,146
828,221,1049,0.2669082125603865,228
9,215,224,23.88888888888889,182
3,35,38,11.666666666666666,22
286,677,963,2.367132867132867,781
57,28,85,0.49122807017543857,13
23,326,349,14.173913043478262,341
2717,919,3636,0.3382407066617593,918
38,904,942,23.789473684210527,910
70,43,113,0.6142857142857143,29
13,44,57,3.3846153846153846,33
38,811,849,21.342105263157894,809
53,608,661,11.471698113207546,622
59,342,401,5.796610169491525,358
7,95,102,13.571428571428571,88
38,8,46,0.21052631578947367,10
5,3,8,0.6,1
27,64,91,2.3703703703703702,162
305,458,763,1.501639344262295,478
18,214,232,11.88888888888889,223
110,888,998,8.072727272727272,698
16,722,738,45.125,735
26,306,332,11.76923076923077,322
20,237,257,11.85,249
69,360,429,5.217391304347826,379
1743,33,1776,0.0189328743545611,52
16,784,800,49.0,792
157,51,208,0.3248407643312102,42
20,244,264,12.2,248
15,177,192,11.8,179
2311,401,2712,0.1735179575941151,422
9,151,160,16.77777777777778,153
10,98,108,9.8,91
1,19,20,19.0,1
176,234,410,1.3295454545454546,245
3,222,225,74.0,227
879,357,1236,0.4061433447098976,376
7,715,722,102.14285714285714,724
5,239,244,47.8,252
233,966,1199,4.145922746781116,995
23,372,395,16.17391304347826,410
117,834,951,7.128205128205129,843
16,337,353,21.0625,350
9,154,163,17.11111111111111,158
860,514,1374,0.5976744186046512,535
20,258,278,12.9,268
14,212,226,15.142857142857142,219
2426,310,2736,0.12778235779060182,325
26,214,240,8.23076923076923,222
21,81,102,3.857142857142857,77
2410,215,2625,0.08921161825726141,221
27,528,555,19.555555555555557,546
64,535,599,8.359375,555
708,251,959,0.3545197740112994,260
75,187,262,2.493333333333333,194
3571,367,3938,0.10277233267992159,389
35,183,218,5.228571428571429,186
19,240,259,12.631578947368421,250
7,83,90,11.857142857142858,149
1325,187,1512,0.14113207547169812,252
56,260,316,4.642857142857143,269
1709,494,2203,0.2890579286132241,517
16,116,132,7.25,114
39,364,403,9.333333333333334,382
1472,264,1736,0.1793478260869565,277
21,99,120,4.714285714285714,95
190,447,637,2.3526315789473684,467
1857,703,2560,0.37856758212170166,721
251,205,456,0.8167330677290837,208
239,5,244,0.02092050209205021,1
87,319,406,3.6666666666666665,338
63,97,160,1.5396825396825398,96
35,298,333,8.514285714285714,298
190,269,459,1.4157894736842105,304
16,308,324,19.25,322
26,73,99,2.8076923076923075,63
40,198,238,4.95,202
339,487,826,1.4365781710914454,503
40,36,76,0.9,23
9,569,578,63.22222222222222,593
26,82,108,3.1538461538461537,78
14,287,301,20.5,146
1,367,368,367.0,435
3378,162,3540,0.047957371225577264,163
421,160,581,0.38004750593824227,164
207,119,326,0.5748792270531401,119
10,630,640,63.0,647
76,339,415,4.4605263157894735,361
35,30,65,0.8571428571428571,17
2,10,12,5.0,1
43,5,48,0.11627906976744186,10
14,381,395,27.214285714285715,402
300,113,413,0.37666666666666665,113
30,241,271,8.033333333333333,250
10,459,469,45.9,486
84,682,766,8.119047619047619,690
971,314,1285,0.3233779608650875,367
12,380,392,31.666666666666668,400
12,574,586,47.833333333333336,596
50,287,337,5.74,251
31,562,593,18.129032258064516,581
51,109,160,2.1372549019607843,109
1465,342,1807,0.2334470989761092,359
44,41,85,0.9318181818181818,28
26,335,361,12.884615384615385,353
14,387,401,27.642857142857142,411
32,485,517,15.15625,510
1201,7,1208,0.005828476269775187,1
32,51,83,1.59375,40
14,229,243,16.357142857142858,235
20,54,74,2.7,44
51,634,685,12.431372549019608,640
127,97,224,0.7637795275590551,386
134,104,238,0.7761194029850746,96
506,725,1231,1.4328063241106719,733
17,116,133,6.823529411764706,111
10,345,355,34.5,357
15,182,197,12.133333333333333,186
48,318,366,6.625,337
14,510,524,36.42857142857143,531
6,450,456,75.0,472
29,223,252,7.689655172413793,226
221,44,265,0.19909502262443438,33
118,437,555,3.7033898305084745,455
1054,64,1118,0.06072106261859583,52
26,281,307,10.807692307692308,292
60,518,578,8.633333333333333,472
70,625,695,8.928571428571429,535
1702,35,1737,0.020564042303172738,21
90,503,593,5.588888888888889,524
492,103,595,0.20934959349593496,98
97,28,125,0.28865979381443296,30
30,823,853,27.433333333333334,827
9,492,501,54.666666666666664,511
6,126,132,21.0,122
79,129,208,1.6329113924050633,125
46,453,499,9.847826086956522,472
117,748,865,6.3931623931623935,749
16,182,198,11.375,185
17,848,865,49.88235294117647,849
15,156,171,10.4,345
25,251,276,10.04,261
59,123,182,2.0847457627118646,121
126,410,536,3.253968253968254,425
486,318,804,0.654320987654321,337
908,716,1624,0.788546255506608,728
2,239,241,119.5,250
46,318,364,6.913043478260869,334
10,325,335,32.5,339
79,304,383,3.848101265822785,320
48,305,353,6.354166666666667,325
8,22,30,2.75,6
121,167,288,1.3801652892561984,164
9,138,147,15.333333333333334,139
2048,299,2347,0.14599609375,308
755,650,1405,0.8609271523178808,661
42,798,840,19.0,806
10,128,138,12.8,125
6,216,222,36.0,224
15,317,332,21.133333333333333,334
42,474,516,11.285714285714286,495
12,388,400,32.333333333333336,406
3,455,458,151.66666666666666,333
53,469,522,8.849056603773585,487
83,57,140,0.6867469879518072,46
1363,227,1590,0.1665443873807777,232
41,593,634,14.463414634146341,615
9,214,223,23.77777777777778,220
13,133,146,10.23076923076923,131
18,146,164,8.11111111111111,147
130,488,618,3.753846153846154,509
77,213,290,2.7662337662337664,216
95,503,598,5.294736842105263,528
31,968,999,31.225806451612904,821
11,496,507,45.09090909090909,523
768,190,958,0.24739583333333334,195
1,871,872,871.0,435
17,284,301,16.705882352941178,300
117,512,629,4.3760683760683765,338
14,458,472,32.714285714285715,480
15,327,342,21.8,350
13,419,432,32.23076923076923,441
26,250,276,9.615384615384615,264
5,247,252,49.4,258
47,654,701,13.914893617021276,667
458,231,689,0.5043668122270742,237
2862,201,3063,0.07023060796645703,207
8,953,961,119.125,959
10,422,432,42.2,446
11,658,669,59.81818181818182,358
651,120,771,0.18433179723502305,115
680,558,1238,0.8205882352941176,578
6,222,228,37.0,214
235,179,414,0.7617021276595745,182
17,144,161,8.470588235294118,147
25,45,70,1.8,34
2610,106,2716,0.04061302681992337,123
102,25,127,0.24509803921568626,9
851,856,1707,1.0058754406580495,864
463,290,753,0.6263498920086393,303
2648,79,2727,0.029833836858006044,72
454,17,471,0.037444933920704845,3
1083,207,1290,0.19113573407202217,213
68,269,337,3.9558823529411766,281
73,66,139,0.9041095890410958,57
87,1056,1143,12.137931034482758,230
25,128,153,5.12,129
39,230,269,5.897435897435898,241
21,181,202,8.619047619047619,183
157,178,335,1.1337579617834395,185
37,612,649,16.54054054054054,636
1261,327,1588,0.25931800158604285,314
16,334,350,20.875,349
17,661,678,38.88235294117647,669
289,122,411,0.42214532871972316,122
40,249,289,6.225,261
24,258,282,10.75,267
20,888,908,44.4,892
86,340,426,3.953488372093023,356
160,48,208,0.3,37
25,111,136,4.44,109
15,255,270,17.0,262
57,232,289,4.0701754385964914,240
597,460,1057,0.7705192629815746,478
12,461,473,38.416666666666664,435
1,10,11,10.0,1
32,292,324,9.125,313
49,298,347,6.081632653061225,314
22,169,191,7.681818181818182,170
13,317,330,24.384615384615383,359
16,175,191,10.9375,175
80,330,410,4.125,346
11,19,30,1.7272727272727273,3
150,866,1016,5.773333333333333,874
159,121,280,0.7610062893081762,120
24,403,427,16.791666666666668,418
58,387,445,6.672413793103448,403
35,961,996,27.457142857142856,972
28,388,416,13.857142857142858,373
9,68,77,7.555555555555555,56
982,885,1867,0.9012219959266803,895
483,514,997,1.0641821946169772,538
29,974,1003,33.58620689655172,1006
885,659,1544,0.7446327683615819,671
12,778,790,64.83333333333333,782
30,61,91,2.033333333333333,51
260,543,803,2.0884615384615386,560
59,376,435,6.372881355932203,390
26,13,39,0.5,1
46,456,502,9.91304347826087,482
396,127,523,0.3207070707070707,125
3,73,76,24.333333333333332,66
49,248,297,5.061224489795919,257
26,360,386,13.846153846153847,376
313,3,316,0.009584664536741214,1
14,631,645,45.07142857142857,643
12,378,390,31.5,397
31,244,275,7.870967741935484,451
2,559,561,279.5,579
192,477,669,2.484375,501
38,337,375,8.868421052631579,347
330,490,820,1.4848484848484849,514
166,371,537,2.2349397590361444,417
3,310,313,103.33333333333333,333
17,182,199,10.705882352941176,187
53,159,212,3.0,161
10,280,290,28.0,292
8,1008,1016,126.0,1006
43,55,98,1.2790697674418605,372
47,318,365,6.76595744680851,332
446,410,856,0.9192825112107623,430
35,407,442,11.628571428571428,425
24,390,414,16.25,413
1254,467,1721,0.372408293460925,485
251,583,834,2.3227091633466137,597
93,648,741,6.967741935483871,662
15,102,117,6.8,96
15,265,280,17.666666666666668,278
5,22,27,4.4,19
15,370,385,24.666666666666668,385
1000,33,1033,0.033,20
15,284,299,18.933333333333334,239
9,173,182,19.22222222222222,177
35,1008,1043,28.8,1006
37,516,553,13.945945945945946,537
22,612,634,27.818181818181817,625
1054,257,1311,0.24383301707779886,268
72,459,531,6.375,478
420,80,500,0.19047619047619047,74
26,95,121,3.6538461538461537,20
11,509,520,46.27272727272727,528
2376,207,2583,0.08712121212121213,23
38,184,222,4.842105263157895,190
1384,618,2002,0.44653179190751446,631
988,404,1392,0.4089068825910931,423
7,311,318,44.42857142857143,329
20,37,57,1.85,25
0,11,11,1,126
67,38,105,0.5671641791044776,21
10,203,213,20.3,208
473,412,885,0.8710359408033826,435
90,586,676,6.511111111111111,603
11,73,84,6.636363636363637,64
28,455,483,16.25,480
73,399,472,5.465753424657534,373
163,540,703,3.312883435582822,557
40,866,906,21.65,874
30,392,422,13.066666666666666,425
5,268,273,53.6,285
7,371,378,53.0,394
689,345,1034,0.5007256894049347,366
247,163,410,0.659919028340081,164
1035,761,1796,0.7352657004830918,762
60,256,316,4.266666666666667,266
21,62,83,2.9523809523809526,52
14,103,117,7.357142857142857,276
106,367,473,3.4622641509433962,385
13,349,362,26.846153846153847,276
22,85,107,3.8636363636363638,331
77,198,275,2.5714285714285716,205
141,240,381,1.702127659574468,476
166,274,440,1.6506024096385543,287
10,41,51,4.1,28
1254,690,1944,0.5502392344497608,713
77,213,290,2.7662337662337664,216
45,408,453,9.066666666666666,425
7,27,34,3.857142857142857,13
8,20,28,2.5,4
16,331,347,20.6875,348
573,418,991,0.7294938917975567,437
1307,147,1454,0.11247130833970925,145
17,357,374,21.0,377
10,412,422,41.2,429
67,720,787,10.746268656716419,729
23,381,404,16.565217391304348,400
18,468,486,26.0,495
18,110,128,6.111111111111111,109
121,333,454,2.7520661157024793,344
180,715,895,3.9722222222222223,727
8,206,214,25.75,212
15,170,185,11.333333333333334,169
14,128,142,9.142857142857142,128
192,713,905,3.7135416666666665,722
134,283,417,2.111940298507463,290
260,444,704,1.7076923076923076,465
13,457,470,35.15384615384615,479
183,881,1064,4.814207650273224,889
11,115,126,10.454545454545455,109
1,10,11,10.0,1
14,405,419,28.928571428571427,430
12,149,161,12.416666666666666,151
9,281,290,31.22222222222222,296
768,31,799,0.040364583333333336,5
1161,314,1475,0.2704565030146425,329
6,234,240,39.0,248
1042,567,1609,0.5441458733205374,584
8,342,350,42.75,362
261,513,774,1.9655172413793103,534
112,725,837,6.473214285714286,732
16,338,354,21.125,358
308,184,492,0.5974025974025974,188
951,83,1034,0.08727655099894847,77
12,467,479,38.916666666666664,281
13,133,146,10.23076923076923,131
30,84,114,2.8,359
1524,27,1551,0.017716535433070866,13
53,773,826,14.584905660377359,772
3,752,755,250.66666666666666,697
13,335,348,25.76923076923077,351
185,340,525,1.837837837837838,337
398,521,919,1.3090452261306533,537
23,89,112,3.869565217391304,84
36,256,292,7.111111111111111,268
21,148,169,7.0476190476190474,154
16,264,280,16.5,273
1795,853,2648,0.47520891364902507,864
20,28,48,1.4,14
7,141,148,20.142857142857142,146
17,96,113,5.647058823529412,91
85,27,112,0.3176470588235294,28
1,10,11,10.0,1
11,392,403,35.63636363636363,416
3,140,143,46.666666666666664,141
40,478,518,11.95,497
447,939,1386,2.1006711409395975,945
139,574,713,4.129496402877698,599
3625,74,3699,0.020413793103448277,67
448,133,581,0.296875,132
1022,254,1276,0.24853228962818003,265
43,235,278,5.465116279069767,247
41,120,161,2.926829268292683,119
429,586,1015,1.365967365967366,620
49,150,199,3.061224489795918,149
27,691,718,25.59259259259259,704
114,400,514,3.508771929824561,423
110,222,332,2.018181818181818,230
65,47,112,0.7230769230769231,43
5,217,222,43.4,225
1887,995,2882,0.5272919978802332,1006
74,124,198,1.6756756756756757,120
378,196,574,0.5185185185185185,199
195,460,655,2.358974358974359,483
11,390,401,35.45454545454545,411
11,232,243,21.09090909090909,239
18,325,343,18.055555555555557,342
148,92,240,0.6216216216216216,194
42,79,121,1.880952380952381,73
117,145,262,1.2393162393162394,145
1469,290,1759,0.1974132062627638,301
118,204,322,1.728813559322034,210
9,461,470,51.22222222222222,484
49,38,87,0.7755102040816326,18
2247,429,2676,0.1909212283044059,448
1101,543,1644,0.49318801089918257,561
32,365,397,11.40625,382
132,318,450,2.409090909090909,329
107,306,413,2.8598130841121496,323
97,928,1025,9.56701030927835,931
147,1016,1163,6.91156462585034,1006
6,203,209,33.833333333333336,211
82,225,307,2.7439024390243905,231
35,416,451,11.885714285714286,436
76,618,694,8.131578947368421,627
13,427,440,32.84615384615385,384
75,478,553,6.373333333333333,497
34,1121,1155,32.970588235294116,1006
206,587,793,2.849514563106796,604
21,362,383,17.238095238095237,389
46,405,451,8.804347826086957,425
12,296,308,24.666666666666668,311
63,292,355,4.634920634920635,371
313,604,917,1.9297124600638977,621
22,487,509,22.136363636363637,507
11,290,301,26.363636363636363,305
12,269,281,22.416666666666668,282
17,365,382,21.470588235294116,387
96,408,504,4.25,427
46,293,339,6.369565217391305,307
290,292,582,1.006896551724138,305
2,10,12,5.0,1
25,278,303,11.12,286
29,25,54,0.8620689655172413,13
209,152,361,0.7272727272727273,152
27,243,270,9.0,252
21,467,488,22.238095238095237,885
3485,146,3631,0.04189383070301291,146
15,497,512,33.13333333333333,516
31,676,707,21.806451612903224,691
120,105,225,0.875,170
10,119,129,11.9,117
1229,959,2188,0.7803091944670464,1006
57,355,412,6.228070175438597,375
16,231,247,14.4375,239
45,762,807,16.933333333333334,764
20,379,399,18.95,397
176,4,180,0.022727272727272728,1
10,101,111,10.1,96
53,127,180,2.3962264150943398,127
16,429,445,26.8125,339
12,245,257,20.416666666666668,258
15,196,211,13.066666666666666,200
121,427,548,3.5289256198347108,444
87,719,806,8.264367816091953,728
19,221,240,11.631578947368421,229
37,116,153,3.135135135135135,114
13,278,291,21.384615384615383,292
18,347,365,19.27777777777778,367
13,330,343,25.384615384615383,353
1683,866,2549,0.5145573380867499,874
2281,435,2716,0.19070583077597544,454
8,149,157,18.625,414
129,522,651,4.046511627906977,539
422,118,540,0.2796208530805687,115
27,774,801,28.666666666666668,776
904,104,1008,0.11504424778761062,100
17,235,252,13.823529411764707,271
9,180,189,20.0,184
20,144,164,7.2,140
54,151,205,2.7962962962962963,153
54,276,330,5.111111111111111,287
863,118,981,0.13673232908458866,113
11,371,382,33.72727272727273,395
16,337,353,21.0625,351
6,57,63,9.5,45
46,329,375,7.1521739130434785,339
23,489,512,21.26086956521739,514
1472,58,1530,0.03940217391304348,49
41,368,409,8.975609756097562,381
30,248,278,8.266666666666667,257
32,26,58,0.8125,11
210,357,567,1.7,375
24,28,52,1.1666666666666667,10
24,41,65,1.7083333333333333,31
10,626,636,62.6,642
8,473,481,59.125,495
1127,201,1328,0.17834960070984915,172
20,694,714,34.7,707
9,399,408,44.333333333333336,426
9,27,36,3.0,11
737,292,1029,0.39620081411126185,305
34,233,267,6.852941176470588,241
45,622,667,13.822222222222223,641
1108,34,1142,0.030685920577617327,21
15,118,133,7.866666666666666,117
166,576,742,3.4698795180722892,592
1108,144,1252,0.1299638989169675,140
374,431,805,1.1524064171122994,448
12,233,245,19.416666666666668,236
31,304,335,9.806451612903226,320
1282,935,2217,0.7293291731669267,948
72,775,847,10.76388888888889,777
782,391,1173,0.5,516
11,188,199,17.09090909090909,189
104,336,440,3.230769230769231,356
1536,304,1840,0.19791666666666666,323
772,583,1355,0.7551813471502591,600
19,347,366,18.263157894736842,369
44,414,458,9.409090909090908,435
9,58,67,6.444444444444445,49
3,422,425,140.66666666666666,444
29,590,619,20.344827586206897,605
91,284,375,3.120879120879121,299
226,407,633,1.8008849557522124,424
76,25,101,0.32894736842105265,8
113,7,120,0.061946902654867256,1
755,650,1405,0.8609271523178808,661
12,98,110,8.166666666666666,93
385,125,510,0.3246753246753247,122
8,347,355,43.375,368
17,452,469,26.58823529411765,471
67,765,832,11.417910447761194,769
29,155,184,5.344827586206897,156
20,198,218,9.9,205
11,82,93,7.454545454545454,69
18,364,382,20.22222222222222,381
884,198,1082,0.2239819004524887,200
6,217,223,36.166666666666664,223
10,245,255,24.5,329
11,41,52,3.727272727272727,25
104,128,232,1.2307692307692308,70
248,616,864,2.4838709677419355,739
28,553,581,19.75,571
23,605,628,26.304347826086957,618
3681,20,3701,0.0054333061668024995,5
76,625,701,8.223684210526315,645
6,411,417,68.5,437
22,41,63,1.8636363636363635,30
84,110,194,1.3095238095238095,109
480,209,689,0.4354166666666667,219
33,550,583,16.666666666666668,576
9,144,153,16.0,148
22,76,98,3.4545454545454546,72
3702,84,3786,0.022690437601296597,79
23,329,352,14.304347826086957,346
76,532,608,7.0,555
231,317,548,1.3722943722943723,336
42,769,811,18.30952380952381,770
19,137,156,7.2105263157894735,141
8,347,355,43.375,370
39,42,81,1.0769230769230769,31
53,146,199,2.7547169811320753,143
19,355,374,18.68421052631579,377
32,355,387,11.09375,365
47,118,165,2.5106382978723403,113
1791,787,2578,0.43941931881630375,771
31,67,98,2.161290322580645,57
1115,1043,2158,0.9354260089686098,1006
614,593,1207,0.9657980456026058,611
37,355,392,9.594594594594595,374
19,343,362,18.05263157894737,357
440,502,942,1.1409090909090909,435
30,591,621,19.7,783
24,477,501,19.875,496
13,222,235,17.076923076923077,227
53,750,803,14.150943396226415,325
14,322,336,23.0,332
328,47,375,0.14329268292682926,495
476,845,1321,1.7752100840336134,852
17,340,357,20.0,362
29,327,356,11.275862068965518,345
26,366,392,14.076923076923077,384
144,497,641,3.451388888888889,646
38,436,474,11.473684210526315,500
177,162,339,0.9152542372881356,168
92,122,214,1.326086956521739,200
19,293,312,15.421052631578947,303
100,108,208,1.08,106
16,338,354,21.125,351
1772,55,1827,0.031038374717832957,42
16,101,117,6.3125,99
8,966,974,120.75,1006
14,327,341,23.357142857142858,343
20,596,616,29.8,613
173,485,658,2.8034682080924855,315
14,327,341,23.357142857142858,353
84,311,395,3.7023809523809526,325
179,466,645,2.6033519553072626,488
18,218,236,12.11111111111111,225
153,612,765,4.0,619
14,264,278,18.857142857142858,280
155,389,544,2.509677419354839,408
43,985,1028,22.906976744186046,1006
83,181,264,2.180722891566265,180
3112,722,3834,0.2320051413881748,727
104,156,260,1.5,157
37,40,77,1.0810810810810811,29
12,283,295,23.583333333333332,295
17,230,247,13.529411764705882,234
21,498,519,23.714285714285715,527
11,146,157,13.272727272727273,147
11,333,344,30.272727272727273,348
9,22,31,2.4444444444444446,7
12,594,606,49.5,610
61,89,150,1.459016393442623,89
19,381,400,20.05263157894737,403
16,313,329,19.5625,325
13,367,380,28.23076923076923,387
3,310,313,103.33333333333333,333
156,124,280,0.7948717948717948,506
43,403,446,9.372093023255815,424
292,249,541,0.8527397260273972,258
762,447,1209,0.5866141732283464,465
14,335,349,23.928571428571427,351
74,335,409,4.527027027027027,353
10,194,204,19.4,199
51,315,366,6.176470588235294,333
2721,24,2745,0.008820286659316428,10
41,558,599,13.609756097560975,574
25,393,418,15.72,413
8,141,149,17.625,144
1017,291,1308,0.2861356932153392,711
70,143,213,2.0428571428571427,140
1313,401,1714,0.3054074638233054,420
7,409,416,58.42857142857143,427
3367,517,3884,0.15354915354915355,534
20,514,534,25.7,319
12,437,449,36.416666666666664,457
11,855,866,77.72727272727273,862
51,337,388,6.607843137254902,354
20,566,586,28.3,587
10,29,39,2.9,13
8,114,122,14.25,109
3,90,93,30.0,82
20,539,559,26.95,564
1439,632,2071,0.43919388464211256,651
12,135,147,11.25,227
203,153,356,0.7536945812807881,152
27,506,533,18.74074074074074,524
138,788,926,5.7101449275362315,735
261,631,892,2.417624521072797,643
97,347,444,3.577319587628866,367
1049,761,1810,0.7254528122020972,767
21,21,42,1.0,5
850,278,1128,0.3270588235294118,289
76,308,384,4.052631578947368,322
7,100,107,14.285714285714286,251
169,320,489,1.893491124260355,342
16,136,152,8.5,401
150,606,756,4.04,618
23,346,369,15.043478260869565,363
85,36,121,0.4235294117647059,24
20,192,212,9.6,198
127,245,372,1.9291338582677164,256
45,742,787,16.488888888888887,750
101,277,378,2.742574257425743,289
258,55,313,0.2131782945736434,46
94,253,347,2.6914893617021276,265
72,753,825,10.458333333333334,755
8,227,235,28.375,234
26,56,82,2.1538461538461537,45
413,138,551,0.3341404358353511,132
45,7,52,0.15555555555555556,1
2392,228,2620,0.09531772575250837,236
21,39,60,1.8571428571428572,27
39,45,84,1.1538461538461537,34
21,252,273,12.0,261
42,261,303,6.214285714285714,273
31,27,58,0.8709677419354839,13
8,459,467,57.375,483
23,31,54,1.3478260869565217,33
26,158,184,6.076923076923077,158
12,835,847,69.58333333333333,843
89,88,177,0.9887640449438202,81
444,432,876,0.972972972972973,452
66,357,423,5.409090909090909,379
23,380,403,16.52173913043478,397
8,23,31,2.875,8
8,644,652,80.5,654
16,864,880,54.0,347
367,159,526,0.4332425068119891,161
230,743,973,3.2304347826086954,754
14,542,556,38.714285714285715,570
28,207,235,7.392857142857143,213
9,135,144,15.0,134
905,166,1071,0.18342541436464088,170
1208,518,1726,0.4288079470198676,539
102,282,384,2.764705882352941,293
17,462,479,27.176470588235293,484
20,631,651,31.55,640
10,475,485,47.5,496
9,101,110,11.222222222222221,99
12,144,156,12.0,147
94,937,1031,9.96808510638298,940
21,283,304,13.476190476190476,296
50,327,377,6.54,343
1403,128,1531,0.09123307198859587,127
20,72,92,3.6,64
19,65,84,3.4210526315789473,59
23,260,283,11.304347826086957,273
40,152,192,3.8,81
14,209,223,14.928571428571429,213
32,440,472,13.75,468
43,397,440,9.232558139534884,417
77,226,303,2.935064935064935,233
11,333,344,30.272727272727273,351
12,269,281,22.416666666666668,282
62,378,440,6.096774193548387,393
162,210,372,1.2962962962962963,215
24,303,327,12.625,317
1,49,50,49.0,435
481,630,1111,1.3097713097713097,641
53,428,481,8.075471698113208,444
2471,204,2675,0.08255766895993524,213
108,934,1042,8.648148148148149,940
49,362,411,7.387755102040816,382
3,10,13,3.3333333333333335,1
14,250,264,17.857142857142858,265
9,172,181,19.11111111111111,172
7,89,96,12.714285714285714,81
293,413,706,1.4095563139931742,431
21,444,465,21.142857142857142,334
15,24,39,1.6,10
128,204,332,1.59375,184
177,147,324,0.8305084745762712,147
5,123,128,24.6,118
69,426,495,6.173913043478261,445
9,265,274,29.444444444444443,273
60,270,330,4.5,278
1848,675,2523,0.3652597402597403,686
51,65,116,1.2745098039215685,174
26,394,420,15.153846153846153,413
44,135,179,3.0681818181818183,387
26,268,294,10.307692307692308,279
1,10,11,10.0,1
1099,497,1596,0.45222929936305734,522
415,841,1256,2.0265060240963857,853
2081,23,2104,0.011052378664103796,18
73,535,608,7.328767123287672,557
19,34,53,1.7894736842105263,19
76,95,171,1.25,91
7,163,170,23.285714285714285,166
25,461,486,18.44,481
20,227,247,11.35,233
88,223,311,2.534090909090909,232
14,390,404,27.857142857142858,418
10,101,111,10.1,96
43,29,72,0.6744186046511628,112
11,197,208,17.90909090909091,201
12,302,314,25.166666666666668,319
19,28,47,1.4736842105263157,11
1306,769,2075,0.5888208269525268,773
1783,849,2632,0.4761637689287717,855
7,121,128,17.285714285714285,117
138,248,386,1.7971014492753623,255
1220,496,1716,0.4065573770491803,514
1336,24,1360,0.017964071856287425,9
733,307,1040,0.41882673942701226,324
1240,22,1262,0.017741935483870968,12
12,57,69,4.75,48
263,975,1238,3.7072243346007605,997
29,282,311,9.724137931034482,230
54,483,537,8.944444444444445,505
182,41,223,0.22527472527472528,42
728,781,1509,1.0728021978021978,785
6,172,178,28.666666666666668,177
6,338,344,56.333333333333336,356
73,222,295,3.041095890410959,374
101,451,552,4.465346534653466,472
17,501,518,29.470588235294116,475
38,164,202,4.315789473684211,163
166,303,469,1.8253012048192772,299
2800,56,2856,0.02,45
137,195,332,1.4233576642335766,199
35,287,322,8.2,303
149,781,930,5.241610738255034,607
1288,147,1435,0.11413043478260869,150
58,174,232,3.0,175
1,10,11,10.0,1
133,505,638,3.7969924812030076,419
14,675,689,48.214285714285715,692
61,408,469,6.688524590163935,427
7,110,117,15.714285714285714,149
22,428,450,19.454545454545453,449
152,26,178,0.17105263157894737,13
1152,11,1163,0.009548611111111112,1
18,360,378,20.0,384
20,514,534,25.7,536
14,461,475,32.92857142857143,481
19,68,87,3.5789473684210527,60
11,783,794,71.18181818181819,786
10,583,593,58.3,600
99,437,536,4.414141414141414,455
1898,723,2621,0.380927291886196,735
545,222,767,0.4073394495412844,229
15,687,702,45.8,701
1,10,11,10.0,1
9,389,398,43.22222222222222,410
10,135,145,13.5,133
17,63,80,3.7058823529411766,51
1010,36,1046,0.03564356435643564,24
13,316,329,24.307692307692307,329
39,226,265,5.794871794871795,242
18,486,504,27.0,500
21,469,490,22.333333333333332,493
29,405,434,13.96551724137931,421
83,598,681,7.204819277108434,402
15,551,566,36.733333333333334,576
103,237,340,2.3009708737864076,247
4,932,936,233.0,947
35,411,446,11.742857142857142,430
21,171,192,8.142857142857142,171
393,780,1173,1.984732824427481,776
33,257,290,7.787878787878788,266
9,555,564,61.666666666666664,577
623,381,1004,0.6115569823434992,398
1013,362,1375,0.35735439289239884,379
14,1038,1052,74.14285714285714,1006
232,259,491,1.1163793103448276,268
27,53,80,1.962962962962963,39
143,312,455,2.1818181818181817,327
21,414,435,19.714285714285715,438
57,458,515,8.035087719298245,477
47,197,244,4.191489361702128,202
75,382,457,5.093333333333334,404
1,10,11,10.0,1
65,265,330,4.076923076923077,277
76,111,187,1.4605263157894737,109
68,440,508,6.470588235294118,463
12,115,127,9.583333333333334,56
7,149,156,21.285714285714285,151
83,351,434,4.228915662650603,368
82,141,223,1.7195121951219512,140
3032,914,3946,0.30145118733509235,918
42,343,385,8.166666666666666,362
1742,529,2271,0.3036739380022962,553
69,587,656,8.507246376811594,602
23,644,667,28.0,303
17,491,508,28.88235294117647,513
18,604,622,33.55555555555556,619
17,129,146,7.588235294117647,126
3,109,112,36.333333333333336,108
35,439,474,12.542857142857143,461
9,24,33,2.6666666666666665,9
180,120,300,0.6666666666666666,120
8,143,151,17.875,145
15,189,204,12.6,190
26,73,99,2.8076923076923075,63
2880,191,3071,0.06631944444444444,196
3126,630,3756,0.20153550863723607,647
64,318,382,4.96875,337
433,428,861,0.9884526558891455,878
18,463,481,25.72222222222222,485
374,4,378,0.0106951871657754,1
79,263,342,3.329113924050633,271
19,404,423,21.263157894736842,423
264,466,730,1.7651515151515151,484
12,126,138,10.5,120
4,27,31,6.75,12
84,241,325,2.869047619047619,249
17,470,487,27.647058823529413,492
38,43,81,1.131578947368421,38
5,703,708,140.6,714
23,424,447,18.434782608695652,445
102,541,643,5.303921568627451,559
303,194,497,0.6402640264026402,198
10,425,435,42.5,445
10,534,544,53.4,555
32,309,341,9.65625,324
12,522,534,43.5,543
14,347,361,24.785714285714285,367
61,68,129,1.1147540983606556,60
17,284,301,16.705882352941178,300
20,696,716,34.8,712
16,116,132,7.25,109
205,212,417,1.0341463414634147,216
900,220,1120,0.24444444444444444,223
50,101,151,2.02,95
12,354,366,29.5,376
9,236,245,26.22222222222222,243
85,207,292,2.4352941176470586,214
21,528,549,25.142857142857142,553
118,346,464,2.9322033898305087,469
14,206,220,14.714285714285714,212
16,546,562,34.125,567
317,675,992,2.1293375394321767,686
185,225,410,1.2162162162162162,236
55,53,108,0.9636363636363636,42
1518,22,1540,0.014492753623188406,6
13,458,471,35.23076923076923,572
9,88,97,9.777777777777779,79
5,482,487,96.4,504
35,188,223,5.371428571428571,193
98,402,500,4.1020408163265305,110
19,366,385,19.263157894736842,384
36,635,671,17.63888888888889,647
8,282,290,35.25,297
23,457,480,19.869565217391305,479
23,346,369,15.043478260869565,356
14,263,277,18.785714285714285,271
8,162,170,20.25,166
61,248,309,4.065573770491803,277
16,432,448,27.0,300
10,129,139,12.9,128
16,193,209,12.0625,200
208,661,869,3.1778846153846154,676
125,584,709,4.672,599
16,136,152,8.5,401
35,56,91,1.6,48
132,800,932,6.0606060606060606,803
640,726,1366,1.134375,738
23,881,904,38.30434782608695,889
140,633,773,4.521428571428571,643
1189,883,2072,0.7426408746846089,894
905,54,959,0.05966850828729282,47
53,195,248,3.6792452830188678,487
52,351,403,6.75,372
166,943,1109,5.680722891566265,950
20,106,126,5.3,102
92,402,494,4.369565217391305,423
8,75,83,9.375,62
382,337,719,0.8821989528795812,356
8,339,347,42.375,357
14,375,389,26.785714285714285,396
1237,1212,2449,0.9797898140662894,1006
15,203,218,13.533333333333333,202
18,212,230,11.777777777777779,220
15,67,82,4.466666666666667,22
53,262,315,4.943396226415095,278
10,210,220,21.0,212
121,125,246,1.0330578512396693,124
11,433,444,39.36363636363637,454
19,249,268,13.105263157894736,260
11,676,687,61.45454545454545,266
21,44,65,2.0952380952380953,30
155,929,1084,5.993548387096774,787
25,3,28,0.12,1
17,237,254,13.941176470588236,239
2479,485,2964,0.19564340459862847,507
18,309,327,17.166666666666668,318
58,521,579,8.982758620689655,523
12,747,759,62.25,754
20,355,375,17.75,373
14,460,474,32.857142857142854,481
64,455,519,7.109375,478
7,100,107,14.285714285714286,96
31,316,347,10.193548387096774,334
356,516,872,1.449438202247191,534
7,46,53,6.571428571428571,149
58,408,466,7.0344827586206895,428
8,322,330,40.25,338
11,230,241,20.90909090909091,242
1624,141,1765,0.08682266009852217,139
25,385,410,15.4,402
2,11,13,5.5,1
61,138,199,2.262295081967213,140
212,265,477,1.25,276
21,389,410,18.523809523809526,411
14,222,236,15.857142857142858,228
13,86,99,6.615384615384615,81
178,202,380,1.1348314606741574,207
2,11,13,5.5,1
38,458,496,12.052631578947368,475
113,751,864,6.646017699115045,758
354,385,739,1.0875706214689265,293
51,451,502,8.843137254901961,472
48,318,366,6.625,337
82,193,275,2.3536585365853657,198
22,727,749,33.04545454545455,732
18,354,372,19.666666666666668,370
16,359,375,22.4375,374
17,308,325,18.11764705882353,322
161,48,209,0.2981366459627329,31
957,326,1283,0.3406478578892372,345
19,369,388,19.42105263157895,392
38,315,353,8.289473684210526,327
51,246,297,4.823529411764706,256
2302,17,2319,0.007384882710686359,3
6,63,69,10.5,52
25,820,845,32.8,820
559,525,1084,0.9391771019677997,302
28,37,65,1.3214285714285714,22
344,197,541,0.5726744186046512,200
873,810,1683,0.9278350515463918,810
34,355,389,10.441176470588236,377
172,338,510,1.9651162790697674,406
723,371,1094,0.5131396957123098,392
76,330,406,4.342105263157895,348
16,384,400,24.0,402
11,518,529,47.09090909090909,540
77,232,309,3.012987012987013,240
789,575,1364,0.7287705956907478,591
513,209,722,0.4074074074074074,272
30,56,86,1.8666666666666667,45
10,612,622,61.2,630
141,244,385,1.7304964539007093,254
21,828,849,39.42857142857143,846
2,19,21,9.5,1
7,188,195,26.857142857142858,149
28,771,799,27.535714285714285,777
70,124,194,1.7714285714285714,122
391,408,799,1.0434782608695652,430
1592,395,1987,0.24811557788944724,392
11,327,338,29.727272727272727,341
51,119,170,2.3333333333333335,123
17,539,556,31.705882352941178,561
19,311,330,16.36842105263158,326
818,19,837,0.023227383863080684,4
168,126,294,0.75,123
22,143,165,6.5,144
10,97,107,9.7,96
14,359,373,25.642857142857142,377
38,43,81,1.131578947368421,38
53,230,283,4.339622641509434,238
24,362,386,15.083333333333334,356
118,554,672,4.694915254237288,572
1236,26,1262,0.021035598705501618,6
83,290,373,3.4939759036144578,301
766,432,1198,0.5639686684073107,454
9,439,448,48.77777777777778,469
1,10,11,10.0,1
16,559,575,34.9375,580
21,190,211,9.047619047619047,193
49,257,306,5.244897959183674,267
65,28,93,0.4307692307692308,43
31,289,320,9.32258064516129,304
267,800,1067,2.9962546816479403,803
4,202,206,50.5,232
120,550,670,4.583333333333333,568
10,115,125,11.5,213
728,781,1509,1.0728021978021978,785
31,290,321,9.35483870967742,304
409,575,984,1.4058679706601467,596
94,127,221,1.351063829787234,125
8,64,72,8.0,54
431,587,1018,1.3619489559164732,456
14,98,112,7.0,92
65,385,450,5.923076923076923,403
37,516,553,13.945945945945946,537
118,539,657,4.567796610169491,559
661,466,1127,0.7049924357034796,488
22,300,322,13.636363636363637,312
508,50,558,0.0984251968503937,117
61,132,193,2.1639344262295084,136
58,522,580,9.0,543
8,102,110,12.75,99
423,401,824,0.9479905437352246,418
14,258,272,18.428571428571427,268
8,282,290,35.25,296
663,199,862,0.30015082956259426,204
10,469,479,46.9,496
2,10,12,5.0,1
1253,879,2132,0.7015163607342378,885
340,189,529,0.5558823529411765,195
165,256,421,1.5515151515151515,272
104,478,582,4.596153846153846,500
1015,320,1335,0.31527093596059114,338
7,100,107,14.285714285714286,420
11,342,353,31.09090909090909,363
683,23,706,0.03367496339677892,8
1,10,11,10.0,1
1660,364,2024,0.21927710843373494,385
13,160,173,12.307692307692308,163
16,20,36,1.25,3
144,21,165,0.14583333333333334,7
2088,383,2471,0.18342911877394635,404
7,261,268,37.285714285714285,276
1,10,11,10.0,1
212,43,255,0.2028301886792453,31
5,39,44,7.8,30
33,410,443,12.424242424242424,431
431,37,468,0.08584686774941995,26
2345,1088,3433,0.4639658848614073,1006
43,779,822,18.11627906976744,781
13,124,137,9.538461538461538,123
75,480,555,6.4,503
3006,386,3392,0.12840984697272123,404
4,301,305,75.25,317
13,479,492,36.84615384615385,490
556,246,802,0.44244604316546765,257
46,172,218,3.739130434782609,180
492,203,695,0.41260162601626016,210
17,91,108,5.352941176470588,84
63,16,79,0.25396825396825395,29
35,366,401,10.457142857142857,386
1055,568,1623,0.5383886255924171,579
5,15,20,3.0,1
2,10,12,5.0,1
13,480,493,36.92307692307692,501
38,319,357,8.394736842105264,337
544,7,551,0.012867647058823529,1
85,83,168,0.9764705882352941,74
768,176,944,0.22916666666666666,184
1740,369,2109,0.2120689655172414,388
24,25,49,1.0416666666666667,14
19,302,321,15.894736842105264,323
25,178,203,7.12,182
2710,69,2779,0.025461254612546124,64
18,454,472,25.22222222222222,478
19,982,1001,51.68421052631579,1006
289,322,611,1.1141868512110726,135
18,148,166,8.222222222222221,150
7,31,38,4.428571428571429,12
1000,89,1089,0.089,82
55,271,326,4.927272727272728,285
43,528,571,12.279069767441861,548
53,58,111,1.0943396226415094,48
1777,25,1802,0.014068655036578503,11
2347,1018,3365,0.4337452066467831,1006
1147,677,1824,0.5902353966870096,693
851,24,875,0.0282021151586369,9
13,271,284,20.846153846153847,281
35,388,423,11.085714285714285,408
138,125,263,0.9057971014492754,122
17,198,215,11.647058823529411,203
93,120,213,1.2903225806451613,117
7,304,311,43.42857142857143,320
20,338,358,16.9,302
15,174,189,11.6,180
13,627,640,48.23076923076923,635
14,518,532,37.0,537
239,247,486,1.0334728033472804,260
19,351,370,18.473684210526315,373
29,391,420,13.482758620689655,412
23,544,567,23.652173913043477,567
17,113,130,6.647058823529412,106
31,830,861,26.774193548387096,839
6,694,700,115.66666666666667,256
48,200,248,4.166666666666667,207
18,402,420,22.333333333333332,422
56,497,553,8.875,516
67,911,978,13.597014925373134,905
12,201,213,16.75,206
38,532,570,14.0,551
14,276,290,19.714285714285715,287
208,855,1063,4.110576923076923,861
166,332,498,2.0,203
350,148,498,0.4228571428571429,147
13,96,109,7.384615384615385,74
235,87,322,0.3702127659574468,83
20,875,895,43.75,882
57,387,444,6.7894736842105265,402
7,336,343,48.0,355
280,415,695,1.4821428571428572,434
40,212,252,5.3,217
93,121,214,1.3010752688172043,119
12,318,330,26.5,338
24,545,569,22.708333333333332,625
49,427,476,8.714285714285714,448
3,10,13,3.3333333333333335,1
62,310,372,5.0,340
113,323,436,2.8584070796460175,335
13,69,82,5.3076923076923075,54
1300,953,2253,0.7330769230769231,957
3287,219,3506,0.06662610282932765,179
28,128,156,4.571428571428571,124
10,254,264,25.4,260
6,244,250,40.666666666666664,256
104,216,320,2.076923076923077,225
13,143,156,11.0,147
1241,819,2060,0.6599516518936341,829
27,420,447,15.555555555555555,444
121,58,179,0.4793388429752066,53
21,39,60,1.8571428571428572,27
69,88,157,1.2753623188405796,80
23,822,845,35.73913043478261,829
71,13,84,0.18309859154929578,1
36,779,815,21.63888888888889,781
349,422,771,1.2091690544412608,441
10,218,228,21.8,224
366,495,861,1.3524590163934427,519
314,502,816,1.5987261146496816,523
12,297,309,24.75,316
131,258,389,1.9694656488549618,268
228,845,1073,3.706140350877193,851
61,199,260,3.262295081967213,203
688,168,856,0.2441860465116279,170
15,382,397,25.466666666666665,400
1769,3,1772,0.0016958733747880158,1
977,84,1061,0.08597748208802457,77
57,117,174,2.0526315789473686,464
10,109,119,10.9,103
366,273,639,0.7459016393442623,286
8,78,86,9.75,71
1270,24,1294,0.01889763779527559,9
19,183,202,9.631578947368421,187
16,85,101,5.3125,80
496,423,919,0.8528225806451613,436
193,977,1170,5.062176165803109,1006
25,458,483,18.32,483
9,215,224,23.88888888888889,221
19,253,272,13.31578947368421,264
19,231,250,12.157894736842104,242
12,204,216,17.0,210
650,1002,1652,1.5415384615384615,1006
69,22,91,0.3188405797101449,7
699,72,771,0.10300429184549356,175
9,159,168,17.666666666666668,160
245,145,390,0.5918367346938775,388
75,649,724,8.653333333333334,665
25,410,435,16.4,429
208,363,571,1.7451923076923077,323
213,924,1137,4.338028169014085,853
13,180,193,13.846153846153847,179
42,169,211,4.023809523809524,172
5,564,569,112.8,581
1348,188,1536,0.1394658753709199,195
36,423,459,11.75,276
194,1343,1537,6.922680412371134,1006
1965,610,2575,0.3104325699745547,621
33,577,610,17.484848484848484,593
529,33,562,0.062381852551984876,315
16,242,258,15.125,248
126,279,405,2.2142857142857144,288
23,342,365,14.869565217391305,365
110,508,618,4.618181818181818,528
32,332,364,10.375,350
391,153,544,0.391304347826087,154
1092,302,1394,0.2765567765567766,318
19,648,667,34.10526315789474,658
7,297,304,42.42857142857143,306
1276,487,1763,0.3816614420062696,509
2308,102,2410,0.04419410745233969,463
186,343,529,1.8440860215053763,506
122,441,563,3.6147540983606556,458
28,581,609,20.75,599
393,804,1197,2.045801526717557,813
2,27,29,13.5,11
30,203,233,6.766666666666667,209
831,545,1376,0.6558363417569194,563
23,361,384,15.695652173913043,381
12,136,148,11.333333333333334,133
601,650,1251,1.08153078202995,663
17,601,618,35.35294117647059,618
38,383,421,10.078947368421053,397
482,130,612,0.2697095435684647,126
14,588,602,42.0,604
62,16,78,0.25806451612903225,1
678,218,896,0.3215339233038348,228
156,191,347,1.2243589743589745,359
433,376,809,0.8683602771362586,453
21,716,737,34.095238095238095,728
25,159,184,6.36,162
12,295,307,24.583333333333332,313
7,312,319,44.57142857142857,327
153,483,636,3.156862745098039,38
317,306,623,0.9652996845425867,349
55,528,583,9.6,761
15,437,452,29.133333333333333,460
29,609,638,21.0,532
195,683,878,3.5025641025641026,693
13,22,35,1.6923076923076923,7
1181,816,1997,0.6909398814563928,822
247,188,435,0.7611336032388664,192
52,384,436,7.384615384615385,401
2569,371,2940,0.1444141689373297,390
9,126,135,14.0,265
124,272,396,2.193548387096774,284
1320,298,1618,0.22575757575757577,313
1776,172,1948,0.09684684684684684,175
233,433,666,1.8583690987124464,454
3,38,41,12.666666666666666,34
482,130,612,0.2697095435684647,126
8,140,148,17.5,141
145,230,375,1.5862068965517242,236
30,933,963,31.1,957
408,193,601,0.4730392156862745,199
417,258,675,0.6187050359712231,270
317,306,623,0.9652996845425867,349
37,182,219,4.918918918918919,185
13,346,359,26.615384615384617,363
12,384,396,32.0,402
9,203,212,22.555555555555557,211
2,542,544,271.0,562
21,317,338,15.095238095238095,326
1491,345,1836,0.23138832997987926,365
27,431,458,15.962962962962964,452
423,314,737,0.7423167848699763,329
3,245,248,81.66666666666667,253
91,418,509,4.593406593406593,439
14,160,174,11.428571428571429,162
24,237,261,9.875,245
4,3,7,0.75,426
24,16,40,0.6666666666666666,393
9,214,223,23.77777777777778,220
123,498,621,4.048780487804878,518
888,481,1369,0.5416666666666666,497
9,1020,1029,113.33333333333333,1006
135,310,445,2.2962962962962963,324
242,300,542,1.2396694214876034,312
382,951,1333,2.4895287958115184,963
16,242,258,15.125,248
161,368,529,2.2857142857142856,258
27,244,271,9.037037037037036,255
69,306,375,4.434782608695652,321
5,211,216,42.2,216
29,69,98,2.3793103448275863,58
11,212,223,19.272727272727273,220
157,415,572,2.643312101910828,439
8,506,514,63.25,528
14,299,313,21.357142857142858,315
25,595,620,23.8,606
17,93,110,5.470588235294118,89
50,409,459,8.18,432
11,385,396,35.0,310
34,296,330,8.705882352941176,309
69,22,91,0.3188405797101449,7
16,379,395,23.6875,403
121,329,450,2.71900826446281,351
33,513,546,15.545454545454545,538
154,791,945,5.136363636363637,795
45,7,52,0.15555555555555556,1
2159,295,2454,0.13663733209819362,310
19,204,223,10.736842105263158,210
46,274,320,5.956521739130435,286
2,42,44,21.0,28
1,10,11,10.0,1
15,461,476,30.733333333333334,481
132,462,594,3.5,130
439,240,679,0.5466970387243736,253
11,180,191,16.363636363636363,186
28,257,285,9.178571428571429,262
95,685,780,7.2105263157894735,698
564,257,821,0.45567375886524825,271
3,80,83,26.666666666666668,75
43,275,318,6.395348837209302,288
286,839,1125,2.9335664335664338,841
108,197,305,1.8240740740740742,201
13,190,203,14.615384615384615,195
141,361,502,2.5602836879432624,419
1679,856,2535,0.509827278141751,863
238,276,514,1.1596638655462186,288
14,217,231,15.5,224
96,263,359,2.7395833333333335,268
194,89,283,0.4587628865979381,81
22,259,281,11.772727272727273,272
24,77,101,3.2083333333333335,67
7,80,87,11.428571428571429,70
29,359,388,12.379310344827585,372
203,366,569,1.8029556650246306,386
35,124,159,3.5428571428571427,122
57,853,910,14.964912280701755,867
10,106,116,10.6,97
61,431,492,7.065573770491803,452
12,424,436,35.333333333333336,446
26,543,569,20.884615384615383,559
13,203,216,15.615384615384615,211
44,375,419,8.522727272727273,393
9,1020,1029,113.33333333333333,1006
33,410,443,12.424242424242424,431
3840,115,3955,0.029947916666666668,115
7,30,37,4.285714285714286,15
6,439,445,73.16666666666667,461
266,347,613,1.3045112781954886,364
15,393,408,26.2,418
2594,166,2760,0.06399383191981496,172
18,58,76,3.2222222222222223,46
2291,266,2557,0.11610650371017023,177
9,372,381,41.333333333333336,393
43,384,427,8.930232558139535,404
6,376,382,62.666666666666664,399
4,145,149,36.25,148
5,58,63,11.6,51
8,50,58,6.25,368
8,83,91,10.375,74
1570,81,1651,0.05159235668789809,74
194,4,198,0.020618556701030927,1
251,78,329,0.3107569721115538,71
6,173,179,28.833333333333332,174
2,905,907,452.5,609
1,10,11,10.0,1
24,221,245,9.208333333333334,227
24,75,99,3.125,64
220,332,552,1.509090909090909,347
37,292,329,7.891891891891892,438
14,526,540,37.57142857142857,546
28,296,324,10.571428571428571,310
223,318,541,1.4260089686098654,335
29,291,320,10.03448275862069,306
59,482,541,8.169491525423728,510
57,440,497,7.719298245614035,463
49,414,463,8.448979591836734,381
15,370,385,24.666666666666668,381
335,159,494,0.4746268656716418,161
80,610,690,7.625,629
86,340,426,3.953488372093023,356
13,248,261,19.076923076923077,255
502,66,568,0.13147410358565736,56
138,237,375,1.7173913043478262,243
17,326,343,19.176470588235293,211
9,371,380,41.22222222222222,388
19,262,281,13.789473684210526,274
18,59,77,3.2777777777777777,51
10,260,270,26.0,271
26,274,300,10.538461538461538,287
26,297,323,11.423076923076923,308
1742,402,2144,0.23076923076923078,420
251,445,696,1.7729083665338645,467
21,466,487,22.19047619047619,488
26,421,447,16.192307692307693,436
27,574,601,21.25925925925926,592
26,292,318,11.23076923076923,310
280,589,869,2.1035714285714286,610
17,352,369,20.705882352941178,376
312,238,550,0.7628205128205128,247
7,162,169,23.142857142857142,149
56,207,263,3.6964285714285716,209
14,48,62,3.4285714285714284,36
119,337,456,2.831932773109244,354
14,332,346,23.714285714285715,346
22,496,518,22.545454545454547,513
151,15,166,0.09933774834437085,2
261,120,381,0.45977011494252873,114
14,388,402,27.714285714285715,406
220,102,322,0.4636363636363636,96
8,422,430,52.75,444
148,148,296,1.0,148
1178,106,1284,0.0899830220713073,103
43,403,446,9.372093023255815,424
32,250,282,7.8125,259
15,294,309,19.6,303
6,338,344,56.333333333333336,356
20,392,412,19.6,414
34,282,316,8.294117647058824,294
11,33,44,3.0,35
23,107,130,4.6521739130434785,102
30,909,939,30.3,518
7,619,626,88.42857142857143,632
24,585,609,24.375,600
215,271,486,1.2604651162790699,200
29,760,789,26.20689655172414,767
25,24,49,0.96,10
2505,391,2896,0.1560878243512974,408
22,727,749,33.04545454545455,732
89,504,593,5.662921348314606,437
76,896,972,11.789473684210526,651
39,270,309,6.923076923076923,282
40,767,807,19.175,773
25,107,132,4.28,99
2353,158,2511,0.0671483212919677,156
644,196,840,0.30434782608695654,230
66,36,102,0.5454545454545454,12
53,262,315,4.943396226415095,278
22,47,69,2.1363636363636362,35
1327,490,1817,0.36925395629238883,511
119,469,588,3.9411764705882355,486
8,31,39,3.875,24
99,416,515,4.202020202020202,439
2,10,12,5.0,1
89,66,155,0.7415730337078652,240
317,295,612,0.9305993690851735,310
456,293,749,0.6425438596491229,305
52,454,506,8.73076923076923,476
81,297,378,3.6666666666666665,306
30,499,529,16.633333333333333,522
19,351,370,18.473684210526315,373
271,293,564,1.081180811808118,306
2,10,12,5.0,1
22,57,79,2.590909090909091,47
13,783,796,60.23076923076923,633
21,526,547,25.047619047619047,549
11,387,398,35.18181818181818,408
302,489,791,1.619205298013245,1006
60,445,505,7.416666666666667,463
45,27,72,0.6,1
84,177,261,2.107142857142857,175
64,531,595,8.296875,562
14,944,958,67.42857142857143,956
68,304,372,4.470588235294118,314
1000,33,1033,0.033,20
80,764,844,9.55,765
180,603,783,3.35,616
201,860,1061,4.278606965174129,869
11,35,46,3.1818181818181817,22
450,700,1150,1.5555555555555556,711
90,54,144,0.6,39
114,55,169,0.4824561403508772,35
83,429,512,5.168674698795181,369
8,175,183,21.875,180
276,626,902,2.2681159420289854,635
161,271,432,1.6832298136645962,284
116,372,488,3.206896551724138,396
61,685,746,11.229508196721312,623
10,20,30,2.0,7
1268,217,1485,0.17113564668769715,226
197,219,416,1.1116751269035532,228
259,568,827,2.193050193050193,583
9,319,328,35.44444444444444,337
74,339,413,4.581081081081081,357
23,965,988,41.95652173913044,989
15,338,353,22.533333333333335,343
13,148,161,11.384615384615385,150
48,372,420,7.75,510
29,38,67,1.3103448275862069,26
2111,42,2153,0.01989578398863098,197
8,87,95,10.875,77
1,10,11,10.0,1
3250,8,3258,0.0024615384615384616,1
10,242,252,24.2,277
11,37,48,3.3636363636363638,18
8,18,26,2.25,3
14,373,387,26.642857142857142,478
13,106,119,8.153846153846153,98
90,269,359,2.988888888888889,277
17,90,107,5.294117647058823,80
36,825,861,22.916666666666668,832
8,501,509,62.625,526
15,45,60,3.0,28
387,361,748,0.9328165374677002,379
29,101,130,3.4827586206896552,95
8,155,163,19.375,154
290,285,575,0.9827586206896551,296
17,357,374,21.0,366
20,393,413,19.65,573
81,284,365,3.506172839506173,296
27,381,408,14.11111111111111,408
34,327,361,9.617647058823529,343
5,432,437,86.4,454
17,236,253,13.882352941176471,315
1738,608,2346,0.34982738780207134,623
124,44,168,0.3548387096774194,33
15,402,417,26.8,423
30,255,285,8.5,268
32,484,516,15.125,501
727,70,797,0.09628610729023383,61
7,166,173,23.714285714285715,169
4,360,364,90.0,382
14,365,379,26.071428571428573,384
5,334,339,66.8,355
90,427,517,4.7444444444444445,445
66,366,432,5.545454545454546,387
4,15,19,3.75,1
1180,243,1423,0.2059322033898305,254
6,98,104,16.333333333333332,94
96,798,894,8.3125,800
30,506,536,16.866666666666667,525
162,531,693,3.2777777777777777,551
1,10,11,10.0,1
25,157,182,6.28,158
164,332,496,2.024390243902439,346
104,644,748,6.1923076923076925,414
9,106,115,11.777777777777779,103
26,514,540,19.76923076923077,540
278,3,281,0.01079136690647482,1
19,619,638,32.578947368421055,633
353,366,719,1.0368271954674222,429
18,218,236,12.11111111111111,222
18,227,245,12.61111111111111,237
162,211,373,1.3024691358024691,218
24,129,153,5.375,128
369,221,590,0.5989159891598916,227
1266,4,1270,0.00315955766192733,1
38,113,151,2.973684210526316,111
51,222,273,4.352941176470588,228
252,200,452,0.7936507936507936,204
151,359,510,2.377483443708609,378
26,383,409,14.73076923076923,555
264,987,1251,3.7386363636363638,919
443,257,700,0.5801354401805869,263
128,284,412,2.21875,295
494,451,945,0.9129554655870445,472
2861,793,3654,0.2771758126529186,800
196,649,845,3.311224489795918,657
137,148,285,1.0802919708029197,146
6,45,51,7.5,19
10,269,279,26.9,284
5,261,266,52.2,274
11,289,300,26.272727272727273,306
25,498,523,19.92,515
16,1054,1070,65.875,1006
15,279,294,18.6,293
9,318,327,35.333333333333336,334
450,379,829,0.8422222222222222,386
8,14,22,1.75,1
534,941,1475,1.7621722846441947,962
24,259,283,10.791666666666666,273
27,619,646,22.925925925925927,635
49,185,234,3.7755102040816326,189
46,458,504,9.956521739130435,481
16,340,356,21.25,358
186,95,281,0.510752688172043,84
431,534,965,1.2389791183294663,552
428,341,769,0.7967289719626168,359
79,20,99,0.25316455696202533,30
30,433,463,14.433333333333334,454
283,590,873,2.0848056537102475,607
22,7,29,0.3181818181818182,1
11,605,616,55.0,622
145,37,182,0.25517241379310346,36
295,73,368,0.24745762711864408,62
5,227,232,45.4,237
11,289,300,26.272727272727273,301
4,123,127,30.75,426
84,426,510,5.071428571428571,445
38,196,234,5.157894736842105,198
9,88,97,9.777777777777779,79
30,478,508,15.933333333333334,498
11,166,177,15.090909090909092,168
48,429,477,8.9375,451
13,929,942,71.46153846153847,937
2505,932,3437,0.3720558882235529,942
63,190,253,3.015873015873016,192
8,43,51,5.375,33
36,458,494,12.722222222222221,487
3029,304,3333,0.10036315615714757,316
16,226,242,14.125,240
296,353,649,1.1925675675675675,368
1849,518,2367,0.280151433207139,540
27,619,646,22.925925925925927,635
16,603,619,37.6875,617
7,250,257,35.714285714285715,258
1707,45,1752,0.026362038664323375,35
19,491,510,25.842105263157894,511
34,230,264,6.764705882352941,239
116,84,200,0.7241379310344828,487
13,370,383,28.46153846153846,394
202,148,350,0.7326732673267327,152
192,161,353,0.8385416666666666,165
11,180,191,16.363636363636363,186
12,144,156,12.0,147
527,153,680,0.2903225806451613,153
7,229,236,32.714285714285715,235
6,111,117,18.5,107
1,10,11,10.0,1
29,245,274,8.448275862068966,255
15,324,339,21.6,337
7,400,407,57.142857142857146,421
144,724,868,5.027777777777778,734
135,864,999,6.4,872
36,611,647,16.97222222222222,454
108,45,153,0.4166666666666667,31
18,258,276,14.333333333333334,265
16,378,394,23.625,393
4,167,171,41.75,171
25,134,159,5.36,136
126,118,244,0.9365079365079365,254
295,126,421,0.4271186440677966,125
21,618,639,29.428571428571427,636
7,549,556,78.42857142857143,568
1093,613,1706,0.5608417200365965,628
3817,92,3909,0.024102698454283467,85
20,92,112,4.6,85
4,11,15,2.75,1
96,19,115,0.19791666666666666,6
27,299,326,11.074074074074074,283
36,463,499,12.86111111111111,479
9,366,375,40.666666666666664,390
20,16,36,0.8,1
554,380,934,0.6859205776173285,402
9,494,503,54.888888888888886,518
5,482,487,96.4,504
16,216,232,13.5,225
67,248,315,3.701492537313433,260
55,1047,1102,19.036363636363635,1006
301,529,830,1.7574750830564785,547
41,15,56,0.36585365853658536,1
17,157,174,9.235294117647058,316
227,4,231,0.01762114537444934,1
40,326,366,8.15,343
506,264,770,0.5217391304347826,273
19,500,519,26.31578947368421,528
86,265,351,3.0813953488372094,272
25,3,28,0.12,1
4,278,282,69.5,293
423,568,991,1.342789598108747,585
41,301,342,7.341463414634147,513
12,181,193,15.083333333333334,182
55,158,213,2.8727272727272726,176
516,52,568,0.10077519379844961,40
18,145,163,8.055555555555555,148
846,241,1087,0.2848699763593381,250
26,104,130,4.0,95
11,217,228,19.727272727272727,225
63,727,790,11.53968253968254,733
136,965,1101,7.095588235294118,983
66,947,1013,14.348484848484848,963
23,471,494,20.47826086956522,491
11,374,385,34.0,400
30,190,220,6.333333333333333,193
5,716,721,143.2,724
22,70,92,3.1818181818181817,64
12,366,378,30.5,387
25,40,65,1.6,97
18,501,519,27.833333333333332,232
810,532,1342,0.6567901234567901,549
1129,290,1419,0.25686448184233834,301
5,159,164,31.8,145
9,930,939,103.33333333333333,938
124,880,1004,7.096774193548387,886
26,543,569,20.884615384615383,559
1044,27,1071,0.02586206896551724,17
185,195,380,1.054054054054054,199
12,189,201,15.75,186
5,420,425,84.0,443
23,538,561,23.391304347826086,564
24,86,110,3.5833333333333335,79
53,727,780,13.716981132075471,741
28,313,341,11.178571428571429,331
7,120,127,17.142857142857142,149
54,99,153,1.8333333333333333,91
28,201,229,7.178571428571429,207
59,215,274,3.6440677966101696,221
196,514,710,2.622448979591837,531
176,423,599,2.403409090909091,444
12,237,249,19.75,241
16,146,162,9.125,149
937,7,944,0.007470651013874066,555
62,107,169,1.7258064516129032,103
30,334,364,11.133333333333333,346
10,392,402,39.2,421
196,448,644,2.2857142857142856,469
15,420,435,28.0,435
3,464,467,154.66666666666666,484
18,343,361,19.055555555555557,365
11,146,157,13.272727272727273,147
119,408,527,3.4285714285714284,426
6,415,421,69.16666666666667,439
156,266,422,1.705128205128205,274
85,222,307,2.611764705882353,231
17,312,329,18.352941176470587,197
150,606,756,4.04,618
29,471,500,16.24137931034483,493
11,390,401,35.45454545454545,411
10,630,640,63.0,645
4,169,173,42.25,171
9,35,44,3.888888888888889,44
7,410,417,58.57142857142857,427
14,314,328,22.428571428571427,327
36,825,861,22.916666666666668,832
5,751,756,150.2,398
14,923,937,65.92857142857143,926
6,141,147,23.5,141
253,559,812,2.2094861660079053,579
27,412,439,15.25925925925926,432
17,182,199,10.705882352941176,187
26,110,136,4.230769230769231,113
73,450,523,6.164383561643835,471
2,179,181,89.5,185
766,364,1130,0.4751958224543081,386
8,192,200,24.0,200
209,312,521,1.492822966507177,327
329,998,1327,3.033434650455927,1006
98,106,204,1.0816326530612246,102
81,414,495,5.111111111111111,433
30,336,366,11.2,355
20,178,198,8.9,181
10,179,189,17.9,179
702,40,742,0.05698005698005698,29
29,298,327,10.275862068965518,308
124,677,801,5.459677419354839,694
17,412,429,24.235294117647058,338
33,341,374,10.333333333333334,354
44,45,89,1.0227272727272727,31
68,690,758,10.147058823529411,705
68,457,525,6.720588235294118,479
38,224,262,5.894736842105263,233
9,8,17,0.8888888888888888,1
450,288,738,0.64,386
92,317,409,3.4456521739130435,334
4,576,580,144.0,602
197,79,276,0.4010152284263959,72
19,366,385,19.263157894736842,384
7,214,221,30.571428571428573,149
1290,520,1810,0.40310077519379844,540
1433,22,1455,0.015352407536636426,8
151,10,161,0.06622516556291391,1
8,201,209,25.125,209
3107,119,3226,0.03830061152236885,113
9,468,477,52.0,487
250,145,395,0.58,143
44,544,588,12.363636363636363,445
41,165,206,4.024390243902439,165
230,220,450,0.9565217391304348,228
2245,209,2454,0.0930957683741648,214
311,627,938,2.0160771704180065,474
31,105,136,3.3870967741935485,439
39,795,834,20.384615384615383,802
82,13,95,0.15853658536585366,1
240,440,680,1.8333333333333333,464
2979,393,3372,0.13192346424974824,412
6,119,125,19.833333333333332,115
26,292,318,11.23076923076923,306
52,356,408,6.846153846153846,452
26,254,280,9.76923076923077,267
6,147,153,24.5,148
57,68,125,1.1929824561403508,62
8,124,132,15.5,122
27,25,52,0.9259259259259259,7
16,57,73,3.5625,48
18,495,513,27.5,514
93,379,472,4.075268817204301,396
26,56,82,2.1538461538461537,45
62,141,203,2.274193548387097,140
4,963,967,240.75,805
40,312,352,7.8,327
508,619,1127,1.218503937007874,632
1391,247,1638,0.17757009345794392,259
2831,377,3208,0.13316849169904627,401
30,417,447,13.9,682
14,335,349,23.928571428571427,355
6,96,102,16.0,92
734,386,1120,0.5258855585831063,408
14,295,309,21.071428571428573,309
12,310,322,25.833333333333332,324
96,114,210,1.1875,110
8,365,373,45.625,382
19,68,87,3.5789473684210527,59
10,154,164,15.4,154
159,222,381,1.3962264150943395,185
25,232,257,9.28,240
82,453,535,5.524390243902439,476
95,148,243,1.5578947368421052,150
10,76,86,7.6,67
11,82,93,7.454545454545454,69
459,29,488,0.06318082788671024,13
19,345,364,18.157894736842106,364
162,175,337,1.0802469135802468,180
26,242,268,9.307692307692308,250
1,10,11,10.0,1
39,79,118,2.0256410256410255,75
51,413,464,8.098039215686274,432
6,430,436,71.66666666666667,442
21,102,123,4.857142857142857,99
1239,567,1806,0.4576271186440678,578
6,368,374,61.333333333333336,387
141,193,334,1.3687943262411348,196
281,179,460,0.6370106761565836,183
37,492,529,13.297297297297296,514
2,292,294,146.0,433
8,308,316,38.5,323
4,286,290,71.5,303
357,850,1207,2.380952380952381,855
7,69,76,9.857142857142858,60
19,374,393,19.68421052631579,392
9,230,239,25.555555555555557,237
17,197,214,11.588235294117647,204
356,373,729,1.047752808988764,391
508,601,1109,1.1830708661417322,615
10,394,404,39.4,416
17,404,421,23.764705882352942,440
83,314,397,3.783132530120482,287
14,1038,1052,74.14285714285714,1006
1,11,12,11.0,5
12,284,296,23.666666666666668,299
10,195,205,19.5,200
17,839,856,49.35294117647059,847
12,133,145,11.083333333333334,133
56,828,884,14.785714285714286,837
9,376,385,41.77777777777778,403
30,205,235,6.833333333333333,208
76,61,137,0.8026315789473685,54
13,155,168,11.923076923076923,155
1,50,51,50.0,1
18,146,164,8.11111111111111,146
24,642,666,26.75,655
18,525,543,29.166666666666668,545
152,462,614,3.039473684210526,485
41,281,322,6.853658536585366,294
22,693,715,31.5,712
68,439,507,6.455882352941177,459
10,476,486,47.6,361
14,458,472,32.714285714285715,478
38,7,45,0.18421052631578946,1
1289,962,2251,0.7463149728471683,941
57,396,453,6.947368421052632,416
47,577,624,12.27659574468085,595
266,452,718,1.699248120300752,474
324,42,366,0.12962962962962962,29
13,312,325,24.0,328
78,567,645,7.269230769230769,583
709,120,829,0.1692524682651622,258
27,43,70,1.5925925925925926,74
23,260,283,11.304347826086957,273
19,500,519,26.31578947368421,528
22,995,1017,45.22727272727273,1006
104,336,440,3.230769230769231,356
3,4,7,1.3333333333333333,1
21,635,656,30.238095238095237,648
33,384,417,11.636363636363637,404
374,223,597,0.5962566844919787,233
88,263,351,2.9886363636363638,273
396,214,610,0.5404040404040404,223
457,365,822,0.7986870897155361,384
2821,63,2884,0.022332506203473945,350
11,667,678,60.63636363636363,679
171,834,1005,4.87719298245614,842
94,284,378,3.021276595744681,297
19,456,475,24.0,477
44,497,541,11.295454545454545,513
9,772,781,85.77777777777777,775
31,980,1011,31.612903225806452,1006
76,339,415,4.4605263157894735,361
52,480,532,9.23076923076923,505
13,186,199,14.307692307692308,192
60,55,115,0.9166666666666666,44
12,509,521,42.416666666666664,529
29,397,426,13.689655172413794,412
102,84,186,0.8235294117647058,80
8,798,806,99.75,800
9,199,208,22.11111111111111,101
17,16,33,0.9411764705882353,1
2735,235,2970,0.08592321755027423,252
60,30,90,0.5,15
489,53,542,0.1083844580777096,44
2,228,230,114.0,235
20,529,549,26.45,549
10,234,244,23.4,281
18,44,62,2.4444444444444446,36
30,334,364,11.133333333333333,346
19,24,43,1.263157894736842,10
7,153,160,21.857142857142858,149
25,375,400,15.0,396
22,601,623,27.318181818181817,611
14,263,277,18.785714285714285,271
352,299,651,0.8494318181818182,316
2,103,105,51.5,100
71,230,301,3.23943661971831,237
112,478,590,4.267857142857143,170
31,980,1011,31.612903225806452,1006
340,189,529,0.5558823529411765,195
9,302,311,33.55555555555556,317
127,147,274,1.1574803149606299,464
17,240,257,14.117647058823529,241
6,74,80,12.333333333333334,65
19,311,330,16.36842105263158,326
57,41,98,0.7192982456140351,26
575,7,582,0.01217391304347826,1
186,619,805,3.327956989247312,634
14,519,533,37.07142857142857,538
43,426,469,9.906976744186046,446
141,84,225,0.5957446808510638,80
119,434,553,3.6470588235294117,451
25,203,228,8.12,210
567,387,954,0.6825396825396826,413
180,501,681,2.783333333333333,522
838,940,1778,1.1217183770883055,951
19,449,468,23.63157894736842,470
8,403,411,50.375,432
331,111,442,0.33534743202416917,106
185,340,525,1.837837837837838,337
255,227,482,0.8901960784313725,238
285,372,657,1.305263157894737,438
19,100,119,5.2631578947368425,96
33,475,508,14.393939393939394,498
12,158,170,13.166666666666666,164
15,253,268,16.866666666666667,264
64,43,107,0.671875,33
12,416,428,34.666666666666664,439
694,404,1098,0.5821325648414986,424
134,136,270,1.0149253731343284,134
104,265,369,2.548076923076923,280
8,196,204,24.5,199
59,467,526,7.915254237288136,485
7,130,137,18.571428571428573,131
292,196,488,0.6712328767123288,200
1972,829,2801,0.42038539553752535,829
14,133,147,9.5,133
54,95,149,1.7592592592592593,91
112,766,878,6.839285714285714,770
20,92,112,4.6,85
37,277,314,7.486486486486487,295
122,400,522,3.278688524590164,417
5,19,24,3.8,6
22,257,279,11.681818181818182,268
40,425,465,10.625,445
45,304,349,6.7555555555555555,320
40,264,304,6.6,276
6,313,319,52.166666666666664,487
41,509,550,12.414634146341463,533
23,560,583,24.347826086956523,585
2469,39,2508,0.015795868772782502,30
11,86,97,7.818181818181818,78
8,325,333,40.625,341
20,601,621,30.05,613
903,924,1827,1.0232558139534884,925
16,287,303,17.9375,300
744,145,889,0.19489247311827956,142
19,408,427,21.473684210526315,429
171,802,973,4.690058479532164,804
24,362,386,15.083333333333334,380
1,10,11,10.0,1
42,306,348,7.285714285714286,320
13,43,56,3.3076923076923075,31
23,147,170,6.391304347826087,147
198,10,208,0.050505050505050504,1
14,510,524,36.42857142857143,532
38,526,564,13.842105263157896,550
170,295,465,1.7352941176470589,311
92,821,913,8.923913043478262,820
84,243,327,2.892857142857143,253
30,251,281,8.366666666666667,386
13,322,335,24.76923076923077,336
10,504,514,50.4,527
40,336,376,8.4,350
60,533,593,8.883333333333333,553
19,95,114,5.0,90
34,4,38,0.11764705882352941,1
25,363,388,14.52,383
17,607,624,35.705882352941174,624
33,14,47,0.42424242424242425,1
36,285,321,7.916666666666667,296
26,35,61,1.3461538461538463,19
34,243,277,7.147058823529412,252
63,333,396,5.285714285714286,396
36,324,360,9.0,339
533,411,944,0.7711069418386491,431
225,983,1208,4.368888888888889,811
18,693,711,38.5,707
13,260,273,20.0,270
598,510,1108,0.8528428093645485,532
43,471,514,10.953488372093023,493
51,744,795,14.588235294117647,751
33,377,410,11.424242424242424,396
5,585,590,117.0,603
2,31,33,15.5,15
33,577,610,17.484848484848484,593
983,384,1367,0.3906408952187182,404
33,887,920,26.87878787878788,899
11,190,201,17.272727272727273,186
68,272,340,4.0,283
652,939,1591,1.4401840490797546,957
109,495,604,4.541284403669724,528
12,382,394,31.833333333333332,398
19,492,511,25.894736842105264,515
130,462,592,3.5538461538461537,486
456,358,814,0.7850877192982456,375
91,821,912,9.021978021978022,827
64,388,452,6.0625,407
13,198,211,15.23076923076923,196
49,108,157,2.204081632653061,105
8,114,122,14.25,109
8,291,299,36.375,306
49,13,62,0.2653061224489796,1
38,372,410,9.789473684210526,389
48,305,353,6.354166666666667,325
7,348,355,49.714285714285715,368
13,66,79,5.076923076923077,60
8,103,111,12.875,98
12,235,247,19.583333333333332,243
11,840,851,76.36363636363636,856
22,449,471,20.40909090909091,263
34,159,193,4.676470588235294,164
65,201,266,3.0923076923076924,204
1984,7,1991,0.003528225806451613,1
24,366,390,15.25,254
146,212,358,1.452054794520548,217
89,612,701,6.876404494382022,626
37,287,324,7.756756756756757,308
63,390,453,6.190476190476191,413
113,868,981,7.68141592920354,876
100,29,129,0.29,24
13,245,258,18.846153846153847,254
39,210,249,5.384615384615385,217
14,419,433,29.928571428571427,430
12,364,376,30.333333333333332,607
39,449,488,11.512820512820513,468
59,340,399,5.762711864406779,353
441,541,982,1.2267573696145124,561
18,462,480,25.666666666666668,486
29,251,280,8.655172413793103,258
10,180,190,18.0,183
7,139,146,19.857142857142858,143
47,246,293,5.23404255319149,258
44,209,253,4.75,437
217,293,510,1.3502304147465438,309
444,427,871,0.9617117117117117,414
7,26,33,3.7142857142857144,10
3741,281,4022,0.07511360598770382,227
36,269,305,7.472222222222222,282
831,545,1376,0.6558363417569194,563
23,950,973,41.30434782608695,942
10,201,211,20.1,206
134,33,167,0.2462686567164179,19
588,987,1575,1.6785714285714286,1006
25,545,570,21.8,566
228,396,624,1.736842105263158,418
222,341,563,1.5360360360360361,359
1452,194,1646,0.13360881542699724,202
28,90,118,3.2142857142857144,84
351,156,507,0.4444444444444444,465
349,845,1194,2.4212034383954153,855
33,705,738,21.363636363636363,720
46,407,453,8.847826086956522,429
75,276,351,3.68,288
27,372,399,13.777777777777779,424
12,349,361,29.083333333333332,365
130,919,1049,7.069230769230769,911
1,10,11,10.0,1
96,981,1077,10.21875,1006
333,160,493,0.4804804804804805,162
5,44,49,8.8,29
24,963,987,40.125,422
32,110,142,3.4375,106
1045,588,1633,0.5626794258373206,605
60,519,579,8.65,542
12,309,321,25.75,319
339,601,940,1.7728613569321534,613
14,509,523,36.357142857142854,533
1,39,40,39.0,1
26,254,280,9.76923076923077,267
1139,233,1372,0.20456540825285338,240
20,307,327,15.35,322
124,985,1109,7.943548387096774,1006
3097,178,3275,0.05747497578301582,185
7,227,234,32.42857142857143,233
10,424,434,42.4,450
106,379,485,3.5754716981132075,392
22,260,282,11.818181818181818,269
784,472,1256,0.6020408163265306,494
23,85,108,3.6956521739130435,316
20,313,333,15.65,327
47,83,130,1.7659574468085106,77
50,1020,1070,20.4,1006
24,350,374,14.583333333333334,371
14,10,24,0.7142857142857143,1
7,240,247,34.285714285714285,253
57,23,80,0.40350877192982454,4
934,988,1922,1.0578158458244111,1006
49,74,123,1.510204081632653,67
23,224,247,9.73913043478261,226
10,719,729,71.9,729
258,100,358,0.3875968992248062,94
1,10,11,10.0,1
123,957,1080,7.780487804878049,971
26,363,389,13.961538461538462,378
14,250,264,17.857142857142858,259
29,405,434,13.96551724137931,421
103,80,183,0.7766990291262136,87
681,666,1347,0.9779735682819384,678
20,252,272,12.6,264
16,338,354,21.125,353
12,77,89,6.416666666666667,66
23,118,141,5.130434782608695,115
30,66,96,2.2,58
11,121,132,11.0,120
26,37,63,1.4230769230769231,23
4,28,32,7.0,9
2,41,43,20.5,1
35,480,515,13.714285714285714,374
1121,475,1596,0.423728813559322,496
1406,32,1438,0.02275960170697013,20
24,524,548,21.833333333333332,571
14,330,344,23.571428571428573,344
164,370,534,2.2560975609756095,388
20,386,406,19.3,402
12,315,327,26.25,331
4,255,259,63.75,269
705,719,1424,1.0198581560283688,721
551,15,566,0.02722323049001815,1
21,366,387,17.428571428571427,384
23,258,281,11.217391304347826,264
15,264,279,17.6,276
141,25,166,0.1773049645390071,9
9,119,128,13.222222222222221,115
233,966,1199,4.145922746781116,995
19,408,427,21.473684210526315,430
34,339,373,9.970588235294118,353
16,355,371,22.1875,373
299,843,1142,2.819397993311037,846
25,118,143,4.72,117
133,345,478,2.593984962406015,364
5,186,191,37.2,190
21,777,798,37.0,781
9,297,306,33.0,314
64,214,278,3.34375,216
34,57,91,1.6764705882352942,49
465,315,780,0.6774193548387096,331
61,324,385,5.311475409836065,342
18,218,236,12.11111111111111,222
59,559,618,9.474576271186441,577
13,285,298,21.923076923076923,325
9,476,485,52.888888888888886,495
54,302,356,5.592592592592593,320
102,611,713,5.990196078431373,620
14,150,164,10.714285714285714,150
80,971,1051,12.1375,1006
44,132,176,3.0,131
61,177,238,2.901639344262295,181
2006,271,2277,0.13509471585244268,114
26,180,206,6.923076923076923,183
16,722,738,45.125,735
54,828,882,15.333333333333334,843
15,628,643,41.86666666666667,647
76,389,465,5.118421052631579,411
626,310,936,0.4952076677316294,325
14,31,45,2.2142857142857144,18
14,405,419,28.928571428571427,430
56,760,816,13.571428571428571,768
15,189,204,12.6,190
1039,531,1570,0.5110683349374399,551
21,312,333,14.857142857142858,324
10,257,267,25.7,314
17,944,961,55.529411764705884,965
65,198,263,3.046153846153846,203
14,496,510,35.42857142857143,516
52,299,351,5.75,313
19,244,263,12.842105263157896,298
407,331,738,0.8132678132678133,348
8,324,332,40.5,350
8,124,132,15.5,123
66,723,789,10.954545454545455,730
15,688,703,45.86666666666667,710
16,408,424,25.5,433
36,302,338,8.38888888888889,318
12,278,290,23.166666666666668,294
20,266,286,13.3,276
119,283,402,2.3781512605042017,297
143,379,522,2.6503496503496504,397
16,786,802,49.125,790
25,292,317,11.68,307
451,466,917,1.033259423503326,496
122,629,751,5.155737704918033,686
28,168,196,6.0,172
676,64,740,0.09467455621301775,59
6,34,40,5.666666666666667,24
37,337,374,9.108108108108109,353
21,389,410,18.523809523809526,412
4,1015,1019,253.75,1006
40,195,235,4.875,201
50,533,583,10.66,551
2,10,12,5.0,1
963,200,1163,0.20768431983385255,205
537,865,1402,1.6108007448789572,781
601,380,981,0.632279534109817,394
167,270,437,1.6167664670658684,278
1253,498,1751,0.3974461292897047,518
54,26,80,0.48148148148148145,12
10,617,627,61.7,631
35,668,703,19.085714285714285,679
150,519,669,3.46,538
1897,641,2538,0.3379019504480759,653
48,250,298,5.208333333333333,260
265,135,400,0.5094339622641509,134
16,360,376,22.5,378
9,800,809,88.88888888888889,802
11,598,609,54.36363636363637,617
2593,135,2728,0.0520632472040108,128
15,369,384,24.6,390
29,471,500,16.24137931034483,493
131,320,451,2.4427480916030535,347
32,526,558,16.4375,601
728,932,1660,1.2802197802197801,940
87,109,196,1.2528735632183907,106
49,46,95,0.9387755102040817,32
27,398,425,14.74074074074074,415
1272,1013,2285,0.7963836477987422,1006
19,130,149,6.842105263157895,463
59,340,399,5.762711864406779,353
18,272,290,15.11111111111111,285
42,27,69,0.6428571428571429,15
371,145,516,0.3908355795148248,143
5,473,478,94.6,493
67,489,556,7.298507462686567,509
3319,239,3558,0.07200964145827056,232
44,676,720,15.363636363636363,687
49,464,513,9.46938775510204,567
1848,675,2523,0.3652597402597403,686
11,119,130,10.818181818181818,243
21,20,41,0.9523809523809523,5
12,318,330,26.5,338
48,941,989,19.604166666666668,951
17,718,735,42.23529411764706,725
13,140,153,10.76923076923077,143
390,406,796,1.041025641025641,428
26,879,905,33.80769230769231,884
422,358,780,0.8483412322274881,328
1039,1059,2098,1.0192492781520692,1006
6,353,359,58.833333333333336,374
45,302,347,6.711111111111111,320
22,869,891,39.5,902
52,559,611,10.75,575
283,6,289,0.02120141342756184,1
70,500,570,7.142857142857143,521
103,144,247,1.3980582524271845,145
20,418,438,20.9,440
11,217,228,19.727272727272727,225
14,543,557,38.785714285714285,563
121,773,894,6.3884297520661155,775
25,227,252,9.08,233
87,635,722,7.2988505747126435,649
69,326,395,4.72463768115942,343
1087,262,1349,0.24103035878564857,273
27,633,660,23.444444444444443,653
9,285,294,31.666666666666668,270
27,65,92,2.4074074074074074,58
9,221,230,24.555555555555557,229
121,81,202,0.6694214876033058,75
162,215,377,1.3271604938271604,218
4,234,238,58.5,244
884,124,1008,0.14027149321266968,124
6,96,102,16.0,361
67,785,852,11.716417910447761,415
11,246,257,22.363636363636363,255
185,334,519,1.8054054054054054,349
7,200,207,28.571428571428573,149
616,527,1143,0.8555194805194806,547
8,19,27,2.375,92
13,370,383,28.46153846153846,384
18,29,47,1.6111111111111112,16
60,215,275,3.5833333333333335,218
42,236,278,5.619047619047619,245
57,49,106,0.8596491228070176,38
78,919,997,11.782051282051283,924
2699,330,3029,0.12226750648388292,351
40,666,706,16.65,677
26,474,500,18.23076923076923,496
1172,623,1795,0.5315699658703071,635
1134,106,1240,0.09347442680776014,100
8,124,132,15.5,123
4,59,63,14.75,124
6,25,31,4.166666666666667,10
28,284,312,10.142857142857142,296
2185,26,2211,0.011899313501144164,12
10,361,371,36.1,392
89,870,959,9.775280898876405,877
10,48,58,4.8,104
311,110,421,0.3536977491961415,109
82,498,580,6.073170731707317,518
12,335,347,27.916666666666668,348
16,248,264,15.5,257
44,334,378,7.590909090909091,353
66,217,283,3.287878787878788,224
5,165,170,33.0,167
11,21,32,1.9090909090909092,6
2675,306,2981,0.11439252336448598,326
1318,7,1325,0.005311077389984826,1
15,225,240,15.0,229
12,424,436,35.333333333333336,447
2,10,12,5.0,1
10,367,377,36.7,386
9,910,919,101.11111111111111,924
63,738,801,11.714285714285714,750
7,29,36,4.142857142857143,12
12,509,521,42.416666666666664,529
28,143,171,5.107142857142857,143
9,26,35,2.888888888888889,8
26,755,781,29.03846153846154,756
8,776,784,97.0,786
19,601,620,31.63157894736842,616
370,201,571,0.5432432432432432,203
762,151,913,0.19816272965879264,198
11,257,268,23.363636363636363,271
447,36,483,0.08053691275167785,25
33,257,290,7.787878787878788,266
14,1038,1052,74.14285714285714,1006
2736,190,2926,0.06944444444444445,197
14,405,419,28.928571428571427,430
192,330,522,1.71875,343
11,327,338,29.727272727272727,341
108,261,369,2.4166666666666665,271
66,20,86,0.30303030303030304,4
16,3,19,0.1875,1
21,42,63,2.0,440
71,494,565,6.957746478873239,509
228,337,565,1.4780701754385965,353
17,951,968,55.94117647058823,973
189,36,225,0.19047619047619047,22
16,188,204,11.75,185
373,303,676,0.8123324396782842,314
2642,778,3420,0.29447388342165026,335
8,324,332,40.5,343
72,729,801,10.125,733
2137,673,2810,0.31492746841366404,687
1524,27,1551,0.017716535433070866,13
6,138,144,23.0,139
13,52,65,4.0,43
149,363,512,2.436241610738255,384
49,330,379,6.73469387755102,344
19,311,330,16.36842105263158,420
10,379,389,37.9,402
221,44,265,0.19909502262443438,33
233,368,601,1.5793991416309012,703
421,229,650,0.5439429928741093,241
7,226,233,32.285714285714285,233
28,271,299,9.678571428571429,287
694,860,1554,1.239193083573487,864
97,693,790,7.144329896907217,704
13,41,54,3.1538461538461537,31
51,502,553,9.843137254901961,522
766,364,1130,0.4751958224543081,386
8,136,144,17.0,138
66,273,339,4.136363636363637,285
1857,1175,3032,0.6327409800753904,1006
10,345,355,34.5,362
66,199,265,3.015151515151515,204
65,58,123,0.8923076923076924,43
12,274,286,22.833333333333332,287
38,403,441,10.605263157894736,420
24,148,172,6.166666666666667,348
25,368,393,14.72,383
15,86,101,5.733333333333333,80
22,119,141,5.409090909090909,116
14,487,501,34.785714285714285,512
69,254,323,3.681159420289855,265
42,113,155,2.6904761904761907,109
31,212,243,6.838709677419355,219
1606,547,2153,0.34059775840597756,564
75,984,1059,13.12,1006
21,229,250,10.904761904761905,241
239,582,821,2.435146443514644,601
10,463,473,46.3,484
19,287,306,15.105263157894736,308
1780,308,2088,0.17303370786516853,322
32,150,182,4.6875,152
47,373,420,7.9361702127659575,383
6,125,131,20.833333333333332,124
38,261,299,6.868421052631579,271
45,18,63,0.4,13
82,890,972,10.853658536585366,899
20,751,771,37.55,755
13,186,199,14.307692307692308,192
1261,47,1308,0.03727200634417129,314
18,298,316,16.555555555555557,352
2779,267,3046,0.09607772580064772,283
10,241,251,24.1,250
28,340,368,12.142857142857142,356
10,134,144,13.4,134
12,19,31,1.5833333333333333,6
68,541,609,7.955882352941177,558
2029,296,2325,0.14588467225234106,311
1,244,245,244.0,146
8,534,542,66.75,555
333,160,493,0.4804804804804805,162
323,1090,1413,3.374613003095975,1006
2,41,43,20.5,27
900,842,1742,0.9355555555555556,851
571,650,1221,1.138353765323993,669
9,100,109,11.11111111111111,95
538,73,611,0.13568773234200743,64
18,313,331,17.38888888888889,328
492,203,695,0.41260162601626016,210
225,488,713,2.168888888888889,514
6,50,56,8.333333333333334,40
79,750,829,9.49367088607595,758
12,122,134,10.166666666666666,474
1,10,11,10.0,1
11,73,84,6.636363636363637,63
129,207,336,1.6046511627906976,214
31,40,71,1.2903225806451613,26
7,227,234,32.42857142857143,238
24,733,757,30.541666666666668,744
826,232,1058,0.28087167070217917,239
15,545,560,36.333333333333336,564
35,550,585,15.714285714285714,567
65,121,186,1.8615384615384616,119
2948,313,3261,0.10617367706919946,331
988,404,1392,0.4089068825910931,423
587,77,664,0.131175468483816,244
2,26,28,13.0,8
13,356,369,27.384615384615383,369
9,24,33,2.6666666666666665,10
215,167,382,0.7767441860465116,169
1836,199,2035,0.10838779956427015,209
1244,600,1844,0.48231511254019294,614
49,390,439,7.959183673469388,404
1025,235,1260,0.22926829268292684,245
61,177,238,2.901639344262295,181
620,235,855,0.3790322580645161,334
570,592,1162,1.03859649122807,607
9,21,30,2.3333333333333335,4
25,109,134,4.36,107
60,739,799,12.316666666666666,744
413,355,768,0.8595641646489104,375
14,132,146,9.428571428571429,136
11,122,133,11.090909090909092,121
23,927,950,40.30434782608695,942
79,378,457,4.784810126582278,397
323,239,562,0.739938080495356,250
160,166,326,1.0375,165
121,434,555,3.5867768595041323,456
25,424,449,16.96,443
16,234,250,14.625,241
10,371,381,37.1,296
34,282,316,8.294117647058824,294
1079,597,1676,0.5532900834105653,612
104,229,333,2.201923076923077,240
236,136,372,0.576271186440678,135
50,31,81,0.62,19
544,7,551,0.012867647058823529,1
1858,396,2254,0.2131324004305705,416
3472,81,3553,0.023329493087557603,34
796,104,900,0.1306532663316583,100
14,182,196,13.0,186
48,452,500,9.416666666666666,475
5,245,250,49.0,194
53,52,105,0.9811320754716981,154
8,335,343,41.875,354
19,156,175,8.210526315789474,159
2360,472,2832,0.2,493
134,956,1090,7.134328358208955,962
446,5,451,0.011210762331838564,3
1446,9,1455,0.006224066390041493,1
9,36,45,4.0,20
7,50,57,7.142857142857143,43
26,82,108,3.1538461538461537,78
122,547,669,4.483606557377049,562
73,27,100,0.3698630136986301,13
34,838,872,24.647058823529413,864
42,47,89,1.119047619047619,35
28,675,703,24.107142857142858,687
7,8,15,1.1428571428571428,1
11,151,162,13.727272727272727,182
11,455,466,41.36363636363637,478
13,347,360,26.692307692307693,401
12,189,201,15.75,193
25,494,519,19.76,514
347,558,905,1.6080691642651297,551
145,49,194,0.33793103448275863,36
70,133,203,1.9,133
13,434,447,33.38461538461539,454
386,285,671,0.7383419689119171,299
7,44,51,6.285714285714286,34
1274,13,1287,0.01020408163265306,1
7,123,130,17.571428571428573,120
45,411,456,9.133333333333333,434
13,295,308,22.692307692307693,311
1191,116,1307,0.09739714525608732,115
14,65,79,4.642857142857143,419
713,136,849,0.19074333800841514,135
13,315,328,24.23076923076923,335
154,206,360,1.3376623376623376,212
19,136,155,7.157894736842105,135
13,376,389,28.923076923076923,392
20,245,265,12.25,255
19,425,444,22.36842105263158,444
848,119,967,0.1403301886792453,118
1022,35,1057,0.03424657534246575,22
24,1052,1076,43.833333333333336,1006
19,256,275,13.473684210526315,311
33,46,79,1.393939393939394,40
17,209,226,12.294117647058824,214
62,927,989,14.951612903225806,380
38,212,250,5.578947368421052,219
33,360,393,10.909090909090908,375
2,366,368,183.0,386
29,366,395,12.620689655172415,389
16,336,352,21.0,354
19,541,560,28.473684210526315,580
70,668,738,9.542857142857143,678
25,43,68,1.72,30
14,749,763,53.5,452
10,357,367,35.7,381
136,257,393,1.8897058823529411,270
1109,199,1308,0.17944093778178538,205
8,308,316,38.5,324
36,35,71,0.9722222222222222,20
349,422,771,1.2091690544412608,441
111,20,131,0.18018018018018017,4
833,4,837,0.004801920768307323,1
21,712,733,33.904761904761905,724
311,621,932,1.9967845659163987,636
87,245,332,2.8160919540229883,255
30,560,590,18.666666666666668,581
27,347,374,12.851851851851851,365
1251,268,1519,0.21422861710631494,283
2567,113,2680,0.044020257109466304,245
22,1023,1045,46.5,1006
1259,304,1563,0.2414614773629865,318
10,163,173,16.3,121
28,400,428,14.285714285714286,422
26,165,191,6.346153846153846,167
808,721,1529,0.8923267326732673,734
7,4,11,0.5714285714285714,149
24,246,270,10.25,254
527,117,644,0.222011385199241,171
11,199,210,18.09090909090909,202
9,42,51,4.666666666666667,32
8,21,29,2.625,5
42,727,769,17.30952380952381,739
128,148,276,1.15625,155
26,142,168,5.461538461538462,143
514,1037,1551,2.017509727626459,1006
83,446,529,5.373493975903615,467
23,634,657,27.565217391304348,647
471,419,890,0.8895966029723992,438
35,927,962,26.485714285714284,948
8,194,202,24.25,196
38,648,686,17.05263157894737,661
5,484,489,96.8,508
11,6,17,0.5454545454545454,1
20,240,260,12.0,251
7,110,117,15.714285714285714,149
22,308,330,14.0,323
14,259,273,18.5,270
419,944,1363,2.252983293556086,956
10,315,325,31.5,326
1431,113,1544,0.07896575821104122,210
68,14,82,0.20588235294117646,1
13,331,344,25.46153846153846,346
31,373,404,12.03225806451613,382
663,36,699,0.05429864253393665,25
10,326,336,32.6,343
13,239,252,18.384615384615383,248
62,240,302,3.870967741935484,250
2474,160,2634,0.0646725949878739,165
3083,358,3441,0.11612066169315602,380
118,100,218,0.847457627118644,46
5,130,135,26.0,129
866,298,1164,0.3441108545034642,311
11,189,200,17.181818181818183,189
20,737,757,36.85,735
23,314,337,13.652173913043478,330
17,357,374,21.0,366
8,329,337,41.125,347
6,518,524,86.33333333333333,539
233,335,568,1.4377682403433476,351
5,68,73,13.6,58
981,7,988,0.007135575942915392,1
97,314,411,3.2371134020618557,330
60,552,612,9.2,577
7,161,168,23.0,161
65,293,358,4.507692307692308,309
67,489,556,7.298507462686567,509
23,786,809,34.17391304347826,791
1402,14,1416,0.009985734664764621,1
1124,152,1276,0.13523131672597866,151
68,67,135,0.9852941176470589,58
15,241,256,16.066666666666666,251
18,353,371,19.61111111111111,368
100,553,653,5.53,571
24,362,386,15.083333333333334,380
102,677,779,6.637254901960785,688
12,206,218,17.166666666666668,215
33,64,97,1.9393939393939394,57
593,6,599,0.01011804384485666,1
93,282,375,3.032258064516129,297
15,189,204,12.6,194
1128,286,1414,0.25354609929078015,298
16,200,216,12.5,218
17,293,310,17.235294117647058,311
18,523,541,29.055555555555557,430
19,181,200,9.526315789473685,184
19,184,203,9.68421052631579,185
27,366,393,13.555555555555555,385
1580,175,1755,0.11075949367088607,178
14,230,244,16.428571428571427,234
15,228,243,15.2,239
143,562,705,3.93006993006993,577
14,25,39,1.7857142857142858,9
29,69,98,2.3793103448275863,61
706,622,1328,0.8810198300283286,631
92,209,301,2.2717391304347827,182
269,401,670,1.4907063197026023,425
11,8,19,0.7272727272727273,1
26,322,348,12.384615384615385,339
82,340,422,4.146341463414634,357
9,139,148,15.444444444444445,140
17,139,156,8.176470588235293,139
2653,258,2911,0.09724839803995476,269
22,1021,1043,46.40909090909091,1006
25,361,386,14.44,378
14,121,135,8.642857142857142,118
7,227,234,32.42857142857143,238
503,501,1004,0.9960238568588469,520
138,108,246,0.782608695652174,104
81,237,318,2.925925925925926,246
20,420,440,21.0,441
18,353,371,19.61111111111111,377
67,337,404,5.029850746268656,354
37,257,294,6.945945945945946,265
3131,126,3257,0.04024273395081444,122
16,70,86,4.375,62
9,288,297,32.0,302
149,774,923,5.194630872483222,781
27,258,285,9.555555555555555,270
4,75,79,18.75,67
23,732,755,31.82608695652174,740
587,474,1061,0.807495741056218,495
12,51,63,4.25,41
736,409,1145,0.5557065217391305,431
47,470,517,10.0,488
7,83,90,11.857142857142858,74
38,225,263,5.921052631578948,236
13,55,68,4.230769230769231,45
7,549,556,78.42857142857143,568
28,352,380,12.571428571428571,351
924,272,1196,0.2943722943722944,286
61,201,262,3.2950819672131146,206
45,472,517,10.488888888888889,489
6,10,16,1.6666666666666667,1
62,113,175,1.8225806451612903,109
61,980,1041,16.065573770491802,1006
46,295,341,6.413043478260869,303
23,62,85,2.6956521739130435,55
134,759,893,5.664179104477612,762
199,458,657,2.301507537688442,476
166,943,1109,5.680722891566265,950
15,31,46,2.066666666666667,59
52,38,90,0.7307692307692307,25
1325,611,1936,0.4611320754716981,627
121,180,301,1.487603305785124,187
41,24,65,0.5853658536585366,13
20,318,338,15.9,334
113,292,405,2.584070796460177,192
11,461,472,41.90909090909091,481
1114,108,1222,0.09694793536804308,104
43,490,533,11.395348837209303,509
302,682,984,2.2582781456953644,696
275,626,901,2.2763636363636364,640
12,77,89,6.416666666666667,69
211,409,620,1.938388625592417,427
113,278,391,2.4601769911504423,289
9,147,156,16.333333333333332,147
17,319,336,18.764705882352942,343
32,536,568,16.75,562
10,453,463,45.3,474
9,240,249,26.666666666666668,247
86,239,325,2.7790697674418605,248
186,238,424,1.2795698924731183,252
30,69,99,2.3,61
78,529,607,6.782051282051282,549
786,488,1274,0.6208651399491094,508
14,300,314,21.428571428571427,313
9,87,96,9.666666666666666,80
8,101,109,12.625,95
48,176,224,3.6666666666666665,441
96,815,911,8.489583333333334,818
18,382,400,21.22222222222222,337
13,332,345,25.53846153846154,346
7,135,142,19.285714285714285,149
21,281,302,13.380952380952381,289
14,127,141,9.071428571428571,126
48,370,418,7.708333333333333,389
4,291,295,72.75,341
1940,288,2228,0.14845360824742268,301
254,221,475,0.8700787401574803,230
411,255,666,0.6204379562043796,267
15,219,234,14.6,231
456,579,1035,1.269736842105263,431
438,223,661,0.5091324200913242,231
58,244,302,4.206896551724138,448
760,502,1262,0.6605263157894737,523
792,957,1749,1.2083333333333333,983
4,252,256,63.0,121
448,180,628,0.4017857142857143,181
8,393,401,49.125,349
946,534,1480,0.5644820295983086,557
56,68,124,1.2142857142857142,59
182,32,214,0.17582417582417584,42
47,229,276,4.872340425531915,245
10,260,270,26.0,269
21,283,304,13.476190476190476,296
8,147,155,18.375,152
22,632,654,28.727272727272727,648
83,37,120,0.4457831325301205,24
602,850,1452,1.4119601328903655,856
355,179,534,0.504225352112676,183
1,10,11,10.0,1
8,94,102,11.75,90
9,119,128,13.222222222222221,117
47,125,172,2.6595744680851063,121
1,38,39,38.0,1
1707,130,1837,0.07615700058582309,128
13,129,142,9.923076923076923,130
25,465,490,18.6,488
38,196,234,5.157894736842105,198
49,260,309,5.3061224489795915,269
11,230,241,20.90909090909091,301
41,304,345,7.414634146341464,320
17,528,545,31.058823529411764,549
2021,1041,3062,0.5150915388421573,1006
115,298,413,2.591304347826087,312
22,129,151,5.863636363636363,131
3,11,14,3.6666666666666665,1
1282,935,2217,0.7293291731669267,948
22,304,326,13.818181818181818,320
11,269,280,24.454545454545453,281
439,112,551,0.255125284738041,108
64,308,372,4.8125,327
16,121,137,7.5625,114
290,600,890,2.0689655172413794,609
21,274,295,13.047619047619047,285
141,438,579,3.106382978723404,454
92,214,306,2.3260869565217392,215
2796,29,2825,0.010371959942775394,17
538,334,872,0.620817843866171,346
637,670,1307,1.0518053375196232,682
4,29,33,7.25,16
18,205,223,11.38888888888889,211
16,414,430,25.875,405
17,115,132,6.764705882352941,229
359,278,637,0.7743732590529248,289
23,19,42,0.8260869565217391,4
949,140,1089,0.1475237091675448,139
34,203,237,5.970588235294118,207
56,301,357,5.375,316
94,212,306,2.25531914893617,217
146,334,480,2.287671232876712,349
4,183,187,45.75,321
43,26,69,0.6046511627906976,13
145,916,1061,6.317241379310345,344
123,957,1080,7.780487804878049,971
100,453,553,4.53,472
1351,348,1699,0.25758697261287933,364
3679,176,3855,0.04783908670834466,184
134,179,313,1.335820895522388,182
266,331,597,1.244360902255639,351
132,167,299,1.2651515151515151,170
250,99,349,0.396,96
516,175,691,0.3391472868217054,177
29,322,351,11.10344827586207,335
15,191,206,12.733333333333333,197
368,229,597,0.6222826086956522,237
23,532,555,23.130434782608695,539
16,340,356,21.25,355
13,337,350,25.923076923076923,350
11,90,101,8.181818181818182,78
10,224,234,22.4,232
12,92,104,7.666666666666667,81
958,313,1271,0.3267223382045929,332
7,169,176,24.142857142857142,171
393,354,747,0.9007633587786259,375
172,473,645,2.75,496
25,431,456,17.24,457
72,968,1040,13.444444444444445,1006
965,868,1833,0.8994818652849741,836
23,265,288,11.521739130434783,280
18,319,337,17.72222222222222,330
64,1009,1073,15.765625,1006
225,412,637,1.8311111111111111,433
12,381,393,31.75,401
1124,396,1520,0.35231316725978645,410
91,185,276,2.032967032967033,189
22,193,215,8.772727272727273,199
94,429,523,4.5638297872340425,454
7,70,77,10.0,230
2,14,16,7.0,1
708,166,874,0.2344632768361582,172
16,86,102,5.375,79
746,575,1321,0.7707774798927614,481
74,93,167,1.2567567567567568,123
28,240,268,8.571428571428571,351
11,78,89,7.090909090909091,71
175,145,320,0.8285714285714286,146
5,381,386,76.2,404
18,244,262,13.555555555555555,254
11,327,338,29.727272727272727,347
25,400,425,16.0,417
16,245,261,15.3125,253
9,364,373,40.44444444444444,386
3272,300,3572,0.09168704156479218,311
16,113,129,7.0625,109
16,80,96,5.0,72
19,293,312,15.421052631578947,307
1783,849,2632,0.4761637689287717,855
24,160,184,6.666666666666667,162
17,308,325,18.11764705882353,322
26,512,538,19.692307692307693,533
259,259,518,1.0,270
590,16,606,0.02711864406779661,1
1513,192,1705,0.12690019828155982,198
23,457,480,19.869565217391305,479
42,465,507,11.071428571428571,492
1908,252,2160,0.1320754716981132,259
174,174,348,1.0,181
24,30,54,1.25,14
73,73,146,1.0,69
12,84,96,7.0,77
2,94,96,47.0,88
11,230,241,20.90909090909091,239
1470,45,1515,0.030612244897959183,35
7,284,291,40.57142857142857,299
166,268,434,1.6144578313253013,275
231,234,465,1.0129870129870129,240
13,107,120,8.23076923076923,107
100,41,141,0.41,27
9,22,31,2.4444444444444446,7
13,854,867,65.6923076923077,860
38,16,54,0.42105263157894735,36
574,438,1012,0.7630662020905923,459
25,380,405,15.2,399
5,44,49,8.8,33
1109,199,1308,0.17944093778178538,205
19,245,264,12.894736842105264,249
8,36,44,4.5,20
12,189,201,15.75,193
6,225,231,37.5,230
16,245,261,15.3125,256
10,202,212,20.2,209
24,27,51,1.125,14
12,162,174,13.5,167
12,167,179,13.916666666666666,169
91,515,606,5.65934065934066,510
706,1094,1800,1.5495750708215297,1006
2,150,152,75.0,152
16,99,115,6.1875,93
1602,452,2054,0.28214731585518105,474
15,200,215,13.333333333333334,232
150,787,937,5.246666666666667,788
1,10,11,10.0,1
64,442,506,6.90625,414
9,317,326,35.22222222222222,333
14,279,293,19.928571428571427,296
46,749,795,16.282608695652176,757
1761,501,2262,0.28449744463373083,1006
892,655,1547,0.734304932735426,665
16,309,325,19.3125,327
35,392,427,11.2,411
7,292,299,41.714285714285715,310
134,140,274,1.044776119402985,140
4,347,351,86.75,368
43,403,446,9.372093023255815,424
86,444,530,5.162790697674419,463
133,302,435,2.2706766917293235,318
24,335,359,13.958333333333334,356
45,106,151,2.3555555555555556,104
73,232,305,3.1780821917808217,237
6,78,84,13.0,70
5,314,319,62.8,332
85,614,699,7.223529411764706,629
105,413,518,3.933333333333333,432
121,180,301,1.487603305785124,187
8,282,290,35.25,297
474,283,757,0.5970464135021097,297
321,458,779,1.426791277258567,483
307,70,377,0.2280130293159609,61
173,485,658,2.8034682080924855,315
26,252,278,9.692307692307692,262
36,339,375,9.416666666666666,360
11,339,350,30.818181818181817,345
735,350,1085,0.47619047619047616,367
14,243,257,17.357142857142858,255
19,111,130,5.842105263157895,106
1144,189,1333,0.1652097902097902,232
9,386,395,42.888888888888886,410
994,220,1214,0.22132796780684105,225
11,141,152,12.818181818181818,140
29,273,302,9.413793103448276,285
64,476,540,7.4375,499
2,41,43,20.5,29
620,403,1023,0.65,398
5,656,661,131.2,668
46,82,128,1.7826086956521738,331
23,780,803,33.91304347826087,783
78,42,120,0.5384615384615384,32
105,194,299,1.8476190476190477,199
82,529,611,6.451219512195122,549
17,70,87,4.117647058823529,58
158,151,309,0.9556962025316456,153
1969,663,2632,0.3367191467750127,367
394,329,723,0.8350253807106599,344
15,36,51,2.4,23
897,550,1447,0.6131549609810479,567
10,369,379,36.9,231
8,311,319,38.875,326
84,260,344,3.0952380952380953,269
22,28,50,1.2727272727272727,14
32,354,386,11.0625,372
83,310,393,3.7349397590361444,322
39,693,732,17.76923076923077,703
7,94,101,13.428571428571429,89
14,300,314,21.428571428571427,315
40,288,328,7.2,303
7,308,315,44.0,323
21,144,165,6.857142857142857,148
67,288,355,4.298507462686567,301
11,333,344,30.272727272727273,348
13,288,301,22.153846153846153,303
3201,421,3622,0.13152139956263667,439
66,73,139,1.106060606060606,71
39,210,249,5.384615384615385,217
15,262,277,17.466666666666665,273
118,90,208,0.7627118644067796,81
18,432,450,24.0,330
20,111,131,5.55,112
172,309,481,1.7965116279069768,759
3250,15,3265,0.004615384615384616,1
8,238,246,29.75,248
7,122,129,17.428571428571427,122
12,381,393,31.75,403
647,327,974,0.5054095826893354,425
44,354,398,8.045454545454545,372
123,517,640,4.203252032520325,537
73,414,487,5.671232876712328,436
61,404,465,6.622950819672131,426
46,403,449,8.76086956521739,422
214,1854,2068,8.663551401869158,1006
24,240,264,10.0,248
89,454,543,5.101123595505618,475
157,389,546,2.477707006369427,407
2,661,663,330.5,433
352,597,949,1.6960227272727273,610
7,247,254,35.285714285714285,257
14,383,397,27.357142857142858,403
89,279,368,3.134831460674157,294
55,332,387,6.036363636363636,351
72,579,651,8.041666666666666,595
6,634,640,105.66666666666667,649
235,844,1079,3.5914893617021275,848
173,220,393,1.2716763005780347,227
38,417,455,10.973684210526315,437
1306,769,2075,0.5888208269525268,773
13,462,475,35.53846153846154,326
113,283,396,2.504424778761062,296
18,279,297,15.5,294
8,126,134,15.75,59
9,21,30,2.3333333333333335,8
137,103,240,0.7518248175182481,98
5,703,708,140.6,714
16,204,220,12.75,210
77,345,422,4.48051948051948,366
351,311,662,0.886039886039886,323
1278,7,1285,0.005477308294209703,1
16,369,385,23.0625,391
83,177,260,2.1325301204819276,182
8,83,91,10.375,74
8,315,323,39.375,333
20,412,432,20.6,436
16,360,376,22.5,378
535,216,751,0.40373831775700936,224
54,284,338,5.2592592592592595,295
20,33,53,1.65,19
21,318,339,15.142857142857142,333
288,947,1235,3.2881944444444446,962
1988,541,2529,0.2721327967806841,562
30,385,415,12.833333333333334,397
11,20,31,1.8181818181818181,2
72,343,415,4.763888888888889,367
144,84,228,0.5833333333333334,77
144,509,653,3.5347222222222223,449
5,278,283,55.6,287
530,539,1069,1.0169811320754718,568
484,25,509,0.05165289256198347,84
23,305,328,13.26086956521739,319
3,11,14,3.6666666666666665,1
9,72,81,8.0,63
271,102,373,0.3763837638376384,139
12,148,160,12.333333333333334,152
251,445,696,1.7729083665338645,467
48,744,792,15.5,750
13,658,671,50.61538461538461,668
57,7,64,0.12280701754385964,8
19,445,464,23.42105263157895,477
25,377,402,15.08,396
21,299,320,14.238095238095237,312
97,86,183,0.8865979381443299,81
366,363,729,0.9918032786885246,380
14,48,62,3.4285714285714284,40
61,325,386,5.327868852459017,338
1041,233,1274,0.22382324687800192,240
23,525,548,22.82608695652174,670
183,857,1040,4.683060109289618,862
1470,45,1515,0.030612244897959183,35
6,115,121,19.166666666666668,115
11,4,15,0.36363636363636365,1
25,89,114,3.56,450
388,49,437,0.12628865979381443,40
1113,6,1119,0.005390835579514825,1
47,104,151,2.2127659574468086,102
36,152,188,4.222222222222222,152
68,191,259,2.8088235294117645,196
579,358,937,0.6183074265975821,376
60,488,548,8.133333333333333,506
106,535,641,5.047169811320755,232
88,170,258,1.9318181818181819,172
23,872,895,37.91304347826087,881
1,10,11,10.0,1
31,212,243,6.838709677419355,219
135,381,516,2.8222222222222224,398
2554,177,2731,0.06930305403288958,180
1602,946,2548,0.5905118601747815,890
90,284,374,3.1555555555555554,299
21,289,310,13.761904761904763,301
530,264,794,0.4981132075471698,274
47,51,98,1.0851063829787233,17
19,486,505,25.57894736842105,504
33,507,540,15.363636363636363,529
142,948,1090,6.676056338028169,681
177,23,200,0.12994350282485875,8
82,225,307,2.7439024390243905,231
101,319,420,3.1584158415841586,443
181,1016,1197,5.613259668508287,1006
16,336,352,21.0,404
39,421,460,10.794871794871796,436
12,128,140,10.666666666666666,124
4,39,43,9.75,25
41,362,403,8.829268292682928,376
1469,558,2027,0.3798502382573179,573
57,23,80,0.40350877192982454,4
449,981,1430,2.1848552338530065,1006
250,192,442,0.768,199
26,790,816,30.384615384615383,784
227,115,342,0.5066079295154186,435
27,308,335,11.407407407407407,328
675,129,804,0.19111111111111112,128
18,221,239,12.277777777777779,227
224,117,341,0.5223214285714286,114
11,64,75,5.818181818181818,49
11,266,277,24.181818181818183,271
727,284,1011,0.390646492434663,296
21,226,247,10.761904761904763,233
15,268,283,17.866666666666667,284
20,283,303,14.15,294
7,163,170,23.285714285714285,149
7,300,307,42.857142857142854,315
874,224,1098,0.2562929061784897,231
29,460,489,15.862068965517242,484
50,533,583,10.66,551
9,367,376,40.77777777777778,388
445,301,746,0.6764044943820224,310
110,107,217,0.9727272727272728,102
13,281,294,21.615384615384617,293
8,196,204,24.5,204
7,42,49,6.0,256
8,63,71,7.875,54
46,666,712,14.478260869565217,680
482,341,823,0.7074688796680498,361
18,422,440,23.444444444444443,643
45,455,500,10.11111111111111,472
832,152,984,0.18269230769230768,152
6,272,278,45.333333333333336,288
97,373,470,3.845360824742268,388
16,476,492,29.75,499
195,84,279,0.4307692307692308,78
675,467,1142,0.6918518518518518,483
77,788,865,10.233766233766234,790
14,510,524,36.42857142857143,531
16,248,264,15.5,257
10,988,998,98.8,1006
24,821,845,34.208333333333336,825
860,514,1374,0.5976744186046512,535
12,279,291,23.25,294
2621,314,2935,0.1198016024418161,330
324,26,350,0.08024691358024691,13
118,342,460,2.8983050847457625,360
44,28,72,0.6363636363636364,15
43,274,317,6.372093023255814,288
17,129,146,7.588235294117647,112
21,201,222,9.571428571428571,206
31,192,223,6.193548387096774,197
9,106,115,11.777777777777779,103
12,314,326,26.166666666666668,325
8,11,19,1.375,1
10,300,310,30.0,318
410,153,563,0.37317073170731707,155
709,120,829,0.1692524682651622,258
127,578,705,4.551181102362205,702
2546,404,2950,0.1586802827965436,419
282,183,465,0.648936170212766,190
22,509,531,23.136363636363637,529
14,276,290,19.714285714285715,289
13,278,291,21.384615384615383,290
2897,105,3002,0.03624439074905074,98
45,10,55,0.2222222222222222,1
7,213,220,30.428571428571427,149
29,376,405,12.96551724137931,391
624,470,1094,0.7532051282051282,504
10,303,313,30.3,320
38,52,90,1.368421052631579,38
1771,446,2217,0.2518351214003388,468
2179,211,2390,0.09683340982101882,215
9,248,257,27.555555555555557,261
560,7,567,0.0125,1
336,397,733,1.181547619047619,421
633,152,785,0.2401263823064771,153
107,374,481,3.4953271028037385,405
101,345,446,3.4158415841584158,362
21,149,170,7.095238095238095,352
5,200,205,40.0,206
14,507,521,36.214285714285715,530
1937,646,2583,0.3335054207537429,655
21,251,272,11.952380952380953,260
391,191,582,0.4884910485933504,193
1264,15,1279,0.011867088607594937,135
351,962,1313,2.740740740740741,966
11,137,148,12.454545454545455,545
374,377,751,1.0080213903743316,398
43,339,382,7.883720930232558,186
9,235,244,26.11111111111111,249
8,77,85,9.625,65
1242,117,1359,0.09420289855072464,368
791,47,838,0.05941845764854614,32
10,251,261,25.1,265
35,71,106,2.0285714285714285,62
39,144,183,3.6923076923076925,140
759,333,1092,0.43873517786561267,354
1988,541,2529,0.2721327967806841,562
11,238,249,21.636363636363637,247
1,11,12,11.0,5
194,89,283,0.4587628865979381,81
58,290,348,5.0,302
173,275,448,1.5895953757225434,285
410,172,582,0.4195121951219512,174
12,569,581,47.416666666666664,588
66,951,1017,14.409090909090908,958
251,445,696,1.7729083665338645,467
233,25,258,0.1072961373390558,8
402,849,1251,2.111940298507463,857
25,682,707,27.28,689
22,60,82,2.727272727272727,48
2574,342,2916,0.13286713286713286,361
12,194,206,16.166666666666668,197
31,348,379,11.225806451612904,368
15,366,381,24.4,387
726,203,929,0.2796143250688705,207
24,160,184,6.666666666666667,162
13,233,246,17.923076923076923,221
359,278,637,0.7743732590529248,289
33,426,459,12.909090909090908,444
14,513,527,36.642857142857146,535
80,86,166,1.075,78
58,404,462,6.9655172413793105,460
9,77,86,8.555555555555555,66
2272,328,2600,0.1443661971830986,346
467,46,513,0.09850107066381156,153
24,30,54,1.25,14
91,670,761,7.362637362637362,499
2455,157,2612,0.06395112016293279,159
4,36,40,9.0,4
112,333,445,2.9732142857142856,348
1309,218,1527,0.16653934300993126,227
24,362,386,15.083333333333334,380
33,410,443,12.424242424242424,431
47,63,110,1.3404255319148937,53
9,308,317,34.22222222222222,326
41,1028,1069,25.073170731707318,1006
7,313,320,44.714285714285715,525
93,157,250,1.6881720430107527,160
32,593,625,18.53125,608
198,94,292,0.47474747474747475,89
216,381,597,1.7638888888888888,405
8,261,269,32.625,65
83,767,850,9.240963855421686,768
27,485,512,17.962962962962962,505
7,280,287,40.0,232
31,391,422,12.612903225806452,410
156,533,689,3.4166666666666665,558
631,161,792,0.2551505546751189,167
10,172,182,17.2,172
14,363,377,25.928571428571427,345
316,501,817,1.5854430379746836,517
36,182,218,5.055555555555555,183
646,669,1315,1.0356037151702786,681
25,199,224,7.96,206
22,14,36,0.6363636363636364,1
61,287,348,4.704918032786885,304
33,188,221,5.696969696969697,192
24,148,172,6.166666666666667,148
398,521,919,1.3090452261306533,537
3775,7,3782,0.0018543046357615894,1
109,348,457,3.1926605504587156,369
85,372,457,4.376470588235295,391
10,238,248,23.8,245
533,459,992,0.8611632270168855,478
18,168,186,9.333333333333334,301
13,87,100,6.6923076923076925,79
7,456,463,65.14285714285714,479
12,289,301,24.083333333333332,301
23,548,571,23.82608695652174,569
15,366,381,24.4,387
22,1013,1035,46.04545454545455,1006
99,7,106,0.0707070707070707,1
53,203,256,3.830188679245283,203
9,395,404,43.888888888888886,416
179,466,645,2.6033519553072626,488
69,940,1009,13.623188405797102,958
114,400,514,3.508771929824561,423
17,187,204,11.0,195
8,350,358,43.75,255
29,13,42,0.4482758620689655,1
148,373,521,2.52027027027027,388
34,328,362,9.647058823529411,347
54,767,821,14.203703703703704,768
36,604,640,16.77777777777778,615
10,30,40,3.0,16
30,252,282,8.4,263
9,384,393,42.666666666666664,398
295,295,590,1.0,310
22,159,181,7.2272727272727275,157
77,953,1030,12.376623376623376,971
33,109,142,3.303030303030303,108
414,862,1276,2.082125603864734,873
1743,33,1776,0.0189328743545611,52
9,659,668,73.22222222222223,667
40,242,282,6.05,251
10,362,372,36.2,383
32,352,384,11.0,371
1038,221,1259,0.21290944123314065,228
219,261,480,1.1917808219178083,273
1676,482,2158,0.28758949880668255,500
16,293,309,18.3125,308
19,397,416,20.894736842105264,421
76,111,187,1.4605263157894737,109
9,108,117,12.0,103
272,869,1141,3.1948529411764706,841
16,123,139,7.6875,120
8,617,625,77.125,634
480,30,510,0.0625,17
10,336,346,33.6,351
129,664,793,5.147286821705427,679
2275,233,2508,0.10241758241758242,227
2047,159,2206,0.07767464582315584,161
21,371,392,17.666666666666668,390
32,105,137,3.28125,100
5,115,120,23.0,112
70,269,339,3.842857142857143,281
314,816,1130,2.5987261146496814,1006
11,266,277,24.181818181818183,277
23,178,201,7.739130434782608,368
9,296,305,32.888888888888886,312
64,668,732,10.4375,681
15,117,132,7.8,113
29,154,183,5.310344827586207,154
1274,846,2120,0.6640502354788069,850
113,283,396,2.504424778761062,296
49,319,368,6.510204081632653,337
2,27,29,13.5,11
1,3,4,3.0,302
19,280,299,14.736842105263158,293
83,314,397,3.783132530120482,287
1679,171,1850,0.10184633710541989,173
26,262,288,10.076923076923077,273
27,619,646,22.925925925925927,635
31,355,386,11.451612903225806,369
16,416,432,26.0,438
17,270,287,15.882352941176471,318
9,877,886,97.44444444444444,883
34,441,475,12.970588235294118,464
7,95,102,13.571428571428571,89
10,203,213,20.3,209
18,541,559,30.055555555555557,560
15,665,680,44.333333333333336,681
65,265,330,4.076923076923077,277
14,385,399,27.5,409
64,419,483,6.546875,436
55,137,192,2.4909090909090907,136
225,531,756,2.36,553
1011,581,1592,0.5746785361028685,575
39,122,161,3.128205128205128,122
40,804,844,20.1,809
37,60,97,1.6216216216216217,51
45,529,574,11.755555555555556,548
27,403,430,14.925925925925926,428
305,653,958,2.140983606557377,169
21,414,435,19.714285714285715,437
211,483,694,2.2890995260663507,499
5,53,58,10.6,19
37,259,296,7.0,268
104,100,204,0.9615384615384616,96
72,238,310,3.3055555555555554,244
1,11,12,11.0,5
15,106,121,7.066666666666666,99
1726,396,2122,0.22943221320973348,414
18,439,457,24.38888888888889,614
550,674,1224,1.2254545454545454,669
70,668,738,9.542857142857143,678
581,131,712,0.22547332185886404,130
35,1008,1043,28.8,1006
290,245,535,0.8448275862068966,257
130,561,691,4.315384615384615,581
14,377,391,26.928571428571427,401
20,433,453,21.65,453
20,170,190,8.5,172
19,103,122,5.421052631578948,98
15,36,51,2.4,23
12,715,727,59.583333333333336,731
22,309,331,14.045454545454545,325
482,341,823,0.7074688796680498,361
1353,666,2019,0.49223946784922396,684
160,223,383,1.39375,230
19,307,326,16.157894736842106,322
16,487,503,30.4375,503
28,405,433,14.464285714285714,425
21,308,329,14.666666666666666,320
6,30,36,5.0,17
34,272,306,8.0,283
8,225,233,28.125,232
19,136,155,7.157894736842105,137
431,192,623,0.44547563805104406,208
21,164,185,7.809523809523809,163
16,311,327,19.4375,330
27,323,350,11.962962962962964,277
2110,317,2427,0.15023696682464455,336
133,380,513,2.857142857142857,419
18,471,489,26.166666666666668,490
970,198,1168,0.20412371134020618,468
7,248,255,35.42857142857143,297
115,325,440,2.8260869565217392,546
1067,745,1812,0.6982193064667291,728
860,514,1374,0.5976744186046512,535
8,321,329,40.125,337
3,74,77,24.666666666666668,65
1397,326,1723,0.23335719398711524,340
818,157,975,0.19193154034229828,159
33,773,806,23.424242424242426,729
705,649,1354,0.9205673758865248,665
13,419,432,32.23076923076923,441
13,183,196,14.076923076923077,184
97,409,506,4.216494845360825,427
1160,603,1763,0.5198275862068965,616
1055,568,1623,0.5383886255924171,579
2070,41,2111,0.019806763285024155,32
6,349,355,58.166666666666664,368
145,18,163,0.12413793103448276,36
57,357,414,6.2631578947368425,378
77,403,480,5.233766233766234,423
12,366,378,30.5,387
145,924,1069,6.372413793103449,957
33,358,391,10.848484848484848,364
28,203,231,7.25,210
84,259,343,3.0833333333333335,270
39,375,414,9.615384615384615,389
13,154,167,11.846153846153847,153
41,105,146,2.5609756097560976,105
453,666,1119,1.4701986754966887,675
44,195,239,4.431818181818182,198
9,209,218,23.22222222222222,212
7,520,527,74.28571428571429,544
162,976,1138,6.0246913580246915,1006
97,123,220,1.268041237113402,117
6,40,46,6.666666666666667,28
7,107,114,15.285714285714286,105
64,665,729,10.390625,675
134,660,794,4.925373134328358,673
56,267,323,4.767857142857143,280
7,135,142,19.285714285714285,138
6,322,328,53.666666666666664,335
31,319,350,10.290322580645162,342
35,304,339,8.685714285714285,282
50,145,195,2.9,146
66,105,171,1.5909090909090908,124
13,109,122,8.384615384615385,101
630,768,1398,1.2190476190476192,771
107,330,437,3.0841121495327104,348
29,974,1003,33.58620689655172,1006
101,972,1073,9.623762376237623,984
14,125,139,8.928571428571429,358
20,220,240,11.0,226
20,463,483,23.15,489
18,772,790,42.888888888888886,772
37,687,724,18.56756756756757,698
1,10,11,10.0,1
25,122,147,4.88,118
86,645,731,7.5,662
69,324,393,4.695652173913044,311
2568,124,2692,0.048286604361370715,119
2,10,12,5.0,1
37,224,261,6.054054054054054,229
110,308,418,2.8,231
1286,823,2109,0.6399688958009331,504
1,10,11,10.0,1
99,311,410,3.1414141414141414,327
112,14,126,0.125,1
34,43,77,1.2647058823529411,35
200,155,355,0.775,154
6,45,51,7.5,37
559,53,612,0.09481216457960644,42
4,367,371,91.75,426
10,354,364,35.4,355
46,318,364,6.913043478260869,334
1713,13,1726,0.007589025102159953,1
38,267,305,7.026315789473684,279
109,439,548,4.027522935779817,466
1072,83,1155,0.07742537313432836,76
25,266,291,10.64,276
96,273,369,2.84375,575
24,242,266,10.083333333333334,252
36,307,343,8.527777777777779,327
78,491,569,6.294871794871795,511
1,10,11,10.0,1
18,205,223,11.38888888888889,205
1,10,11,10.0,1
132,506,638,3.8333333333333335,528
37,326,363,8.81081081081081,299
1157,819,1976,0.7078651685393258,822
2898,388,3286,0.13388543823326432,408
26,142,168,5.461538461538462,143
20,118,138,5.9,116
19,248,267,13.052631578947368,259
26,572,598,22.0,591
91,228,319,2.5054945054945055,236
117,431,548,3.6837606837606836,451
80,348,428,4.35,368
2880,7,2887,0.0024305555555555556,1
21,602,623,28.666666666666668,372
69,45,114,0.6521739130434783,30
55,152,207,2.7636363636363637,154
35,32,67,0.9142857142857143,21
43,25,68,0.5813953488372093,9
653,34,687,0.05206738131699847,19
2209,584,2793,0.26437301946582165,599
15,95,110,6.333333333333333,256
24,449,473,18.708333333333332,478
8,196,204,24.5,199
25,44,69,1.76,30
613,68,681,0.11092985318107668,60
1403,128,1531,0.09123307198859587,127
1523,5,1528,0.003282994090610637,1
8,315,323,39.375,333
30,250,280,8.333333333333334,259
40,181,221,4.525,188
38,904,942,23.789473684210527,910
45,43,88,0.9555555555555556,30
4,55,59,13.75,43
11,415,426,37.72727272727273,437
2753,162,2915,0.05884489647657101,162
38,212,250,5.578947368421052,219
17,445,462,26.176470588235293,466
13,188,201,14.461538461538462,189
11,450,461,40.90909090909091,472
5,105,110,21.0,100
15,481,496,32.06666666666667,502
119,717,836,6.025210084033613,728
22,136,158,6.181818181818182,136
18,350,368,19.444444444444443,359
10,310,320,31.0,324
16,111,127,6.9375,106
76,152,228,2.0,150
22,119,141,5.409090909090909,116
21,18,39,0.8571428571428571,1
17,655,672,38.529411764705884,666
79,344,423,4.3544303797468356,363
42,585,627,13.928571428571429,602
12,483,495,40.25,503
456,5,461,0.010964912280701754,1
18,27,45,1.5,12
461,272,733,0.5900216919739696,282
1877,25,1902,0.013319126265316995,3
46,795,841,17.282608695652176,802
1407,321,1728,0.2281449893390192,338
245,239,484,0.9755102040816327,249
43,45,88,1.0465116279069768,31
12,171,183,14.25,174
8,251,259,31.375,258
334,329,663,0.9850299401197605,344
3663,241,3904,0.06579306579306579,255
13,426,439,32.76923076923077,448
10,164,174,16.4,168
21,166,187,7.904761904761905,168
167,18,185,0.10778443113772455,143
1152,446,1598,0.3871527777777778,671
70,440,510,6.285714285714286,459
312,278,590,0.8910256410256411,429
319,288,607,0.9028213166144201,131
20,529,549,26.45,549
10,855,865,85.5,867
17,325,342,19.11764705882353,318
140,22,162,0.15714285714285714,5
25,435,460,17.4,458
840,513,1353,0.6107142857142858,530
12,303,315,25.25,324
11,44,55,4.0,33
1686,85,1771,0.05041518386714116,375
44,375,419,8.522727272727273,393
22,531,553,24.136363636363637,554
68,444,512,6.529411764705882,467
62,477,539,7.693548387096774,493
64,535,599,8.359375,555
20,106,126,5.3,102
16,13,29,0.8125,1
1134,325,1459,0.2865961199294533,75
220,165,385,0.75,167
3,124,127,41.333333333333336,119
443,18,461,0.040632054176072234,11
16,123,139,7.6875,123
108,213,321,1.9722222222222223,217
285,353,638,1.2385964912280703,374
234,154,388,0.6581196581196581,157
373,696,1069,1.8659517426273458,706
24,108,132,4.5,103
156,662,818,4.243589743589744,672
31,194,225,6.258064516129032,197
30,342,372,11.4,360
7,279,286,39.857142857142854,149
16,332,348,20.75,346
9,363,372,40.333333333333336,390
118,342,460,2.8983050847457625,360
44,566,610,12.863636363636363,583
16,565,581,35.3125,661
19,319,338,16.789473684210527,334
1808,7,1815,0.0038716814159292035,30
360,364,724,1.011111111111111,386
341,888,1229,2.6041055718475072,895
7,95,102,13.571428571428571,149
13,538,551,41.38461538461539,562
361,363,724,1.005540166204986,664
679,238,917,0.35051546391752575,247
72,389,461,5.402777777777778,409
19,404,423,21.263157894736842,423
22,400,422,18.181818181818183,421
837,865,1702,1.033452807646356,870
170,460,630,2.7058823529411766,366
7,101,108,14.428571428571429,96
1,253,254,253.0,435
8,70,78,8.75,62
46,417,463,9.065217391304348,434
7,362,369,51.714285714285715,372
3403,209,3612,0.061416397296503084,217
12,237,249,19.75,315
100,40,140,0.4,29
196,919,1115,4.688775510204081,925
36,257,293,7.138888888888889,269
16,175,191,10.9375,178
11,290,301,26.363636363636363,305
9,205,214,22.77777777777778,210
1,275,276,275.0,292
32,344,376,10.75,328
403,642,1045,1.5930521091811414,652
12,366,378,30.5,545
6,147,153,24.5,148
9,212,221,23.555555555555557,219
151,15,166,0.09933774834437085,1
8,163,171,20.375,165
318,743,1061,2.3364779874213837,747
10,373,383,37.3,396
1805,13,1818,0.007202216066481994,1
25,199,224,7.96,206
3027,300,3327,0.09910802775024777,5
24,262,286,10.916666666666666,273
15,281,296,18.733333333333334,290
138,40,178,0.2898550724637681,29
222,990,1212,4.45945945945946,509
11,70,81,6.363636363636363,62
451,988,1439,2.190687361419069,1006
3204,32,3236,0.009987515605493134,53
28,1044,1072,37.285714285714285,1006
1987,186,2173,0.09360845495722195,197
30,381,411,12.7,397
20,346,366,17.3,359
166,634,800,3.819277108433735,641
1,756,757,756.0,435
49,157,206,3.204081632653061,155
19,144,163,7.578947368421052,144
124,41,165,0.33064516129032256,32
9,139,148,15.444444444444445,140
2116,24,2140,0.011342155009451797,137
43,442,485,10.279069767441861,464
12,35,47,2.9166666666666665,22
261,111,372,0.42528735632183906,114
1360,790,2150,0.5808823529411765,793
11,78,89,7.090909090909091,71
927,325,1252,0.3505933117583603,327
1,10,11,10.0,1
141,313,454,2.219858156028369,330
9,21,30,2.3333333333333335,8
28,590,618,21.071428571428573,576
14,390,404,27.857142857142858,277
44,395,439,8.977272727272727,416
24,42,66,1.75,31
56,510,566,9.107142857142858,535
6,473,479,78.83333333333333,496
15,242,257,16.133333333333333,251
296,544,840,1.837837837837838,564
630,454,1084,0.7206349206349206,394
242,410,652,1.6942148760330578,429
38,61,99,1.605263157894737,37
73,408,481,5.589041095890411,426
23,45,68,1.9565217391304348,28
37,663,700,17.91891891891892,679
31,4,35,0.12903225806451613,1
12,887,899,73.91666666666667,907
27,567,594,21.0,588
24,218,242,9.083333333333334,224
6,209,215,34.833333333333336,218
108,40,148,0.37037037037037035,26
237,257,494,1.0843881856540085,270
30,200,230,6.666666666666667,207
3,77,80,25.666666666666668,70
508,307,815,0.6043307086614174,319
56,962,1018,17.178571428571427,981
18,158,176,8.777777777777779,31
3032,914,3946,0.30145118733509235,918
1,10,11,10.0,1
49,191,240,3.8979591836734695,194
817,654,1471,0.8004895960832313,666
755,650,1405,0.8609271523178808,661
348,325,673,0.9339080459770115,199
1389,521,1910,0.375089992800576,545
19,179,198,9.421052631578947,184
1537,14,1551,0.009108653220559532,1
43,877,920,20.3953488372093,882
2748,1015,3763,0.36935953420669576,442
36,441,477,12.25,453
17,292,309,17.176470588235293,306
23,187,210,8.130434782608695,190
354,454,808,1.2824858757062148,473
16,425,441,26.5625,444
16,331,347,20.6875,348
24,817,841,34.041666666666664,821
6,207,213,34.5,101
44,245,289,5.568181818181818,259
18,188,206,10.444444444444445,193
15,295,310,19.666666666666668,310
1086,424,1510,0.39042357274401474,448
16,585,601,36.5625,599
144,125,269,0.8680555555555556,124
40,334,374,8.35,457
10,29,39,2.9,13
2,389,391,194.5,392
93,648,741,6.967741935483871,662
45,498,543,11.066666666666666,521
4,17,21,4.25,2
19,206,225,10.842105263157896,210
8,231,239,28.875,453
15,259,274,17.266666666666666,273
2589,70,2659,0.027037466203167246,68
9,155,164,17.22222222222222,161
13,823,836,63.30769230769231,835
22,374,396,17.0,396
25,3,28,0.12,1
7,264,271,37.714285714285715,149
1933,101,2034,0.05225038799793068,101
1101,923,2024,0.8383287920072662,921
10,60,70,6.0,48
10,256,266,25.6,268
46,64,110,1.391304347826087,55
920,993,1913,1.0793478260869565,1006
94,922,1016,9.808510638297872,926
1005,354,1359,0.3522388059701492,389
559,323,882,0.5778175313059034,340
13,407,420,31.307692307692307,429
29,12,41,0.41379310344827586,1
25,878,903,35.12,394
67,240,307,3.582089552238806,250
107,138,245,1.2897196261682242,134
29,376,405,12.96551724137931,397
233,335,568,1.4377682403433476,351
9,443,452,49.22222222222222,462
47,663,710,14.106382978723405,502
35,420,455,12.0,406
67,92,159,1.373134328358209,86
50,428,478,8.56,450
38,505,543,13.289473684210526,528
65,277,342,4.2615384615384615,289
153,308,461,2.0130718954248366,326
8,111,119,13.875,108
483,71,554,0.14699792960662525,64
19,381,400,20.05263157894737,403
37,205,242,5.54054054054054,209
5,16,21,3.2,19
18,404,422,22.444444444444443,429
89,239,328,2.6853932584269664,247
13,201,214,15.461538461538462,74
22,39,61,1.7727272727272727,27
10,356,366,35.6,380
8,419,427,52.375,441
8,62,70,7.75,21
17,103,120,6.0588235294117645,100
1269,235,1504,0.18518518518518517,248
234,154,388,0.6581196581196581,157
42,508,550,12.095238095238095,525
95,26,121,0.2736842105263158,11
457,101,558,0.2210065645514223,98
5,247,252,49.4,258
18,364,382,20.22222222222222,381
28,245,273,8.75,254
13,434,447,33.38461538461539,454
5,229,234,45.8,243
9,335,344,37.22222222222222,350
26,281,307,10.807692307692308,292
97,110,207,1.134020618556701,105
22,428,450,19.454545454545453,449
64,535,599,8.359375,555
24,303,327,12.625,323
15,272,287,18.133333333333333,284
7,429,436,61.285714285714285,121
72,388,460,5.388888888888889,409
26,186,212,7.153846153846154,188
5,234,239,46.8,242
14,29,43,2.0714285714285716,14
45,56,101,1.2444444444444445,42
31,1112,1143,35.87096774193548,458
946,193,1139,0.2040169133192389,148
1095,4,1099,0.0036529680365296802,1
145,36,181,0.2482758620689655,36
7,45,52,6.428571428571429,149
15,349,364,23.266666666666666,369
374,377,751,1.0080213903743316,398
541,240,781,0.4436229205175601,249
505,339,844,0.6712871287128713,355
26,541,567,20.807692307692307,559
1,11,12,11.0,5
19,277,296,14.578947368421053,290
9,175,184,19.444444444444443,175
349,111,460,0.31805157593123207,104
38,377,415,9.921052631578947,397
7,229,236,32.714285714285715,235
2,26,28,13.0,806
273,604,877,2.2124542124542126,709
20,128,148,6.4,125
8,273,281,34.125,285
27,603,630,22.333333333333332,619
477,996,1473,2.088050314465409,154
17,373,390,21.941176470588236,391
20,294,314,14.7,308
49,108,157,2.204081632653061,105
19,930,949,48.94736842105263,935
12,479,491,39.916666666666664,497
437,686,1123,1.5697940503432495,702
84,399,483,4.75,417
65,121,186,1.8615384615384616,119
19,761,780,40.05263157894737,770
10,392,402,39.2,421
3283,152,3435,0.046299116661590006,123
10,18,28,1.8,1
99,416,515,4.202020202020202,439
98,366,464,3.7346938775510203,386
47,559,606,11.893617021276595,578
415,841,1256,2.0265060240963857,853
9,241,250,26.77777777777778,247
43,58,101,1.3488372093023255,47
11,642,653,58.36363636363637,655
14,543,557,38.785714285714285,563
879,605,1484,0.6882821387940842,622
91,284,375,3.120879120879121,299
1635,380,2015,0.2324159021406728,398
157,266,423,1.694267515923567,281
99,670,769,6.767676767676767,678
19,181,200,9.526315789473685,186
20,187,207,9.35,190
62,35,97,0.5645161290322581,19
41,509,550,12.414634146341463,533
55,239,294,4.345454545454546,246
23,68,91,2.9565217391304346,57
322,271,593,0.8416149068322981,283
16,115,131,7.1875,111
58,400,458,6.896551724137931,420
35,550,585,15.714285714285714,567
31,93,124,3.0,86
9,117,126,13.0,114
575,7,582,0.01217391304347826,1
143,312,455,2.1818181818181817,327
71,30,101,0.4225352112676056,17
2,31,33,15.5,16
163,560,723,3.4355828220858897,573
681,666,1347,0.9779735682819384,678
36,6,42,0.16666666666666666,1
54,99,153,1.8333333333333333,91
210,262,472,1.2476190476190476,269
67,309,376,4.611940298507463,325
9,457,466,50.77777777777778,476
516,52,568,0.10077519379844961,40
28,352,380,12.571428571428571,351
172,138,310,0.8023255813953488,339
41,258,299,6.2926829268292686,255
171,30,201,0.17543859649122806,18
3472,266,3738,0.07661290322580645,277
84,481,565,5.726190476190476,508
2318,408,2726,0.17601380500431407,427
51,298,349,5.8431372549019605,310
110,605,715,5.5,625
8,169,177,21.125,169
27,388,415,14.37037037037037,402
21,145,166,6.904761904761905,145
88,538,626,6.113636363636363,558
799,1039,1838,1.300375469336671,1006
833,444,1277,0.5330132052821128,481
9,249,258,27.666666666666668,257
165,172,337,1.0424242424242425,163
182,299,481,1.6428571428571428,314
15,102,117,6.8,96
1,10,11,10.0,1
22,28,50,1.2727272727272727,14
1738,608,2346,0.34982738780207134,623
7,89,96,12.714285714285714,81
157,415,572,2.643312101910828,439
25,187,212,7.48,189
93,121,214,1.3010752688172043,119
19,324,343,17.05263157894737,338
65,213,278,3.276923076923077,221
63,788,851,12.507936507936508,792
17,230,247,13.529411764705882,234
191,3,194,0.015706806282722512,1
44,398,442,9.045454545454545,415
35,178,213,5.085714285714285,179
107,473,580,4.420560747663552,494
14,551,565,39.357142857142854,568
400,18,418,0.045,3
118,121,239,1.0254237288135593,123
1351,348,1699,0.25758697261287933,364
55,703,758,12.781818181818181,720
8,255,263,31.875,265
99,383,482,3.8686868686868685,397
25,374,399,14.96,389
20,34,54,1.7,20
1259,286,1545,0.22716441620333597,363
96,484,580,5.041666666666667,506
1372,48,1420,0.03498542274052478,37
48,84,132,1.75,150
37,385,422,10.405405405405405,400
1040,6,1046,0.0057692307692307696,1
111,372,483,3.3513513513513513,396
49,587,636,11.979591836734693,602
13,146,159,11.23076923076923,146
68,438,506,6.4411764705882355,465
403,406,809,1.0074441687344913,427
53,953,1006,17.9811320754717,976
16,560,576,35.0,579
18,262,280,14.555555555555555,275
15,188,203,12.533333333333333,419
67,230,297,3.4328358208955225,239
2,10,12,5.0,1
228,294,522,1.2894736842105263,308
14,390,404,27.857142857142858,408
64,388,452,6.0625,407
21,435,456,20.714285714285715,454
151,339,490,2.2450331125827816,355
269,346,615,1.2862453531598512,366
28,393,421,14.035714285714286,415
53,4,57,0.07547169811320754,82
7,457,464,65.28571428571429,476
2980,402,3382,0.1348993288590604,425
10,626,636,62.6,642
13,275,288,21.153846153846153,292
440,112,552,0.2545454545454545,109
36,256,292,7.111111111111111,268
1193,345,1538,0.28918692372170995,365
27,139,166,5.148148148148148,141
17,294,311,17.294117647058822,318
48,373,421,7.770833333333333,392
286,275,561,0.9615384615384616,286
1471,640,2111,0.43507817811012917,650
84,652,736,7.761904761904762,664
1,10,11,10.0,1
364,29,393,0.07967032967032966,502
49,855,904,17.448979591836736,860
48,444,492,9.25,464
24,96,120,4.0,91
123,1425,1548,11.585365853658537,1006
10,3,13,0.3,1
160,48,208,0.3,37
27,226,253,8.37037037037037,238
13,131,144,10.076923076923077,138
370,527,897,1.4243243243243244,492
11,901,912,81.9090909090909,907
63,184,247,2.9206349206349205,188
5,135,140,27.0,136
478,85,563,0.17782426778242677,80
9,343,352,38.111111111111114,364
614,774,1388,1.260586319218241,781
983,163,1146,0.16581892166836215,157
24,362,386,15.083333333333334,380
81,397,478,4.901234567901234,416
87,506,593,5.816091954022989,527
39,449,488,11.512820512820513,468
365,357,722,0.9780821917808219,371
910,324,1234,0.35604395604395606,340
14,15,29,1.0714285714285714,1
26,19,45,0.7307692307692307,4
12,111,123,9.25,105
18,381,399,21.166666666666668,405
7,135,142,19.285714285714285,149
15,957,972,63.8,1006
58,521,579,8.982758620689655,523
25,110,135,4.4,107
550,562,1112,1.0218181818181817,576
19,247,266,13.0,258
24,45,69,1.875,45
17,306,323,18.0,318
25,111,136,4.44,106
75,38,113,0.5066666666666667,26
47,190,237,4.042553191489362,374
12,331,343,27.583333333333332,343
20,199,219,9.95,204
16,497,513,31.0625,520
294,7,301,0.023809523809523808,1
38,522,560,13.736842105263158,551
827,888,1715,1.0737605804111245,894
49,362,411,7.387755102040816,385
24,321,345,13.375,337
21,222,243,10.571428571428571,227
114,201,315,1.763157894736842,205
47,488,535,10.382978723404255,508
21,389,410,18.523809523809526,412
15,189,204,12.6,190
1750,547,2297,0.31257142857142856,569
407,624,1031,1.5331695331695332,638
21,249,270,11.857142857142858,259
19,533,552,28.05263157894737,556
19,293,312,15.421052631578947,303
30,771,801,25.7,775
24,285,309,11.875,298
2,35,37,17.5,1
35,516,551,14.742857142857142,660
9,432,441,48.0,457
28,212,240,7.571428571428571,221
155,50,205,0.3225806451612903,43
9,304,313,33.77777777777778,324
187,616,803,3.2941176470588234,627
29,301,330,10.379310344827585,319
9,242,251,26.88888888888889,251
430,145,575,0.3372093023255814,147
7,848,855,121.14285714285714,854
1402,180,1582,0.12838801711840228,184
25,372,397,14.88,393
14,771,785,55.07142857142857,773
1,10,11,10.0,1
10,346,356,34.6,363
19,290,309,15.263157894736842,450
560,66,626,0.11785714285714285,207
20,286,306,14.3,300
10,311,321,31.1,326
32,440,472,13.75,468
9,118,127,13.11111111111111,119
39,508,547,13.025641025641026,529
21,463,484,22.047619047619047,484
74,323,397,4.364864864864865,338
8,116,124,14.5,111
41,579,620,14.121951219512194,597
11,46,57,4.181818181818182,37
43,130,173,3.0232558139534884,131
689,345,1034,0.5007256894049347,366
236,136,372,0.576271186440678,135
21,282,303,13.428571428571429,293
52,938,990,18.03846153846154,953
117,147,264,1.2564102564102564,146
80,553,633,6.9125,242
221,66,287,0.2986425339366516,56
49,500,549,10.204081632653061,521
3710,5,3715,0.0013477088948787063,1
59,34,93,0.576271186440678,14
63,260,323,4.126984126984127,270
55,260,315,4.7272727272727275,272
389,188,577,0.4832904884318766,192
15,264,279,17.6,276
17,293,310,17.235294117647058,306
22,332,354,15.090909090909092,345
10,960,970,96.0,971
504,174,678,0.34523809523809523,176
147,545,692,3.707482993197279,565
2510,454,2964,0.18087649402390438,478
35,569,604,16.257142857142856,582
17,158,175,9.294117647058824,158
68,137,205,2.014705882352941,408
991,398,1389,0.40161453077699294,417
59,446,505,7.559322033898305,465
1393,84,1477,0.06030150753768844,77
22,368,390,16.727272727272727,387
1,10,11,10.0,1
59,215,274,3.6440677966101696,221
12,374,386,31.166666666666668,394
381,578,959,1.5170603674540681,599
10,65,75,6.5,55
108,379,487,3.509259259259259,387
27,290,317,10.74074074074074,347
97,526,623,5.422680412371134,541
45,752,797,16.711111111111112,752
13,44,57,3.3846153846153846,22
11,180,191,16.363636363636363,186
4,40,44,10.0,29
11,353,364,32.09090909090909,190
3,31,34,10.333333333333334,15
649,369,1018,0.5685670261941448,385
25,400,425,16.0,420
26,306,332,11.76923076923077,324
1126,6,1132,0.0053285968028419185,1
1,10,11,10.0,1
14,554,568,39.57142857142857,575
115,398,513,3.4608695652173913,414
396,516,912,1.303030303030303,534
53,99,152,1.8679245283018868,93
3005,267,3272,0.08885191347753743,277
31,589,620,19.0,339
34,767,801,22.558823529411764,772
8,310,318,38.75,326
1060,222,1282,0.20943396226415095,231
170,765,935,4.5,768
22,252,274,11.454545454545455,260
884,808,1692,0.9140271493212669,814
10,261,271,26.1,275
145,159,304,1.096551724137931,157
28,485,513,17.321428571428573,150
471,419,890,0.8895966029723992,438
2,343,345,171.5,364
135,910,1045,6.7407407407407405,925
32,51,83,1.59375,40
42,677,719,16.11904761904762,685
42,27,69,0.6428571428571429,15
19,405,424,21.31578947368421,427
11,122,133,11.090909090909092,118
20,908,928,45.4,921
40,181,221,4.525,188
49,27,76,0.5510204081632653,13
12,350,362,29.166666666666668,372
6,278,284,46.333333333333336,291
13,391,404,30.076923076923077,417
882,505,1387,0.572562358276644,525
1,10,11,10.0,1
20,646,666,32.3,735
8,213,221,26.625,215
44,272,316,6.181818181818182,284
147,125,272,0.8503401360544217,124
4,251,255,62.75,264
214,403,617,1.8831775700934579,424
20,213,233,10.65,220
20,1005,1025,50.25,1006
28,345,373,12.321428571428571,361
16,29,45,1.8125,113
17,514,531,30.235294117647058,533
10,742,752,74.2,745
155,612,767,3.9483870967741934,628
40,278,318,6.95,289
467,107,574,0.2291220556745182,101
29,209,238,7.206896551724138,215
30,155,185,5.166666666666667,154
8,329,337,41.125,347
31,191,222,6.161290322580645,196
14,632,646,45.142857142857146,646
7,278,285,39.714285714285715,295
136,597,733,4.389705882352941,615
61,531,592,8.704918032786885,550
1144,104,1248,0.09090909090909091,102
5,134,139,26.8,134
73,27,100,0.3698630136986301,13
19,281,300,14.789473684210526,492
613,68,681,0.11092985318107668,60
433,428,861,0.9884526558891455,878
7,408,415,58.285714285714285,430
26,388,414,14.923076923076923,411
14,133,147,9.5,132
303,183,486,0.6039603960396039,187
107,671,778,6.271028037383178,683
57,269,326,4.719298245614035,281
24,749,773,31.208333333333332,756
84,243,327,2.892857142857143,253
22,423,445,19.227272727272727,441
29,471,500,16.24137931034483,348
26,351,377,13.5,371
21,451,472,21.476190476190474,463
1832,34,1866,0.018558951965065504,24
11,14,25,1.2727272727272727,1
90,14,104,0.15555555555555556,1
49,581,630,11.857142857142858,599
4,154,158,38.5,156
39,335,374,8.58974358974359,355
50,354,404,7.08,470
2046,4,2050,0.0019550342130987292,229
103,433,536,4.203883495145631,452
22,263,285,11.954545454545455,273
115,7,122,0.06086956521739131,1
531,952,1483,1.792843691148776,999
6,76,82,12.666666666666666,68
76,606,682,7.973684210526316,622
144,481,625,3.3402777777777777,496
17,291,308,17.11764705882353,307
92,450,542,4.891304347826087,471
578,280,858,0.4844290657439446,293
8,94,102,11.75,86
23,195,218,8.478260869565217,200
18,115,133,6.388888888888889,110
72,459,531,6.375,478
71,81,152,1.1408450704225352,75
30,298,328,9.933333333333334,312
16,26,42,1.625,13
115,298,413,2.591304347826087,312
32,358,390,11.1875,321
67,103,170,1.537313432835821,99
19,368,387,19.36842105263158,382
316,675,991,2.1360759493670884,426
153,60,213,0.39215686274509803,49
21,449,470,21.38095238095238,467
16,772,788,48.25,664
9,461,470,51.22222222222222,484
13,322,335,24.76923076923077,335
40,3,43,0.075,1
2,16,18,8.0,3
14,618,632,44.142857142857146,636
485,155,640,0.31958762886597936,156
18,245,263,13.61111111111111,254
35,124,159,3.5428571428571427,122
14,185,199,13.214285714285714,190
10,69,79,6.9,59
6,224,230,37.333333333333336,231
105,391,496,3.723809523809524,410
84,822,906,9.785714285714286,831
19,248,267,13.052631578947368,258
5,183,188,36.6,328
337,88,425,0.26112759643916916,238
16,189,205,11.8125,195
4,208,212,52.0,217
16,780,796,48.75,778
386,342,728,0.8860103626943006,360
34,67,101,1.9705882352941178,57
106,128,234,1.2075471698113207,232
485,613,1098,1.2639175257731958,626
310,580,890,1.8709677419354838,595
559,53,612,0.09481216457960644,42
11,356,367,32.36363636363637,371
52,216,268,4.153846153846154,223
50,393,443,7.86,407
27,266,293,9.851851851851851,276
67,785,852,11.716417910447761,415
22,523,545,23.772727272727273,543
8,140,148,17.5,142
78,42,120,0.5384615384615384,32
35,335,370,9.571428571428571,349
14,461,475,32.92857142857143,481
36,16,52,0.4444444444444444,4
1462,267,1729,0.1826265389876881,279
7,347,354,49.57142857142857,365
46,172,218,3.739130434782609,180
90,424,514,4.711111111111111,441
3,130,133,43.333333333333336,126
127,622,749,4.897637795275591,468
15,453,468,30.2,472
27,792,819,29.333333333333332,793
16,491,507,30.6875,512
30,61,91,2.033333333333333,56
2042,13,2055,0.006366307541625857,1
24,362,386,15.083333333333334,380
47,488,535,10.382978723404255,508
30,20,50,0.6666666666666666,5
9,24,33,2.6666666666666665,10
5,50,55,10.0,35
38,212,250,5.578947368421052,219
112,44,156,0.39285714285714285,33
657,96,753,0.1461187214611872,92
153,551,704,3.6013071895424837,574
1074,886,1960,0.8249534450651769,890
26,580,606,22.307692307692307,598
29,295,324,10.172413793103448,303
19,354,373,18.63157894736842,371
225,983,1208,4.368888888888889,811
10,317,327,31.7,335
14,89,103,6.357142857142857,83
10,328,338,32.8,347
160,494,654,3.0875,515
640,726,1366,1.134375,738
13,212,225,16.307692307692307,218
1330,589,1919,0.44285714285714284,604
253,458,711,1.8102766798418972,476
10,323,333,32.3,340
17,253,270,14.882352941176471,318
17,567,584,33.35294117647059,586
12,554,566,46.166666666666664,566
16,20,36,1.25,3
793,283,1076,0.35687263556116017,294
57,59,116,1.0350877192982457,48
24,362,386,15.083333333333334,380
65,385,450,5.923076923076923,399
9,366,375,40.666666666666664,385
65,256,321,3.9384615384615387,266
307,282,589,0.9185667752442996,297
36,193,229,5.361111111111111,196
133,196,329,1.4736842105263157,202
113,972,1085,8.601769911504425,895
1458,1078,2536,0.7393689986282579,611
11,211,222,19.181818181818183,217
16,172,188,10.75,175
4,111,115,27.75,135
23,822,845,35.73913043478261,817
351,492,843,1.4017094017094016,509
312,1093,1405,3.503205128205128,1006
49,633,682,12.918367346938776,642
25,468,493,18.72,488
46,318,364,6.913043478260869,334
148,348,496,2.3513513513513513,363
10,172,182,17.2,172
490,107,597,0.21836734693877552,105
23,384,407,16.695652173913043,406
569,964,1533,1.6942003514938488,976
1,10,11,10.0,1
13,356,369,27.384615384615383,376
18,529,547,29.38888888888889,237
201,745,946,3.7064676616915424,755
13,379,392,29.153846153846153,402
17,509,526,29.941176470588236,533
22,339,361,15.409090909090908,353
20,613,633,30.65,631
2137,673,2810,0.31492746841366404,687
4,485,489,121.25,426
366,254,620,0.6939890710382514,268
471,258,729,0.5477707006369427,269
30,310,340,10.333333333333334,328
243,827,1070,3.403292181069959,825
9,332,341,36.888888888888886,331
23,166,189,7.217391304347826,169
50,39,89,0.78,177
71,439,510,6.183098591549296,460
30,3,33,0.1,1
16,234,250,14.625,241
27,99,126,3.6666666666666665,94
320,365,685,1.140625,380
23,756,779,32.869565217391305,761
116,466,582,4.017241379310345,383
12,401,413,33.416666666666664,356
78,311,389,3.9871794871794872,327
22,442,464,20.09090909090909,467
764,143,907,0.18717277486910994,145
24,346,370,14.416666666666666,366
13,133,146,10.23076923076923,131
436,482,918,1.1055045871559632,502
5,33,38,6.6,18
662,138,800,0.2084592145015106,136
24,170,194,7.083333333333333,172
31,348,379,11.225806451612904,163
14,6,20,0.42857142857142855,1
13,261,274,20.076923076923077,271
2,253,255,126.5,70
14,326,340,23.285714285714285,342
24,537,561,22.375,553
401,153,554,0.38154613466334164,153
22,136,158,6.181818181818182,136
23,25,48,1.0869565217391304,10
356,16,372,0.0449438202247191,98
91,23,114,0.25274725274725274,6
9,28,37,3.111111111111111,13
31,603,634,19.451612903225808,615
41,715,756,17.4390243902439,729
25,12,37,0.48,1
9,152,161,16.88888888888889,117
621,450,1071,0.7246376811594203,444
14,283,297,20.214285714285715,296
344,970,1314,2.8197674418604652,1005
319,392,711,1.2288401253918495,408
14,290,304,20.714285714285715,310
165,5,170,0.030303030303030304,1
17,20,37,1.1764705882352942,5
647,5,652,0.0077279752704791345,1
5,344,349,68.8,365
34,304,338,8.941176470588236,313
384,654,1038,1.703125,399
8,29,37,3.625,15
1,10,11,10.0,1
26,514,540,19.76923076923077,540
53,885,938,16.69811320754717,887
25,24,49,0.96,10
5,234,239,46.8,242
19,518,537,27.263157894736842,538
13,420,433,32.30769230769231,446
64,1009,1073,15.765625,1006
34,683,717,20.08823529411765,696
48,731,779,15.229166666666666,739
56,460,516,8.214285714285714,482
12,148,160,12.333333333333334,150
69,340,409,4.927536231884058,359
375,107,482,0.2853333333333333,104
2,94,96,47.0,89
3,187,190,62.333333333333336,196
656,183,839,0.27896341463414637,186
136,347,483,2.551470588235294,362
44,23,67,0.5227272727272727,8
104,324,428,3.1153846153846154,364
88,127,215,1.4431818181818181,126
138,40,178,0.2898550724637681,29
61,606,667,9.934426229508198,615
13,501,514,38.53846153846154,528
9,233,242,25.88888888888889,240
29,68,97,2.3448275862068964,59
1063,184,1247,0.17309501411100658,189
24,410,434,17.083333333333332,552
99,639,738,6.454545454545454,648
26,161,187,6.1923076923076925,23
18,193,211,10.722222222222221,194
7,144,151,20.571428571428573,117
36,289,325,8.027777777777779,302
53,579,632,10.924528301886792,596
41,65,106,1.5853658536585367,54
1,10,11,10.0,1
998,123,1121,0.12324649298597194,120
9,386,395,42.888888888888886,410
8,222,230,27.75,235
15,201,216,13.4,208
91,68,159,0.7472527472527473,60
286,380,666,1.3286713286713288,412
66,344,410,5.212121212121212,368
622,232,854,0.3729903536977492,241
22,361,383,16.40909090909091,377
328,279,607,0.850609756097561,289
7,3,10,0.42857142857142855,255
1200,319,1519,0.2658333333333333,332
9,24,33,2.6666666666666665,103
1695,129,1824,0.07610619469026549,126
20,631,651,31.55,640
21,317,338,15.095238095238095,334
3,43,46,14.333333333333334,29
45,406,451,9.022222222222222,425
42,372,414,8.857142857142858,383
616,509,1125,0.8262987012987013,526
16,108,124,6.75,113
12,280,292,23.333333333333332,295
35,32,67,0.9142857142857143,21
10,592,602,59.2,609
2,10,12,5.0,1
11,28,39,2.5454545454545454,14
298,622,920,2.087248322147651,634
18,273,291,15.166666666666666,287
43,358,401,8.325581395348838,372
22,425,447,19.318181818181817,442
21,715,736,34.04761904761905,724
952,563,1515,0.5913865546218487,577
5,22,27,4.4,6
3848,5,3853,0.0012993762993762994,1
1,10,11,10.0,1
57,781,838,13.701754385964913,794
99,686,785,6.929292929292929,704
2339,1030,3369,0.440359127832407,1006
539,258,797,0.47866419294990725,269
42,321,363,7.642857142857143,343
192,455,647,2.3697916666666665,375
1259,304,1563,0.2414614773629865,318
8,322,330,40.25,337
41,384,425,9.365853658536585,404
1556,529,2085,0.33997429305912596,543
25,23,48,0.92,8
4,12,16,3.0,1
19,175,194,9.210526315789474,176
663,655,1318,0.9879336349924586,673
502,84,586,0.16733067729083664,77
70,105,175,1.5,106
604,3,607,0.004966887417218543,1
1922,599,2521,0.31165452653485953,615
393,780,1173,1.984732824427481,776
1749,586,2335,0.3350485991995426,602
10,84,94,8.4,75
58,213,271,3.6724137931034484,461
508,619,1127,1.218503937007874,632
11,762,773,69.27272727272727,766
51,139,190,2.7254901960784315,135
109,158,267,1.4495412844036697,162
12,161,173,13.416666666666666,163
31,244,275,7.870967741935484,253
282,344,626,1.2198581560283688,360
20,38,58,1.9,26
13,949,962,73.0,974
684,392,1076,0.5730994152046783,410
47,388,435,8.25531914893617,411
16,162,178,10.125,170
35,51,86,1.457142857142857,43
31,320,351,10.32258064516129,340
611,146,757,0.23895253682487724,143
162,175,337,1.0802469135802468,180
919,724,1643,0.7878128400435256,497
16,142,158,8.875,147
1151,111,1262,0.09643788010425716,102
45,529,574,11.755555555555556,548
17,378,395,22.235294117647058,397
26,475,501,18.26923076923077,493
477,697,1174,1.4612159329140462,703
13,186,199,14.307692307692308,191
18,412,430,22.88888888888889,436
35,164,199,4.685714285714286,166
39,303,342,7.769230769230769,321
26,62,88,2.3846153846153846,54
6,234,240,39.0,243
3,415,418,138.33333333333334,200
18,206,224,11.444444444444445,213
1537,14,1551,0.009108653220559532,1
7,231,238,33.0,238
46,18,64,0.391304347826087,39
2,329,331,164.5,346
12,169,181,14.083333333333334,169
77,390,467,5.064935064935065,412
23,221,244,9.608695652173912,231
69,142,211,2.0579710144927534,140
24,235,259,9.791666666666666,240
79,296,375,3.7468354430379747,313
2748,356,3104,0.12954876273653565,442
8,347,355,43.375,363
27,222,249,8.222222222222221,228
24,1052,1076,43.833333333333336,1006
14,203,217,14.5,207
171,234,405,1.368421052631579,243
192,257,449,1.3385416666666667,415
26,229,255,8.807692307692308,236
49,330,379,6.73469387755102,344
300,471,771,1.57,492
37,593,630,16.027027027027028,611
2,10,12,5.0,1
1236,26,1262,0.021035598705501618,6
349,120,469,0.3438395415472779,115
63,283,346,4.492063492063492,293
2567,111,2678,0.043241137514608494,119
18,312,330,17.333333333333332,327
1,40,41,40.0,5
35,111,146,3.1714285714285713,106
19,39,58,2.0526315789473686,26
483,642,1125,1.329192546583851,651
69,98,167,1.4202898550724639,153
14,569,583,40.642857142857146,585
28,414,442,14.785714285714286,433
11,94,105,8.545454545454545,86
69,505,574,7.318840579710145,528
164,309,473,1.8841463414634145,387
1,10,11,10.0,1
413,97,510,0.23486682808716708,92
260,444,704,1.7076923076923076,465
16,54,70,3.375,45
780,940,1720,1.205128205128205,956
6,393,399,65.5,413
10,202,212,20.2,209
4,154,158,38.5,160
27,768,795,28.444444444444443,770
985,204,1189,0.20710659898477157,210
26,394,420,15.153846153846153,413
12,245,257,20.416666666666668,253
1996,613,2609,0.30711422845691383,629
13,323,336,24.846153846153847,339
3,360,363,120.0,379
395,102,497,0.2582278481012658,96
653,233,886,0.3568147013782542,244
157,204,361,1.2993630573248407,209
44,363,407,8.25,383
13,176,189,13.538461538461538,180
3216,198,3414,0.061567164179104475,205
95,51,146,0.5368421052631579,39
1810,816,2626,0.450828729281768,820
9,139,148,15.444444444444445,143
7,400,407,57.142857142857146,421
81,727,808,8.975308641975309,735
47,336,383,7.148936170212766,351
40,182,222,4.55,185
7,227,234,32.42857142857143,149
13,229,242,17.615384615384617,237
1,10,11,10.0,1
54,552,606,10.222222222222221,424
195,60,255,0.3076923076923077,51
224,273,497,1.21875,277
92,719,811,7.815217391304348,730
9,46,55,5.111111111111111,35
12,290,302,24.166666666666668,302
17,287,304,16.88235294117647,304
2,11,13,5.5,1
8,869,877,108.625,876
127,178,305,1.4015748031496063,185
111,563,674,5.072072072072072,578
2,24,26,12.0,1
725,31,756,0.04275862068965517,25
13,106,119,8.153846153846153,102
1349,497,1846,0.3684210526315789,517
12,709,721,59.083333333333336,719
82,766,848,9.341463414634147,769
37,471,508,12.72972972972973,366
10,36,46,3.6,26
29,452,481,15.586206896551724,472
11,206,217,18.727272727272727,209
105,395,500,3.761904761904762,417
43,429,472,9.976744186046512,454
36,235,271,6.527777777777778,242
653,147,800,0.225114854517611,68
17,55,72,3.235294117647059,45
24,545,569,22.708333333333332,625
1012,145,1157,0.1432806324110672,142
46,321,367,6.978260869565218,339
187,291,478,1.5561497326203209,302
15,585,600,39.0,241
107,274,381,2.560747663551402,284
83,473,556,5.698795180722891,499
330,392,722,1.187878787878788,409
552,236,788,0.427536231884058,244
649,41,690,0.06317411402157165,25
92,155,247,1.684782608695652,155
96,241,337,2.5104166666666665,250
5,189,194,37.8,192
18,252,270,14.0,264
53,19,72,0.3584905660377358,1
67,635,702,9.477611940298507,646
57,673,730,11.807017543859649,685
190,861,1051,4.531578947368421,469
24,463,487,19.291666666666668,480
21,548,569,26.095238095238095,565
1054,257,1311,0.24383301707779886,268
15,389,404,25.933333333333334,410
38,854,892,22.473684210526315,857
16,183,199,11.4375,184
52,560,612,10.76923076923077,577
172,439,611,2.552325581395349,460
7,128,135,18.285714285714285,125
117,532,649,4.547008547008547,556
78,275,353,3.5256410256410255,286
61,183,244,3.0,188
16,243,259,15.1875,255
75,259,334,3.453333333333333,263
45,328,373,7.288888888888889,349
1139,890,2029,0.781387181738367,396
43,413,456,9.604651162790697,431
2851,127,2978,0.0445457734128376,128
147,259,406,1.7619047619047619,270
41,202,243,4.926829268292683,208
14,193,207,13.785714285714286,193
159,367,526,2.308176100628931,385
8,28,36,3.5,12
619,505,1124,0.815831987075929,496
7,927,934,132.42857142857142,947
1218,579,1797,0.4753694581280788,543
11,256,267,23.272727272727273,264
476,845,1321,1.7752100840336134,852
15,338,353,22.533333333333335,361
42,3,45,0.07142857142857142,1
1922,84,2006,0.043704474505723206,131
23,154,177,6.695652173913044,155
49,202,251,4.122448979591836,208
21,389,410,18.523809523809526,411
188,175,363,0.9308510638297872,182
11,264,275,24.0,274
165,163,328,0.9878787878787879,232
459,421,880,0.9172113289760349,443
11,460,471,41.81818181818182,481
841,138,979,0.16409036860879905,137
173,389,562,2.2485549132947975,407
23,104,127,4.521739130434782,186
34,352,386,10.352941176470589,372
2081,11,2092,0.005285920230658337,1
11,293,304,26.636363636363637,309
7,53,60,7.571428571428571,44
3,24,27,8.0,1
878,827,1705,0.9419134396355353,66
55,406,461,7.381818181818182,426
135,66,201,0.4888888888888889,146
22,289,311,13.136363636363637,470
924,463,1387,0.5010822510822511,484
199,158,357,0.7939698492462312,197
24,902,926,37.583333333333336,913
60,22,82,0.36666666666666664,32
129,31,160,0.24031007751937986,8
56,561,617,10.017857142857142,582
237,660,897,2.7848101265822787,697
89,72,161,0.8089887640449438,63
2153,215,2368,0.09986065954482118,220
17,274,291,16.11764705882353,292
11,105,116,9.545454545454545,100
719,105,824,0.14603616133518776,96
293,56,349,0.19112627986348124,46
59,424,483,7.186440677966102,445
24,526,550,21.916666666666668,546
7,579,586,82.71428571428571,600
89,478,567,5.370786516853933,495
10,967,977,96.7,983
47,995,1042,21.170212765957448,1006
44,603,647,13.704545454545455,357
1374,651,2025,0.4737991266375546,666
65,269,334,4.138461538461539,282
28,318,346,11.357142857142858,336
16,580,596,36.25,599
11,370,381,33.63636363636363,384
14,46,60,3.2857142857142856,35
15,44,59,2.933333333333333,35
113,7,120,0.061946902654867256,1
130,462,592,3.5538461538461537,486
49,357,406,7.285714285714286,460
6,101,107,16.833333333333332,97
6,201,207,33.5,205
25,251,276,10.04,267
444,999,1443,2.25,1006
80,364,444,4.55,380
41,455,496,11.097560975609756,475
88,127,215,1.4431818181818181,126
20,116,136,5.8,115
14,245,259,17.5,254
5,222,227,44.4,229
13,976,989,75.07692307692308,394
1133,932,2065,0.822594880847308,297
39,638,677,16.358974358974358,651
21,411,432,19.571428571428573,407
33,443,476,13.424242424242424,462
482,341,823,0.7074688796680498,361
77,734,811,9.532467532467532,746
221,532,753,2.4072398190045248,556
306,455,761,1.4869281045751634,475
11,654,665,59.45454545454545,664
69,254,323,3.681159420289855,265
695,258,953,0.3712230215827338,721
23,118,141,5.130434782608695,115
25,693,718,27.72,622
599,153,752,0.25542570951585974,155
13,27,40,2.076923076923077,14
123,599,722,4.869918699186992,612
2159,295,2454,0.13663733209819362,310
261,404,665,1.5478927203065134,428
49,833,882,17.0,843
10,306,316,30.6,321
425,568,993,1.336470588235294,31
12,362,374,30.166666666666668,380
20,335,355,16.75,350
9,640,649,71.11111111111111,653
7,472,479,67.42857142857143,492
11,387,398,35.18181818181818,406
287,859,1146,2.9930313588850175,864
11,84,95,7.636363636363637,76
11,651,662,59.18181818181818,344
129,939,1068,7.27906976744186,964
2031,8,2039,0.003938946331856229,1
25,174,199,6.96,173
14,479,493,34.214285714285715,503
28,846,874,30.214285714285715,856
217,101,318,0.46543778801843316,112
31,451,482,14.548387096774194,471
75,255,330,3.4,263
27,192,219,7.111111111111111,194
29,346,375,11.931034482758621,363
38,17,55,0.4473684210526316,2
633,333,966,0.5260663507109005,354
1679,763,2442,0.45443716497915426,770
10,226,236,22.6,232
52,877,929,16.865384615384617,878
17,245,262,14.411764705882353,257
51,669,720,13.117647058823529,683
2612,534,3146,0.20444104134762633,552
281,685,966,2.4377224199288254,697
4,12,16,3.0,1
30,365,395,12.166666666666666,378
327,253,580,0.7737003058103975,267
37,292,329,7.891891891891892,306
56,137,193,2.4464285714285716,138
68,626,694,9.205882352941176,639
67,631,698,9.417910447761194,645
394,466,860,1.1827411167512691,485
14,330,344,23.571428571428573,344
29,346,375,11.931034482758621,363
27,900,927,33.333333333333336,904
35,367,402,10.485714285714286,384
49,388,437,7.918367346938775,406
17,142,159,8.352941176470589,142
17,685,702,40.294117647058826,700
43,35,78,0.813953488372093,22
243,256,499,1.0534979423868314,270
25,63,88,2.52,51
91,79,170,0.8681318681318682,72
214,20,234,0.09345794392523364,9
2,395,397,197.5,392
2275,186,2461,0.08175824175824176,191
319,141,460,0.44200626959247646,138
50,37,87,0.74,27
1,10,11,10.0,1
17,106,123,6.235294117647059,105
7,192,199,27.428571428571427,201
11,188,199,17.09090909090909,189
22,407,429,18.5,433
128,284,412,2.21875,295
70,54,124,0.7714285714285715,41
10,287,297,28.7,300
5,37,42,7.4,18
76,52,128,0.6842105263157895,40
9,96,105,10.666666666666666,88
160,107,267,0.66875,101
1574,425,1999,0.27001270648030495,448
1603,15,1618,0.009357454772301934,1
123,212,335,1.7235772357723578,213
28,90,118,3.2142857142857144,84
6,129,135,21.5,126
143,32,175,0.22377622377622378,1
19,232,251,12.210526315789474,331
22,577,599,26.227272727272727,592
22,348,370,15.818181818181818,371
21,132,153,6.285714285714286,132
14,4,18,0.2857142857142857,1
20,686,706,34.3,699
92,319,411,3.467391304347826,338
67,38,105,0.5671641791044776,21
19,92,111,4.842105263157895,85
13,270,283,20.76923076923077,278
16,575,591,35.9375,596
5,139,144,27.8,353
2288,250,2538,0.10926573426573427,233
499,517,1016,1.0360721442885772,540
39,816,855,20.923076923076923,819
16,357,373,22.3125,377
5,436,441,87.2,453
35,503,538,14.371428571428572,523
10,306,316,30.6,322
7,489,496,69.85714285714286,516
334,942,1276,2.820359281437126,941
90,704,794,7.822222222222222,707
14,244,258,17.428571428571427,291
60,42,102,0.7,37
24,21,45,0.875,14
9,494,503,54.888888888888886,518
10,332,342,33.2,352
379,3,382,0.0079155672823219,1
13,367,380,28.23076923076923,387
14,841,855,60.07142857142857,857
77,39,116,0.5064935064935064,88
20,822,842,41.1,831
66,508,574,7.696969696969697,530
40,149,189,3.725,150
11,188,199,17.09090909090909,194
17,499,516,29.352941176470587,517
51,377,428,7.392156862745098,394
2615,90,2705,0.03441682600382409,85
42,467,509,11.119047619047619,484
17,16,33,0.9411764705882353,1
78,160,238,2.051282051282051,161
17,235,252,13.823529411764707,241
1839,339,2178,0.18433931484502447,355
7,41,48,5.857142857142857,39
13,376,389,28.923076923076923,392
21,412,433,19.61904761904762,431
11,266,277,24.181818181818183,275
4,11,15,2.75,1
4,330,334,82.5,347
10,170,180,17.0,217
1099,530,1629,0.4822565969062784,551
80,349,429,4.3625,370
1042,462,1504,0.44337811900191937,427
25,243,268,9.72,244
18,129,147,7.166666666666667,128
21,260,281,12.380952380952381,270
11,261,272,23.727272727272727,507
18,463,481,25.72222222222222,485
50,449,499,8.98,473
86,564,650,6.558139534883721,584
20,738,758,36.9,744
45,26,71,0.5777777777777777,11
14,80,94,5.714285714285714,70
89,423,512,4.752808988764045,294
8,85,93,10.625,77
17,279,296,16.41176470588235,287
38,890,928,23.42105263157895,907
1,10,11,10.0,1
49,543,592,11.081632653061224,560
656,183,839,0.27896341463414637,186
12,43,55,3.5833333333333335,29
12,167,179,13.916666666666666,169
2153,215,2368,0.09986065954482118,220
19,364,383,19.157894736842106,388
26,158,184,6.076923076923077,160
43,105,148,2.441860465116279,96
839,7,846,0.00834326579261025,1
16,560,576,35.0,579
16,108,124,6.75,144
14,536,550,38.285714285714285,556
51,447,498,8.764705882352942,465
212,14,226,0.0660377358490566,1
221,66,287,0.2986425339366516,56
32,262,294,8.1875,275
654,4,658,0.0061162079510703364,1
18,583,601,32.388888888888886,597
9,47,56,5.222222222222222,35
36,239,275,6.638888888888889,384
14,148,162,10.571428571428571,148
134,213,347,1.5895522388059702,221
1406,31,1437,0.022048364153627313,19
36,458,494,12.722222222222221,480
12,778,790,64.83333333333333,782
17,333,350,19.58823529411765,350
12,782,794,65.16666666666667,782
14,346,360,24.714285714285715,366
1323,573,1896,0.4331065759637188,594
32,161,193,5.03125,31
133,152,285,1.1428571428571428,154
35,271,306,7.742857142857143,278
19,4,23,0.21052631578947367,1
69,448,517,6.492753623188406,469
1498,62,1560,0.04138851802403204,54
13,297,310,22.846153846153847,312
94,445,539,4.73404255319149,467
4,28,32,7.0,9
1739,141,1880,0.08108108108108109,142
17,137,154,8.058823529411764,430
26,43,69,1.6538461538461537,34
8,368,376,46.0,392
103,284,387,2.7572815533980584,362
20,348,368,17.4,365
23,479,502,20.82608695652174,496
224,334,558,1.4910714285714286,198
94,854,948,9.085106382978724,874
58,315,373,5.431034482758621,336
151,15,166,0.09933774834437085,1
18,650,668,36.111111111111114,665
12,174,186,14.5,179
145,665,810,4.586206896551724,677
541,188,729,0.34750462107208874,195
88,447,535,5.079545454545454,464
20,224,244,11.2,226
1325,611,1936,0.4611320754716981,627
9,25,34,2.7777777777777777,6
10,155,165,15.5,156
1538,179,1717,0.11638491547464239,183
390,31,421,0.07948717948717948,20
1116,485,1601,0.4345878136200717,506
24,286,310,11.916666666666666,301
40,208,248,5.2,216
18,270,288,15.0,283
16,374,390,23.375,393
14,190,204,13.571428571428571,194
9,153,162,17.0,158
616,371,987,0.6022727272727273,394
2,36,38,18.0,24
1552,7,1559,0.004510309278350515,1
30,310,340,10.333333333333334,328
11,304,315,27.636363636363637,317
851,523,1374,0.6145710928319624,545
15,223,238,14.866666666666667,229
438,419,857,0.95662100456621,444
8,70,78,8.75,65
56,796,852,14.214285714285714,948
6,12,18,2.0,1
1598,696,2294,0.4355444305381727,707
720,769,1489,1.0680555555555555,772
531,952,1483,1.792843691148776,999
17,576,593,33.88235294117647,595
20,23,43,1.15,3
18,257,275,14.277777777777779,266
281,668,949,2.377224199288256,684
18,100,118,5.555555555555555,93
14,344,358,24.571428571428573,368
28,621,649,22.178571428571427,637
2568,124,2692,0.048286604361370715,119
1294,123,1417,0.09505409582689335,118
61,115,176,1.8852459016393444,111
35,668,703,19.085714285714285,679
268,794,1062,2.962686567164179,798
8,685,693,85.625,697
24,452,476,18.833333333333332,475
11,399,410,36.27272727272727,420
4,41,45,10.25,67
340,189,529,0.5558823529411765,195
16,498,514,31.125,521
64,552,616,8.625,569
2510,454,2964,0.18087649402390438,478
64,604,668,9.4375,616
32,302,334,9.4375,318
60,271,331,4.516666666666667,281
1531,882,2413,0.5760940561724364,69
34,400,434,11.764705882352942,423
2535,309,2844,0.12189349112426036,321
68,89,157,1.3088235294117647,82
1647,293,1940,0.17789921068609593,309
9,489,498,54.333333333333336,510
25,248,273,9.92,260
13,313,326,24.076923076923077,330
210,181,391,0.861904761904762,188
7,363,370,51.857142857142854,381
21,133,154,6.333333333333333,131
20,303,323,15.15,319
9,308,317,34.22222222222222,326
351,939,1290,2.675213675213675,947
8,121,129,15.125,119
29,633,662,21.82758620689655,645
14,506,520,36.142857142857146,527
1619,222,1841,0.13712168004941322,231
14,339,353,24.214285714285715,358
48,109,157,2.2708333333333335,109
63,614,677,9.746031746031745,630
113,247,360,2.185840707964602,257
129,7,136,0.05426356589147287,1
15,160,175,10.666666666666666,105
11,73,84,6.636363636363637,63
8,145,153,18.125,144
2,358,360,179.0,375
188,281,469,1.4946808510638299,315
205,372,577,1.8146341463414635,61
58,14,72,0.2413793103448276,1
151,145,296,0.9602649006622517,147
23,512,535,22.26086956521739,533
684,281,965,0.4108187134502924,292
2717,919,3636,0.3382407066617593,918
73,73,146,1.0,69
22,644,666,29.272727272727273,655
157,185,342,1.178343949044586,191
20,483,503,24.15,505
313,250,563,0.7987220447284346,262
29,821,850,28.310344827586206,830
20,294,314,14.7,308
795,159,954,0.2,162
25,410,435,16.4,429
49,26,75,0.5306122448979592,23
10,368,378,36.8,386
3073,241,3314,0.0784249918646274,266
14,338,352,24.142857142857142,354
13,195,208,15.0,192
3,10,13,3.3333333333333335,1
26,172,198,6.615384615384615,172
36,451,487,12.527777777777779,471
5,270,275,54.0,286
532,951,1483,1.787593984962406,973
15,146,161,9.733333333333333,149
31,310,341,10.0,326
30,259,289,8.633333333333333,269
12,101,113,8.416666666666666,98
11,460,471,41.81818181818182,481
72,243,315,3.375,250
7,309,316,44.142857142857146,325
43,354,397,8.232558139534884,370
145,34,179,0.23448275862068965,36
67,288,355,4.298507462686567,301
140,197,337,1.4071428571428573,205
33,615,648,18.636363636363637,509
45,62,107,1.3777777777777778,48
15,297,312,19.8,310
18,491,509,27.27777777777778,516
42,462,504,11.0,483
5,170,175,34.0,175
2330,151,2481,0.0648068669527897,152
22,236,258,10.727272727272727,243
1661,467,2128,0.2811559301625527,487
1232,66,1298,0.05357142857142857,58
24,221,245,9.208333333333334,227
970,198,1168,0.20412371134020618,468
30,606,636,20.2,622
18,246,264,13.666666666666666,261
12,439,451,36.583333333333336,467
308,124,432,0.4025974025974026,122
29,155,184,5.344827586206897,429
19,931,950,49.0,943
79,287,366,3.632911392405063,295
77,381,458,4.9480519480519485,398
17,563,580,33.11764705882353,584
7,178,185,25.428571428571427,180
153,131,284,0.8562091503267973,129
24,159,183,6.625,162
1178,550,1728,0.466893039049236,569
1224,291,1515,0.23774509803921567,306
88,324,412,3.6818181818181817,341
79,399,478,5.050632911392405,417
5,21,26,4.2,5
376,602,978,1.601063829787234,617
28,62,90,2.2142857142857144,53
46,666,712,14.478260869565217,680
61,132,193,2.1639344262295084,131
306,455,761,1.4869281045751634,475
40,115,155,2.875,112
35,84,119,2.4,80
17,364,381,21.41176470588235,383
11,305,316,27.727272727272727,322
172,443,615,2.5755813953488373,465
1,10,11,10.0,1
22,252,274,11.454545454545455,267
73,545,618,7.465753424657534,566
26,907,933,34.88461538461539,935
19,208,227,10.947368421052632,216
46,274,320,5.956521739130435,286
101,42,143,0.4158415841584158,29
37,19,56,0.5135135135135135,4
8,59,67,7.375,50
13,188,201,14.461538461538462,192
22,460,482,20.90909090909091,479
25,479,504,19.16,500
23,20,43,0.8695652173913043,5
25,372,397,14.88,394
21,21,42,1.0,5
12,522,534,43.5,543
214,1854,2068,8.663551401869158,1006
27,87,114,3.2222222222222223,82
206,4,210,0.019417475728155338,1
16,89,105,5.5625,83
151,158,309,1.0463576158940397,161
125,321,446,2.568,338
18,109,127,6.055555555555555,105
188,273,461,1.452127659574468,285
13,843,856,64.84615384615384,848
2770,218,2988,0.07870036101083032,226
1924,459,2383,0.23856548856548856,475
2,52,54,26.0,1
10,572,582,57.2,596
23,438,461,19.043478260869566,458
17,64,81,3.764705882352941,55
31,936,967,30.193548387096776,948
14,505,519,36.07142857142857,525
3077,205,3282,0.06662333441663959,211
24,170,194,7.083333333333333,172
17,428,445,25.176470588235293,857
22,160,182,7.2727272727272725,348
17,91,108,5.352941176470588,198
11,188,199,17.09090909090909,194
17,246,263,14.470588235294118,256
2621,314,2935,0.1198016024418161,330
16,328,344,20.5,345
267,414,681,1.550561797752809,435
9,21,30,2.3333333333333335,12
68,566,634,8.323529411764707,584
289,4,293,0.01384083044982699,1
90,284,374,3.1555555555555554,299
72,775,847,10.76388888888889,777
90,398,488,4.4222222222222225,421
287,319,606,1.1114982578397212,339
25,222,247,8.88,235
24,477,501,19.875,496
581,808,1389,1.3907056798623063,812
96,412,508,4.291666666666667,352
13,269,282,20.692307692307693,280
107,274,381,2.560747663551402,282
73,457,530,6.260273972602739,477
44,945,989,21.477272727272727,955
20,144,164,7.2,146
9,176,185,19.555555555555557,179
292,10,302,0.03424657534246575,1
13,175,188,13.461538461538462,179
12,329,341,27.416666666666668,343
235,144,379,0.6127659574468085,145
75,45,120,0.6,35
31,107,138,3.4516129032258065,104
1467,178,1645,0.12133605998636673,185
29,564,593,19.448275862068964,272
26,345,371,13.26923076923077,364
163,357,520,2.1901840490797544,370
10,224,234,22.4,238
154,843,997,5.474025974025974,860
724,790,1514,1.091160220994475,791
103,582,685,5.650485436893204,599
203,52,255,0.2561576354679803,40
16,484,500,30.25,505
11,209,220,19.0,212
1,10,11,10.0,1
26,268,294,10.307692307692308,279
35,565,600,16.142857142857142,583
508,214,722,0.421259842519685,220
297,326,623,1.0976430976430978,343
39,202,241,5.17948717948718,204
77,301,378,3.909090909090909,316
144,762,906,5.291666666666667,793
11,47,58,4.2727272727272725,36
74,713,787,9.635135135135135,720
1,10,11,10.0,1
30,61,91,2.033333333333333,56
7,48,55,6.857142857142857,34
35,28,63,0.8,14
20,1005,1025,50.25,1006
15,74,89,4.933333333333334,66
37,523,560,14.135135135135135,551
36,347,383,9.63888888888889,368
28,22,50,0.7857142857142857,6
11,184,195,16.727272727272727,395
279,119,398,0.4265232974910394,114
49,930,979,18.979591836734695,934
14,187,201,13.357142857142858,190
85,128,213,1.5058823529411764,419
17,533,550,31.352941176470587,557
35,503,538,14.371428571428572,523
1,10,11,10.0,1
95,554,649,5.831578947368421,575
120,56,176,0.4666666666666667,43
16,370,386,23.125,388
28,18,46,0.6428571428571429,3
26,359,385,13.807692307692308,378
29,395,424,13.620689655172415,414
2117,105,2222,0.04959848842701937,101
11,288,299,26.181818181818183,304
2311,401,2712,0.1735179575941151,422
258,223,481,0.8643410852713178,233
59,636,695,10.779661016949152,651
757,193,950,0.25495376486129456,199
68,36,104,0.5294117647058824,24
12,568,580,47.333333333333336,586
90,64,154,0.7111111111111111,54
162,175,337,1.0802469135802468,180
10,345,355,34.5,359
47,635,682,13.51063829787234,645
5,241,246,48.2,99
32,332,364,10.375,344
7,161,168,23.0,163
76,375,451,4.934210526315789,388
204,120,324,0.5882352941176471,116
92,305,397,3.3152173913043477,318
126,853,979,6.76984126984127,860
903,960,1863,1.06312292358804,975
17,245,262,14.411764705882353,253
145,31,176,0.21379310344827587,36
10,161,171,16.1,168
3,360,363,120.0,379
56,301,357,5.375,316
24,747,771,31.125,753
1,350,351,350.0,372
8,403,411,50.375,432
32,464,496,14.5,485
209,312,521,1.492822966507177,327
16,625,641,39.0625,632
81,59,140,0.7283950617283951,49
289,494,783,1.7093425605536332,514
5,311,316,62.2,329
21,106,127,5.0476190476190474,103
104,85,189,0.8173076923076923,187
73,691,764,9.465753424657533,31
303,963,1266,3.1782178217821784,974
10,736,746,73.6,739
28,72,100,2.5714285714285716,64
27,70,97,2.5925925925925926,60
15,506,521,33.733333333333334,526
22,374,396,17.0,396
305,484,789,1.5868852459016394,502
25,361,386,14.44,378
34,692,726,20.352941176470587,710
2878,205,3083,0.07123002084781098,210
36,35,71,0.9722222222222222,24
36,226,262,6.277777777777778,236
7,103,110,14.714285714285714,95
11,600,611,54.54545454545455,615
231,451,682,1.9523809523809523,467
11,237,248,21.545454545454547,245
1138,1086,2224,0.9543057996485061,554
7,193,200,27.571428571428573,195
20,619,639,30.95,636
120,94,214,0.7833333333333333,92
27,574,601,21.25925925925926,592
30,574,604,19.133333333333333,588
16,641,657,40.0625,655
10,584,594,58.4,605
248,774,1022,3.120967741935484,777
9,242,251,26.88888888888889,252
39,557,596,14.282051282051283,575
63,383,446,6.079365079365079,406
19,417,436,21.94736842105263,603
259,5,264,0.019305019305019305,109
691,44,735,0.06367583212735166,33
16,200,216,12.5,204
9,241,250,26.77777777777778,250
35,349,384,9.971428571428572,364
1140,374,1514,0.3280701754385965,394
12,554,566,46.166666666666664,566
33,577,610,17.484848484848484,593
609,408,1017,0.6699507389162561,429
2327,218,2545,0.09368285345938977,233
47,209,256,4.446808510638298,217
228,65,293,0.2850877192982456,63
32,638,670,19.9375,650
89,14,103,0.15730337078651685,1
588,450,1038,0.7653061224489796,471
235,915,1150,3.893617021276596,919
21,234,255,11.142857142857142,243
13,854,867,65.6923076923077,860
2793,100,2893,0.03580379520229144,96
1261,770,2031,0.6106264869151468,772
4,507,511,126.75,527
3090,389,3479,0.12588996763754046,413
2727,386,3113,0.14154748808214154,405
51,413,464,8.098039215686274,432
10,346,356,34.6,364
22,411,433,18.681818181818183,438
54,514,568,9.518518518518519,537
1204,6,1210,0.0049833887043189366,1
19,500,519,26.31578947368421,528
182,587,769,3.2252747252747254,602
37,27,64,0.7297297297297297,17
54,771,825,14.277777777777779,16
492,203,695,0.41260162601626016,210
22,108,130,4.909090909090909,103
21,352,373,16.761904761904763,370
56,60,116,1.0714285714285714,56
486,668,1154,1.374485596707819,681
281,572,853,2.0355871886120998,593
23,315,338,13.695652173913043,373
766,329,1095,0.42950391644908614,346
138,29,167,0.21014492753623187,200
63,143,206,2.2698412698412698,143
14,188,202,13.428571428571429,193
98,266,364,2.7142857142857144,273
9,92,101,10.222222222222221,90
160,847,1007,5.29375,853
13,310,323,23.846153846153847,325
67,44,111,0.6567164179104478,42
20,529,549,26.45,553
17,445,462,26.176470588235293,466
1223,985,2208,0.8053965658217498,1006
2,32,34,16.0,1
11,205,216,18.636363636363637,208
47,94,141,2.0,85
91,84,175,0.9230769230769231,74
34,427,461,12.558823529411764,343
3,212,215,70.66666666666667,220
26,308,334,11.846153846153847,324
291,825,1116,2.8350515463917527,831
53,433,486,8.169811320754716,451
37,28,65,0.7567567567567568,12
419,163,582,0.38902147971360385,163
14,525,539,37.5,543
14,522,536,37.285714285714285,313
48,260,308,5.416666666666667,269
33,168,201,5.090909090909091,168
32,83,115,2.59375,75
3,18,21,6.0,1
5,265,270,53.0,277
48,370,418,7.708333333333333,389
61,431,492,7.065573770491803,452
1469,558,2027,0.3798502382573179,573
1,10,11,10.0,1
1145,214,1359,0.1868995633187773,221
75,22,97,0.29333333333333333,6
2735,235,2970,0.08592321755027423,252
114,201,315,1.763157894736842,205
521,182,703,0.3493282149712092,186
1234,4,1238,0.0032414910858995136,1
30,235,265,7.833333333333333,242
21,515,536,24.523809523809526,533
18,238,256,13.222222222222221,246
369,585,954,1.5853658536585367,604
12,268,280,22.333333333333332,278
6,324,330,54.0,341
21,466,487,22.19047619047619,488
1333,336,1669,0.25206301575393847,353
318,888,1206,2.792452830188679,892
40,408,448,10.2,429
1154,87,1241,0.07538994800693241,81
12,279,291,23.25,294
50,124,174,2.48,125
7,3,10,0.42857142857142855,1
7,196,203,28.0,200
30,909,939,30.3,518
21,169,190,8.047619047619047,171
52,456,508,8.76923076923077,456
519,395,914,0.7610789980732178,412
35,512,547,14.628571428571428,532
305,410,715,1.3442622950819672,428
2245,209,2454,0.0930957683741648,214
20,222,242,11.1,231
193,33,226,0.17098445595854922,18
29,258,287,8.89655172413793,268
558,558,1116,1.0,574
60,382,442,6.366666666666666,413
1413,275,1688,0.194621372965322,287
40,280,320,7.0,294
72,517,589,7.180555555555555,536
250,192,442,0.768,199
100,338,438,3.38,353
94,922,1016,9.808510638297872,926
53,59,112,1.1132075471698113,54
1532,137,1669,0.08942558746736293,135
33,360,393,10.909090909090908,375
11,321,332,29.181818181818183,342
8,301,309,37.625,108
29,56,85,1.9310344827586208,449
123,450,573,3.658536585365854,468
934,988,1922,1.0578158458244111,1006
264,42,306,0.1590909090909091,32
5,184,189,36.8,238
204,120,324,0.5882352941176471,116
21,406,427,19.333333333333332,318
2170,351,2521,0.16175115207373272,366
10,431,441,43.1,329
86,399,485,4.6395348837209305,417
27,458,485,16.962962962962962,314
23,236,259,10.26086956521739,206
9,27,36,3.0,17
3561,112,3673,0.031451839370963214,106
292,260,552,0.8904109589041096,270
121,28,149,0.23140495867768596,16
636,7,643,0.0110062893081761,1
14,262,276,18.714285714285715,269
25,24,49,0.96,10
19,171,190,9.0,175
462,38,500,0.08225108225108226,25
374,286,660,0.7647058823529411,297
19,415,434,21.842105263157894,437
1311,15,1326,0.011441647597254004,1
50,834,884,16.68,828
18,145,163,8.055555555555555,148
683,131,814,0.191800878477306,123
151,10,161,0.06622516556291391,1
10,20,30,2.0,237
45,433,478,9.622222222222222,455
80,158,238,1.975,160
18,215,233,11.944444444444445,223
35,387,422,11.057142857142857,408
125,27,152,0.216,11
1,10,11,10.0,1
1839,271,2110,0.1473626971179989,284
263,139,402,0.5285171102661597,132
396,397,793,1.0025252525252526,418
34,674,708,19.823529411764707,680
101,54,155,0.5346534653465347,43
328,279,607,0.850609756097561,289
19,533,552,28.05263157894737,556
11,723,734,65.72727272727273,734
121,573,694,4.735537190082645,837
15,199,214,13.266666666666667,201
335,53,388,0.1582089552238806,42
67,334,401,4.985074626865671,349
8,3,11,0.375,138
259,193,452,0.7451737451737451,197
40,25,65,0.625,10
46,178,224,3.869565217391304,180
27,768,795,28.444444444444443,770
128,182,310,1.421875,187
7,350,357,50.0,370
145,906,1051,6.248275862068965,904
151,65,216,0.4304635761589404,54
26,319,345,12.26923076923077,330
7,310,317,44.285714285714285,327
288,132,420,0.4583333333333333,133
25,397,422,15.88,356
968,148,1116,0.15289256198347106,147
32,152,184,4.75,151
42,299,341,7.119047619047619,313
1790,50,1840,0.027932960893854747,53
104,191,295,1.8365384615384615,194
22,367,389,16.681818181818183,383
102,233,335,2.284313725490196,234
204,398,602,1.9509803921568627,500
720,448,1168,0.6222222222222222,485
1,10,11,10.0,1
30,248,278,8.266666666666667,257
9,165,174,18.333333333333332,165
38,114,152,3.0,113
7,181,188,25.857142857142858,184
30,560,590,18.666666666666668,581
10,336,346,33.6,355
36,822,858,22.833333333333332,830
12,132,144,11.0,132
366,48,414,0.13114754098360656,33
321,34,355,0.1059190031152648,19
5,141,146,28.2,141
103,701,804,6.805825242718447,713
1,127,128,127.0,146
512,4,516,0.0078125,1
6,393,399,65.5,413
214,179,393,0.8364485981308412,303
171,436,607,2.5497076023391814,450
179,497,676,2.776536312849162,517
87,877,964,10.080459770114942,884
15,3,18,0.2,2
76,111,187,1.4605263157894737,109
75,91,166,1.2133333333333334,83
28,493,521,17.607142857142858,269
53,398,451,7.509433962264151,417
12,193,205,16.083333333333332,200
69,464,533,6.72463768115942,480
7,173,180,24.714285714285715,149
88,452,540,5.136363636363637,472
102,282,384,2.764705882352941,297
2503,950,3453,0.37954454654414704,963
242,7,249,0.028925619834710745,1
14,261,275,18.642857142857142,405
79,189,268,2.392405063291139,197
83,257,340,3.0963855421686746,268
13,332,345,25.53846153846154,346
8,282,290,35.25,295
18,107,125,5.944444444444445,100
25,522,547,20.88,542
4,10,14,2.5,1
972,218,1190,0.2242798353909465,479
19,305,324,16.05263157894737,320
63,336,399,5.333333333333333,361
7,80,87,11.428571428571429,70
15,492,507,32.8,519
64,599,663,9.359375,612
208,126,334,0.6057692307692307,121
380,113,493,0.29736842105263156,388
6,51,57,8.5,46
26,606,632,23.307692307692307,622
1243,214,1457,0.17216411906677392,221
24,233,257,9.708333333333334,244
30,775,805,25.833333333333332,781
119,165,284,1.3865546218487395,167
1,10,11,10.0,1
15,1105,1120,73.66666666666667,1006
7,310,317,44.285714285714285,327
25,272,297,10.88,287
42,727,769,17.30952380952381,739
479,332,811,0.6931106471816284,345
2,260,262,130.0,433
796,548,1344,0.6884422110552764,566
16,47,63,2.9375,36
19,214,233,11.263157894736842,222
30,928,958,30.933333333333334,942
9,325,334,36.111111111111114,339
960,244,1204,0.25416666666666665,252
11,297,308,27.0,318
85,670,755,7.882352941176471,428
14,522,536,37.285714285714285,310
145,49,194,0.33793103448275863,36
7,90,97,12.857142857142858,83
632,311,943,0.4920886075949367,327
151,246,397,1.6291390728476822,255
351,156,507,0.4444444444444444,465
581,376,957,0.6471600688468159,407
44,938,982,21.318181818181817,950
388,163,551,0.42010309278350516,165
199,389,588,1.9547738693467336,409
809,238,1047,0.2941903584672435,246
17,161,178,9.470588235294118,161
1455,781,2236,0.5367697594501718,442
12,169,181,14.083333333333334,169
26,406,432,15.615384615384615,428
6,21,27,3.5,4
68,424,492,6.235294117647059,444
14,518,532,37.0,537
55,110,165,2.0,103
15,212,227,14.133333333333333,244
73,380,453,5.205479452054795,398
7,425,432,60.714285714285715,455
3,55,58,18.333333333333332,47
47,135,182,2.872340425531915,309
59,163,222,2.76271186440678,161
37,17,54,0.4594594594594595,13
7,778,785,111.14285714285714,780
86,318,404,3.697674418604651,335
66,838,904,12.696969696969697,842
3,471,474,157.0,491
558,405,963,0.7258064516129032,422
52,453,505,8.711538461538462,474
878,231,1109,0.2630979498861048,243
22,123,145,5.590909090909091,119
49,478,527,9.755102040816327,500
3,22,25,7.333333333333333,4
45,977,1022,21.711111111111112,1006
2,316,318,158.0,329
8,165,173,20.625,168
63,148,211,2.3492063492063493,147
23,146,169,6.3478260869565215,148
696,263,959,0.37787356321839083,273
969,505,1474,0.5211558307533539,530
1574,425,1999,0.27001270648030495,448
10,68,78,6.8,29
17,44,61,2.588235294117647,31
18,288,306,16.0,308
418,447,865,1.069377990430622,496
17,409,426,24.058823529411764,431
2470,655,3125,0.2651821862348178,668
45,529,574,11.755555555555556,548
15,210,225,14.0,250
65,37,102,0.5692307692307692,43
362,178,540,0.49171270718232046,184
37,528,565,14.27027027027027,549
103,89,192,0.8640776699029126,85
432,302,734,0.6990740740740741,320
55,730,785,13.272727272727273,742
24,1052,1076,43.833333333333336,1006
107,148,255,1.3831775700934579,89
16,270,286,16.875,279
15,418,433,27.866666666666667,439
460,394,854,0.8565217391304348,415
12,547,559,45.583333333333336,568
37,452,489,12.216216216216216,619
12,412,424,34.333333333333336,439
17,736,753,43.294117647058826,739
34,558,592,16.41176470588235,578
8,273,281,34.125,285
3,11,14,3.6666666666666665,1
23,92,115,4.0,85
1273,41,1314,0.03220738413197172,29
12,310,322,25.833333333333332,325
5,409,414,81.8,433
2042,13,2055,0.006366307541625857,1
957,326,1283,0.3406478578892372,345
16,442,458,27.625,471
1842,887,2729,0.4815418023887079,891
19,141,160,7.421052631578948,141
285,190,475,0.6666666666666666,196
23,222,245,9.652173913043478,229
15,346,361,23.066666666666666,362
17,50,67,2.9411764705882355,35
49,891,940,18.183673469387756,444
27,485,512,17.962962962962962,506
584,16,600,0.0273972602739726,1
28,215,243,7.678571428571429,219
21,101,122,4.809523809523809,95
32,634,666,19.8125,648
34,59,93,1.7352941176470589,51
240,361,601,1.5041666666666667,379
3,327,330,109.0,347
23,243,266,10.565217391304348,252
89,128,217,1.4382022471910112,128
10,119,129,11.9,118
9,258,267,28.666666666666668,273
76,73,149,0.9605263157894737,68
69,464,533,6.72463768115942,480
43,691,734,16.069767441860463,700
2658,339,2997,0.1275395033860045,457
166,392,558,2.36144578313253,412
18,316,334,17.555555555555557,333
120,380,500,3.1666666666666665,400
28,39,67,1.3928571428571428,280
65,345,410,5.3076923076923075,365
180,291,471,1.6166666666666667,304
2468,7,2475,0.0028363047001620746,1
22,332,354,15.090909090909092,345
247,600,847,2.42914979757085,783
102,145,247,1.4215686274509804,142
89,495,584,5.561797752808989,514
1507,1013,2520,0.6721964167219642,1006
320,230,550,0.71875,237
5,13,18,2.6,1
37,680,717,18.37837837837838,690
16,203,219,12.6875,207
403,353,756,0.8759305210918115,374
88,447,535,5.079545454545454,464
97,33,130,0.3402061855670103,27
11,297,308,27.0,312
334,468,802,1.401197604790419,494
44,41,85,0.9318181818181818,28
556,203,759,0.36510791366906475,208
45,762,807,16.933333333333334,764
60,92,152,1.5333333333333334,86
11,846,857,76.9090909090909,852
71,501,572,7.056338028169014,522
8,294,302,36.75,308
8,85,93,10.625,77
12,296,308,24.666666666666668,307
244,1008,1252,4.131147540983607,1006
37,336,373,9.08108108108108,407
54,405,459,7.5,442
11,19,30,1.7272727272727273,3
15,227,242,15.133333333333333,229
705,237,942,0.33617021276595743,176
37,259,296,7.0,268
152,522,674,3.4342105263157894,157
1297,566,1863,0.4363916730917502,212
12,538,550,44.833333333333336,554
60,412,472,6.866666666666666,429
23,546,569,23.73913043478261,539
1490,300,1790,0.20134228187919462,314
19,291,310,15.31578947368421,298
223,369,592,1.654708520179372,393
1,10,11,10.0,1
44,295,339,6.704545454545454,307
987,318,1305,0.3221884498480243,332
12,510,522,42.5,533
2199,720,2919,0.3274215552523875,730
1855,247,2102,0.13315363881401618,257
17,360,377,21.176470588235293,318
420,398,818,0.9476190476190476,419
23,109,132,4.739130434782608,108
208,315,523,1.5144230769230769,323
53,86,139,1.6226415094339623,82
8,32,40,4.0,17
734,386,1120,0.5258855585831063,408
484,206,690,0.4256198347107438,212
7,263,270,37.57142857142857,275
15,276,291,18.4,288
538,63,601,0.1171003717472119,50
1147,105,1252,0.09154315605928509,101
509,703,1212,1.381139489194499,712
29,435,464,15.0,452
18,180,198,10.0,178
77,924,1001,12.0,929
23,346,369,15.043478260869565,360
77,44,121,0.5714285714285714,33
15,265,280,17.666666666666668,278
206,428,634,2.0776699029126213,447
48,336,384,7.0,356
101,972,1073,9.623762376237623,984
268,231,499,0.8619402985074627,236
19,124,143,6.526315789473684,119
1167,694,1861,0.5946872322193659,431
55,332,387,6.036363636363636,351
19,257,276,13.526315789473685,268
2215,406,2621,0.18329571106094808,421
95,580,675,6.105263157894737,596
80,752,832,9.4,757
64,328,392,5.125,344
18,195,213,10.833333333333334,199
118,554,672,4.694915254237288,572
12,225,237,18.75,227
25,181,206,7.24,231
41,710,751,17.317073170731707,717
16,217,233,13.5625,223
696,829,1525,1.1910919540229885,834
79,321,400,4.063291139240507,340
17,244,261,14.352941176470589,254
6,310,316,51.666666666666664,326
307,701,1008,2.2833876221498373,713
67,56,123,0.835820895522388,48
172,161,333,0.936046511627907,199
7,20,27,2.857142857142857,9
1990,297,2287,0.1492462311557789,314
19,376,395,19.789473684210527,395
49,539,588,11.0,564
1421,99,1520,0.06966924700914849,96
18,13,31,0.7222222222222222,1
20,32,52,1.6,10
12,284,296,23.666666666666668,300
16,27,43,1.6875,245
13,242,255,18.615384615384617,252
1977,664,2641,0.3358624178047547,675
298,738,1036,2.476510067114094,744
21,38,59,1.8095238095238095,24
134,646,780,4.82089552238806,658
49,36,85,0.7346938775510204,21
349,530,879,1.518624641833811,546
10,223,233,22.3,274
11,159,170,14.454545454545455,160
1,320,321,320.0,435
8,289,297,36.125,304
9,810,819,90.0,822
23,343,366,14.91304347826087,360
20,514,534,25.7,536
19,258,277,13.578947368421053,280
201,429,630,2.1343283582089554,456
24,259,283,10.791666666666666,273
210,644,854,3.066666666666667,658
16,92,108,5.75,88
43,232,275,5.395348837209302,240
207,7,214,0.033816425120772944,1
572,441,1013,0.7709790209790209,461
25,539,564,21.56,561
1509,940,2449,0.6229290921139827,273
227,234,461,1.0308370044052864,244
122,705,827,5.778688524590164,716
22,788,810,35.81818181818182,792
272,563,835,2.0698529411764706,841
14,191,205,13.642857142857142,196
95,107,202,1.1263157894736842,105
49,688,737,14.040816326530612,698
570,580,1150,1.0175438596491229,591
20,716,736,35.8,731
34,408,442,12.0,426
1092,427,1519,0.391025641025641,447
18,186,204,10.333333333333334,113
14,365,379,26.071428571428573,384
76,64,140,0.8421052631578947,54
64,33,97,0.515625,20
22,749,771,34.04545454545455,485
7,316,323,45.142857142857146,335
61,23,84,0.3770491803278688,1
114,43,157,0.37719298245614036,35
5,76,81,15.2,67
11,212,223,19.272727272727273,217
13,325,338,25.0,339
356,223,579,0.6264044943820225,231
9,273,282,30.333333333333332,288
71,794,865,11.183098591549296,796
43,96,139,2.2325581395348837,92
24,242,266,10.083333333333334,252
20,279,299,13.95,293
3,62,65,20.666666666666668,54
46,274,320,5.956521739130435,286
13,897,910,69.0,899
50,159,209,3.18,161
928,167,1095,0.17995689655172414,171
38,932,970,24.526315789473685,949
15,258,273,17.2,270
19,68,87,3.5789473684210527,60
19,25,44,1.3157894736842106,10
30,355,385,11.833333333333334,375
622,394,1016,0.6334405144694534,444
18,168,186,9.333333333333334,301
134,18,152,0.13432835820895522,4
1,10,11,10.0,1
3,20,23,6.666666666666667,142
7,94,101,13.428571428571429,89
2856,231,3087,0.08088235294117647,240
10,501,511,50.1,524
400,186,586,0.465,188
2461,851,3312,0.34579439252336447,854
53,276,329,5.2075471698113205,287
14,518,532,37.0,537
6,204,210,34.0,353
252,352,604,1.3968253968253967,369
3,10,13,3.3333333333333335,1
15,132,147,8.8,132
87,719,806,8.264367816091953,728
22,96,118,4.363636363636363,93
107,330,437,3.0841121495327104,348
1334,581,1915,0.43553223388305845,365
2228,733,2961,0.32899461400359065,741
5,78,83,15.6,69
46,339,385,7.369565217391305,352
12,722,734,60.166666666666664,736
67,157,224,2.343283582089552,160
14,385,399,27.5,371
66,410,476,6.212121212121212,433
1220,496,1716,0.4065573770491803,514
100,418,518,4.18,436
23,273,296,11.869565217391305,302
39,322,361,8.256410256410257,338
402,849,1251,2.111940298507463,857
20,389,409,19.45,414
38,114,152,3.0,113
20,619,639,30.95,636
669,900,1569,1.345291479820628,884
1344,218,1562,0.16220238095238096,226
39,185,224,4.743589743589744,186
208,249,457,1.1971153846153846,260
27,600,627,22.22222222222222,617
58,22,80,0.3793103448275862,7
19,352,371,18.526315789473685,371
8,230,238,28.75,294
48,135,183,2.8125,129
400,418,818,1.045,244
40,286,326,7.15,296
43,430,473,10.0,306
542,461,1003,0.8505535055350554,482
138,660,798,4.782608695652174,672
6,111,117,18.5,108
72,263,335,3.6527777777777777,342
304,297,601,0.9769736842105263,203
23,365,388,15.869565217391305,384
22,667,689,30.318181818181817,671
181,248,429,1.3701657458563536,261
5,222,227,44.4,229
66,23,89,0.3484848484848485,10
56,305,361,5.446428571428571,322
10,213,223,21.3,222
6,282,288,47.0,295
27,136,163,5.037037037037037,173
18,285,303,15.833333333333334,299
290,148,438,0.5103448275862069,150
45,168,213,3.7333333333333334,283
252,321,573,1.2738095238095237,335
1042,891,1933,0.8550863723608445,297
155,618,773,3.9870967741935486,627
90,59,149,0.6555555555555556,50
76,16,92,0.21052631578947367,14
4,285,289,71.25,299
12,39,51,3.25,26
179,294,473,1.6424581005586592,305
78,89,167,1.141025641025641,79
3360,407,3767,0.12113095238095238,286
18,279,297,15.5,294
7,228,235,32.57142857142857,235
958,313,1271,0.3267223382045929,332
22,79,101,3.590909090909091,337
1323,415,1738,0.31368102796674224,435
34,626,660,18.41176470588235,639
37,396,433,10.702702702702704,414
25,171,196,6.84,171
21,376,397,17.904761904761905,393
86,222,308,2.5813953488372094,227
12,182,194,15.166666666666666,187
14,267,281,19.071428571428573,276
3825,204,4029,0.05333333333333334,212
423,906,1329,2.141843971631206,908
11,327,338,29.727272727272727,341
24,303,327,12.625,323
9,524,533,58.22222222222222,542
46,167,213,3.630434782608696,168
12,329,341,27.416666666666668,349
3,22,25,7.333333333333333,5
8,120,128,15.0,118
1118,332,1450,0.29695885509839,345
9,203,212,22.555555555555557,211
86,563,649,6.546511627906977,580
203,588,791,2.896551724137931,606
1537,359,1896,0.2335718932986337,380
12,344,356,28.666666666666668,360
10,251,261,25.1,265
2535,309,2844,0.12189349112426036,321
29,727,756,25.06896551724138,738
8,28,36,3.5,15
155,331,486,2.1354838709677417,346
420,80,500,0.19047619047619047,74
2360,223,2583,0.09449152542372881,230
40,22,62,0.55,5
2748,1015,3763,0.36935953420669576,442
18,27,45,1.5,12
11,172,183,15.636363636363637,179
471,342,813,0.7261146496815286,357
9,614,623,68.22222222222223,322
265,164,429,0.6188679245283019,167
5,181,186,36.2,186
16,71,87,4.4375,59
24,93,117,3.875,88
16,212,228,13.25,219
336,141,477,0.41964285714285715,143
2434,26,2460,0.010682004930156122,1
209,672,881,3.215311004784689,684
20,154,174,7.7,156
1575,409,1984,0.2596825396825397,428
13,195,208,15.0,195
419,163,582,0.38902147971360385,163
42,113,155,2.6904761904761907,109
47,322,369,6.851063829787234,417
18,412,430,22.88888888888889,436
15,177,192,11.8,178
112,117,229,1.0446428571428572,115
9,172,181,19.11111111111111,172
2327,218,2545,0.09368285345938977,233
7,200,207,28.571428571428573,149
281,443,724,1.5765124555160142,460
258,102,360,0.3953488372093023,100
29,367,396,12.655172413793103,389
11,364,375,33.09090909090909,386
22,59,81,2.6818181818181817,48
58,119,177,2.0517241379310347,115
10,152,162,15.2,145
35,292,327,8.342857142857143,299
189,417,606,2.2063492063492065,435
31,404,435,13.03225806451613,427
3141,142,3283,0.04520853231454951,338
13,846,859,65.07692307692308,852
52,454,506,8.73076923076923,476
683,49,732,0.07174231332357248,38
62,477,539,7.693548387096774,493
9,203,212,22.555555555555557,211
17,241,258,14.176470588235293,250
10,109,119,10.9,108
20,463,483,23.15,489
695,258,953,0.3712230215827338,721
3299,141,3440,0.04274022431039709,138
724,355,1079,0.4903314917127072,370
72,369,441,5.125,390
140,633,773,4.521428571428571,643
1038,210,1248,0.2023121387283237,215
442,245,687,0.5542986425339367,253
24,351,375,14.625,369
506,178,684,0.35177865612648224,181
166,200,366,1.2048192771084338,206
37,357,394,9.64864864864865,378
142,658,800,4.633802816901408,677
31,436,467,14.064516129032258,437
1205,246,1451,0.204149377593361,260
64,386,450,6.03125,405
57,184,241,3.2280701754385963,184
57,213,270,3.736842105263158,220
66,17,83,0.25757575757575757,1
37,414,451,11.18918918918919,437
10,111,121,11.1,107
12,159,171,13.25,159
70,316,386,4.514285714285714,261
10,501,511,50.1,524
25,545,570,21.8,566
977,4,981,0.0040941658137154556,1
17,337,354,19.823529411764707,352
16,448,464,28.0,470
490,129,619,0.26326530612244897,127
2589,70,2659,0.027037466203167246,68
9,88,97,9.777777777777779,79
26,96,122,3.6923076923076925,92
45,303,348,6.733333333333333,314
106,279,385,2.6320754716981134,710
1102,914,2016,0.8294010889292196,208
49,49,98,1.0,34
561,168,729,0.2994652406417112,170
12,274,286,22.833333333333332,288
7,89,96,12.714285714285714,122
9,343,352,38.111111111111114,364
516,52,568,0.10077519379844961,40
112,897,1009,8.008928571428571,834
57,656,713,11.508771929824562,385
59,311,370,5.271186440677966,323
275,628,903,2.2836363636363637,379
4,59,63,14.75,47
16,295,311,18.4375,307
4,148,152,37.0,148
342,779,1121,2.2777777777777777,780
42,261,303,6.214285714285714,273
255,18,273,0.07058823529411765,4
1834,158,1992,0.0861504907306434,159
63,341,404,5.412698412698413,357
59,369,428,6.254237288135593,386
15,446,461,29.733333333333334,464
22,398,420,18.09090909090909,417
55,686,741,12.472727272727273,697
16,208,224,13.0,211
1440,151,1591,0.10486111111111111,131
39,760,799,19.487179487179485,293
311,308,619,0.9903536977491961,324
23,273,296,11.869565217391305,282
2,352,354,176.0,372
24,214,238,8.916666666666666,221
215,363,578,1.6883720930232557,377
32,289,321,9.03125,303
17,579,596,34.05882352941177,601
21,511,532,24.333333333333332,531
14,330,344,23.571428571428573,344
8,393,401,49.125,108
94,539,633,5.73404255319149,558
53,273,326,5.150943396226415,283
73,22,95,0.3013698630136986,19
2561,226,2787,0.08824677860210856,234
64,381,445,5.953125,405
32,298,330,9.3125,314
18,430,448,23.88888888888889,453
1067,137,1204,0.12839737582005623,137
21,306,327,14.571428571428571,322
134,660,794,4.925373134328358,673
1,36,37,36.0,1
12,398,410,33.166666666666664,423
9,293,302,32.55555555555556,306
7,304,311,43.42857142857143,320
7,313,320,44.714285714285715,328
108,211,319,1.9537037037037037,216
669,128,797,0.19133034379671152,125
136,127,263,0.9338235294117647,126
4,169,173,42.25,172
39,104,143,2.6666666666666665,101
15,266,281,17.733333333333334,281
29,421,450,14.517241379310345,438
43,403,446,9.372093023255815,424
24,32,56,1.3333333333333333,14
1,10,11,10.0,1
22,211,233,9.590909090909092,216
35,521,556,14.885714285714286,543
512,436,948,0.8515625,458
8,80,88,10.0,153
63,226,289,3.5873015873015874,234
1106,791,1897,0.7151898734177216,789
11,209,220,19.0,212
41,321,362,7.829268292682927,389
7,43,50,6.142857142857143,34
541,240,781,0.4436229205175601,249
8,89,97,11.125,74
59,219,278,3.711864406779661,226
17,472,489,27.764705882352942,489
91,114,205,1.2527472527472527,105
6,163,169,27.166666666666668,167
1130,423,1553,0.3743362831858407,438
7,342,349,48.857142857142854,361
45,104,149,2.311111111111111,101
105,64,169,0.6095238095238096,47
12,466,478,38.833333333333336,484
1,10,11,10.0,1
460,268,728,0.5826086956521739,279
383,918,1301,2.3968668407310707,916
492,103,595,0.20934959349593496,98
21,6,27,0.2857142857142857,1
670,3,673,0.004477611940298508,1
1219,45,1264,0.03691550451189499,30
101,280,381,2.772277227722772,292
16,119,135,7.4375,114
19,103,122,5.421052631578948,98
8,311,319,38.875,326
88,452,540,5.136363636363637,472
24,362,386,15.083333333333334,356
35,28,63,0.8,14
53,541,594,10.20754716981132,561
4,77,81,19.25,76
25,441,466,17.64,460
14,121,135,8.642857142857142,118
241,240,481,0.995850622406639,250
462,602,1064,1.303030303030303,619
23,280,303,12.173913043478262,294
383,2,385,0.005221932114882507,1
1,10,11,10.0,1
60,744,804,12.4,745
49,636,685,12.979591836734693,643
5,264,269,52.8,278
14,27,41,1.9285714285714286,11
26,51,77,1.9615384615384615,484
121,219,340,1.8099173553719008,229
23,29,52,1.2608695652173914,17
18,145,163,8.055555555555555,147
161,271,432,1.6832298136645962,284
44,867,911,19.704545454545453,879
1,10,11,10.0,1
21,465,486,22.142857142857142,486
19,405,424,21.31578947368421,427
1996,851,2847,0.42635270541082165,848
120,526,646,4.383333333333334,543
34,41,75,1.2058823529411764,31
7,25,32,3.5714285714285716,7
34,511,545,15.029411764705882,530
2677,301,2978,0.11243929772132985,310
1733,341,2074,0.19676860934795154,360
292,402,694,1.3767123287671232,418
1667,193,1860,0.11577684463107378,195
841,131,972,0.15576694411414982,129
145,159,304,1.096551724137931,160
1372,283,1655,0.20626822157434402,297
21,277,298,13.19047619047619,293
2157,171,2328,0.07927677329624479,177
7,399,406,57.0,425
711,100,811,0.14064697609001406,95
317,675,992,2.1293375394321767,686
25,539,564,21.56,561
67,38,105,0.5671641791044776,21
58,315,373,5.431034482758621,336
975,604,1579,0.6194871794871795,616
515,109,624,0.21165048543689322,106
27,458,485,16.962962962962962,314
18,772,790,42.888888888888886,772
1,2,3,2.0,1
15,208,223,13.866666666666667,215
6,101,107,16.833333333333332,92
16,116,132,7.25,197
62,338,400,5.451612903225806,355
760,365,1125,0.48026315789473684,198
118,647,765,5.483050847457627,664
126,853,979,6.76984126984127,860
18,122,140,6.777777777777778,120
1856,786,2642,0.4234913793103448,792
7,429,436,61.285714285714285,121
11,370,381,33.63636363636363,384
37,219,256,5.918918918918919,226
10,73,83,7.3,64
2571,1091,3662,0.42434850252819917,1006
7,186,193,26.571428571428573,149
10,22,32,2.2,6
6,296,302,49.333333333333336,476
11,725,736,65.9090909090909,733
26,655,681,25.192307692307693,669
2,214,216,107.0,219
14,164,178,11.714285714285714,167
67,282,349,4.208955223880597,289
11,107,118,9.727272727272727,103
15,30,45,2.0,16
11,436,447,39.63636363636363,457
33,110,143,3.3333333333333335,109
71,357,428,5.028169014084507,411
9,186,195,20.666666666666668,188
28,687,715,24.535714285714285,700
99,347,446,3.505050505050505,368
24,517,541,21.541666666666668,537
1651,621,2272,0.37613567534827375,637
23,291,314,12.652173913043478,307
196,832,1028,4.244897959183674,821
15,107,122,7.133333333333334,89
11,486,497,44.18181818181818,506
12,217,229,18.083333333333332,224
37,309,346,8.35135135135135,327
23,368,391,16.0,366
23,326,349,14.173913043478262,342
148,196,344,1.3243243243243243,202
31,756,787,24.387096774193548,759
27,620,647,22.962962962962962,635
752,138,890,0.18351063829787234,134
16,481,497,30.0625,500
103,133,236,1.2912621359223302,131
230,890,1120,3.869565217391304,886
36,635,671,17.63888888888889,647
95,951,1046,10.010526315789473,959
75,631,706,8.413333333333334,641
332,485,817,1.4608433734939759,507
7,149,156,21.285714285714285,151
11,18,29,1.6363636363636365,1
67,327,394,4.880597014925373,343
672,226,898,0.33630952380952384,234
73,330,403,4.52054794520548,349
1034,197,1231,0.19052224371373308,202
22,607,629,27.59090909090909,625
17,465,482,27.352941176470587,484
27,570,597,21.11111111111111,585
113,253,366,2.2389380530973453,267
39,291,330,7.461538461538462,308
29,587,616,20.24137931034483,604
18,407,425,22.61111111111111,427
9,133,142,14.777777777777779,134
33,309,342,9.363636363636363,322
24,233,257,9.708333333333334,244
4,376,380,94.0,396
598,24,622,0.04013377926421405,9
32,667,699,20.84375,680
12,128,140,10.666666666666666,124
15,165,180,11.0,249
87,860,947,9.885057471264368,866
1238,841,2079,0.6793214862681745,851
56,342,398,6.107142857142857,360
18,402,420,22.333333333333332,358
191,282,473,1.4764397905759161,235
33,922,955,27.939393939393938,929
17,260,277,15.294117647058824,318
7,291,298,41.57142857142857,305
21,239,260,11.380952380952381,250
293,413,706,1.4095563139931742,431
1623,183,1806,0.11275415896487985,298
24,347,371,14.458333333333334,365
33,419,452,12.696969696969697,381
11,284,295,25.818181818181817,300
2,101,103,50.5,96
560,35,595,0.0625,20
1190,478,1668,0.4016806722689076,497
11,22,33,2.0,173
11,86,97,7.818181818181818,77
4,119,123,29.75,116
1541,1115,2656,0.7235561323815705,1006
673,786,1459,1.1679049034175335,795
15,136,151,9.066666666666666,140
1117,51,1168,0.045658012533572066,39
24,331,355,13.791666666666666,313
1195,929,2124,0.7774058577405858,934
36,496,532,13.777777777777779,516
911,511,1422,0.5609220636663008,530
563,420,983,0.7460035523978685,440
55,169,224,3.0727272727272728,172
219,30,249,0.136986301369863,11
121,192,313,1.5867768595041323,192
137,275,412,2.0072992700729926,287
362,285,647,0.787292817679558,297
9,298,307,33.111111111111114,339
134,662,796,4.940298507462686,672
262,52,314,0.1984732824427481,465
20,467,487,23.35,492
68,132,200,1.9411764705882353,130
11,403,414,36.63636363636363,243
53,756,809,14.264150943396226,770
61,398,459,6.524590163934426,416
74,199,273,2.689189189189189,203
3472,266,3738,0.07661290322580645,277
56,121,177,2.1607142857142856,120
7,346,353,49.42857142857143,365
53,214,267,4.037735849056604,222
145,64,209,0.4413793103448276,53
18,632,650,35.111111111111114,648
15,21,36,1.4,7
764,18,782,0.02356020942408377,3
362,477,839,1.3176795580110496,494
24,160,184,6.666666666666667,162
405,108,513,0.26666666666666666,106
26,172,198,6.615384615384615,172
74,351,425,4.743243243243243,369
15,566,581,37.733333333333334,584
17,368,385,21.647058823529413,328
29,294,323,10.137931034482758,308
3049,217,3266,0.07117087569694983,226
13,294,307,22.615384615384617,305
14,347,361,24.785714285714285,365
128,284,412,2.21875,295
37,529,566,14.297297297297296,550
10,130,140,13.0,130
7,43,50,6.142857142857143,34
15,189,204,12.6,193
145,36,181,0.2482758620689655,36
202,328,530,1.6237623762376239,348
9,151,160,16.77777777777778,182
9,124,133,13.777777777777779,122
92,451,543,4.9021739130434785,474
17,158,175,9.294117647058824,159
143,733,876,5.125874125874126,738
1066,45,1111,0.04221388367729831,35
19,213,232,11.210526315789474,222
34,917,951,26.970588235294116,923
39,45,84,1.1538461538461537,32
23,258,281,11.217391304347826,266
163,520,683,3.1901840490797544,538
1047,598,1645,0.5711556829035339,427
20,148,168,7.4,151
252,32,284,0.12698412698412698,17
54,975,1029,18.055555555555557,999
768,190,958,0.24739583333333334,195
6,226,232,37.666666666666664,235
2191,1050,3241,0.4792332268370607,1006
82,453,535,5.524390243902439,476
41,111,152,2.707317073170732,109
131,933,1064,7.122137404580153,950
10,224,234,22.4,233
180,39,219,0.21666666666666667,31
10,288,298,28.8,337
38,7,45,0.18421052631578946,1
56,187,243,3.3392857142857144,193
28,13,41,0.4642857142857143,1
33,359,392,10.878787878787879,675
1265,575,1840,0.45454545454545453,595
6,370,376,61.666666666666664,393
16,209,225,13.0625,217
26,441,467,16.96153846153846,466
467,233,700,0.4989293361884368,243
21,394,415,18.761904761904763,415
16,290,306,18.125,308
20,782,802,39.1,783
8,688,696,86.0,700
375,653,1028,1.7413333333333334,664
24,415,439,17.291666666666668,432
55,211,266,3.8363636363636364,216
26,138,164,5.3076923076923075,136
11,508,519,46.18181818181818,536
16,146,162,9.125,147
497,340,837,0.6841046277665996,355
20,435,455,21.75,366
116,253,369,2.1810344827586206,383
42,29,71,0.6904761904761905,13
9,244,253,27.11111111111111,252
28,420,448,15.0,430
53,200,253,3.7735849056603774,206
2777,7,2784,0.0025207057976233344,1
409,184,593,0.44987775061124696,188
764,18,782,0.02356020942408377,3
9,537,546,59.666666666666664,555
34,140,174,4.117647058823529,142
12,261,273,21.75,273
6,430,436,71.66666666666667,453
10,350,360,35.0,370
2055,292,2347,0.14209245742092458,308
336,298,634,0.8869047619047619,311
6,261,267,43.5,275
45,284,329,6.311111111111111,413
6,95,101,15.833333333333334,88
6,71,77,11.833333333333334,66
85,584,669,6.870588235294117,598
90,93,183,1.0333333333333334,89
53,466,519,8.79245283018868,456
21,321,342,15.285714285714286,333
350,506,856,1.4457142857142857,531
573,635,1208,1.1082024432809774,645
420,80,500,0.19047619047619047,74
19,403,422,21.210526315789473,425
102,453,555,4.4411764705882355,483
171,198,369,1.1578947368421053,207
0,316,316,1,126
105,29,134,0.2761904761904762,18
42,677,719,16.11904761904762,685
29,571,600,19.689655172413794,591
1855,247,2102,0.13315363881401618,257
9,772,781,85.77777777777777,775
2,19,21,9.5,1
96,534,630,5.5625,555
657,143,800,0.2176560121765601,357
49,520,569,10.612244897959183,19
94,539,633,5.73404255319149,558
787,108,895,0.1372299872935197,106
538,551,1089,1.0241635687732342,569
114,426,540,3.736842105263158,445
26,364,390,14.0,383
25,380,405,15.2,401
93,366,459,3.935483870967742,388
1172,22,1194,0.01877133105802048,9
46,299,345,6.5,315
167,394,561,2.3592814371257487,561
16,397,413,24.8125,424
1996,851,2847,0.42635270541082165,848
18,27,45,1.5,12
13,207,220,15.923076923076923,211
13,101,114,7.769230769230769,97
29,284,313,9.793103448275861,297
13,272,285,20.923076923076923,289
102,418,520,4.098039215686274,418
52,185,237,3.5576923076923075,190
187,450,637,2.406417112299465,469
24,94,118,3.9166666666666665,89
21,302,323,14.380952380952381,318
29,458,487,15.793103448275861,478
62,270,332,4.354838709677419,275
4,560,564,140.0,585
11,352,363,32.0,370
109,698,807,6.4036697247706424,706
84,67,151,0.7976190476190477,56
256,582,838,2.2734375,597
21,767,788,36.523809523809526,772
14,497,511,35.5,521
198,663,861,3.3484848484848486,287
7,756,763,108.0,753
118,643,761,5.4491525423728815,655
187,890,1077,4.759358288770054,892
20,227,247,11.35,233
1996,851,2847,0.42635270541082165,848
7,86,93,12.285714285714286,100
28,393,421,14.035714285714286,413
11,86,97,7.818181818181818,78
2736,190,2926,0.06944444444444445,197
69,227,296,3.289855072463768,229
64,208,272,3.25,213
27,678,705,25.11111111111111,694
152,187,339,1.230263157894737,187
369,338,707,0.9159891598915989,352
116,112,228,0.9655172413793104,110
38,330,368,8.68421052631579,346
3002,46,3048,0.015323117921385743,33
23,590,613,25.652173913043477,606
20,892,912,44.6,894
0,11,11,1,126
22,109,131,4.954545454545454,105
40,312,352,7.8,327
799,1039,1838,1.300375469336671,1006
16,617,633,38.5625,631
102,119,221,1.1666666666666667,118
347,125,472,0.36023054755043227,123
189,36,225,0.19047619047619047,22
58,678,736,11.689655172413794,672
2509,83,2592,0.03308090872857712,76
361,268,629,0.7423822714681441,279
1857,703,2560,0.37856758212170166,721
23,18,41,0.782608695652174,48
330,886,1216,2.684848484848485,888
261,117,378,0.4482758620689655,114
2945,935,3880,0.3174872665534805,941
3,5,8,1.6666666666666667,1
14,631,645,45.07142857142857,646
31,84,115,2.7096774193548385,82
35,197,232,5.628571428571429,199
97,45,142,0.4639175257731959,33
20,372,392,18.6,388
145,42,187,0.2896551724137931,36
9,331,340,36.77777777777778,347
47,180,227,3.8297872340425534,181
347,558,905,1.6080691642651297,551
1,292,293,292.0,302
9,50,59,5.555555555555555,39
17,777,794,45.705882352941174,779
53,139,192,2.6226415094339623,139
21,425,446,20.238095238095237,446
482,167,649,0.34647302904564314,167
6,218,224,36.333333333333336,227
2905,248,3153,0.08537005163511188,256
16,609,625,38.0625,628
57,501,558,8.789473684210526,529
5,77,82,15.4,68
46,189,235,4.108695652173913,191
134,569,703,4.246268656716418,590
8,123,131,15.375,121
17,777,794,45.705882352941174,779
587,69,656,0.11754684838160136,63
20,385,405,19.25,403
497,146,643,0.2937625754527163,145
209,188,397,0.8995215311004785,240
215,220,435,1.0232558139534884,228
2583,216,2799,0.08362369337979095,226
112,16,128,0.14285714285714285,1
27,374,401,13.851851851851851,393
44,264,308,6.0,276
7,579,586,82.71428571428571,600
75,45,120,0.6,35
9,282,291,31.333333333333332,294
98,550,648,5.612244897959184,572
18,372,390,20.666666666666668,393
14,287,301,20.5,303
54,552,606,10.222222222222221,424
39,472,511,12.102564102564102,497
96,162,258,1.6875,160
86,86,172,1.0,82
9,168,177,18.666666666666668,168
13,96,109,7.384615384615385,74
3,90,93,30.0,82
663,36,699,0.05429864253393665,25
63,226,289,3.5873015873015874,234
37,364,401,9.837837837837839,383
172,79,251,0.45930232558139533,17
11,57,68,5.181818181818182,47
347,162,509,0.4668587896253602,165
6,325,331,54.166666666666664,343
1156,940,2096,0.8131487889273357,700
10,427,437,42.7,450
17,228,245,13.411764705882353,237
52,199,251,3.826923076923077,202
8,380,388,47.5,403
15,981,996,65.4,1006
353,492,845,1.3937677053824362,511
15,277,292,18.466666666666665,291
157,312,469,1.9872611464968153,325
3,464,467,154.66666666666666,484
4,436,440,109.0,460
17,241,258,14.176470588235293,177
4,160,164,40.0,164
45,980,1025,21.77777777777778,1006
663,446,1109,0.6726998491704375,463
16,370,386,23.125,292
1010,36,1046,0.03564356435643564,24
964,79,1043,0.08195020746887967,76
13,43,56,3.3076923076923075,31
13,370,383,28.46153846153846,394
87,1085,1172,12.471264367816092,1006
1154,87,1241,0.07538994800693241,81
13,97,110,7.461538461538462,92
59,215,274,3.6440677966101696,221
49,656,705,13.387755102040817,670
28,257,285,9.178571428571429,377
1099,249,1348,0.22656960873521384,262
13,314,327,24.153846153846153,329
37,41,78,1.1081081081081081,27
27,449,476,16.62962962962963,467
18,977,995,54.27777777777778,1005
331,949,1280,2.867069486404834,954
12,252,264,21.0,262
7,273,280,39.0,285
2748,356,3104,0.12954876273653565,442
42,138,180,3.2857142857142856,139
109,534,643,4.89908256880734,109
17,299,316,17.58823529411765,313
16,268,284,16.75,283
77,603,680,7.8311688311688314,619
56,245,301,4.375,252
51,161,212,3.156862745098039,162
10,274,284,27.4,329
11,259,270,23.545454545454547,273
44,39,83,0.8863636363636364,26
67,288,355,4.298507462686567,296
49,262,311,5.346938775510204,273
44,427,471,9.704545454545455,448
593,189,782,0.31871838111298484,191
22,402,424,18.272727272727273,420
16,339,355,21.1875,365
483,904,1387,1.8716356107660455,901
18,285,303,15.833333333333334,299
9,363,372,40.333333333333336,382
126,314,440,2.492063492063492,355
55,152,207,2.7636363636363637,154
26,239,265,9.192307692307692,248
3112,722,3834,0.2320051413881748,727
19,404,423,21.263157894736842,423
100,16,116,0.16,1
166,392,558,2.36144578313253,412
51,101,152,1.9803921568627452,87
1212,45,1257,0.03712871287128713,33
1293,953,2246,0.737045630317092,1006
2,180,182,90.0,189
11,531,542,48.27272727272727,547
66,361,427,5.46969696969697,379
107,330,437,3.0841121495327104,348
1918,7,1925,0.0036496350364963502,1
25,295,320,11.8,313
57,611,668,10.719298245614034,627
32,507,539,15.84375,528
86,312,398,3.627906976744186,326
11,130,141,11.818181818181818,129
2796,29,2825,0.010371959942775394,17
18,165,183,9.166666666666666,165
137,23,160,0.1678832116788321,16
463,136,599,0.2937365010799136,250
22,589,611,26.772727272727273,607
6,63,69,10.5,52
31,314,345,10.129032258064516,326
60,538,598,8.966666666666667,557
15,643,658,42.86666666666667,656
140,445,585,3.1785714285714284,61
25,367,392,14.68,386
167,147,314,0.8802395209580839,146
25,1038,1063,41.52,1006
1255,433,1688,0.3450199203187251,451
1197,599,1796,0.5004177109440268,618
53,665,718,12.547169811320755,686
20,519,539,25.95,543
12,285,297,23.75,299
19,279,298,14.68421052631579,117
21,124,145,5.904761904761905,122
117,748,865,6.3931623931623935,749
54,828,882,15.333333333333334,843
16,499,515,31.1875,524
10,311,321,31.1,326
123,599,722,4.869918699186992,612
83,379,462,4.566265060240964,397
2,501,503,250.5,392
13,457,470,35.15384615384615,478
34,576,610,16.941176470588236,593
53,576,629,10.867924528301886,587
148,662,810,4.472972972972973,662
357,850,1207,2.380952380952381,855
866,160,1026,0.18475750577367206,297
20,651,671,32.55,664
134,446,580,3.328358208955224,468
135,443,578,3.2814814814814817,464
16,252,268,15.75,264
19,401,420,21.105263157894736,419
1513,192,1705,0.12690019828155982,198
23,201,224,8.73913043478261,209
708,395,1103,0.557909604519774,417
21,156,177,7.428571428571429,156
49,191,240,3.8979591836734695,194
13,91,104,7.0,88
633,333,966,0.5260663507109005,354
11,264,275,24.0,275
29,214,243,7.379310344827586,223
7,378,385,54.0,399
80,36,116,0.45,24
94,212,306,2.25531914893617,217
194,139,333,0.7164948453608248,136
1,20,21,20.0,2
343,566,909,1.6501457725947521,585
18,632,650,35.111111111111114,648
45,24,69,0.5333333333333333,1
663,199,862,0.30015082956259426,204
396,98,494,0.2474747474747475,93
59,166,225,2.8135593220338984,168
29,295,324,10.172413793103448,312
1372,48,1420,0.03498542274052478,37
20,328,348,16.4,341
56,331,387,5.910714285714286,338
19,533,552,28.05263157894737,556
12,894,906,74.5,901
120,33,153,0.275,17
29,35,64,1.206896551724138,23
10,538,548,53.8,248
99,129,228,1.303030303030303,129
10,222,232,22.2,231
30,817,847,27.233333333333334,823
16,616,632,38.5,631
1,10,11,10.0,1
11,855,866,77.72727272727273,862
1594,857,2451,0.5376411543287327,863
32,256,288,8.0,265
36,193,229,5.361111111111111,193
17,291,308,17.11764705882353,307
12,1101,1113,91.75,753
12,263,275,21.916666666666668,276
7,163,170,23.285714285714285,149
7,274,281,39.142857142857146,286
16,92,108,5.75,88
23,140,163,6.086956521739131,142
313,10,323,0.03194888178913738,1
640,166,806,0.259375,170
413,355,768,0.8595641646489104,375
356,104,460,0.29213483146067415,98
159,82,241,0.5157232704402516,74
69,120,189,1.7391304347826086,118
44,15,59,0.3409090909090909,1
125,541,666,4.328,562
28,217,245,7.75,223
23,151,174,6.565217391304348,148
19,810,829,42.63157894736842,816
15,27,42,1.8,13
139,95,234,0.6834532374100719,92
10,899,909,89.9,911
6,43,49,7.166666666666667,32
11,630,641,57.27272727272727,647
14,200,214,14.285714285714286,197
10,611,621,61.1,621
16,289,305,18.0625,307
323,263,586,0.8142414860681114,277
1,10,11,10.0,1
28,1023,1051,36.535714285714285,1006
8,217,225,27.125,221
317,576,893,1.8170347003154574,591
25,196,221,7.84,201
13,275,288,21.153846153846153,292
559,53,612,0.09481216457960644,42
83,1046,1129,12.602409638554217,1006
11,228,239,20.727272727272727,235
447,939,1386,2.1006711409395975,945
109,400,509,3.669724770642202,418
11,85,96,7.7272727272727275,76
25,21,46,0.84,11
22,298,320,13.545454545454545,313
288,269,557,0.9340277777777778,288
37,205,242,5.54054054054054,209
3491,279,3770,0.07991979375537095,276
6,357,363,59.5,415
57,68,125,1.1929824561403508,62
20,423,443,21.15,445
1,10,11,10.0,1
68,881,949,12.955882352941176,886
420,384,804,0.9142857142857143,404
139,434,573,3.1223021582733814,452
14,33,47,2.357142857142857,86
7,165,172,23.571428571428573,149
9,287,296,31.88888888888889,304
64,329,393,5.140625,348
57,149,206,2.6140350877192984,150
6,138,144,23.0,137
62,310,372,5.0,325
107,306,413,2.8598130841121496,323
11,121,132,11.0,118
8,457,465,57.125,481
111,90,201,0.8108108108108109,84
38,272,310,7.157894736842105,286
46,33,79,0.717391304347826,18
56,719,775,12.839285714285714,728
420,287,707,0.6833333333333333,295
11,623,634,56.63636363636363,377
167,389,556,2.3293413173652695,406
22,254,276,11.545454545454545,265
1,10,11,10.0,1
24,362,386,15.083333333333334,380
115,165,280,1.434782608695652,168
15,245,260,16.333333333333332,255
21,97,118,4.619047619047619,93
2,41,43,20.5,27
16,973,989,60.8125,982
2118,1056,3174,0.4985835694050991,1006
16,294,310,18.375,362
9,342,351,38.0,363
54,191,245,3.537037037037037,193
17,373,390,21.941176470588236,391
2053,188,2241,0.09157330735509012,192
332,979,1311,2.9487951807228914,1006
1644,492,2136,0.29927007299270075,508
14,232,246,16.571428571428573,269
16,86,102,5.375,303
421,7,428,0.0166270783847981,1
77,926,1003,12.025974025974026,930
703,148,851,0.21052631578947367,150
1174,128,1302,0.10902896081771721,126
35,503,538,14.371428571428572,523
22,19,41,0.8636363636363636,5
23,438,461,19.043478260869566,458
60,613,673,10.216666666666667,632
1383,810,2193,0.5856832971800434,815
35,116,151,3.3142857142857145,114
19,388,407,20.42105263157895,404
251,5,256,0.0199203187250996,1
328,420,748,1.2804878048780488,591
28,86,114,3.0714285714285716,79
960,775,1735,0.8072916666666666,772
21,64,85,3.0476190476190474,374
72,42,114,0.5833333333333334,29
68,440,508,6.470588235294118,463
33,71,104,2.1515151515151514,30
10,202,212,20.2,262
83,473,556,5.698795180722891,499
50,384,434,7.68,400
990,760,1750,0.7676767676767676,765
74,635,709,8.58108108108108,648
91,68,159,0.7472527472527473,56
17,451,468,26.529411764705884,470
2,2,4,1.0,1
9,24,33,2.6666666666666665,6
1152,446,1598,0.3871527777777778,671
477,981,1458,2.056603773584906,1006
1,19,20,19.0,1
44,430,474,9.772727272727273,450
9,74,83,8.222222222222221,63
23,552,575,24.0,568
41,664,705,16.195121951219512,690
2418,138,2556,0.05707196029776675,134
11,219,230,19.90909090909091,225
122,400,522,3.278688524590164,417
1229,989,2218,0.8047192839707079,1006
10,436,446,43.6,329
691,142,833,0.20549927641099855,142
44,280,324,6.363636363636363,373
11,331,342,30.09090909090909,348
5,564,569,112.8,581
30,246,276,8.2,258
73,515,588,7.054794520547945,535
1380,535,1915,0.38768115942028986,554
6,382,388,63.666666666666664,405
15,372,387,24.8,396
12,645,657,53.75,660
97,475,572,4.896907216494846,498
6,426,432,71.0,447
196,112,308,0.5714285714285714,94
51,272,323,5.333333333333333,400
17,434,451,25.529411764705884,450
10,396,406,39.6,415
38,77,115,2.026315789473684,74
13,258,271,19.846153846153847,267
3,327,330,109.0,347
24,475,499,19.791666666666668,493
8,19,27,2.375,14
10,165,175,16.5,166
35,1019,1054,29.114285714285714,1006
491,380,871,0.7739307535641547,419
1168,38,1206,0.032534246575342464,24
194,582,776,3.0,598
10,206,216,20.6,212
34,357,391,10.5,372
2129,14,2143,0.006575857209957727,1
24,817,841,34.041666666666664,821
17,472,489,27.764705882352942,492
52,251,303,4.826923076923077,259
8,529,537,66.125,551
1006,433,1439,0.4304174950298211,450
18,450,468,25.0,469
1170,175,1345,0.14957264957264957,181
52,356,408,6.846153846153846,452
25,110,135,4.4,107
73,430,503,5.890410958904109,453
86,907,993,10.546511627906977,907
20,209,229,10.45,216
13,168,181,12.923076923076923,169
229,346,575,1.5109170305676856,360
318,414,732,1.3018867924528301,434
553,810,1363,1.4647377938517179,809
495,527,1022,1.0646464646464646,548
70,24,94,0.34285714285714286,11
897,330,1227,0.36789297658862874,348
157,556,713,3.5414012738853504,569
1,573,574,573.0,435
49,81,130,1.653061224489796,74
434,355,789,0.8179723502304147,369
1451,352,1803,0.24259131633356307,374
1,29,30,29.0,1
40,681,721,17.025,692
208,92,300,0.4423076923076923,89
16,746,762,46.625,749
17,514,531,30.235294117647058,533
1614,49,1663,0.030359355638166045,39
80,941,1021,11.7625,978
17,644,661,37.88235294117647,650
70,29,99,0.4142857142857143,16
22,394,416,17.90909090909091,416
98,340,438,3.4693877551020407,360
54,44,98,0.8148148148148148,32
1367,955,2322,0.6986100950987564,1006
2608,112,2720,0.04294478527607362,112
1695,129,1824,0.07610619469026549,126
577,135,712,0.2339688041594454,134
12,28,40,2.3333333333333335,14
29,348,377,12.0,363
675,389,1064,0.5762962962962963,405
941,217,1158,0.230605738575983,223
12,17,29,1.4166666666666667,1
1,10,11,10.0,1
669,16,685,0.02391629297458894,1
709,41,750,0.05782792665726375,32
34,392,426,11.529411764705882,409
11,22,33,2.0,7
8,250,258,31.25,261
91,531,622,5.835164835164835,552
13,410,423,31.53846153846154,433
26,381,407,14.653846153846153,401
15,119,134,7.933333333333334,116
23,35,58,1.5217391304347827,22
86,516,602,6.0,537
25,58,83,2.32,50
22,516,538,23.454545454545453,540
294,224,518,0.7619047619047619,121
43,130,173,3.0232558139534884,127
54,799,853,14.796296296296296,801
35,167,202,4.771428571428571,172
9,249,258,27.666666666666668,257
51,341,392,6.686274509803922,358
19,354,373,18.63157894736842,371
9,410,419,45.55555555555556,438
6,278,284,46.333333333333336,291
27,546,573,20.22222222222222,560
15,151,166,10.066666666666666,152
9,568,577,63.111111111111114,583
11,730,741,66.36363636363636,732
42,559,601,13.30952380952381,574
15,489,504,32.6,509
34,35,69,1.0294117647058822,22
785,298,1083,0.3796178343949045,314
90,372,462,4.133333333333334,391
37,325,362,8.783783783783784,344
506,178,684,0.35177865612648224,181
19,127,146,6.684210526315789,127
7,12,19,1.7142857142857142,1
22,324,346,14.727272727272727,379
369,232,601,0.6287262872628726,242
153,508,661,3.320261437908497,527
100,410,510,4.1,431
46,81,127,1.7608695652173914,76
25,424,449,16.96,443
10,646,656,64.6,655
43,542,585,12.604651162790697,561
82,820,902,10.0,826
32,83,115,2.59375,75
77,29,106,0.37662337662337664,18
34,322,356,9.470588235294118,336
311,621,932,1.9967845659163987,636
179,98,277,0.547486033519553,90
160,185,345,1.15625,370
29,294,323,10.137931034482758,306
1146,478,1624,0.41710296684118675,497
13,531,544,40.84615384615385,553
1039,1059,2098,1.0192492781520692,1006
16,253,269,15.8125,263
1363,227,1590,0.1665443873807777,232
84,426,510,5.071428571428571,445
288,177,465,0.6145833333333334,176
43,34,77,0.7906976744186046,24
104,128,232,1.2307692307692308,70
114,179,293,1.5701754385964912,311
19,374,393,19.68421052631579,399
372,983,1355,2.64247311827957,1006
68,14,82,0.20588235294117646,1
15,469,484,31.266666666666666,487
4,198,202,49.5,205
2839,191,3030,0.06727721028531172,200
16,376,392,23.5,398
316,189,505,0.5981012658227848,195
155,174,329,1.1225806451612903,182
90,881,971,9.78888888888889,888
63,38,101,0.6031746031746031,25
38,113,151,2.973684210526316,111
265,317,582,1.1962264150943396,327
252,304,556,1.2063492063492063,322
1594,181,1775,0.11355081555834379,185
7,191,198,27.285714285714285,190
65,920,985,14.153846153846153,658
48,624,672,13.0,637
701,336,1037,0.4793152639087018,359
441,541,982,1.2267573696145124,561
251,168,419,0.6693227091633466,175
1,10,11,10.0,1
1877,30,1907,0.015982951518380393,15
13,17,30,1.3076923076923077,1
26,580,606,22.307692307692307,598
24,362,386,15.083333333333334,380
3,245,248,81.66666666666667,253
19,340,359,17.894736842105264,426
19,277,296,14.578947368421053,290
163,115,278,0.7055214723926381,125
13,397,410,30.53846153846154,419
13,243,256,18.692307692307693,249
709,290,999,0.4090267983074753,299
18,32,50,1.7777777777777777,16
22,454,476,20.636363636363637,480
37,235,272,6.351351351351352,244
21,581,602,27.666666666666668,597
516,366,882,0.7093023255813954,387
39,1017,1056,26.076923076923077,1006
16,236,252,14.75,247
629,615,1244,0.9777424483306836,635
21,511,532,24.333333333333332,535
37,353,390,9.54054054054054,373
96,960,1056,10.0,979
1007,1075,2082,1.067527308838133,1006
8,798,806,99.75,800
6,596,602,99.33333333333333,611
56,528,584,9.428571428571429,415
56,249,305,4.446428571428571,255
24,92,116,3.8333333333333335,360
10,34,44,3.4,23
20,1081,1101,54.05,1006
15,324,339,21.6,412
4,116,120,29.0,114
15,367,382,24.466666666666665,384
39,45,84,1.1538461538461537,32
11,28,39,2.5454545454545454,14
50,468,518,9.36,489
267,267,534,1.0,280
57,793,850,13.912280701754385,803
23,382,405,16.608695652173914,405
13,362,375,27.846153846153847,384
9,529,538,58.77777777777778,554
12,568,580,47.333333333333336,586
5,331,336,66.2,346
24,220,244,9.166666666666666,232
131,324,455,2.4732824427480917,336
803,290,1093,0.36114570361145704,307
29,131,160,4.517241379310345,198
48,219,267,4.5625,230
20,218,238,10.9,226
129,407,536,3.1550387596899223,424
10,222,232,22.2,228
9,113,122,12.555555555555555,110
7,186,193,26.571428571428573,149
41,199,240,4.853658536585366,204
11,582,593,52.90909090909091,603
37,423,460,11.432432432432432,450
25,433,458,17.32,452
45,482,527,10.71111111111111,508
1073,736,1809,0.6859273066169618,743
985,204,1189,0.20710659898477157,210
261,142,403,0.5440613026819924,114
114,953,1067,8.359649122807017,968
12,397,409,33.083333333333336,420
1282,935,2217,0.7293291731669267,948
69,537,606,7.782608695652174,557
35,4,39,0.11428571428571428,1
2995,181,3176,0.060434056761268784,182
1,464,465,464.0,435
10,43,53,4.3,32
80,219,299,2.7375,229
15,265,280,17.666666666666668,278
12,316,328,26.333333333333332,335
28,238,266,8.5,244
10,242,252,24.2,277
171,30,201,0.17543859649122806,18
26,299,325,11.5,314
18,272,290,15.11111111111111,285
53,217,270,4.09433962264151,221
232,428,660,1.8448275862068966,449
2345,1088,3433,0.4639658848614073,1006
7,47,54,6.714285714285714,36
296,571,867,1.929054054054054,590
17,362,379,21.294117647058822,376
2,26,28,13.0,433
414,304,718,0.7342995169082126,312
57,940,997,16.49122807017544,956
20,348,368,17.4,370
21,190,211,9.047619047619047,195
14,486,500,34.714285714285715,505
17,84,101,4.9411764705882355,76
109,177,286,1.6238532110091743,177
927,325,1252,0.3505933117583603,327
18,267,285,14.833333333333334,279
18,486,504,27.0,510
1,10,11,10.0,1
112,638,750,5.696428571428571,139
17,267,284,15.705882352941176,278
5,236,241,47.2,247
1743,428,2171,0.2455536431440046,452
677,1121,1798,1.655834564254062,1006
1246,755,2001,0.6059390048154093,762
96,408,504,4.25,427
11,205,216,18.636363636363637,212
17,90,107,5.294117647058823,84
191,204,395,1.068062827225131,217
280,157,437,0.5607142857142857,153
73,359,432,4.917808219178082,380
9,385,394,42.77777777777778,402
44,555,599,12.613636363636363,571
11,185,196,16.818181818181817,186
58,297,355,5.120689655172414,310
13,337,350,25.923076923076923,356
109,239,348,2.1926605504587156,251
8,501,509,62.625,526
1201,494,1695,0.4113238967527061,512
17,382,399,22.470588235294116,403
316,189,505,0.5981012658227848,195
820,431,1251,0.525609756097561,455
3015,28,3043,0.009286898839137645,14
9,372,381,41.333333333333336,393
1158,228,1386,0.19689119170984457,237
64,45,109,0.703125,32
357,323,680,0.9047619047619048,342
10,257,267,25.7,266
8,247,255,30.875,327
421,7,428,0.0166270783847981,1
273,452,725,1.6556776556776556,471
49,703,752,14.346938775510203,713
15,248,263,16.533333333333335,258
29,197,226,6.793103448275862,201
143,399,542,2.7902097902097904,574
905,95,1000,0.10497237569060773,91
31,391,422,12.612903225806452,410
9,638,647,70.88888888888889,654
10,238,248,23.8,183
13,393,406,30.23076923076923,416
239,89,328,0.3723849372384937,81
274,190,464,0.6934306569343066,193
84,33,117,0.39285714285714285,21
65,439,504,6.753846153846154,459
135,26,161,0.1925925925925926,12
259,193,452,0.7451737451737451,197
231,255,486,1.103896103896104,265
25,106,131,4.24,100
30,335,365,11.166666666666666,354
43,47,90,1.0930232558139534,36
108,838,946,7.7592592592592595,839
3029,304,3333,0.10036315615714757,316
24,540,564,22.5,565
11,310,321,28.181818181818183,558
357,178,535,0.49859943977591037,181
381,83,464,0.2178477690288714,508
1647,81,1728,0.04918032786885246,83
21,70,91,3.3333333333333335,63
448,82,530,0.18303571428571427,80
17,607,624,35.705882352941174,621
35,436,471,12.457142857142857,460
15,151,166,10.066666666666666,152
10,658,668,65.8,670
8,55,63,6.875,37
152,344,496,2.263157894736842,359
63,71,134,1.126984126984127,63
23,548,571,23.82608695652174,569
353,492,845,1.3937677053824362,511
44,33,77,0.75,16
903,960,1863,1.06312292358804,975
6,142,148,23.666666666666668,143
45,165,210,3.6666666666666665,165
5,12,17,2.4,1
24,225,249,9.375,231
29,388,417,13.379310344827585,408
4,244,248,61.0,254
65,35,100,0.5384615384615384,22
17,4,21,0.23529411764705882,1
21,678,699,32.285714285714285,688
5,58,63,11.6,50
58,941,999,16.224137931034484,985
14,271,285,19.357142857142858,281
16,385,401,24.0625,404
12,449,461,37.416666666666664,472
47,83,130,1.7659574468085106,77
30,574,604,19.133333333333333,588
23,240,263,10.434782608695652,248
949,140,1089,0.1475237091675448,139
16,446,462,27.875,466
1523,188,1711,0.12344057780695995,192
162,324,486,2.0,341
11,642,653,58.36363636363637,660
2179,211,2390,0.09683340982101882,215
126,400,526,3.1746031746031744,419
21,431,452,20.523809523809526,451
35,117,152,3.342857142857143,115
10,210,220,21.0,215
255,18,273,0.07058823529411765,4
4,99,103,24.75,90
71,80,151,1.1267605633802817,341
16,279,295,17.4375,291
23,207,230,9.0,213
6,156,162,26.0,159
50,320,370,6.4,337
26,216,242,8.307692307692308,224
490,437,927,0.8918367346938776,455
43,441,484,10.255813953488373,458
92,890,982,9.673913043478262,907
9,240,249,26.666666666666668,247
393,332,725,0.8447837150127226,347
28,13,41,0.4642857142857143,1
157,526,683,3.3503184713375798,544
12,62,74,5.166666666666667,52
37,633,670,17.10810810810811,645
21,54,75,2.5714285714285716,47
694,860,1554,1.239193083573487,864
144,125,269,0.8680555555555556,124
10,769,779,76.9,778
17,338,355,19.88235294117647,533
8,389,397,48.625,406
2911,641,3552,0.2201992442459636,655
20,75,95,3.75,68
37,419,456,11.324324324324325,441
4,766,770,191.5,426
124,272,396,2.193548387096774,284
139,421,560,3.028776978417266,443
2574,128,2702,0.04972804972804973,126
12,139,151,11.583333333333334,140
45,602,647,13.377777777777778,616
170,237,407,1.3941176470588235,191
17,533,550,31.352941176470587,551
17,97,114,5.705882352941177,88
31,310,341,10.0,326
14,307,321,21.928571428571427,324
24,543,567,22.625,565
11,322,333,29.272727272727273,338
115,880,995,7.6521739130434785,888
40,545,585,13.625,559
194,139,333,0.7164948453608248,136
46,587,633,12.76086956521739,603
132,246,378,1.8636363636363635,254
14,877,891,62.642857142857146,883
46,186,232,4.043478260869565,189
38,181,219,4.7631578947368425,278
103,572,675,5.553398058252427,586
40,430,470,10.75,451
45,27,72,0.6,1
102,630,732,6.176470588235294,642
9,204,213,22.666666666666668,209
16,470,486,29.375,495
70,200,270,2.857142857142857,202
28,336,364,12.0,359
1,190,191,190.0,435
31,345,376,11.129032258064516,363
6,169,175,28.166666666666668,169
22,791,813,35.95454545454545,791
68,349,417,5.132352941176471,367
21,380,401,18.095238095238095,400
13,133,146,10.23076923076923,131
101,786,887,7.782178217821782,791
138,190,328,1.3768115942028984,197
16,29,45,1.8125,15
28,621,649,22.178571428571427,637
292,457,749,1.5650684931506849,483
100,417,517,4.17,427
79,371,450,4.69620253164557,392
144,413,557,2.8680555555555554,432
155,119,274,0.7677419354838709,116
6,112,118,18.666666666666668,8
190,292,482,1.5368421052631578,304
661,342,1003,0.5173978819969742,362
30,557,587,18.566666666666666,574
127,305,432,2.4015748031496065,320
95,347,442,3.6526315789473682,360
8,293,301,36.625,304
12,154,166,12.833333333333334,157
17,391,408,23.0,318
33,61,94,1.8484848484848484,52
359,693,1052,1.9303621169916434,189
29,302,331,10.413793103448276,318
40,139,179,3.475,139
21,156,177,7.428571428571429,161
46,45,91,0.9782608695652174,14
9,143,152,15.88888888888889,140
294,7,301,0.023809523809523808,1
1,10,11,10.0,1
40,396,436,9.9,536
31,361,392,11.64516129032258,378
24,221,245,9.208333333333334,227
27,246,273,9.11111111111111,254
8,193,201,24.125,194
497,443,940,0.8913480885311871,465
108,76,184,0.7037037037037037,70
1086,137,1223,0.1261510128913444,134
79,663,742,8.39240506329114,679
96,623,719,6.489583333333333,636
129,108,237,0.8372093023255814,107
40,824,864,20.6,840
1149,195,1344,0.16971279373368145,194
32,372,404,11.625,392
3030,37,3067,0.01221122112211221,25
125,201,326,1.608,206
1,10,11,10.0,1
473,446,919,0.9429175475687104,466
90,805,895,8.944444444444445,814
55,451,506,8.2,629
5,224,229,44.8,233
60,296,356,4.933333333333334,310
720,464,1184,0.6444444444444445,488
1146,14,1160,0.012216404886561954,6
209,152,361,0.7272727272727273,152
23,429,452,18.652173913043477,449
43,36,79,0.8372093023255814,24
15,229,244,15.266666666666667,235
2105,1089,3194,0.5173396674584323,1006
15,342,357,22.8,358
19,502,521,26.42105263157895,524
7,424,431,60.57142857142857,447
399,460,859,1.1528822055137844,479
32,46,78,1.4375,36
619,157,776,0.25363489499192243,159
32,688,720,21.5,707
54,943,997,17.462962962962962,945
19,305,324,16.05263157894737,322
11,84,95,7.636363636363637,78
57,856,913,15.017543859649123,862
108,934,1042,8.648148148148149,940
23,336,359,14.608695652173912,354
27,85,112,3.1481481481481484,76
79,351,430,4.443037974683544,367
28,41,69,1.4642857142857142,25
35,97,132,2.7714285714285714,93
11,553,564,50.27272727272727,578
342,99,441,0.2894736842105263,92
17,20,37,1.1764705882352942,5
88,459,547,5.215909090909091,612
1041,520,1561,0.49951969260326606,538
81,931,1012,11.493827160493828,944
3,84,87,28.0,77
9,50,59,5.555555555555555,40
263,268,531,1.0190114068441065,275
36,572,608,15.88888888888889,588
48,103,151,2.1458333333333335,97
141,90,231,0.6382978723404256,274
187,240,427,1.2834224598930482,250
301,76,377,0.25249169435215946,68
108,290,398,2.685185185185185,300
14,346,360,24.714285714285715,363
544,125,669,0.22977941176470587,126
20,127,147,6.35,127
337,59,396,0.17507418397626112,323
109,231,340,2.1192660550458715,242
858,279,1137,0.32517482517482516,294
47,815,862,17.340425531914892,820
33,87,120,2.6363636363636362,82
15,272,287,18.133333333333333,287
24,398,422,16.583333333333332,414
28,1044,1072,37.285714285714285,1006
41,386,427,9.414634146341463,406
74,190,264,2.5675675675675675,196
102,377,479,3.696078431372549,395
310,127,437,0.4096774193548387,123
16,892,908,55.75,905
67,765,832,11.417910447761194,769
33,73,106,2.212121212121212,66
10,319,329,31.9,335
7,310,317,44.285714285714285,149
895,12,907,0.013407821229050279,1
10,208,218,20.8,220
882,970,1852,1.0997732426303855,1005
3,81,84,27.0,70
1,10,11,10.0,1
11,51,62,4.636363636363637,41
173,161,334,0.930635838150289,165
8,109,117,13.625,104
17,323,340,19.0,344
395,338,733,0.8556962025316456,359
72,134,206,1.8611111111111112,133
1368,316,1684,0.2309941520467836,333
166,101,267,0.608433734939759,97
20,424,444,21.2,441
14,190,204,13.571428571428571,194
46,285,331,6.195652173913044,301
14,193,207,13.785714285714286,198
104,374,478,3.5961538461538463,391
1300,935,2235,0.7192307692307692,939
40,432,472,10.8,451
10,280,290,28.0,292
86,129,215,1.5,410
421,943,1364,2.2399049881235156,954
18,276,294,15.333333333333334,288
8,357,365,44.625,280
16,230,246,14.375,239
16,24,40,1.5,10
5,10,15,2.0,1
6,108,114,18.0,104
158,254,412,1.6075949367088607,267
34,50,84,1.4705882352941178,43
9,254,263,28.22222222222222,266
5,77,82,15.4,68
29,30,59,1.0344827586206897,14
478,85,563,0.17782426778242677,80
333,599,932,1.7987987987987988,622
1635,153,1788,0.09357798165137615,152
298,182,480,0.610738255033557,186
10,218,228,21.8,224
10,863,873,86.3,897
14,268,282,19.142857142857142,320
9,429,438,47.666666666666664,452
2,14,16,7.0,1
27,123,150,4.555555555555555,192
14,676,690,48.285714285714285,690
2538,197,2735,0.07762017336485422,221
649,41,690,0.06317411402157165,25
11,266,277,24.181818181818183,277
11,230,241,20.90909090909091,238
50,370,420,7.4,391
370,520,890,1.4054054054054055,540
3,422,425,140.66666666666666,444
105,207,312,1.9714285714285715,212
4,65,69,16.25,51
923,28,951,0.030335861321776816,14
24,477,501,19.875,496
17,55,72,3.235294117647059,45
20,535,555,26.75,553
23,472,495,20.52173913043478,492
26,354,380,13.615384615384615,371
64,71,135,1.109375,60
185,47,232,0.25405405405405407,35
126,219,345,1.7380952380952381,229
183,558,741,3.0491803278688523,577
18,110,128,6.111111111111111,109
21,21,42,1.0,5
6,96,102,16.0,92
8,9,17,1.125,1
24,26,50,1.0833333333333333,14
9,62,71,6.888888888888889,123
1,10,11,10.0,1
10,58,68,5.8,160
342,205,547,0.5994152046783626,214
3675,5,3680,0.0013605442176870747,1
17,330,347,19.41176470588235,346
19,328,347,17.263157894736842,344
8,52,60,6.5,36
3112,722,3834,0.2320051413881748,727
22,861,883,39.13636363636363,626
8,16,24,2.0,1
389,418,807,1.0745501285347043,444
22,310,332,14.090909090909092,323
44,28,72,0.6363636363636364,15
33,570,603,17.272727272727273,588
348,322,670,0.9252873563218391,332
60,143,203,2.3833333333333333,145
15,320,335,21.333333333333332,338
38,267,305,7.026315789473684,279
1086,294,1380,0.27071823204419887,309
537,104,641,0.19366852886405958,155
21,431,452,20.523809523809526,451
23,95,118,4.130434782608695,87
70,459,529,6.557142857142857,482
24,286,310,11.916666666666666,297
13,146,159,11.23076923076923,147
9,184,193,20.444444444444443,187
91,30,121,0.32967032967032966,67
9,344,353,38.22222222222222,344
45,194,239,4.311111111111111,198
11,277,288,25.181818181818183,292
34,251,285,7.382352941176471,263
447,427,874,0.9552572706935123,448
5,25,30,5.0,8
16,64,80,4.0,56
19,281,300,14.789473684210526,492
22,39,61,1.7727272727272727,27
264,695,959,2.632575757575758,706
13,531,544,40.84615384615385,553
12,168,180,14.0,167
4,233,237,58.25,240
17,944,961,55.529411764705884,954
26,98,124,3.769230769230769,93
167,270,437,1.6167664670658684,282
310,267,577,0.8612903225806452,279
141,672,813,4.76595744680851,686
43,202,245,4.6976744186046515,204
5,42,47,8.4,31
15,688,703,45.86666666666667,710
701,465,1166,0.6633380884450785,485
33,274,307,8.303030303030303,285
168,18,186,0.10714285714285714,3
18,329,347,18.27777777777778,346
17,249,266,14.647058823529411,259
134,558,692,4.164179104477612,577
15,145,160,9.666666666666666,124
1108,301,1409,0.27166064981949456,317
16,34,50,2.125,22
255,295,550,1.1568627450980393,311
61,301,362,4.934426229508197,314
105,113,218,1.0761904761904761,111
163,265,428,1.6257668711656441,275
58,246,304,4.241379310344827,256
74,447,521,6.04054054054054,471
29,372,401,12.827586206896552,391
910,324,1234,0.35604395604395606,340
492,203,695,0.41260162601626016,210
14,543,557,38.785714285714285,562
26,247,273,9.5,309
794,501,1295,0.6309823677581864,521
43,877,920,20.3953488372093,882
34,232,266,6.823529411764706,238
494,143,637,0.2894736842105263,142
30,356,386,11.866666666666667,375
44,266,310,6.045454545454546,419
1613,26,1639,0.016119032858028518,10
36,955,991,26.52777777777778,966
241,524,765,2.1742738589211617,540
21,312,333,14.857142857142858,327
10,225,235,22.5,229
35,250,285,7.142857142857143,260
26,755,781,29.03846153846154,763
19,193,212,10.157894736842104,355
1,285,286,285.0,435
231,1016,1247,4.3982683982683985,881
33,237,270,7.181818181818182,244
26,288,314,11.076923076923077,296
39,322,361,8.256410256410257,338
1150,343,1493,0.2982608695652174,363
6,507,513,84.5,536
534,6,540,0.011235955056179775,1
48,731,779,15.229166666666666,739
150,85,235,0.5666666666666667,75
8,502,510,62.75,523
226,407,633,1.8008849557522124,424
16,133,149,8.3125,139
2728,320,3048,0.11730205278592376,336
153,467,620,3.052287581699346,485
12,597,609,49.75,91
14,117,131,8.357142857142858,113
26,654,680,25.153846153846153,671
15,268,283,17.866666666666667,284
10,445,455,44.5,466
25,84,109,3.36,81
12,462,474,38.5,480
74,428,502,5.783783783783784,452
37,116,153,3.135135135135135,114
8,215,223,26.875,223
257,417,674,1.622568093385214,440
884,130,1014,0.14705882352941177,128
796,755,1551,0.9484924623115578,765
62,150,212,2.4193548387096775,146
319,287,606,0.8996865203761756,298
228,288,516,1.263157894736842,300
24,226,250,9.416666666666666,234
7,342,349,48.857142857142854,361
5,91,96,18.2,84
325,189,514,0.5815384615384616,194
17,492,509,28.941176470588236,516
52,245,297,4.711538461538462,252
13,331,344,25.46153846153846,363
13,161,174,12.384615384615385,161
26,386,412,14.846153846153847,402
947,379,1326,0.40021119324181625,400
133,436,569,3.2781954887218046,456
46,34,80,0.7391304347826086,20
491,94,585,0.19144602851323828,92
20,175,195,8.75,178
760,145,905,0.19078947368421054,198
5,211,216,42.2,216
24,516,540,21.5,540
4,270,274,67.5,285
111,372,483,3.3513513513513513,396
130,275,405,2.1153846153846154,287
2410,215,2625,0.08921161825726141,221
301,390,691,1.2956810631229236,411
275,19,294,0.06909090909090909,1
56,199,255,3.5535714285714284,206
1354,390,1744,0.2880354505169867,410
73,494,567,6.767123287671233,550
31,70,101,2.2580645161290325,60
118,427,545,3.6186440677966103,367
6,207,213,34.5,210
1766,756,2522,0.42808607021517553,760
83,389,472,4.686746987951807,403
11,97,108,8.818181818181818,94
20,737,757,36.85,735
9,175,184,19.444444444444443,177
112,398,510,3.5535714285714284,418
2880,191,3071,0.06631944444444444,196
375,107,482,0.2853333333333333,104
42,365,407,8.69047619047619,390
80,610,690,7.625,629
26,529,555,20.346153846153847,552
83,351,434,4.228915662650603,368
155,199,354,1.2838709677419355,206
64,28,92,0.4375,14
19,65,84,3.4210526315789473,59
588,450,1038,0.7653061224489796,471
7,253,260,36.142857142857146,267
126,1447,1573,11.484126984126984,1006
20,34,54,1.7,25
476,845,1321,1.7752100840336134,852
62,303,365,4.887096774193548,318
22,117,139,5.318181818181818,116
134,283,417,2.111940298507463,290
31,996,1027,32.12903225806452,984
14,250,264,17.857142857142858,265
940,139,1079,0.1478723404255319,140
7,345,352,49.285714285714285,365
10,21,31,2.1,6
12,759,771,63.25,765
4,766,770,191.5,426
62,165,227,2.661290322580645,384
12,137,149,11.416666666666666,134
246,138,384,0.5609756097560976,133
45,406,451,9.022222222222222,425
23,109,132,4.739130434782608,102
3667,167,3834,0.04554131442596128,172
2,16,18,8.0,3
10,180,190,18.0,180
190,184,374,0.968421052631579,154
16,85,101,5.3125,80
173,75,248,0.43352601156069365,65
100,29,129,0.29,17
14,264,278,18.857142857142858,279
37,527,564,14.243243243243244,545
14,289,303,20.642857142857142,321
67,288,355,4.298507462686567,301
19,753,772,39.63157894736842,760
998,944,1942,0.9458917835671342,952
224,152,376,0.6785714285714286,154
22,48,70,2.1818181818181817,36
1380,33,1413,0.02391304347826087,128
36,249,285,6.916666666666667,259
139,74,213,0.5323741007194245,69
697,823,1520,1.1807747489239597,818
9,12,21,1.3333333333333333,1
17,230,247,13.529411764705882,238
40,264,304,6.6,276
26,66,92,2.5384615384615383,55
1342,191,1533,0.14232488822652756,192
29,258,287,8.89655172413793,337
20,170,190,8.5,172
13,24,37,1.8461538461538463,8
57,387,444,6.7894736842105265,408
13,55,68,4.230769230769231,45
9,135,144,15.0,134
19,491,510,25.842105263157894,511
27,351,378,13.0,368
241,139,380,0.5767634854771784,138
11,177,188,16.09090909090909,181
54,191,245,3.537037037037037,193
16,98,114,6.125,88
11,180,191,16.363636363636363,183
19,982,1001,51.68421052631579,1006
46,440,486,9.565217391304348,390
66,55,121,0.8333333333333334,45
261,110,371,0.421455938697318,114
33,339,372,10.272727272727273,359
7,440,447,62.857142857142854,462
82,191,273,2.3292682926829267,191
27,161,188,5.962962962962963,165
164,779,943,4.75,646
352,465,817,1.3210227272727273,486
1864,501,2365,0.2687768240343348,519
40,149,189,3.725,149
2710,75,2785,0.027675276752767528,64
2,17,19,8.5,5
508,157,665,0.3090551181102362,660
14,399,413,28.5,424
591,923,1514,1.5617597292724197,927
2858,218,3076,0.07627711686494051,227
59,74,133,1.2542372881355932,68
146,243,389,1.6643835616438356,360
159,680,839,4.276729559748428,694
35,482,517,13.771428571428572,505
52,343,395,6.596153846153846,358
244,87,331,0.35655737704918034,81
1077,81,1158,0.07520891364902507,74
23,18,41,0.782608695652174,48
64,432,496,6.75,455
24,362,386,15.083333333333334,380
16,296,312,18.5,306
19,266,285,14.0,388
1,127,128,127.0,146
13,103,116,7.923076923076923,97
663,695,1358,1.048265460030166,706
21,353,374,16.80952380952381,372
17,62,79,3.6470588235294117,57
58,289,347,4.982758620689655,303
44,174,218,3.9545454545454546,177
14,1038,1052,74.14285714285714,1006
30,690,720,23.0,705
2996,140,3136,0.04672897196261682,141
241,392,633,1.6265560165975104,413
2020,351,2371,0.17376237623762375,479
57,433,490,7.5964912280701755,451
104,328,432,3.1538461538461537,351
14,18,32,1.2857142857142858,36
11,332,343,30.181818181818183,353
23,271,294,11.782608695652174,283
8,253,261,31.625,313
21,547,568,26.047619047619047,567
85,501,586,5.894117647058824,519
215,296,511,1.3767441860465117,309
38,557,595,14.657894736842104,575
55,716,771,13.018181818181818,724
16,603,619,37.6875,617
103,144,247,1.3980582524271845,145
89,782,871,8.786516853932584,784
262,28,290,0.10687022900763359,11
142,13,155,0.09154929577464789,14
19,461,480,24.263157894736842,483
9,24,33,2.6666666666666665,8
8,14,22,1.75,1
32,955,987,29.84375,464
7,580,587,82.85714285714286,600
32,243,275,7.59375,252
31,275,306,8.870967741935484,291
12,374,386,31.166666666666668,394
17,15,32,0.8823529411764706,3
52,70,122,1.3461538461538463,57
90,93,183,1.0333333333333334,89
8,389,397,48.625,406
80,21,101,0.2625,7
10,102,112,10.2,99
589,266,855,0.45161290322580644,276
3361,248,3609,0.07378756322523058,258
148,469,617,3.168918918918919,490
18,345,363,19.166666666666668,362
13,274,287,21.076923076923077,289
6,450,456,75.0,472
24,642,666,26.75,655
49,202,251,4.122448979591836,208
1823,352,2175,0.19308831596269885,372
14,257,271,18.357142857142858,226
17,140,157,8.235294117647058,143
673,284,957,0.42199108469539376,295
2450,956,3406,0.3902040816326531,969
161,672,833,4.173913043478261,680
6,375,381,62.5,393
7,82,89,11.714285714285714,74
7,346,353,49.42857142857143,365
23,124,147,5.391304347826087,266
48,387,435,8.0625,409
17,873,890,51.35294117647059,886
20,888,908,44.4,892
49,833,882,17.0,839
18,83,101,4.611111111111111,74
91,162,253,1.7802197802197801,162
90,93,183,1.0333333333333334,89
1005,243,1248,0.2417910447761194,252
21,228,249,10.857142857142858,239
87,860,947,9.885057471264368,866
216,71,287,0.3287037037037037,58
18,667,685,37.05555555555556,683
23,344,367,14.956521739130435,363
136,965,1101,7.095588235294118,983
19,216,235,11.368421052631579,222
9,135,144,15.0,136
409,715,1124,1.7481662591687042,718
202,203,405,1.004950495049505,241
236,53,289,0.2245762711864407,41
15,155,170,10.333333333333334,157
13,117,130,9.0,115
8,51,59,6.375,37
14,128,142,9.142857142857142,128
1264,239,1503,0.18908227848101267,251
18,328,346,18.22222222222222,344
6,4,10,0.6666666666666666,1
35,565,600,16.142857142857142,583
71,889,960,12.52112676056338,896
5,101,106,20.2,95
46,405,451,8.804347826086957,425
1821,34,1855,0.018671059857221308,22
19,194,213,10.210526315789474,200
1502,39,1541,0.02596537949400799,23
293,422,715,1.4402730375426622,440
61,327,388,5.360655737704918,277
6,92,98,15.333333333333334,87
44,383,427,8.704545454545455,403
25,273,298,10.92,284
16,466,482,29.125,488
26,101,127,3.8846153846153846,98
150,79,229,0.5266666666666666,75
23,433,456,18.82608695652174,453
39,336,375,8.615384615384615,352
760,145,905,0.19078947368421054,198
13,393,406,30.23076923076923,416
264,41,305,0.1553030303030303,28
32,262,294,8.1875,275
17,732,749,43.05882352941177,739
15,86,101,5.733333333333333,80
304,1058,1362,3.4802631578947367,1006
504,398,902,0.7896825396825397,420
21,509,530,24.238095238095237,529
3380,3,3383,0.0008875739644970414,1
252,759,1011,3.011904761904762,761
150,656,806,4.373333333333333,672
12,328,340,27.333333333333332,346
29,286,315,9.862068965517242,303
49,8,57,0.16326530612244897,11
37,518,555,14.0,536
24,690,714,28.75,707
1039,1059,2098,1.0192492781520692,1006
3389,97,3486,0.028622012393036293,394
2307,972,3279,0.4213263979193758,1006
812,387,1199,0.4766009852216749,405
13,346,359,26.615384615384617,358
38,630,668,16.57894736842105,640
8,34,42,4.25,19
10,36,46,3.6,23
656,412,1068,0.6280487804878049,430
84,262,346,3.119047619047619,268
244,1008,1252,4.131147540983607,1006
241,794,1035,3.2946058091286305,797
13,55,68,4.230769230769231,45
35,309,344,8.82857142857143,325
7,94,101,13.428571428571429,89
24,330,354,13.75,344
15,387,402,25.8,402
2347,15,2362,0.006391137622496805,1
2106,1084,3190,0.5147198480531814,1006
47,377,424,8.02127659574468,392
138,247,385,1.789855072463768,256
14,320,334,22.857142857142858,336
17,4,21,0.23529411764705882,318
97,663,760,6.835051546391752,681
19,351,370,18.473684210526315,368
129,31,160,0.24031007751937986,8
2479,485,2964,0.19564340459862847,507
24,447,471,18.625,468
2655,172,2827,0.0647834274952919,176
689,97,786,0.14078374455732948,91
31,464,495,14.96774193548387,486
22,117,139,5.318181818181818,116
36,146,182,4.055555555555555,144
134,549,683,4.097014925373134,564
22,298,320,13.545454545454545,314
40,249,289,6.225,253
611,146,757,0.23895253682487724,143
9,661,670,73.44444444444444,669
4,11,15,2.75,1
1823,352,2175,0.19308831596269885,372
17,247,264,14.529411764705882,258
34,175,209,5.147058823529412,177
25,412,437,16.48,477
17,249,266,14.647058823529411,453
7,251,258,35.857142857142854,269
240,305,545,1.2708333333333333,323
51,114,165,2.235294117647059,112
1386,243,1629,0.17532467532467533,255
12,295,307,24.583333333333332,311
1905,209,2114,0.10971128608923884,213
9,754,763,83.77777777777777,761
14,994,1008,71.0,1006
7,232,239,33.142857142857146,242
8,276,284,34.5,289
9,241,250,26.77777777777778,250
5,11,16,2.2,1
24,27,51,1.125,11
1243,214,1457,0.17216411906677392,221
42,197,239,4.690476190476191,198
33,42,75,1.2727272727272727,31
18,567,585,31.5,589
249,10,259,0.040160642570281124,1
6,179,185,29.833333333333332,183
12,19,31,1.5833333333333333,5
18,3,21,0.16666666666666666,1
427,733,1160,1.7166276346604215,737
22,213,235,9.681818181818182,218
20,96,116,4.8,338
67,38,105,0.5671641791044776,21
19,103,122,5.421052631578948,99
40,599,639,14.975,619
14,448,462,32.0,467
1822,303,2125,0.16630076838638858,316
138,204,342,1.4782608695652173,211
31,361,392,11.64516129032258,376
98,277,375,2.826530612244898,288
50,322,372,6.44,318
269,264,533,0.9814126394052045,272
52,38,90,0.7307692307692307,25
349,120,469,0.3438395415472779,115
10,202,212,20.2,209
20,107,127,5.35,101
81,364,445,4.493827160493828,382
582,791,1373,1.359106529209622,788
4,33,37,8.25,22
345,125,470,0.36231884057971014,137
142,91,233,0.6408450704225352,88
58,270,328,4.655172413793103,283
1325,873,2198,0.6588679245283019,886
15,416,431,27.733333333333334,435
12,27,39,2.25,11
171,209,380,1.2222222222222223,207
13,191,204,14.692307692307692,198
124,533,657,4.298387096774194,555
2,131,133,65.5,129
23,496,519,21.565217391304348,521
24,452,476,18.833333333333332,475
5,40,45,8.0,25
10,493,503,49.3,514
702,712,1414,1.0142450142450143,721
34,1121,1155,32.970588235294116,1006
51,7,58,0.13725490196078433,311
33,342,375,10.363636363636363,359
2075,218,2293,0.10506024096385543,228
355,145,500,0.4084507042253521,144
41,716,757,17.463414634146343,731
397,99,496,0.24937027707808565,94
18,401,419,22.27777777777778,423
168,334,502,1.9880952380952381,353
37,103,140,2.7837837837837838,58
20,203,223,10.15,211
9,633,642,70.33333333333333,647
7,26,33,3.7142857142857144,12
61,412,473,6.754098360655738,429
51,204,255,4.0,66
171,834,1005,4.87719298245614,842
111,372,483,3.3513513513513513,396
11,70,81,6.363636363636363,62
29,235,264,8.10344827586207,242
2747,56,2803,0.02038587550054605,45
15,295,310,19.666666666666668,310
247,222,469,0.8987854251012146,234
5,53,58,10.6,40
21,541,562,25.761904761904763,559
21,322,343,15.333333333333334,340
2,292,294,146.0,433
205,1068,1273,5.209756097560976,1006
100,256,356,2.56,265
3697,97,3794,0.026237489856640518,858
31,748,779,24.129032258064516,751
91,386,477,4.241758241758242,405
52,96,148,1.8461538461538463,85
22,319,341,14.5,334
244,114,358,0.4672131147540984,109
176,725,901,4.119318181818182,718
14,536,550,38.285714285714285,561
14,48,62,3.4285714285714284,36
30,200,230,6.666666666666667,207
588,261,849,0.44387755102040816,273
19,900,919,47.36842105263158,921
72,352,424,4.888888888888889,371
36,146,182,4.055555555555555,144
836,427,1263,0.5107655502392344,449
12,181,193,15.083333333333334,182
1044,1017,2061,0.9741379310344828,1006
20,333,353,16.65,350
31,16,47,0.5161290322580645,1
33,144,177,4.363636363636363,144
2046,897,2943,0.43841642228739003,899
18,313,331,17.38888888888889,328
75,390,465,5.2,410
720,448,1168,0.6222222222222222,485
28,671,699,23.964285714285715,687
936,591,1527,0.6314102564102564,606
727,70,797,0.09628610729023383,61
1295,519,1814,0.40077220077220077,539
726,680,1406,0.9366391184573003,689
8,4,12,0.5,1
1543,26,1569,0.016850291639662993,12
85,30,115,0.35294117647058826,12
669,16,685,0.02391629297458894,1
47,127,174,2.702127659574468,126
23,398,421,17.304347826086957,416
11,369,380,33.54545454545455,391
22,361,383,16.40909090909091,375
2,162,164,81.0,166
290,319,609,1.1,338
20,164,184,8.2,160
61,543,604,8.901639344262295,560
241,165,406,0.6846473029045643,397
182,455,637,2.5,476
67,230,297,3.4328358208955225,242
4,111,115,27.75,108
14,132,146,9.428571428571429,132
13,438,451,33.69230769230769,871
14,173,187,12.357142857142858,176
1324,590,1914,0.44561933534743203,603
82,453,535,5.524390243902439,476
21,548,569,26.095238095238095,568
35,275,310,7.857142857142857,286
13,598,611,46.0,620
117,877,994,7.495726495726496,889
13,564,577,43.38461538461539,852
633,279,912,0.44075829383886256,744
9,72,81,8.0,63
19,155,174,8.157894736842104,155
11,26,37,2.3636363636363638,32
8,554,562,69.25,569
177,506,683,2.8587570621468927,646
44,266,310,6.045454545454546,419
25,84,109,3.36,81
161,846,1007,5.254658385093168,860
7,386,393,55.142857142857146,406
39,821,860,21.05128205128205,819
8,25,33,3.125,8
22,309,331,14.045454545454545,323
129,97,226,0.751937984496124,92
113,323,436,2.8584070796460175,335
1677,33,1710,0.01967799642218247,16
3,422,425,140.66666666666666,444
1125,170,1295,0.1511111111111111,171
391,408,799,1.0434782608695652,430
112,856,968,7.642857142857143,864
7,63,70,9.0,53
2,10,12,5.0,1
423,413,836,0.9763593380614657,437
10,122,132,12.2,119
34,93,127,2.735294117647059,87
4,240,244,60.0,250
1400,1065,2465,0.7607142857142857,906
1459,637,2096,0.43660041124057575,650
369,232,601,0.6287262872628726,242
45,742,787,16.488888888888887,750
177,1013,1190,5.72316384180791,1006
175,304,479,1.737142857142857,321
19,251,270,13.210526315789474,264
27,96,123,3.5555555555555554,87
15,537,552,35.8,561
36,664,700,18.444444444444443,681
7,268,275,38.285714285714285,282
882,709,1591,0.8038548752834467,803
69,235,304,3.4057971014492754,243
1322,4,1326,0.0030257186081694403,1
146,304,450,2.0821917808219177,448
10,231,241,23.1,241
27,123,150,4.555555555555555,192
2496,514,3010,0.20592948717948717,531
2,125,127,62.5,124
458,250,708,0.5458515283842795,260
66,271,337,4.106060606060606,282
2621,314,2935,0.1198016024418161,330
22,547,569,24.863636363636363,568
16,85,101,5.3125,80
52,331,383,6.365384615384615,465
6,115,121,19.166666666666668,114
154,399,553,2.590909090909091,418
178,540,718,3.033707865168539,559
292,196,488,0.6712328767123288,200
13,251,264,19.307692307692307,390
284,277,561,0.9753521126760564,292
72,556,628,7.722222222222222,572
31,155,186,5.0,159
23,483,506,21.0,503
108,211,319,1.9537037037037037,216
7,82,89,11.714285714285714,77
34,351,385,10.323529411764707,371
738,648,1386,0.8780487804878049,661
21,423,444,20.142857142857142,443
1233,496,1729,0.40227088402270883,513
14,298,312,21.285714285714285,315
433,136,569,0.3140877598152425,132
130,29,159,0.2230769230769231,15
460,394,854,0.8565217391304348,415
7,378,385,54.0,403
2918,141,3059,0.04832076764907471,139
1568,185,1753,0.11798469387755102,189
25,362,387,14.48,383
5,98,103,19.6,86
144,757,901,5.256944444444445,761
21,587,608,27.952380952380953,605
40,730,770,18.25,735
41,918,959,22.390243902439025,918
11,112,123,10.181818181818182,108
43,476,519,11.069767441860465,506
26,496,522,19.076923076923077,519
113,868,981,7.68141592920354,876
538,307,845,0.570631970260223,321
1750,124,1874,0.07085714285714285,102
6,113,119,18.833333333333332,111
16,603,619,37.6875,617
787,797,1584,1.0127064803049555,800
58,42,100,0.7241379310344828,31
333,348,681,1.045045045045045,366
17,383,400,22.529411764705884,407
7,54,61,7.714285714285714,45
714,627,1341,0.8781512605042017,638
9,249,258,27.666666666666668,255
17,366,383,21.529411764705884,387
15,339,354,22.6,359
10,1054,1064,105.4,1006
343,275,618,0.8017492711370262,287
1394,390,1784,0.2797704447632712,411
119,707,826,5.9411764705882355,716
35,24,59,0.6857142857142857,8
24,384,408,16.0,404
23,563,586,24.47826086956522,583
34,45,79,1.3235294117647058,34
15,182,197,12.133333333333333,186
87,141,228,1.6206896551724137,146
2,10,12,5.0,1
42,138,180,3.2857142857142856,139
1,567,568,567.0,435
73,455,528,6.232876712328767,476
314,816,1130,2.5987261146496814,1006
126,167,293,1.3253968253968254,172
1,25,26,25.0,1
75,390,465,5.2,410
81,287,368,3.54320987654321,302
13,950,963,73.07692307692308,972
3,53,56,17.666666666666668,48
34,625,659,18.38235294117647,642
107,473,580,4.420560747663552,494
40,22,62,0.55,5
38,335,373,8.81578947368421,143
762,325,1087,0.42650918635170604,341
1507,935,2442,0.6204379562043796,949
9,88,97,9.777777777777779,79
20,47,67,2.35,34
127,132,259,1.0393700787401574,130
7,200,207,28.571428571428573,207
130,726,856,5.584615384615384,732
1,10,11,10.0,1
28,62,90,2.2142857142857144,53
10,273,283,27.3,288
16,334,350,20.875,349
326,755,1081,2.315950920245399,764
2036,400,2436,0.19646365422396855,424
483,904,1387,1.8716356107660455,901
86,727,813,8.453488372093023,645
8,102,110,12.75,98
13,308,321,23.692307692307693,329
54,785,839,14.537037037037036,794
8,325,333,40.625,340
7,201,208,28.714285714285715,208
2,302,304,151.0,318
9,999,1008,111.0,1006
13,297,310,22.846153846153847,309
9,256,265,28.444444444444443,268
306,478,784,1.5620915032679739,496
10,642,652,64.2,666
399,180,579,0.45112781954887216,186
31,21,52,0.6774193548387096,4
8,221,229,27.625,216
51,246,297,4.823529411764706,256
15,177,192,11.8,179
33,475,508,14.393939393939394,498
5,91,96,18.2,86
31,335,366,10.806451612903226,664
329,1074,1403,3.264437689969605,1006
1170,175,1345,0.14957264957264957,181
893,596,1489,0.6674132138857782,608
6,561,567,93.5,582
675,157,832,0.2325925925925926,160
257,417,674,1.622568093385214,440
403,907,1310,2.2506203473945408,908
1178,211,1389,0.17911714770797962,218
15,324,339,21.6,348
435,180,615,0.41379310344827586,184
2,177,179,88.5,40
11,275,286,25.0,290
286,287,573,1.0034965034965035,300
8,435,443,54.375,460
547,19,566,0.03473491773308958,4
11,326,337,29.636363636363637,342
5,516,521,103.2,533
9,242,251,26.88888888888889,251
894,364,1258,0.407158836689038,382
28,97,125,3.4642857142857144,93
18,958,976,53.22222222222222,981
21,324,345,15.428571428571429,338
52,251,303,4.826923076923077,259
16,336,352,21.0,354
33,233,266,7.0606060606060606,243
6,93,99,15.5,84
72,519,591,7.208333333333333,540
89,56,145,0.6292134831460674,45
102,334,436,3.2745098039215685,351
15,362,377,24.133333333333333,381
5,755,760,151.0,761
4,1015,1019,253.75,1006
122,1027,1149,8.418032786885245,1006
53,731,784,13.79245283018868,544
22,477,499,21.681818181818183,494
13,265,278,20.384615384615383,276
3,10,13,3.3333333333333335,1
1,10,11,10.0,1
10,315,325,31.5,328
57,261,318,4.578947368421052,270
12,194,206,16.166666666666668,197
9,371,380,41.22222222222222,392
33,599,632,18.151515151515152,612
323,1090,1413,3.374613003095975,1006
9,33,42,3.6666666666666665,18
477,197,674,0.4129979035639413,117
85,501,586,5.894117647058824,519
10,350,360,35.0,370
210,262,472,1.2476190476190476,269
10,288,298,28.8,301
1022,423,1445,0.41389432485322897,443
14,189,203,13.5,195
19,523,542,27.526315789473685,540
572,441,1013,0.7709790209790209,461
159,74,233,0.46540880503144655,68
89,88,177,0.9887640449438202,81
23,219,242,9.521739130434783,136
11,671,682,61.0,686
40,331,371,8.275,348
41,27,68,0.6585365853658537,12
17,292,309,17.176470588235293,309
31,626,657,20.193548387096776,636
7,778,785,111.14285714285714,780
12,146,158,12.166666666666666,146
16,108,124,6.75,110
20,381,401,19.05,405
9,41,50,4.555555555555555,26
1,40,41,40.0,1
62,208,270,3.3548387096774195,214
1,10,11,10.0,1
10,181,191,18.1,186
10,145,155,14.5,146
22,67,89,3.0454545454545454,58
8,192,200,24.0,196
77,92,169,1.1948051948051948,88
6,207,213,34.5,210
65,103,168,1.5846153846153845,98
1158,532,1690,0.459412780656304,177
2105,1089,3194,0.5173396674584323,1006
1060,692,1752,0.6528301886792452,728
2,39,41,19.5,1
9,432,441,48.0,453
10,371,381,37.1,296
40,18,58,0.45,1
280,55,335,0.19642857142857142,43
8,510,518,63.75,533
4,766,770,191.5,426
18,199,217,11.055555555555555,200
88,5,93,0.056818181818181816,1
4,218,222,54.5,225
135,325,460,2.4074074074074074,342
39,472,511,12.102564102564102,497
261,120,381,0.45977011494252873,114
298,738,1036,2.476510067114094,744
45,80,125,1.7777777777777777,69
35,601,636,17.17142857142857,614
436,192,628,0.44036697247706424,196
65,103,168,1.5846153846153845,98
3241,373,3614,0.11508793582227707,392
11,333,344,30.272727272727273,348
314,277,591,0.8821656050955414,287
46,440,486,9.565217391304348,390
349,423,772,1.2120343839541547,445
508,619,1127,1.218503937007874,632
1647,293,1940,0.17789921068609593,309
49,40,89,0.8163265306122449,23
16,133,149,8.3125,139
38,312,350,8.210526315789474,328
1184,76,1260,0.06418918918918919,72
74,160,234,2.1621621621621623,161
159,401,560,2.5220125786163523,425
63,390,453,6.190476190476191,413
3012,841,3853,0.2792164674634794,849
87,404,491,4.64367816091954,422
222,247,469,1.1126126126126126,255
15,118,133,7.866666666666666,121
41,232,273,5.658536585365853,245
24,747,771,31.125,753
21,525,546,25.0,545
112,457,569,4.080357142857143,483
10,572,582,57.2,596
9,159,168,17.666666666666668,160
11,262,273,23.818181818181817,275
567,118,685,0.20811287477954143,113
221,44,265,0.19909502262443438,37
34,373,407,10.970588235294118,393
33,72,105,2.1818181818181817,218
33,401,434,12.151515151515152,426
66,248,314,3.757575757575758,460
11,698,709,63.45454545454545,713
35,27,62,0.7714285714285715,13
132,385,517,2.9166666666666665,405
65,742,807,11.415384615384616,749
16,346,362,21.625,366
63,239,302,3.7936507936507935,250
19,533,552,28.05263157894737,551
21,277,298,13.19047619047619,288
46,403,449,8.76086956521739,422
15,599,614,39.93333333333333,619
17,787,804,46.294117647058826,631
76,472,548,6.2105263157894735,497
11,335,346,30.454545454545453,355
12,940,952,78.33333333333333,946
10,275,285,27.5,289
7,292,299,41.714285714285715,310
14,164,178,11.714285714285714,482
105,8,113,0.0761904761904762,1
291,379,670,1.302405498281787,400
31,487,518,15.709677419354838,505
40,149,189,3.725,149
11,47,58,4.2727272727272725,37
10,29,39,2.9,13
49,248,297,5.061224489795919,259
31,538,569,17.35483870967742,466
38,738,776,19.42105263157895,742
194,595,789,3.0670103092783507,608
13,121,134,9.307692307692308,116
12,40,52,3.3333333333333335,26
98,277,375,2.826530612244898,288
30,313,343,10.433333333333334,327
612,473,1085,0.7728758169934641,497
20,203,223,10.15,211
36,429,465,11.916666666666666,452
12,268,280,22.333333333333332,278
21,421,442,20.047619047619047,446
49,310,359,6.326530612244898,326
19,212,231,11.157894736842104,214
606,36,642,0.0594059405940594,678
9,102,111,11.333333333333334,362
23,615,638,26.73913043478261,633
16,569,585,35.5625,591
239,315,554,1.3179916317991631,330
149,185,334,1.2416107382550337,188
38,111,149,2.9210526315789473,103
40,197,237,4.925,201
10,117,127,11.7,109
550,687,1237,1.249090909090909,696
16,933,949,58.3125,292
125,201,326,1.608,206
88,710,798,8.068181818181818,719
16,115,131,7.1875,113
298,758,1056,2.5436241610738257,770
159,121,280,0.7610062893081762,120
16,44,60,2.75,28
385,125,510,0.3246753246753247,122
8,265,273,33.125,274
59,382,441,6.47457627118644,398
78,683,761,8.756410256410257,697
10,65,75,6.5,55
12,271,283,22.583333333333332,284
12,318,330,26.5,338
33,520,553,15.757575757575758,538
36,658,694,18.27777777777778,606
1032,32,1064,0.031007751937984496,57
15,327,342,21.8,343
5,189,194,37.8,192
8,388,396,48.5,407
32,638,670,19.9375,650
23,221,244,9.608695652173912,231
231,107,338,0.46320346320346323,101
19,201,220,10.578947368421053,205
649,369,1018,0.5685670261941448,385
51,43,94,0.8431372549019608,32
31,186,217,6.0,190
24,303,327,12.625,323
61,405,466,6.639344262295082,424
16,197,213,12.3125,204
11,461,472,41.90909090909091,481
1307,75,1382,0.057383320581484314,67
6,13,19,2.1666666666666665,187
16,93,109,5.8125,87
19,481,500,25.31578947368421,497
3048,216,3264,0.07086614173228346,223
14,284,298,20.285714285714285,296
46,23,69,0.5,9
19,405,424,21.31578947368421,427
11,169,180,15.363636363636363,168
131,362,493,2.763358778625954,381
3431,510,3941,0.1486447099970854,531
1180,243,1423,0.2059322033898305,254
35,600,635,17.142857142857142,615
23,648,671,28.17391304347826,657
13,190,203,14.615384615384615,195
95,46,141,0.4842105263157895,37
90,656,746,7.288888888888889,663
655,511,1166,0.7801526717557252,484
98,288,386,2.938775510204082,304
24,98,122,4.083333333333333,95
13,457,470,35.15384615384615,479
6,353,359,58.833333333333336,374
104,328,432,3.1538461538461537,351
59,152,211,2.5762711864406778,153
14,431,445,30.785714285714285,452
16,293,309,18.3125,307
14,344,358,24.571428571428573,368
18,346,364,19.22222222222222,363
517,380,897,0.7350096711798839,402
17,141,158,8.294117647058824,140
19,86,105,4.526315789473684,79
13,311,324,23.923076923076923,326
55,245,300,4.454545454545454,257
27,308,335,11.407407407407407,328
52,486,538,9.346153846153847,506
41,612,653,14.926829268292684,619
244,345,589,1.4139344262295082,363
18,289,307,16.055555555555557,304
82,949,1031,11.573170731707316,957
12,229,241,19.083333333333332,235
12,140,152,11.666666666666666,138
9,107,116,11.88888888888889,100
198,257,455,1.297979797979798,267
56,258,314,4.607142857142857,267
32,359,391,11.21875,380
135,771,906,5.711111111111111,773
13,220,233,16.923076923076923,225
25,195,220,7.8,199
25,347,372,13.88,365
11,405,416,36.81818181818182,429
55,712,767,12.945454545454545,724
47,63,110,1.3404255319148937,53
37,199,236,5.378378378378378,163
100,553,653,5.53,571
4,718,722,179.5,726
53,121,174,2.2830188679245285,115
2,94,96,47.0,88
21,260,281,12.380952380952381,266
50,7,57,0.14,1
173,79,252,0.45664739884393063,73
143,469,612,3.2797202797202796,489
18,499,517,27.72222222222222,519
10,463,473,46.3,484
352,96,448,0.2727272727272727,92
3941,56,3997,0.014209591474245116,46
12,645,657,53.75,660
19,786,805,41.36842105263158,790
2185,582,2767,0.26636155606407325,600
327,252,579,0.7706422018348624,262
1310,779,2089,0.5946564885496183,783
5,11,16,2.2,1
74,480,554,6.486486486486487,350
996,138,1134,0.13855421686746988,136
7,34,41,4.857142857142857,22
986,374,1360,0.3793103448275862,389
22,307,329,13.954545454545455,319
37,518,555,14.0,536
669,786,1455,1.1748878923766817,789
12,120,132,10.0,116
190,671,861,3.531578947368421,679
5,170,175,34.0,175
186,156,342,0.8387096774193549,157
33,419,452,12.696969696969697,381
1,28,29,28.0,5
53,159,212,3.0,161
192,32,224,0.16666666666666666,15
5,665,670,133.0,670
12,535,547,44.583333333333336,559
3625,74,3699,0.020413793103448277,67
43,426,469,9.906976744186046,446
849,790,1639,0.9305064782096584,792
19,949,968,49.94736842105263,967
13,543,556,41.76923076923077,563
861,156,1017,0.18118466898954705,154
42,559,601,13.30952380952381,574
884,321,1205,0.36312217194570134,336
119,717,836,6.025210084033613,728
1282,646,1928,0.5039001560062403,662
35,434,469,12.4,592
12,502,514,41.833333333333336,524
87,708,795,8.137931034482758,723
15,308,323,20.533333333333335,320
27,143,170,5.296296296296297,145
133,76,209,0.5714285714285714,21
9,22,31,2.4444444444444446,10
18,403,421,22.38888888888889,424
423,906,1329,2.141843971631206,908
12,183,195,15.25,189
10,362,372,36.2,329
17,378,395,22.235294117647058,397
104,729,833,7.009615384615385,734
18,405,423,22.5,426
68,349,417,5.132352941176471,367
28,172,200,6.142857142857143,173
112,873,985,7.794642857142857,878
782,173,955,0.22122762148337596,116
9,308,317,34.22222222222222,326
319,392,711,1.2288401253918495,408
12,255,267,21.25,267
1130,31,1161,0.02743362831858407,22
818,182,1000,0.22249388753056235,187
10,132,142,13.2,129
20,357,377,17.85,375
12,307,319,25.583333333333332,319
340,198,538,0.5823529411764706,197
7,207,214,29.571428571428573,213
29,821,850,28.310344827586206,830
101,221,322,2.1881188118811883,230
14,944,958,67.42857142857143,956
173,75,248,0.43352601156069365,65
19,86,105,4.526315789473684,79
26,430,456,16.53846153846154,450
22,400,422,18.181818181818183,421
110,301,411,2.7363636363636363,722
6,377,383,62.833333333333336,400
83,56,139,0.6746987951807228,43
674,30,704,0.04451038575667656,18
1,10,11,10.0,1
31,668,699,21.548387096774192,679
10,473,483,47.3,491
1067,98,1165,0.09184629803186505,93
94,284,378,3.021276595744681,297
199,85,284,0.4271356783919598,94
32,235,267,7.34375,244
1311,15,1326,0.011441647597254004,1
4,12,16,3.0,1
44,39,83,0.8863636363636364,26
48,73,121,1.5208333333333333,64
32,446,478,13.9375,474
189,161,350,0.8518518518518519,232
35,729,764,20.82857142857143,738
53,96,149,1.8113207547169812,347
74,455,529,6.148648648648648,472
14,445,459,31.785714285714285,463
14,191,205,13.642857142857142,195
3414,198,3612,0.05799648506151142,201
220,405,625,1.8409090909090908,415
31,335,366,10.806451612903226,664
24,966,990,40.25,763
188,934,1122,4.968085106382978,934
67,152,219,2.2686567164179103,151
6,209,215,34.833333333333336,218
8,481,489,60.125,502
19,150,169,7.894736842105263,152
29,376,405,12.96551724137931,397
394,199,593,0.5050761421319797,204
12,295,307,24.583333333333332,311
6,124,130,20.666666666666668,123
396,86,482,0.21717171717171718,78
25,333,358,13.32,350
40,36,76,0.9,23
88,285,373,3.2386363636363638,299
25,283,308,11.32,293
221,532,753,2.4072398190045248,556
128,148,276,1.15625,155
8,838,846,104.75,844
3491,279,3770,0.07991979375537095,276
10,152,162,15.2,145
9,429,438,47.666666666666664,452
1,10,11,10.0,1
197,339,536,1.7208121827411167,356
760,145,905,0.19078947368421054,198
11,209,220,19.0,218
1168,125,1293,0.10702054794520548,118
47,764,811,16.25531914893617,766
18,114,132,6.333333333333333,111
54,311,365,5.7592592592592595,330
26,436,462,16.76923076923077,459
109,9,118,0.08256880733944955,1
34,251,285,7.382352941176471,263
56,860,916,15.357142857142858,872
38,477,515,12.552631578947368,353
102,238,340,2.3333333333333335,244
10,461,471,46.1,484
17,415,432,24.41176470588235,505
1966,167,2133,0.0849440488301119,164
623,13,636,0.02086677367576244,1
1156,940,2096,0.8131487889273357,700
1422,116,1538,0.08157524613220815,114
24,41,65,1.7083333333333333,31
1310,779,2089,0.5946564885496183,783
9,208,217,23.11111111111111,214
42,352,394,8.380952380952381,367
7,272,279,38.857142857142854,289
21,146,167,6.9523809523809526,148
10,496,506,49.6,517
990,760,1750,0.7676767676767676,765
21,84,105,4.0,78
99,686,785,6.929292929292929,704
14,385,399,27.5,409
176,389,565,2.210227272727273,405
115,325,440,2.8260869565217392,546
35,37,72,1.0571428571428572,23
472,379,851,0.8029661016949152,397
45,520,565,11.555555555555555,539
7,75,82,10.714285714285714,67
376,385,761,1.023936170212766,405
3,81,84,27.0,70
69,666,735,9.652173913043478,814
43,235,278,5.465116279069767,247
3,84,87,28.0,77
87,492,579,5.655172413793103,508
351,406,757,1.1566951566951567,424
14,351,365,25.071428571428573,370
27,40,67,1.4814814814814814,30
1,10,11,10.0,1
13,265,278,20.384615384615383,276
949,297,1246,0.3129610115911486,312
5,259,264,51.8,271
65,76,141,1.1692307692307693,67
10,358,368,35.8,379
52,277,329,5.326923076923077,290
22,385,407,17.5,402
1246,162,1408,0.13001605136436598,164
930,400,1330,0.43010752688172044,416
1,10,11,10.0,1
114,590,704,5.175438596491228,604
10,147,157,14.7,147
37,31,68,0.8378378378378378,17
45,319,364,7.088888888888889,47
122,719,841,5.89344262295082,686
25,74,99,2.96,65
9,275,284,30.555555555555557,294
13,362,375,27.846153846153847,380
49,248,297,5.061224489795919,257
80,314,394,3.925,325
1502,879,2381,0.585219707057257,886
48,77,125,1.6041666666666667,61
760,365,1125,0.48026315789473684,198
12,278,290,23.166666666666668,294
11,395,406,35.90909090909091,415
29,918,947,31.655172413793103,936
1033,305,1338,0.2952565343659245,322
12,130,142,10.833333333333334,129
4,810,814,202.5,822
3,10,13,3.3333333333333335,1
208,855,1063,4.110576923076923,861
1114,108,1222,0.09694793536804308,104
2658,92,2750,0.0346124905944319,87
241,278,519,1.1535269709543567,288
30,269,299,8.966666666666667,286
1989,1229,3218,0.6178984414278532,1006
14,243,257,17.357142857142858,255
353,502,855,1.4220963172804533,551
33,18,51,0.5454545454545454,2
17,330,347,19.41176470588235,342
5,436,441,87.2,453
4,234,238,58.5,244
29,276,305,9.517241379310345,284
26,318,344,12.23076923076923,336
14,271,285,19.357142857142858,287
34,433,467,12.735294117647058,455
27,691,718,25.59259259259259,704
2171,372,2543,0.171349608475357,393
37,629,666,17.0,638
2353,158,2511,0.0671483212919677,156
9,361,370,40.111111111111114,386
45,375,420,8.333333333333334,388
15,35,50,2.3333333333333335,21
2419,85,2504,0.03513848697809012,78
14,142,156,10.142857142857142,143
25,338,363,13.52,370
587,946,1533,1.6115843270868824,984
448,403,851,0.8995535714285714,427
10,33,43,3.3,19
27,106,133,3.925925925925926,97
17,528,545,31.058823529411764,549
6,325,331,54.166666666666664,343
1513,192,1705,0.12690019828155982,198
1005,116,1121,0.1154228855721393,117
98,139,237,1.4183673469387754,137
109,9,118,0.08256880733944955,1
74,317,391,4.283783783783784,333
41,344,385,8.390243902439025,503
66,488,554,7.393939393939394,506
8,457,465,57.125,481
279,28,307,0.1003584229390681,209
15,41,56,2.7333333333333334,28
1113,253,1366,0.22731356693620844,263
23,424,447,18.434782608695652,445
14,273,287,19.5,281
95,12,107,0.12631578947368421,1
23,98,121,4.260869565217392,96
77,169,246,2.1948051948051948,167
11,302,313,27.454545454545453,318
16,268,284,16.75,282
12,399,411,33.25,423
5,229,234,45.8,239
7,516,523,73.71428571428571,542
18,221,239,12.277777777777779,227
454,203,657,0.44713656387665196,210
772,329,1101,0.4261658031088083,344
180,935,1115,5.194444444444445,948
27,158,185,5.851851851851852,162
27,678,705,25.11111111111111,694
24,477,501,19.875,501
8,263,271,32.875,278
15,59,74,3.933333333333333,239
1,10,11,10.0,1
15,241,256,16.066666666666666,251
130,734,864,5.6461538461538465,740
5,44,49,8.8,18
117,248,365,2.1196581196581197,259
5,298,303,59.6,345
6,142,148,23.666666666666668,143
22,244,266,11.090909090909092,251
78,153,231,1.9615384615384615,149
16,620,636,38.75,636
19,101,120,5.315789473684211,97
344,566,910,1.6453488372093024,578
14,68,82,4.857142857142857,56
8,20,28,2.5,2
8,336,344,42.0,356
180,382,562,2.1222222222222222,403
35,293,328,8.371428571428572,304
8,251,259,31.375,262
16,965,981,60.3125,989
53,469,522,8.849056603773585,487
5,273,278,54.6,125
11,144,155,13.090909090909092,143
27,227,254,8.407407407407407,231
12,159,171,13.25,159
223,881,1104,3.9506726457399104,887
22,778,800,35.36363636363637,773
42,343,385,8.166666666666666,362
33,37,70,1.121212121212121,21
125,45,170,0.36,33
46,57,103,1.2391304347826086,47
9,364,373,40.44444444444444,388
20,94,114,4.7,86
630,173,803,0.2746031746031746,181
2240,217,2457,0.096875,225
79,82,161,1.0379746835443038,123
359,450,809,1.2534818941504178,660
18,237,255,13.166666666666666,245
17,607,624,35.705882352941174,621
206,903,1109,4.383495145631068,844
14,428,442,30.571428571428573,450
28,346,374,12.357142857142858,363
18,262,280,14.555555555555555,275
43,216,259,5.023255813953488,256
19,324,343,17.05263157894737,341
16,477,493,29.8125,496
30,238,268,7.933333333333334,248
630,768,1398,1.2190476190476192,771
15,30,45,2.0,16
147,1016,1163,6.91156462585034,1006
18,178,196,9.88888888888889,181
13,220,233,16.923076923076923,229
60,147,207,2.45,147
1000,33,1033,0.033,20
947,875,1822,0.9239704329461457,878
8,329,337,41.125,347
10,313,323,31.3,329
22,699,721,31.772727272727273,709
83,135,218,1.6265060240963856,136
19,407,426,21.42105263157895,424
3,10,13,3.3333333333333335,1
276,549,825,1.9891304347826086,573
1,10,11,10.0,1
14,118,132,8.428571428571429,114
22,326,348,14.818181818181818,403
2,228,230,114.0,235
23,253,276,11.0,258
19,31,50,1.631578947368421,28
159,367,526,2.308176100628931,385
11,154,165,14.0,153
13,431,444,33.15384615384615,455
301,390,691,1.2956810631229236,411
1348,188,1536,0.1394658753709199,195
907,92,999,0.10143329658213891,83
23,267,290,11.608695652173912,282
30,616,646,20.533333333333335,630
3,41,44,13.666666666666666,30
19,566,585,29.789473684210527,585
15,364,379,24.266666666666666,394
209,78,287,0.37320574162679426,76
4,29,33,7.25,16
28,393,421,14.035714285714286,415
26,370,396,14.23076923076923,373
2019,277,2296,0.13719663199603765,290
60,491,551,8.183333333333334,515
8,644,652,80.5,654
1140,7,1147,0.0061403508771929825,1
36,188,224,5.222222222222222,447
1476,265,1741,0.17953929539295393,277
935,243,1178,0.25989304812834224,255
55,32,87,0.5818181818181818,19
860,514,1374,0.5976744186046512,535
1832,34,1866,0.018558951965065504,24
73,430,503,5.890410958904109,453
8,277,285,34.625,293
1608,1013,2621,0.6299751243781094,1006
29,52,81,1.793103448275862,43
8,29,37,3.625,12
10,350,360,35.0,370
14,543,557,38.785714285714285,563
16,237,253,14.8125,250
1,30,31,30.0,7
36,249,285,6.916666666666667,259
30,343,373,11.433333333333334,357
1546,1071,2617,0.6927554980595084,1006
377,180,557,0.47745358090185674,182
426,50,476,0.11737089201877934,38
34,583,617,17.147058823529413,603
5,282,287,56.4,298
25,299,324,11.96,311
6,357,363,59.5,381
156,140,296,0.8974358974358975,148
15,131,146,8.733333333333333,132
32,74,106,2.3125,66
518,799,1317,1.5424710424710424,802
35,32,67,0.9142857142857143,21
18,86,104,4.777777777777778,291
591,923,1514,1.5617597292724197,927
27,618,645,22.88888888888889,633
53,126,179,2.3773584905660377,124
13,491,504,37.76923076923077,513
8,14,22,1.75,1
12,99,111,8.25,91
167,89,256,0.5329341317365269,83
30,971,1001,32.36666666666667,1006
21,235,256,11.19047619047619,672
125,523,648,4.184,547
59,583,642,9.88135593220339,601
22,17,39,0.7727272727272727,2
6,557,563,92.83333333333333,585
25,21,46,0.84,11
15,123,138,8.2,121
38,381,419,10.026315789473685,402
17,229,246,13.470588235294118,345
69,705,774,10.217391304347826,720
14,304,318,21.714285714285715,322
657,692,1349,1.0532724505327244,702
20,213,233,10.65,222
263,133,396,0.5057034220532319,134
391,153,544,0.391304347826087,154
23,220,243,9.565217391304348,361
187,254,441,1.358288770053476,267
17,158,175,9.294117647058824,156
67,245,312,3.656716417910448,252
9,117,126,13.0,114
228,1025,1253,4.495614035087719,1006
24,20,44,0.8333333333333334,4
528,160,688,0.30303030303030304,225
24,178,202,7.416666666666667,180
3,15,18,5.0,1
8,9,17,1.125,1
36,136,172,3.7777777777777777,140
177,445,622,2.5141242937853105,722
247,414,661,1.6761133603238867,437
247,555,802,2.2469635627530367,566
35,480,515,13.714285714285714,493
21,64,85,3.0476190476190474,57
25,361,386,14.44,380
15,667,682,44.46666666666667,682
178,48,226,0.2696629213483146,39
17,399,416,23.470588235294116,420
8,252,260,31.5,263
93,252,345,2.7096774193548385,411
10,113,123,11.3,74
22,285,307,12.954545454545455,301
10,256,266,25.6,268
89,416,505,4.674157303370786,439
74,16,90,0.21621621621621623,1
46,683,729,14.847826086956522,702
6,68,74,11.333333333333334,223
20,147,167,7.35,145
2605,229,2834,0.08790786948176584,238
93,364,457,3.913978494623656,365
8,454,462,56.75,475
4,11,15,2.75,1
106,128,234,1.2075471698113207,232
8,94,102,11.75,88
19,336,355,17.68421052631579,423
7,1056,1063,150.85714285714286,1006
1406,98,1504,0.06970128022759602,92
89,533,622,5.98876404494382,551
509,155,664,0.3045186640471513,157
19,273,292,14.368421052631579,291
82,318,400,3.8780487804878048,438
38,3,41,0.07894736842105263,1
27,48,75,1.7777777777777777,36
16,28,44,1.75,15
1849,518,2367,0.280151433207139,540
114,87,201,0.7631578947368421,84
8,28,36,3.5,15
98,653,751,6.663265306122449,666
19,68,87,3.5789473684210527,60
14,461,475,32.92857142857143,482
2371,376,2747,0.15858287642345,393
209,307,516,1.4688995215311005,322
582,275,857,0.4725085910652921,285
197,229,426,1.1624365482233503,240
1,10,11,10.0,1
173,272,445,1.5722543352601157,280
223,881,1104,3.9506726457399104,887
51,161,212,3.156862745098039,162
391,691,1082,1.7672634271099745,695
47,485,532,10.319148936170214,504
9,321,330,35.666666666666664,337
1832,34,1866,0.018558951965065504,24
26,158,184,6.076923076923077,160
59,219,278,3.711864406779661,226
456,232,688,0.5087719298245614,244
1124,396,1520,0.35231316725978645,410
5,135,140,27.0,135
11,267,278,24.272727272727273,279
124,919,1043,7.411290322580645,943
534,941,1475,1.7621722846441947,962
81,131,212,1.617283950617284,131
17,444,461,26.11764705882353,466
1713,13,1726,0.007589025102159953,1
143,99,242,0.6923076923076923,92
166,392,558,2.36144578313253,412
2170,351,2521,0.16175115207373272,366
17,292,309,17.176470588235293,309
297,363,660,1.2222222222222223,514
14,105,119,7.5,104
3681,20,3701,0.0054333061668024995,5
8,296,304,37.0,413
16,503,519,31.4375,518
16,607,623,37.9375,622
25,3,28,0.12,1
67,230,297,3.4328358208955225,239
1837,174,2011,0.09471965160587915,179
12,105,117,8.75,100
87,492,579,5.655172413793103,508
20,37,57,1.85,25
348,462,810,1.3275862068965518,485
562,589,1151,1.0480427046263345,603
141,313,454,2.219858156028369,330
436,482,918,1.1055045871559632,502
38,583,621,15.342105263157896,605
10,384,394,38.4,396
15,102,117,6.8,94
21,360,381,17.142857142857142,377
31,123,154,3.967741935483871,405
49,581,630,11.857142857142858,599
81,440,521,5.432098765432099,457
1,35,36,35.0,1
26,669,695,25.73076923076923,684
22,457,479,20.772727272727273,476
25,472,497,18.88,491
20,836,856,41.8,847
11,332,343,30.181818181818183,350
35,254,289,7.257142857142857,266
202,209,411,1.0346534653465347,214
5,109,114,21.8,107
30,119,149,3.966666666666667,117
73,673,746,9.219178082191782,526
44,41,85,0.9318181818181818,28
12,287,299,23.916666666666668,298
144,380,524,2.638888888888889,399
72,81,153,1.125,75
794,501,1295,0.6309823677581864,521
22,428,450,19.454545454545453,452
53,329,382,6.2075471698113205,348
3229,858,4087,0.26571694022917314,866
6,158,164,26.333333333333332,162
18,265,283,14.722222222222221,318
2235,260,2495,0.116331096196868,275
95,193,288,2.031578947368421,199
1143,31,1174,0.02712160979877515,15
17,420,437,24.705882352941178,443
62,462,524,7.451612903225806,478
198,53,251,0.2676767676767677,42
19,328,347,17.263157894736842,344
7,245,252,35.0,253
293,554,847,1.8907849829351535,574
29,376,405,12.96551724137931,391
151,696,847,4.6092715231788075,708
18,424,442,23.555555555555557,448
1177,7,1184,0.00594732370433305,1
47,467,514,9.936170212765957,489
1357,854,2211,0.6293294030950627,861
72,466,538,6.472222222222222,488
13,331,344,25.46153846153846,346
161,149,310,0.9254658385093167,149
59,183,242,3.1016949152542375,185
89,819,908,9.202247191011235,801
45,696,741,15.466666666666667,714
14,195,209,13.928571428571429,202
63,185,248,2.9365079365079363,188
66,55,121,0.8333333333333334,45
33,523,556,15.848484848484848,552
21,26,47,1.2380952380952381,9
113,271,384,2.398230088495575,283
2392,416,2808,0.17391304347826086,431
12,428,440,35.666666666666664,450
42,457,499,10.880952380952381,476
506,178,684,0.35177865612648224,181
26,91,117,3.5,84
10,106,116,10.6,97
541,492,1033,0.9094269870609981,511
12,135,147,11.25,135
1015,320,1335,0.31527093596059114,338
157,506,663,3.2229299363057327,530
25,300,325,12.0,315
70,141,211,2.0142857142857142,143
12,249,261,20.75,254
16,202,218,12.625,206
14,287,301,20.5,146
52,616,668,11.846153846153847,608
60,316,376,5.266666666666667,333
3,77,80,25.666666666666668,70
14,255,269,18.214285714285715,259
22,469,491,21.318181818181817,488
21,130,151,6.190476190476191,127
7,151,158,21.571428571428573,156
28,639,667,22.821428571428573,651
508,619,1127,1.218503937007874,632
3,454,457,151.33333333333334,472
245,514,759,2.0979591836734692,533
28,13,41,0.4642857142857143,1
12,126,138,10.5,125
7,35,42,5.0,16
261,111,372,0.42528735632183906,114
1101,543,1644,0.49318801089918257,561
15,149,164,9.933333333333334,150
13,250,263,19.23076923076923,182
7,105,112,15.0,149
51,447,498,8.764705882352942,465
62,32,94,0.5161290322580645,18
12,181,193,15.083333333333334,182
30,423,453,14.1,445
373,696,1069,1.8659517426273458,706
2,316,318,158.0,329
15,248,263,16.533333333333335,258
428,4,432,0.009345794392523364,1
127,305,432,2.4015748031496065,320
14,438,452,31.285714285714285,459
21,472,493,22.476190476190474,448
2554,177,2731,0.06930305403288958,180
272,270,542,0.9926470588235294,276
13,36,49,2.769230769230769,11
441,88,529,0.19954648526077098,82
23,383,406,16.652173913043477,407
10,115,125,11.5,111
45,207,252,4.6,234
10,316,326,31.6,332
61,766,827,12.557377049180328,772
19,409,428,21.526315789473685,429
747,424,1171,0.5676037483266398,425
27,270,297,10.0,280
11,204,215,18.545454545454547,209
16,602,618,37.625,616
76,532,608,7.0,555
321,319,640,0.9937694704049844,337
9,101,110,11.222222222222221,94
1360,790,2150,0.5808823529411765,793
278,331,609,1.1906474820143884,348
9,189,198,21.0,194
2,10,12,5.0,1
18,723,741,40.166666666666664,732
393,804,1197,2.045801526717557,813
24,435,459,18.125,458
290,346,636,1.193103448275862,358
30,108,138,3.6,104
292,883,1175,3.0239726027397262,892
26,359,385,13.807692307692308,372
41,78,119,1.9024390243902438,69
123,274,397,2.227642276422764,653
90,662,752,7.355555555555555,675
90,53,143,0.5888888888888889,41
6,19,25,3.1666666666666665,2
9,385,394,42.77777777777778,402
1,47,48,47.0,1
11,217,228,19.727272727272727,225
177,956,1133,5.401129943502825,964
411,655,1066,1.5936739659367396,667
96,960,1056,10.0,979
26,87,113,3.3461538461538463,80
3625,74,3699,0.020413793103448277,67
49,530,579,10.816326530612244,411
19,529,548,27.842105263157894,554
7,137,144,19.571428571428573,133
15,336,351,22.4,354
112,457,569,4.080357142857143,483
32,235,267,7.34375,244
1038,716,1754,0.6897880539499036,717
14,431,445,30.785714285714285,455
241,474,715,1.966804979253112,494
37,248,285,6.702702702702703,257
17,371,388,21.823529411764707,441
14,373,387,26.642857142857142,389
9,175,184,19.444444444444443,178
7,252,259,36.0,149
209,116,325,0.5550239234449761,112
82,461,543,5.621951219512195,482
934,620,1554,0.6638115631691649,630
44,354,398,8.045454545454545,372
18,330,348,18.333333333333332,352
246,132,378,0.5365853658536586,129
536,200,736,0.373134328358209,199
3,145,148,48.333333333333336,147
19,306,325,16.105263157894736,326
71,386,457,5.436619718309859,408
12,501,513,41.75,529
19,841,860,44.26315789473684,853
75,252,327,3.36,262
98,124,222,1.2653061224489797,126
16,415,431,25.9375,434
28,62,90,2.2142857142857144,53
58,678,736,11.689655172413794,672
5,97,102,19.4,208
19,252,271,13.263157894736842,263
478,85,563,0.17782426778242677,80
85,167,252,1.964705882352941,168
21,17,38,0.8095238095238095,5
42,568,610,13.523809523809524,591
10,23,33,2.3,7
7,328,335,46.857142857142854,345
469,275,744,0.5863539445628998,286
19,345,364,18.157894736842106,364
1507,124,1631,0.0822826808228268,120
7,278,285,39.714285714285715,149
23,99,122,4.304347826086956,96
20,413,433,20.65,142
2168,215,2383,0.09916974169741698,225
40,478,518,11.95,497
43,546,589,12.69767441860465,567
14,474,488,33.857142857142854,493
10,405,415,40.5,427
10,85,95,8.5,74
18,391,409,21.72222222222222,414
2,10,12,5.0,1
13,341,354,26.23076923076923,357
13,303,316,23.307692307692307,320
42,3,45,0.07142857142857142,1
14,25,39,1.7857142857142858,6
859,237,1096,0.2759022118742724,251
7,280,287,40.0,232
44,28,72,0.6363636363636364,15
17,470,487,27.647058823529413,492
39,271,310,6.948717948717949,283
112,1019,1131,9.098214285714286,1006
10,164,174,16.4,168
3002,46,3048,0.015323117921385743,33
23,258,281,11.217391304347826,266
85,414,499,4.870588235294117,433
3494,284,3778,0.08128219805380653,276
459,29,488,0.06318082788671024,13
17,206,223,12.117647058823529,211
6,282,288,47.0,294
35,791,826,22.6,798
20,88,108,4.4,82
44,938,982,21.318181818181817,950
30,771,801,25.7,775
18,427,445,23.72222222222222,455
116,32,148,0.27586206896551724,22
16,447,463,27.9375,470
19,520,539,27.36842105263158,492
35,334,369,9.542857142857143,350
992,380,1372,0.38306451612903225,404
651,599,1250,0.9201228878648233,612
22,400,422,18.181818181818183,421
428,586,1014,1.3691588785046729,604
5,183,188,36.6,186
1092,302,1394,0.2765567765567766,318
155,361,516,2.329032258064516,387
123,720,843,5.853658536585366,730
7,171,178,24.428571428571427,149
13,30,43,2.3076923076923075,14
59,749,808,12.694915254237289,562
262,219,481,0.8358778625954199,227
30,384,414,12.8,400
14,340,354,24.285714285714285,359
15,235,250,15.666666666666666,245
426,7,433,0.01643192488262911,1
10,73,83,7.3,64
165,46,211,0.2787878787878788,35
23,71,94,3.0869565217391304,65
6,240,246,40.0,248
66,118,184,1.7878787878787878,150
127,245,372,1.9291338582677164,256
202,530,732,2.623762376237624,550
2360,223,2583,0.09449152542372881,230
5,103,108,20.6,96
89,86,175,0.9662921348314607,79
60,783,843,13.05,791
8,478,486,59.75,502
45,676,721,15.022222222222222,687
17,90,107,5.294117647058823,80
60,50,110,0.8333333333333334,32
11,558,569,50.72727272727273,579
81,575,656,7.098765432098766,592
231,255,486,1.103896103896104,265
2253,45,2298,0.019973368841544607,476
91,7,98,0.07692307692307693,1
30,771,801,25.7,775
250,936,1186,3.744,944
37,258,295,6.972972972972973,267
35,194,229,5.542857142857143,199
2464,883,3347,0.35836038961038963,900
1390,38,1428,0.027338129496402876,21
9,180,189,20.0,180
360,4,364,0.011111111111111112,1
15,132,147,8.8,132
27,226,253,8.37037037037037,238
65,256,321,3.9384615384615387,269
71,439,510,6.183098591549296,460
7,161,168,23.0,163
22,423,445,19.227272727272727,442
17,84,101,4.9411764705882355,76
19,277,296,14.578947368421053,290
8,41,49,5.125,27
7,229,236,32.714285714285715,235
21,327,348,15.571428571428571,346
7,324,331,46.285714285714285,340
79,213,292,2.6962025316455698,218
786,27,813,0.03435114503816794,11
63,43,106,0.6825396825396826,29
377,333,710,0.883289124668435,134
662,87,749,0.13141993957703926,80
115,607,722,5.278260869565218,931
678,401,1079,0.5914454277286135,420
221,44,265,0.19909502262443438,33
11,893,904,81.18181818181819,900
153,60,213,0.39215686274509803,49
12,252,264,21.0,253
1,10,11,10.0,1
190,341,531,1.7947368421052632,361
4,58,62,14.5,50
1158,432,1590,0.37305699481865284,447
60,256,316,4.266666666666667,266
2717,919,3636,0.3382407066617593,918
15,154,169,10.266666666666667,159
689,97,786,0.14078374455732948,91
291,627,918,2.154639175257732,640
120,984,1104,8.2,997
33,107,140,3.242424242424242,102
34,295,329,8.676470588235293,303
19,174,193,9.157894736842104,177
68,836,904,12.294117647058824,806
60,270,330,4.5,283
20,141,161,7.05,144
9,208,217,23.11111111111111,218
6,281,287,46.833333333333336,295
374,352,726,0.9411764705882353,371
228,337,565,1.4780701754385965,353
7,329,336,47.0,344
463,533,996,1.1511879049676026,357
27,349,376,12.925925925925926,365
18,151,169,8.38888888888889,153
12,495,507,41.25,518
1170,29,1199,0.024786324786324785,322
117,299,416,2.5555555555555554,317
174,315,489,1.8103448275862069,327
1050,893,1943,0.8504761904761905,902
50,230,280,4.6,234
705,719,1424,1.0198581560283688,721
155,515,670,3.3225806451612905,535
122,162,284,1.3278688524590163,162
1676,1032,2708,0.6157517899761337,1006
7,312,319,44.57142857142857,329
21,380,401,18.095238095238095,400
23,256,279,11.130434782608695,265
30,423,453,14.1,445
33,125,158,3.787878787878788,126
46,328,374,7.130434782608695,347
12,93,105,7.75,84
11,466,477,42.36363636363637,485
21,302,323,14.380952380952381,318
51,341,392,6.686274509803922,358
15,607,622,40.46666666666667,624
17,239,256,14.058823529411764,246
166,943,1109,5.680722891566265,950
11,11,22,1.0,1
248,774,1022,3.120967741935484,777
8,231,239,28.875,239
11,435,446,39.54545454545455,454
8,271,279,33.875,287
15,108,123,7.2,104
694,861,1555,1.2406340057636887,862
105,207,312,1.9714285714285715,212
27,109,136,4.037037037037037,103
45,194,239,4.311111111111111,198
8,20,28,2.5,4
9,693,702,77.0,707
15,306,321,20.4,351
12,342,354,28.5,356
27,348,375,12.88888888888889,364
1208,35,1243,0.028973509933774833,21
170,295,465,1.7352941176470589,311
6,159,165,26.5,163
140,331,471,2.3642857142857143,347
88,66,154,0.75,56
94,91,185,0.9680851063829787,86
1887,799,2686,0.42342342342342343,803
27,619,646,22.925925925925927,635
26,296,322,11.384615384615385,310
14,188,202,13.428571428571429,258
9,75,84,8.333333333333334,66
31,405,436,13.064516129032258,366
7,15,22,2.142857142857143,149
47,337,384,7.170212765957447,356
60,369,429,6.15,389
54,7,61,0.12962962962962962,1
19,243,262,12.789473684210526,252
5,158,163,31.6,65
12,90,102,7.5,81
130,435,565,3.3461538461538463,452
107,434,541,4.05607476635514,454
13,453,466,34.84615384615385,474
204,580,784,2.843137254901961,500
507,217,724,0.4280078895463511,228
167,171,338,1.0239520958083832,173
13,426,439,32.76923076923077,450
7,197,204,28.142857142857142,200
28,675,703,24.107142857142858,687
20,238,258,11.9,14
7,135,142,19.285714285714285,149
25,714,739,28.56,723
22,315,337,14.318181818181818,330
46,529,575,11.5,553
15,437,452,29.133333333333333,460
307,990,1297,3.224755700325733,1006
8,63,71,7.875,52
684,281,965,0.4108187134502924,292
12,19,31,1.5833333333333333,6
192,795,987,4.140625,799
1165,3,1168,0.002575107296137339,1
11,417,428,37.90909090909091,439
275,158,433,0.5745454545454546,161
16,560,576,35.0,579
847,256,1103,0.3022432113341204,265
20,258,278,12.9,271
7,941,948,134.42857142857142,979
2274,179,2453,0.07871591908531222,233
1140,7,1147,0.0061403508771929825,1
75,688,763,9.173333333333334,699
26,203,229,7.8076923076923075,207
51,232,283,4.549019607843137,238
24,116,140,4.833333333333333,115
28,459,487,16.392857142857142,479
14,159,173,11.357142857142858,230
113,330,443,2.920353982300885,351
15,320,335,21.333333333333332,336
55,815,870,14.818181818181818,821
10,203,213,20.3,209
12,223,235,18.583333333333332,230
165,589,754,3.56969696969697,611
8,140,148,17.5,143
82,1081,1163,13.182926829268293,1006
366,49,415,0.13387978142076504,38
22,698,720,31.727272727272727,715
12,484,496,40.333333333333336,506
23,428,451,18.608695652173914,390
107,138,245,1.2897196261682242,134
84,67,151,0.7976190476190477,56
7,274,281,39.142857142857146,286
442,608,1050,1.3755656108597285,622
12,96,108,8.0,91
159,445,604,2.79874213836478,469
16,348,364,21.75,365
7,233,240,33.285714285714285,243
10,769,779,76.9,778
16,215,231,13.4375,221
16,438,454,27.375,458
82,1120,1202,13.658536585365853,1006
1343,36,1379,0.02680565897244974,23
1280,3,1283,0.00234375,1
22,29,51,1.3181818181818181,12
28,296,324,10.571428571428571,310
130,581,711,4.469230769230769,599
168,21,189,0.125,3
48,178,226,3.7083333333333335,182
3,65,68,21.666666666666668,34
9,35,44,3.888888888888889,143
1158,228,1386,0.19689119170984457,237
445,231,676,0.5191011235955056,238
26,299,325,11.5,314
16,336,352,21.0,354
8,133,141,16.625,132
31,139,170,4.483870967741935,140
43,877,920,20.3953488372093,882
143,414,557,2.895104895104895,435
143,562,705,3.93006993006993,577
380,317,697,0.8342105263157895,333
16,576,592,36.0,597
10,238,248,23.8,245
19,64,83,3.3684210526315788,56
1138,1086,2224,0.9543057996485061,554
265,109,374,0.41132075471698115,103
4,11,15,2.75,1
44,28,72,0.6363636363636364,15
82,256,338,3.1219512195121952,344
338,21,359,0.0621301775147929,97
41,161,202,3.926829268292683,162
12,285,297,23.75,298
11,69,80,6.2727272727272725,57
30,255,285,8.5,265
4,296,300,74.0,311
2189,152,2341,0.06943809958885336,149
105,775,880,7.380952380952381,780
33,434,467,13.151515151515152,455
21,247,268,11.761904761904763,256
12,256,268,21.333333333333332,262
7,29,36,4.142857142857143,14
34,910,944,26.764705882352942,824
19,374,393,19.68421052631579,392
22,265,287,12.045454545454545,274
387,361,748,0.9328165374677002,379
2900,398,3298,0.13724137931034483,421
11,467,478,42.45454545454545,316
2196,409,2605,0.18624772313296903,425
261,111,372,0.42528735632183906,114
5,32,37,6.4,17
69,472,541,6.840579710144928,494
30,472,502,15.733333333333333,489
114,1030,1144,9.035087719298245,1006
18,401,419,22.27777777777778,423
16,173,189,10.8125,366
18,368,386,20.444444444444443,389
21,249,270,11.857142857142858,259
442,121,563,0.2737556561085973,118
49,438,487,8.938775510204081,462
14,85,99,6.071428571428571,74
65,535,600,8.23076923076923,553
58,335,393,5.775862068965517,354
79,426,505,5.3924050632911396,452
210,480,690,2.2857142857142856,500
15,369,384,24.6,387
1614,49,1663,0.030359355638166045,39
23,290,313,12.608695652173912,304
41,215,256,5.2439024390243905,219
1115,970,2085,0.8699551569506726,1002
11,149,160,13.545454545454545,151
8,179,187,22.375,182
1,36,37,36.0,5
78,40,118,0.5128205128205128,29
65,156,221,2.4,156
1875,233,2108,0.12426666666666666,241
3,360,363,120.0,379
28,313,341,11.178571428571429,326
42,373,415,8.880952380952381,394
16,254,270,15.875,263
153,12,165,0.0784313725490196,1
14,148,162,10.571428571428571,148
1854,185,2039,0.09978425026968717,189
3,71,74,23.666666666666668,63
6,30,36,5.0,17
27,966,993,35.77777777777778,978
329,1074,1403,3.264437689969605,1006
45,212,257,4.711111111111111,211
18,363,381,20.166666666666668,380
671,35,706,0.05216095380029806,25
15,543,558,36.2,563
27,456,483,16.88888888888889,480
21,289,310,13.761904761904763,301
16,379,395,23.6875,400
1391,247,1638,0.17757009345794392,259
173,160,333,0.9248554913294798,445
23,280,303,12.173913043478262,294
199,352,551,1.7688442211055277,374
19,380,399,20.0,401
15,567,582,37.8,583
19,264,283,13.894736842105264,276
22,27,49,1.2272727272727273,12
261,97,358,0.3716475095785441,114
45,408,453,9.066666666666666,425
217,117,334,0.5391705069124424,112
45,485,530,10.777777777777779,502
2211,894,3105,0.4043419267299864,897
9,452,461,50.22222222222222,471
1152,446,1598,0.3871527777777778,671
88,139,227,1.5795454545454546,139
3,12,15,4.0,1
110,681,791,6.1909090909090905,698
327,233,560,0.7125382262996942,240
353,587,940,1.6628895184135977,601
42,81,123,1.9285714285714286,67
146,243,389,1.6643835616438356,360
18,947,965,52.611111111111114,1000
16,169,185,10.5625,172
18,25,43,1.3888888888888888,9
196,919,1115,4.688775510204081,925
82,213,295,2.597560975609756,218
1,37,38,37.0,1
16,420,436,26.25,443
15,241,256,16.066666666666666,252
348,241,589,0.6925287356321839,249
2832,194,3026,0.06850282485875706,198
8,147,155,18.375,149
13,325,338,25.0,341
39,369,408,9.461538461538462,389
15,231,246,15.4,237
18,757,775,42.05555555555556,763
17,444,461,26.11764705882353,460
28,577,605,20.607142857142858,592
24,386,410,16.083333333333332,408
676,225,901,0.3328402366863905,234
72,89,161,1.2361111111111112,80
17,129,146,7.588235294117647,112
156,361,517,2.3141025641025643,379
6,11,17,1.8333333333333333,1
5,353,358,70.6,397
1086,137,1223,0.1261510128913444,134
19,137,156,7.2105263157894735,141
113,292,405,2.584070796460177,192
172,439,611,2.552325581395349,460
30,24,54,0.8,7
18,246,264,13.666666666666666,258
10,228,238,22.8,119
116,112,228,0.9655172413793104,110
31,384,415,12.387096774193548,403
12,261,273,21.75,273
42,365,407,8.69047619047619,390
127,301,428,2.37007874015748,231
214,168,382,0.7850467289719626,174
27,202,229,7.481481481481482,204
15,380,395,25.333333333333332,401
2961,153,3114,0.05167173252279635,154
69,235,304,3.4057971014492754,243
15,228,243,15.2,237
22,457,479,20.772727272727273,476
260,214,474,0.823076923076923,220
112,248,360,2.2142857142857144,25
24,947,971,39.458333333333336,960
7,210,217,30.0,217
558,139,697,0.24910394265232974,137
228,288,516,1.263157894736842,300
11,404,415,36.72727272727273,431
28,292,320,10.428571428571429,306
31,160,191,5.161290322580645,162
12,286,298,23.833333333333332,299
1,10,11,10.0,1
11,846,857,76.9090909090909,852
21,262,283,12.476190476190476,274
1200,186,1386,0.155,187
10,170,180,17.0,217
19,286,305,15.052631578947368,301
119,922,1041,7.7478991596638656,937
64,878,942,13.71875,884
707,112,819,0.15841584158415842,109
437,929,1366,2.125858123569794,449
93,648,741,6.967741935483871,662
46,580,626,12.608695652173912,595
114,201,315,1.763157894736842,205
179,497,676,2.776536312849162,517
27,243,270,9.0,252
384,654,1038,1.703125,399
46,321,367,6.978260869565218,339
20,282,302,14.1,299
12,168,180,14.0,167
126,853,979,6.76984126984127,860
23,833,856,36.21739130434783,840
910,324,1234,0.35604395604395606,340
47,91,138,1.9361702127659575,83
8,380,388,47.5,403
4,360,364,90.0,382
566,7,573,0.012367491166077738,1
98,80,178,0.8163265306122449,74
11,518,529,47.09090909090909,418
86,539,625,6.267441860465116,558
10,40,50,4.0,27
25,24,49,0.96,10
59,62,121,1.0508474576271187,53
944,66,1010,0.06991525423728813,57
41,29,70,0.7073170731707317,14
6,234,240,39.0,243
1,10,11,10.0,1
13,117,130,9.0,115
24,65,89,2.7083333333333335,59
20,153,173,7.65,154
10,249,259,24.9,329
52,420,472,8.076923076923077,440
189,393,582,2.0793650793650795,917
11,84,95,7.636363636363637,76
639,939,1578,1.4694835680751173,951
21,493,514,23.476190476190474,516
67,118,185,1.7611940298507462,116
20,311,331,15.55,321
7,93,100,13.285714285714286,85
55,552,607,10.036363636363637,573
1,34,35,34.0,1
864,176,1040,0.2037037037037037,180
28,538,566,19.214285714285715,409
27,398,425,14.74074074074074,415
221,89,310,0.40271493212669685,72
879,605,1484,0.6882821387940842,622
20,200,220,10.0,206
21,303,324,14.428571428571429,319
22,70,92,3.1818181818181817,64
570,592,1162,1.03859649122807,607
12,875,887,72.91666666666667,891
1734,175,1909,0.10092272202998846,164
1761,279,2040,0.15843270868824533,293
1326,175,1501,0.13197586726998492,178
8,157,165,19.625,158
27,358,385,13.25925925925926,456
764,143,907,0.18717277486910994,145
7,80,87,11.428571428571429,72
15,242,257,16.133333333333333,251
660,3,663,0.004545454545454545,1
35,40,75,1.1428571428571428,31
53,288,341,5.433962264150943,304
44,63,107,1.4318181818181819,55
1342,408,1750,0.30402384500745155,428
86,93,179,1.0813953488372092,88
22,356,378,16.181818181818183,379
45,409,454,9.088888888888889,547
66,32,98,0.48484848484848486,12
66,951,1017,14.409090909090908,958
362,91,453,0.2513812154696133,80
46,318,364,6.913043478260869,334
13,131,144,10.076923076923077,134
234,306,540,1.3076923076923077,317
49,178,227,3.63265306122449,182
1514,662,2176,0.4372523117569353,676
149,26,175,0.174496644295302,12
30,415,445,13.833333333333334,439
8,265,273,33.125,279
78,845,923,10.833333333333334,850
86,133,219,1.5465116279069768,129
35,961,996,27.457142857142856,972
1,10,11,10.0,1
6,423,429,70.5,445
33,331,364,10.030303030303031,346
13,260,273,20.0,268
21,376,397,17.904761904761905,394
1,10,11,10.0,1
1973,406,2379,0.20577800304105423,429
47,485,532,10.319148936170214,504
922,12,934,0.013015184381778741,257
282,266,548,0.9432624113475178,285
287,232,519,0.8083623693379791,236
40,331,371,8.275,348
11,327,338,29.727272727272727,341
10,395,405,39.5,414
52,72,124,1.3846153846153846,68
11,846,857,76.9090909090909,852
4,11,15,2.75,1
49,471,520,9.612244897959183,494
34,189,223,5.5588235294117645,193
8,15,23,1.875,1
80,80,160,1.0,78
3,129,132,43.0,126
2,253,255,126.5,70
25,50,75,2.0,39
29,270,299,9.310344827586206,286
1254,869,2123,0.6929824561403509,879
9,400,409,44.44444444444444,416
71,699,770,9.845070422535212,703
41,345,386,8.414634146341463,361
295,19,314,0.06440677966101695,5
11,55,66,5.0,45
19,64,83,3.3684210526315788,56
23,800,823,34.78260869565217,808
11,332,343,30.181818181818183,350
25,229,254,9.16,238
21,535,556,25.476190476190474,446
26,228,254,8.76923076923077,237
251,583,834,2.3227091633466137,597
6,393,399,65.5,413
74,27,101,0.36486486486486486,12
120,632,752,5.266666666666667,644
17,535,552,31.470588235294116,553
45,529,574,11.755555555555556,552
22,371,393,16.863636363636363,386
1605,474,2079,0.2953271028037383,495
20,692,712,34.6,699
9,948,957,105.33333333333333,977
1,10,11,10.0,1
15,250,265,16.666666666666668,259
15,866,881,57.733333333333334,881
13,201,214,15.461538461538462,199
7,130,137,18.571428571428573,131
39,229,268,5.871794871794871,232
42,306,348,7.285714285714286,320
20,198,218,9.9,205
13,165,178,12.692307692307692,169
61,471,532,7.721311475409836,490
21,371,392,17.666666666666668,390
33,348,381,10.545454545454545,368
42,373,415,8.880952380952381,393
96,458,554,4.770833333333333,477
22,166,188,7.545454545454546,467
22,551,573,25.045454545454547,572
44,409,453,9.295454545454545,422
454,203,657,0.44713656387665196,210
2041,20,2061,0.009799118079372856,4
35,150,185,4.285714285714286,151
10,204,214,20.4,214
10,348,358,34.8,368
13,302,315,23.23076923076923,321
61,327,388,5.360655737704918,277
9,69,78,7.666666666666667,124
14,68,82,4.857142857142857,59
10,130,140,13.0,133
1042,891,1933,0.8550863723608445,297
12,285,297,23.75,298
26,580,606,22.307692307692307,598
11,287,298,26.09090909090909,303
384,380,764,0.9895833333333334,399
171,207,378,1.2105263157894737,205
16,268,284,16.75,281
27,496,523,18.37037037037037,517
141,321,462,2.276595744680851,342
49,251,300,5.122448979591836,264
15,414,429,27.6,436
536,1058,1594,1.9738805970149254,1006
26,23,49,0.8846153846153846,6
83,288,371,3.4698795180722892,303
9,25,34,2.7777777777777777,6
19,294,313,15.473684210526315,312
10,317,327,31.7,335
11,323,334,29.363636363636363,337
226,126,352,0.5575221238938053,123
26,310,336,11.923076923076923,328
2294,274,2568,0.11944202266782912,289
34,243,277,7.147058823529412,252
13,208,221,16.0,226
15,545,560,36.333333333333336,564
15,393,408,26.2,418
17,484,501,28.470588235294116,499
99,458,557,4.626262626262626,480
564,257,821,0.45567375886524825,271
123,219,342,1.7804878048780488,228
17,346,363,20.352941176470587,364
21,185,206,8.80952380952381,185
85,871,956,10.24705882352941,871
9,63,72,7.0,56
29,365,394,12.586206896551724,382
764,18,782,0.02356020942408377,3
2,727,729,363.5,730
26,224,250,8.615384615384615,233
54,95,149,1.7592592592592593,91
76,193,269,2.539473684210526,185
151,10,161,0.06622516556291391,1
741,32,773,0.043184885290148446,18
327,18,345,0.05504587155963303,1
135,325,460,2.4074074074074074,342
959,262,1221,0.2732012513034411,272
23,265,288,11.521739130434783,280
45,719,764,15.977777777777778,731
318,888,1206,2.792452830188679,892
943,179,1122,0.18981972428419935,176
248,137,385,0.5524193548387096,136
81,147,228,1.8148148148148149,148
8,387,395,48.375,213
206,4,210,0.019417475728155338,1
42,884,926,21.047619047619047,890
10,259,269,25.9,275
3,139,142,46.333333333333336,316
62,835,897,13.46774193548387,835
4,23,27,5.75,40
27,17,44,0.6296296296296297,1
11,19,30,1.7272727272727273,3
301,128,429,0.42524916943521596,125
1856,786,2642,0.4234913793103448,792
12,98,110,8.166666666666666,93
2105,65,2170,0.030878859857482184,54
109,36,145,0.3302752293577982,21
17,285,302,16.764705882352942,298
224,117,341,0.5223214285714286,114
5,285,290,57.0,299
1313,401,1714,0.3054074638233054,420
39,37,76,0.9487179487179487,23
9,271,280,30.11111111111111,283
18,334,352,18.555555555555557,349
19,361,380,19.0,142
39,207,246,5.3076923076923075,210
253,194,447,0.766798418972332,205
1,22,23,22.0,6
200,155,355,0.775,154
106,502,608,4.735849056603773,525
17,408,425,24.0,434
1984,255,2239,0.12852822580645162,270
39,171,210,4.384615384615385,174
2780,101,2881,0.03633093525179856,95
63,425,488,6.746031746031746,443
864,176,1040,0.2037037037037037,180
977,84,1061,0.08597748208802457,77
64,328,392,5.125,343
11,293,304,26.636363636363637,309
292,200,492,0.684931506849315,206
202,480,682,2.376237623762376,499
276,261,537,0.9456521739130435,274
409,184,593,0.44987775061124696,188
603,152,755,0.25207296849087896,153
7,65,72,9.285714285714286,132
79,48,127,0.6075949367088608,38
26,543,569,20.884615384615383,559
10,289,299,28.9,309
115,520,635,4.521739130434782,540
60,498,558,8.3,522
109,157,266,1.4403669724770642,161
197,854,1051,4.33502538071066,856
32,443,475,13.84375,464
11,205,216,18.636363636363637,208
5,85,90,17.0,37
29,291,320,10.03448275862069,306
63,275,338,4.365079365079365,287
41,482,523,11.75609756097561,504
12,225,237,18.75,233
17,309,326,18.176470588235293,323
16,268,284,16.75,281
150,656,806,4.373333333333333,672
25,724,749,28.96,740
37,29,66,0.7837837837837838,17
5,44,49,8.8,33
32,181,213,5.65625,181
197,221,418,1.1218274111675126,231
151,16,167,0.10596026490066225,1
1653,193,1846,0.11675741076830005,202
5,199,204,39.8,203
7,102,109,14.571428571428571,99
222,327,549,1.472972972972973,343
2,49,51,24.5,1
16,578,594,36.125,599
16,544,560,34.0,560
14,334,348,23.857142857142858,348
66,55,121,0.8333333333333334,45
43,278,321,6.465116279069767,289
377,547,924,1.4509283819628647,571
10,80,90,8.0,74
97,38,135,0.3917525773195876,27
34,718,752,21.11764705882353,730
35,298,333,8.514285714285714,311
52,276,328,5.3076923076923075,289
579,358,937,0.6183074265975821,376
19,170,189,8.947368421052632,166
3787,22,3809,0.005809347768682334,50
138,211,349,1.5289855072463767,350
1206,205,1411,0.16998341625207297,392
14,92,106,6.571428571428571,84
2312,7,2319,0.003027681660899654,1
1879,153,2032,0.08142629058009579,153
87,66,153,0.7586206896551724,54
7,326,333,46.57142857142857,351
728,411,1139,0.5645604395604396,435
1357,854,2211,0.6293294030950627,861
15,149,164,9.933333333333334,150
3,245,248,81.66666666666667,253
61,417,478,6.836065573770492,428
17,90,107,5.294117647058823,80
699,717,1416,1.0257510729613735,711
18,356,374,19.77777777777778,381
58,196,254,3.3793103448275863,201
43,55,98,1.2790697674418605,372
7,44,51,6.285714285714286,29
32,161,193,5.03125,166
2345,1088,3433,0.4639658848614073,1006
322,276,598,0.8571428571428571,286
25,134,159,5.36,136
8,215,223,26.875,223
16,88,104,5.5,81
14,85,99,6.071428571428571,78
13,196,209,15.076923076923077,199
36,130,166,3.611111111111111,130
174,311,485,1.7873563218390804,329
12,130,142,10.833333333333334,129
12,678,690,56.5,691
1,138,139,138.0,138
16,138,154,8.625,139
46,287,333,6.239130434782608,296
17,391,408,23.0,465
49,830,879,16.93877551020408,831
419,834,1253,1.990453460620525,844
18,38,56,2.111111111111111,26
14,752,766,53.714285714285715,755
1130,31,1161,0.02743362831858407,22
10,22,32,2.2,6
34,88,122,2.588235294117647,81
19,260,279,13.68421052631579,272
707,1008,1715,1.4257425742574257,1006
13,33,46,2.5384615384615383,18
21,106,127,5.0476190476190474,103
1155,226,1381,0.19567099567099566,235
7,270,277,38.57142857142857,294
36,508,544,14.11111111111111,535
209,152,361,0.7272727272727273,152
31,196,227,6.32258064516129,197
24,152,176,6.333333333333333,155
13,86,99,6.615384615384615,73
15,287,302,19.133333333333333,303
23,938,961,40.78260869565217,939
4,12,16,3.0,1
88,709,797,8.056818181818182,718
32,500,532,15.625,519
172,313,485,1.819767441860465,328
96,672,768,7.0,685
86,192,278,2.2325581395348837,201
48,435,483,9.0625,455
519,134,653,0.2581888246628131,132
151,696,847,4.6092715231788075,708
85,695,780,8.176470588235293,706
16,50,66,3.125,37
2050,491,2541,0.2395121951219512,514
177,956,1133,5.401129943502825,964
9,124,133,13.777777777777779,118
2137,186,2323,0.08703790360318203,458
2766,335,3101,0.12111352133044107,353
268,736,1004,2.746268656716418,741
54,197,251,3.6481481481481484,199
37,264,301,7.135135135135135,273
25,286,311,11.44,299
25,13,38,0.52,1
66,293,359,4.4393939393939394,362
126,167,293,1.3253968253968254,172
1589,521,2110,0.3278791692888609,411
388,225,613,0.5798969072164949,233
183,286,469,1.5628415300546448,300
28,577,605,20.607142857142858,592
2024,176,2200,0.08695652173913043,179
19,348,367,18.31578947368421,365
24,160,184,6.666666666666667,162
21,148,169,7.0476190476190474,154
11,330,341,30.0,347
66,20,86,0.30303030303030304,4
12,13,25,1.0833333333333333,1
12,418,430,34.833333333333336,450
15,419,434,27.933333333333334,443
387,38,425,0.09819121447028424,28
15,181,196,12.066666666666666,181
10,444,454,44.4,467
366,137,503,0.3743169398907104,135
24,329,353,13.708333333333334,343
45,409,454,9.088888888888889,547
19,418,437,22.0,437
339,721,1060,2.1268436578171093,731
86,85,171,0.9883720930232558,49
23,109,132,4.739130434782608,109
55,242,297,4.4,251
94,330,424,3.5106382978723403,388
384,928,1312,2.4166666666666665,942
39,89,128,2.282051282051282,108
8,422,430,52.75,445
12,98,110,8.166666666666666,93
19,291,310,15.31578947368421,298
960,581,1541,0.6052083333333333,597
17,544,561,32.0,560
15,371,386,24.733333333333334,393
35,247,282,7.057142857142857,254
158,271,429,1.7151898734177216,282
20,25,45,1.25,11
270,16,286,0.05925925925925926,1
30,334,364,11.133333333333333,346
180,265,445,1.4722222222222223,275
7,82,89,11.714285714285714,72
29,423,452,14.586206896551724,450
40,264,304,6.6,276
6,209,215,34.833333333333336,214
11,212,223,19.272727272727273,217
350,845,1195,2.414285714285714,849
6,265,271,44.166666666666664,276
23,794,817,34.52173913043478,791
8,72,80,9.0,70
14,536,550,38.285714285714285,556
1231,680,1911,0.5523964256701869,685
18,519,537,28.833333333333332,454
136,515,651,3.786764705882353,535
6,126,132,21.0,122
319,424,743,1.329153605015674,442
21,51,72,2.4285714285714284,39
2,29,31,14.5,18
59,155,214,2.6271186440677967,154
134,101,235,0.753731343283582,96
19,450,469,23.68421052631579,470
145,521,666,3.593103448275862,548
37,241,278,6.513513513513513,398
2893,124,3017,0.04286208088489457,124
69,22,91,0.3188405797101449,7
5,87,92,17.4,691
24,45,69,1.875,32
13,243,256,18.692307692307693,248
26,158,184,6.076923076923077,160
33,187,220,5.666666666666667,192
423,866,1289,2.0472813238770686,874
87,305,392,3.5057471264367814,318
93,180,273,1.935483870967742,180
41,761,802,18.5609756097561,266
11,180,191,16.363636363636363,186
390,31,421,0.07948717948717948,20
11,313,324,28.454545454545453,329
23,25,48,1.0869565217391304,10
187,40,227,0.21390374331550802,28
258,334,592,1.2945736434108528,347
323,651,974,2.015479876160991,666
8,368,376,46.0,396
22,57,79,2.590909090909091,47
50,156,206,3.12,116
272,422,694,1.5514705882352942,439
12,407,419,33.916666666666664,434
61,180,241,2.9508196721311477,182
52,50,102,0.9615384615384616,39
53,675,728,12.735849056603774,687
23,99,122,4.304347826086956,96
132,510,642,3.8636363636363638,531
18,272,290,15.11111111111111,285
33,41,74,1.2424242424242424,26
7,349,356,49.857142857142854,453
10,267,277,26.7,286
35,109,144,3.1142857142857143,105
137,667,804,4.868613138686132,882
3616,165,3781,0.04563053097345133,167
25,41,66,1.64,26
44,676,720,15.363636363636363,687
521,350,871,0.6717850287907869,371
432,491,923,1.1365740740740742,507
7,278,285,39.714285714285715,149
29,314,343,10.827586206896552,328
9,11,20,1.2222222222222223,1
8,200,208,25.0,202
225,165,390,0.7333333333333333,168
52,379,431,7.288461538461538,394
13,104,117,8.0,100
18,303,321,16.833333333333332,322
488,147,635,0.3012295081967213,145
18,258,276,14.333333333333334,265
16,370,386,23.125,388
146,70,216,0.4794520547945205,58
892,157,1049,0.17600896860986548,163
19,153,172,8.052631578947368,157
659,843,1502,1.2792109256449165,850
22,469,491,21.318181818181817,489
343,424,767,1.2361516034985423,492
62,788,850,12.709677419354838,786
8,391,399,48.875,412
14,445,459,31.785714285714285,463
14,510,524,36.42857142857143,530
146,569,715,3.8972602739726026,585
16,146,162,9.125,147
176,423,599,2.403409090909091,444
1,10,11,10.0,1
189,496,685,2.624338624338624,516
22,607,629,27.59090909090909,625
16,499,515,31.1875,524
2714,55,2769,0.020265291083271922,43
22,70,92,3.1818181818181817,64
14,305,319,21.785714285714285,318
36,286,322,7.944444444444445,302
31,371,402,11.96774193548387,389
20,516,536,25.8,540
26,257,283,9.884615384615385,270
18,358,376,19.88888888888889,253
60,79,139,1.3166666666666667,74
27,183,210,6.777777777777778,186
7,108,115,15.428571428571429,149
18,723,741,40.166666666666664,732
64,216,280,3.375,223
139,421,560,3.028776978417266,443
181,992,1173,5.480662983425415,1006
433,207,640,0.4780600461893764,112
158,215,373,1.360759493670886,223
28,279,307,9.964285714285714,294
14,354,368,25.285714285714285,283
410,655,1065,1.5975609756097562,674
97,549,646,5.65979381443299,567
2,18,20,9.0,1
11,327,338,29.727272727272727,341
653,327,980,0.5007656967840735,573
94,392,486,4.170212765957447,406
44,334,378,7.590909090909091,353
261,110,371,0.421455938697318,114
10,304,314,30.4,329
12,349,361,29.083333333333332,365
48,200,248,4.166666666666667,207
2310,228,2538,0.0987012987012987,239
2412,668,3080,0.2769485903814262,680
12,488,500,40.666666666666664,511
30,459,489,15.3,414
12,436,448,36.333333333333336,376
12,333,345,27.75,347
222,624,846,2.810810810810811,641
15,416,431,27.733333333333334,435
216,64,280,0.2962962962962963,52
924,272,1196,0.2943722943722944,286
111,445,556,4.009009009009009,459
2862,201,3063,0.07023060796645703,207
15,276,291,18.4,292
249,786,1035,3.1566265060240966,795
359,278,637,0.7743732590529248,289
109,9,118,0.08256880733944955,1
51,828,879,16.235294117647058,847
500,103,603,0.206,100
1113,236,1349,0.21203953279424978,246
49,55,104,1.1224489795918366,40
101,533,634,5.2772277227722775,550
43,365,408,8.488372093023257,383
79,13,92,0.16455696202531644,1
669,900,1569,1.345291479820628,884
2,16,18,8.0,1
6,37,43,6.166666666666667,21
23,180,203,7.826086956521739,183
372,983,1355,2.64247311827957,1006
21,85,106,4.0476190476190474,77
2568,124,2692,0.048286604361370715,119
40,481,521,12.025,499
22,764,786,34.72727272727273,761
89,310,399,3.4831460674157304,325
82,498,580,6.073170731707317,518
110,398,508,3.618181818181818,424
13,125,138,9.615384615384615,124
15,360,375,24.0,376
38,661,699,17.394736842105264,676
48,377,425,7.854166666666667,460
8,197,205,24.625,111
46,683,729,14.847826086956522,702
109,502,611,4.605504587155964,523
175,272,447,1.5542857142857143,286
144,40,184,0.2777777777777778,27
2,35,37,17.5,26
831,169,1000,0.20336943441636582,169
5,554,559,110.8,483
7,92,99,13.142857142857142,149
18,700,718,38.888888888888886,712
29,93,122,3.206896551724138,87
155,331,486,2.1354838709677417,346
8,308,316,38.5,324
743,229,972,0.3082099596231494,238
68,349,417,5.132352941176471,367
3204,304,3508,0.09488139825218476,316
410,153,563,0.37317073170731707,155
8,953,961,119.125,959
792,376,1168,0.47474747474747475,397
37,486,523,13.135135135135135,504
188,142,330,0.7553191489361702,140
43,277,320,6.441860465116279,290
21,302,323,14.380952380952381,317
29,13,42,0.4482758620689655,1
18,361,379,20.055555555555557,379
14,59,73,4.214285714285714,47
96,409,505,4.260416666666667,428
20,288,308,14.4,301
135,834,969,6.177777777777778,920
237,310,547,1.3080168776371308,324
51,340,391,6.666666666666667,360
33,392,425,11.878787878787879,409
21,300,321,14.285714285714286,313
140,590,730,4.214285714285714,609
787,797,1584,1.0127064803049555,800
438,47,485,0.10730593607305935,23
39,42,81,1.0769230769230769,31
7,88,95,12.571428571428571,13
78,52,130,0.6666666666666666,40
31,158,189,5.096774193548387,159
5,208,213,41.6,215
104,496,600,4.769230769230769,513
2292,624,2916,0.27225130890052357,632
265,139,404,0.5245283018867924,137
5,122,127,24.4,213
18,417,435,23.166666666666668,437
12,290,302,24.166666666666668,302
2,76,78,38.0,69
86,54,140,0.627906976744186,40
52,160,212,3.076923076923077,163
39,22,61,0.5641025641025641,6
2859,832,3691,0.29101084295208113,840
112,124,236,1.1071428571428572,123
19,520,539,27.36842105263158,492
46,318,364,6.913043478260869,334
27,185,212,6.851851851851852,185
18,312,330,17.333333333333332,330
90,578,668,6.4222222222222225,588
63,444,507,7.0476190476190474,463
240,504,744,2.1,667
24,21,45,0.875,7
23,509,532,22.130434782608695,532
22,156,178,7.090909090909091,159
629,418,1047,0.6645468998410174,440
3241,373,3614,0.11508793582227707,392
43,235,278,5.465116279069767,244
34,683,717,20.08823529411765,701
3710,5,3715,0.0013477088948787063,1
1321,839,2160,0.6351249053747161,850
117,145,262,1.2393162393162394,145
5,335,340,67.0,352
121,42,163,0.34710743801652894,30
104,205,309,1.9711538461538463,183
2341,141,2482,0.06023067065356685,138
568,280,848,0.49295774647887325,294
203,867,1070,4.270935960591133,874
11,775,786,70.45454545454545,781
10,293,303,29.3,306
95,25,120,0.2631578947368421,10
11,109,120,9.909090909090908,101
128,11,139,0.0859375,1
1,10,11,10.0,1
3,498,501,166.0,37
12,269,281,22.416666666666668,282
1704,3,1707,0.0017605633802816902,855
10,279,289,27.9,293
14,354,368,25.285714285714285,375
33,204,237,6.181818181818182,209
12,342,354,28.5,356
696,519,1215,0.7456896551724138,538
31,384,415,12.387096774193548,403
587,46,633,0.07836456558773425,25
1349,497,1846,0.3684210526315789,517
17,107,124,6.294117647058823,104
1,55,56,55.0,9
10,336,346,33.6,351
12,358,370,29.833333333333332,378
22,523,545,23.772727272727273,550
321,163,484,0.5077881619937694,164
18,256,274,14.222222222222221,365
6,280,286,46.666666666666664,490
19,217,236,11.421052631578947,228
12,175,187,14.583333333333334,180
64,755,819,11.796875,764
127,736,863,5.7952755905511815,743
12,43,55,3.5833333333333335,33
92,924,1016,10.043478260869565,941
10,381,391,38.1,358
54,500,554,9.25925925925926,524
646,1734,2380,2.6842105263157894,1006
38,71,109,1.868421052631579,62
7,99,106,14.142857142857142,149
457,101,558,0.2210065645514223,98
76,308,384,4.052631578947368,322
6,232,238,38.666666666666664,240
21,155,176,7.380952380952381,158
13,538,551,41.38461538461539,560
100,259,359,2.59,273
19,264,283,13.894736842105264,276
11,532,543,48.36363636363637,553
12,360,372,30.0,378
3910,6,3916,0.001534526854219949,1
18,254,272,14.11111111111111,265
14,316,330,22.571428571428573,335
37,53,90,1.4324324324324325,85
23,634,657,27.565217391304348,645
22,581,603,26.40909090909091,594
65,260,325,4.0,272
66,358,424,5.424242424242424,373
265,164,429,0.6188679245283019,167
10,236,246,23.6,243
21,123,144,5.857142857142857,124
394,329,723,0.8350253807106599,344
17,376,393,22.11764705882353,397
13,146,159,11.23076923076923,147
1114,244,1358,0.21903052064631956,252
116,84,200,0.7241379310344828,487
239,376,615,1.5732217573221758,400
8,293,301,36.625,307
30,354,384,11.8,381
25,269,294,10.76,317
153,210,363,1.3725490196078431,220
16,252,268,15.75,264
12,99,111,8.25,93
114,426,540,3.736842105263158,445
14,261,275,18.642857142857142,271
2597,386,2983,0.14863303812090875,408
30,415,445,13.833333333333334,438
14,98,112,7.0,94
133,380,513,2.857142857142857,419
34,239,273,7.029411764705882,248
19,327,346,17.210526315789473,307
2,11,13,5.5,1
11,725,736,65.9090909090909,733
5,407,412,81.4,364
699,717,1416,1.0257510729613735,711
58,201,259,3.4655172413793105,204
7,120,127,17.142857142857142,115
1633,33,1666,0.02020820575627679,22
394,752,1146,1.9086294416243654,755
43,639,682,14.86046511627907,653
838,940,1778,1.1217183770883055,951
199,9,208,0.04522613065326633,1
7,265,272,37.857142857142854,278
115,960,1075,8.347826086956522,1005
16,338,354,21.125,308
5,112,117,22.4,109
210,292,502,1.3904761904761904,305
11,8,19,0.7272727272727273,1
1114,244,1358,0.21903052064631956,252
19,524,543,27.57894736842105,547
21,628,649,29.904761904761905,641
1,10,11,10.0,1
546,143,689,0.2619047619047619,141
87,635,722,7.2988505747126435,649
9,272,281,30.22222222222222,288
9,128,137,14.222222222222221,129
59,504,563,8.542372881355933,521
8,370,378,46.25,390
12,83,95,6.916666666666667,60
266,79,345,0.29699248120300753,72
15,433,448,28.866666666666667,451
55,146,201,2.6545454545454548,146
7,300,307,42.857142857142854,315
13,191,204,14.692307692307692,198
19,433,452,22.789473684210527,454
1172,145,1317,0.12372013651877133,145
11,65,76,5.909090909090909,54
460,137,597,0.29782608695652174,135
28,385,413,13.75,618
15,414,429,27.6,436
120,16,136,0.13333333333333333,841
16,839,855,52.4375,632
14,454,468,32.42857142857143,479
29,121,150,4.172413793103448,119
11,353,364,32.09090909090909,190
11,230,241,20.90909090909091,239
16,575,591,35.9375,596
91,527,618,5.791208791208791,541
19,345,364,18.157894736842106,359
32,486,518,15.1875,510
97,373,470,3.845360824742268,388
4,735,739,183.75,738
139,37,176,0.26618705035971224,27
21,431,452,20.523809523809526,451
4,337,341,84.25,354
9,72,81,8.0,245
12,44,56,3.6666666666666665,31
8,281,289,35.125,293
146,334,480,2.287671232876712,349
26,23,49,0.8846153846153846,6
1502,910,2412,0.6058588548601864,910
18,377,395,20.944444444444443,398
8,97,105,12.125,91
1345,968,2313,0.7197026022304833,1006
503,416,919,0.827037773359841,436
48,452,500,9.416666666666666,475
36,249,285,6.916666666666667,260
1885,568,2453,0.3013262599469496,575
36,79,115,2.1944444444444446,69
7,172,179,24.571428571428573,174
2,18,20,9.0,1
10,106,116,10.6,97
13,457,470,35.15384615384615,479
44,28,72,0.6363636363636364,15
820,44,864,0.05365853658536585,31
39,265,304,6.794871794871795,275
9,288,297,32.0,302
1518,231,1749,0.15217391304347827,239
127,736,863,5.7952755905511815,743
575,7,582,0.01217391304347826,1
25,239,264,9.56,247
1644,120,1764,0.072992700729927,113
17,270,287,15.882352941176471,287
14,519,533,37.07142857142857,535
15,711,726,47.4,723
31,32,63,1.032258064516129,18
16,436,452,27.25,457
27,216,243,8.0,221
68,476,544,7.0,498
2670,793,3463,0.29700374531835205,794
166,89,255,0.536144578313253,81
85,733,818,8.623529411764705,748
21,466,487,22.19047619047619,487
38,521,559,13.710526315789474,545
11,243,254,22.09090909090909,856
489,53,542,0.1083844580777096,44
167,270,437,1.6167664670658684,278
2,774,776,387.0,776
6,411,417,68.5,437
15,88,103,5.866666666666666,86
15,623,638,41.53333333333333,634
9,121,130,13.444444444444445,293
29,140,169,4.827586206896552,316
1392,175,1567,0.1257183908045977,541
12,229,241,19.083333333333332,238
112,117,229,1.0446428571428572,115
57,681,738,11.947368421052632,696
7,138,145,19.714285714285715,149
75,372,447,4.96,398
2,10,12,5.0,1
8,40,48,5.0,27
46,303,349,6.586956521739131,322
23,105,128,4.565217391304348,102
10,261,271,26.1,271
760,502,1262,0.6605263157894737,523
41,46,87,1.1219512195121952,26
16,175,191,10.9375,175
14,360,374,25.714285714285715,381
3702,67,3769,0.018098325229605618,79
4,265,269,66.25,92
102,311,413,3.049019607843137,327
27,248,275,9.185185185185185,259
17,501,518,29.470588235294116,518
123,720,843,5.853658536585366,730
52,608,660,11.692307692307692,621
1334,231,1565,0.17316341829085458,244
764,754,1518,0.9869109947643979,759
102,764,866,7.490196078431373,388
10,260,270,26.0,271
12,166,178,13.833333333333334,171
20,375,395,18.75,395
1269,119,1388,0.0937746256895193,115
3,422,425,140.66666666666666,444
1550,694,2244,0.447741935483871,692
80,330,410,4.125,346
5,745,750,149.0,753
70,160,230,2.2857142857142856,161
121,175,296,1.4462809917355373,178
43,543,586,12.627906976744185,563
24,193,217,8.041666666666666,195
9,117,126,13.0,114
9,312,321,34.666666666666664,333
7,88,95,12.571428571428571,149
64,410,474,6.40625,426
9,208,217,23.11111111111111,218
34,809,843,23.794117647058822,444
20,307,327,15.35,325
52,338,390,6.5,359
39,221,260,5.666666666666667,233
3167,199,3366,0.06283549100094726,208
68,214,282,3.1470588235294117,221
15,404,419,26.933333333333334,249
2391,130,2521,0.05437055625261397,130
452,447,899,0.9889380530973452,475
225,165,390,0.7333333333333333,168
7,193,200,27.571428571428573,149
9,56,65,6.222222222222222,48
13,99,112,7.615384615384615,96
3472,266,3738,0.07661290322580645,277
531,596,1127,1.1224105461393596,581
121,434,555,3.5867768595041323,456
7,75,82,10.714285714285714,155
28,86,114,3.0714285714285716,76
79,1038,1117,13.139240506329115,1006
14,55,69,3.9285714285714284,49
13,297,310,22.846153846153847,315
71,63,134,0.8873239436619719,111
150,606,756,4.04,618
5,305,310,61.0,137
11,280,291,25.454545454545453,291
35,294,329,8.4,310
19,486,505,25.57894736842105,505
2156,185,2341,0.08580705009276438,189
108,488,596,4.518518518518518,505
897,330,1227,0.36789297658862874,348
29,571,600,19.689655172413794,591
1,49,50,49.0,130
11,36,47,3.272727272727273,24
20,118,138,5.9,116
16,491,507,30.6875,512
172,211,383,1.2267441860465116,210
13,314,327,24.153846153846153,265
58,340,398,5.862068965517241,230
5,328,333,65.6,243
13,382,395,29.384615384615383,406
15,138,153,9.2,357
6,17,23,2.8333333333333335,4
4,3,7,0.75,1
12,384,396,32.0,409
456,358,814,0.7850877192982456,375
5,69,74,13.8,61
8,185,193,23.125,82
8,88,96,11.0,86
2,10,12,5.0,1
12,413,425,34.416666666666664,443
44,896,940,20.363636363636363,899
9,31,40,3.4444444444444446,19
22,306,328,13.909090909090908,322
236,197,433,0.8347457627118644,202
1,317,318,317.0,435
7,168,175,24.0,149
20,256,276,12.8,270
26,530,556,20.384615384615383,553
25,369,394,14.76,391
13,168,181,12.923076923076923,169
61,20,81,0.32786885245901637,7
16,93,109,5.8125,80
246,675,921,2.7439024390243905,685
13,207,220,15.923076923076923,212
152,202,354,1.3289473684210527,205
138,293,431,2.1231884057971016,306
94,742,836,7.8936170212765955,748
10,31,41,3.1,14
7,254,261,36.285714285714285,269
1280,708,1988,0.553125,717
48,731,779,15.229166666666666,739
24,87,111,3.625,82
166,943,1109,5.680722891566265,950
15,279,294,18.6,293
15,588,603,39.2,605
17,340,357,20.0,362
60,458,518,7.633333333333334,478
52,343,395,6.596153846153846,358
3,419,422,139.66666666666666,436
21,425,446,20.238095238095237,446
3420,159,3579,0.04649122807017544,161
119,283,402,2.3781512605042017,297
1231,248,1479,0.20146222583265638,259
324,42,366,0.12962962962962962,29
11,219,230,19.90909090909091,225
65,62,127,0.9538461538461539,52
1694,5,1699,0.0029515938606847697,1
1805,13,1818,0.007202216066481994,1
38,458,496,12.052631578947368,475
1621,34,1655,0.020974706971005553,6
463,648,1111,1.3995680345572354,652
102,25,127,0.24509803921568626,9
575,7,582,0.01217391304347826,1
40,276,316,6.9,283
103,582,685,5.650485436893204,599
9,207,216,23.0,215
24,335,359,13.958333333333334,356
162,191,353,1.1790123456790123,368
611,133,744,0.2176759410801964,131
24,229,253,9.541666666666666,237
1027,580,1607,0.5647517039922103,596
11,240,251,21.818181818181817,247
10,244,254,24.4,250
591,923,1514,1.5617597292724197,927
5,194,199,38.8,199
23,457,480,19.869565217391305,479
503,936,1439,1.8608349900596421,939
713,136,849,0.19074333800841514,135
177,250,427,1.4124293785310735,260
1686,874,2560,0.5183867141162515,99
3141,142,3283,0.04520853231454951,338
68,218,286,3.2058823529411766,150
68,902,970,13.264705882352942,911
19,536,555,28.210526315789473,556
3,10,13,3.3333333333333335,1
14,282,296,20.142857142857142,298
24,1052,1076,43.833333333333336,1006
103,395,498,3.8349514563106797,412
21,21,42,1.0,5
24,769,793,32.041666666666664,407
1755,315,2070,0.1794871794871795,286
536,429,965,0.8003731343283582,1
16,253,269,15.8125,260
96,458,554,4.770833333333333,477
3,339,342,113.0,356
116,1050,1166,9.051724137931034,1006
84,373,457,4.440476190476191,396
16,369,385,23.0625,382
405,206,611,0.508641975308642,210
7,58,65,8.285714285714286,51
1870,799,2669,0.42727272727272725,803
1250,366,1616,0.2928,354
152,147,299,0.9671052631578947,147
81,88,169,1.0864197530864197,81
1,10,11,10.0,1
290,791,1081,2.7275862068965515,807
53,813,866,15.339622641509434,824
457,697,1154,1.525164113785558,446
6,231,237,38.5,240
65,291,356,4.476923076923077,307
7,300,307,42.857142857142854,315
1678,891,2569,0.5309892729439809,894
7,34,41,4.857142857142857,149
72,517,589,7.180555555555555,536
78,185,263,2.371794871794872,192
645,929,1574,1.4403100775193798,954
136,315,451,2.3161764705882355,333
134,940,1074,7.014925373134329,956
317,306,623,0.9652996845425867,349
9,8,17,0.8888888888888888,1
623,878,1501,1.4093097913322632,878
21,137,158,6.523809523809524,138
12,451,463,37.583333333333336,471
29,203,232,7.0,378
11,50,61,4.545454545454546,37
107,55,162,0.514018691588785,44
1577,1041,2618,0.6601141407736208,1006
10,26,36,2.6,13
34,357,391,10.5,383
2831,377,3208,0.13316849169904627,401
15,148,163,9.866666666666667,150
1048,352,1400,0.33587786259541985,371
14,480,494,34.285714285714285,499
1407,321,1728,0.2281449893390192,338
218,780,998,3.5779816513761467,784
5,65,70,13.0,59
7,29,36,4.142857142857143,149
13,535,548,41.15384615384615,555
166,181,347,1.0903614457831325,187
1028,350,1378,0.3404669260700389,369
945,226,1171,0.23915343915343915,230
345,125,470,0.36231884057971014,137
62,438,500,7.064516129032258,455
9,43,52,4.777777777777778,34
30,583,613,19.433333333333334,604
31,197,228,6.354838709677419,202
15,181,196,12.066666666666666,181
21,606,627,28.857142857142858,627
17,103,120,6.0588235294117645,112
74,386,460,5.216216216216216,403
1284,995,2279,0.7749221183800623,1006
28,281,309,10.035714285714286,292
256,172,428,0.671875,177
206,350,556,1.6990291262135921,363
2410,215,2625,0.08921161825726141,221
15,9,24,0.6,1
23,201,224,8.73913043478261,135
66,32,98,0.48484848484848486,12
77,306,383,3.9740259740259742,323
12,859,871,71.58333333333333,875
72,361,433,5.013888888888889,384
88,710,798,8.068181818181818,719
20,276,296,13.8,290
15,81,96,5.4,73
9,110,119,12.222222222222221,107
26,327,353,12.576923076923077,346
1557,128,1685,0.08220937700706486,225
747,424,1171,0.5676037483266398,425
826,304,1130,0.36803874092009686,318
860,1,861,0.0011627906976744186,1
9,596,605,66.22222222222223,611
80,569,649,7.1125,591
815,761,1576,0.9337423312883436,771
54,402,456,7.444444444444445,425
13,312,325,24.0,327
37,288,325,7.783783783783784,299
12,165,177,13.75,167
12,364,376,30.333333333333332,384
81,1042,1123,12.864197530864198,1006
10,16,26,1.6,1
7,108,115,15.428571428571429,104
18,205,223,11.38888888888889,208
20,631,651,31.55,640
1220,14,1234,0.011475409836065573,117
60,440,500,7.333333333333333,701
87,506,593,5.816091954022989,549
25,30,55,1.2,15
64,102,166,1.59375,96
1897,641,2538,0.3379019504480759,653
2311,401,2712,0.1735179575941151,422
77,345,422,4.48051948051948,366
46,185,231,4.021739130434782,192
25,424,449,16.96,443
212,409,621,1.929245283018868,427
4,189,193,47.25,192
15,111,126,7.4,321
26,232,258,8.923076923076923,246
125,283,408,2.264,298
471,430,901,0.9129511677282378,451
109,781,890,7.165137614678899,784
49,366,415,7.469387755102041,386
50,468,518,9.36,489
619,157,776,0.25363489499192243,159
46,928,974,20.17391304347826,937
9,211,220,23.444444444444443,220
173,79,252,0.45664739884393063,73
12,117,129,9.75,112
10,264,274,26.4,271
13,589,602,45.30769230769231,604
10,785,795,78.5,780
9,507,516,56.333333333333336,528
27,97,124,3.5925925925925926,91
12,333,345,27.75,350
42,308,350,7.333333333333333,407
7,172,179,24.571428571428573,174
12,146,158,12.166666666666666,146
8,10,18,1.25,1
11,403,414,36.63636363636363,243
352,96,448,0.2727272727272727,92
72,811,883,11.26388888888889,814
102,334,436,3.2745098039215685,351
1312,499,1811,0.3803353658536585,519
31,254,285,8.193548387096774,263
16,194,210,12.125,198
20,33,53,1.65,18
6,65,71,10.833333333333334,54
326,367,693,1.1257668711656441,399
959,26,985,0.027111574556830033,12
18,306,324,17.0,325
170,184,354,1.0823529411764705,190
260,543,803,2.0884615384615386,560
71,222,293,3.1267605633802815,229
35,627,662,17.914285714285715,368
2563,428,2991,0.16699180647678502,441
93,352,445,3.78494623655914,369
18,129,147,7.166666666666667,128
12,208,220,17.333333333333332,215
53,727,780,13.716981132075471,741
12,314,326,26.166666666666668,325
190,126,316,0.6631578947368421,124
1,469,470,469.0,435
18,51,69,2.8333333333333335,40
406,36,442,0.08866995073891626,19
107,272,379,2.542056074766355,285
7,605,612,86.42857142857143,617
14,358,372,25.571428571428573,385
313,250,563,0.7987220447284346,262
1039,1059,2098,1.0192492781520692,1006
79,399,478,5.050632911392405,417
67,310,377,4.626865671641791,324
14,500,514,35.714285714285715,523
22,209,231,9.5,217
9,132,141,14.666666666666666,335
208,344,552,1.6538461538461537,362
76,330,406,4.342105263157895,348
20,566,586,28.3,587
2,10,12,5.0,1
1094,956,2050,0.8738574040219378,973
403,907,1310,2.2506203473945408,908
58,407,465,7.017241379310345,423
8,240,248,30.0,249
13,275,288,21.153846153846153,287
96,209,305,2.1770833333333335,215
157,526,683,3.3503184713375798,544
76,922,998,12.131578947368421,927
7,244,251,34.857142857142854,149
104,336,440,3.230769230769231,356
24,426,450,17.75,452
149,131,280,0.8791946308724832,467
2418,138,2556,0.05707196029776675,134
12,894,906,74.5,901
19,276,295,14.526315789473685,278
28,174,202,6.214285714285714,300
24,32,56,1.3333333333333333,14
22,531,553,24.136363636363637,554
391,408,799,1.0434782608695652,430
162,486,648,3.0,505
838,77,915,0.09188544152744631,70
134,111,245,0.8283582089552238,113
17,115,132,6.764705882352941,110
463,41,504,0.08855291576673865,32
15,362,377,24.133333333333333,382
221,44,265,0.19909502262443438,33
17,891,908,52.411764705882355,908
57,407,464,7.140350877192983,429
22,218,240,9.909090909090908,228
48,240,288,5.0,250
267,228,495,0.8539325842696629,241
214,273,487,1.2757009345794392,285
68,254,322,3.735294117647059,266
26,714,740,27.46153846153846,731
95,169,264,1.7789473684210526,168
8,108,116,13.5,104
85,30,115,0.35294117647058826,14
124,41,165,0.33064516129032256,32
21,254,275,12.095238095238095,266
26,766,792,29.46153846153846,771
981,7,988,0.007135575942915392,1
77,3,80,0.03896103896103896,1
11,90,101,8.181818181818182,78
15,304,319,20.266666666666666,322
15,60,75,4.0,51
653,471,1124,0.7212863705972435,198
25,313,338,12.52,326
14,46,60,3.2857142857142856,35
9,244,253,27.11111111111111,254
4,212,216,53.0,220
31,361,392,11.64516129032258,376
26,714,740,27.46153846153846,731
19,304,323,16.0,319
76,319,395,4.197368421052632,459
1,10,11,10.0,1
10,283,293,28.3,295
2213,346,2559,0.15634884771802982,233
8,22,30,2.75,6
81,468,549,5.777777777777778,489
360,4,364,0.011111111111111112,1
40,488,528,12.2,514
1,10,11,10.0,1
3702,76,3778,0.020529443544030253,79
8,221,229,27.625,216
395,759,1154,1.9215189873417722,763
41,429,470,10.463414634146341,446
8,335,343,41.875,354
11,178,189,16.181818181818183,179
5,390,395,78.0,416
29,177,206,6.103448275862069,178
16,287,303,17.9375,300
143,469,612,3.2797202797202796,489
42,769,811,18.30952380952381,770
144,66,210,0.4583333333333333,60
30,619,649,20.633333333333333,608
1,10,11,10.0,1
242,7,249,0.028925619834710745,1
46,920,966,20.0,940
1140,1038,2178,0.9105263157894737,1006
948,25,973,0.026371308016877638,12
93,274,367,2.946236559139785,286
1239,29,1268,0.023405972558514933,57
20,274,294,13.7,286
20,331,351,16.55,352
442,442,884,1.0,460
7,71,78,10.142857142857142,61
1,47,48,47.0,1
36,285,321,7.916666666666667,296
17,283,300,16.647058823529413,295
14,496,510,35.42857142857143,516
29,376,405,12.96551724137931,391
587,77,664,0.131175468483816,244
22,568,590,25.818181818181817,593
394,752,1146,1.9086294416243654,755
12,161,173,13.416666666666666,165
23,496,519,21.565217391304348,521
14,112,126,8.0,110
16,180,196,11.25,182
238,276,514,1.1596638655462186,288
11,21,32,1.9090909090909092,6
21,34,55,1.619047619047619,18
8,383,391,47.875,438
14,26,40,1.8571428571428572,10
25,124,149,4.96,123
21,386,407,18.38095238095238,412
76,397,473,5.223684210526316,417
61,6,67,0.09836065573770492,8
14,969,983,69.21428571428571,1006
84,380,464,4.523809523809524,399
34,43,77,1.2647058823529411,34
71,320,391,4.507042253521127,341
41,413,454,10.073170731707316,436
705,719,1424,1.0198581560283688,721
1803,468,2271,0.259567387687188,488
135,771,906,5.711111111111111,773
1254,467,1721,0.372408293460925,485
80,21,101,0.2625,7
13,93,106,7.153846153846154,87
81,440,521,5.432098765432099,457
4,296,300,74.0,311
18,386,404,21.444444444444443,406
22,652,674,29.636363636363637,669
594,366,960,0.6161616161616161,386
157,560,717,3.56687898089172,582
9,208,217,23.11111111111111,214
100,453,553,4.53,472
447,153,600,0.3422818791946309,156
7,130,137,18.571428571428573,131
12,356,368,29.666666666666668,375
58,59,117,1.0172413793103448,47
16,100,116,6.25,95
16,495,511,30.9375,513
639,747,1386,1.1690140845070423,750
1025,1044,2069,1.0185365853658537,1006
38,372,410,9.789473684210526,389
487,3,490,0.006160164271047228,1
161,20,181,0.12422360248447205,4
28,363,391,12.964285714285714,411
13,419,432,32.23076923076923,441
85,927,1012,10.905882352941177,959
6,144,150,24.0,147
456,812,1268,1.780701754385965,820
623,13,636,0.02086677367576244,1
52,558,610,10.73076923076923,573
24,362,386,15.083333333333334,380
1,10,11,10.0,1
60,353,413,5.883333333333334,369
2468,7,2475,0.0028363047001620746,1
3,422,425,140.66666666666666,444
10,475,485,47.5,495
29,387,416,13.344827586206897,406
10,115,125,11.5,168
145,36,181,0.2482758620689655,36
157,169,326,1.0764331210191083,174
6,71,77,11.833333333333334,66
2569,371,2940,0.1444141689373297,390
714,627,1341,0.8781512605042017,638
13,269,282,20.692307692307693,280
49,26,75,0.5306122448979592,12
12,378,390,31.5,397
14,68,82,4.857142857142857,59
13,241,254,18.53846153846154,247
128,29,157,0.2265625,301
2,205,207,102.5,227
30,669,699,22.3,684
7,581,588,83.0,602
77,365,442,4.740259740259741,379
169,441,610,2.6094674556213016,462
25,333,358,13.32,350
574,746,1320,1.2996515679442509,750
2586,326,2912,0.12606341840680588,340
1244,600,1844,0.48231511254019294,614
22,488,510,22.181818181818183,507
1236,26,1262,0.021035598705501618,6
17,127,144,7.470588235294118,129
1151,7,1158,0.006081668114682885,1
12,87,99,7.25,436
8,44,52,5.5,216
13,438,451,33.69230769230769,871
13,104,117,8.0,88
112,277,389,2.4732142857142856,327
70,494,564,7.057142857142857,518
6,211,217,35.166666666666664,219
10,198,208,19.8,195
710,365,1075,0.5140845070422535,380
428,967,1395,2.2593457943925235,1006
3668,231,3899,0.06297709923664122,241
11,301,312,27.363636363636363,318
16,340,356,21.25,358
24,377,401,15.708333333333334,392
17,253,270,14.882352941176471,318
31,185,216,5.967741935483871,189
56,37,93,0.6607142857142857,23
39,104,143,2.6666666666666665,105
30,201,231,6.7,303
56,199,255,3.5535714285714284,203
1147,531,1678,0.4629468177855275,553
611,20,631,0.03273322422258593,5
5,108,113,21.6,105
2,10,12,5.0,1
68,325,393,4.779411764705882,347
7,410,417,58.57142857142857,430
92,621,713,6.75,627
9,439,448,48.77777777777778,297
25,285,310,11.4,296
88,35,123,0.3977272727272727,72
746,575,1321,0.7707774798927614,481
6,156,162,26.0,160
16,29,45,1.8125,13
10,501,511,50.1,524
70,24,94,0.34285714285714286,7
1452,194,1646,0.13360881542699724,202
763,55,818,0.07208387942332896,39
26,358,384,13.76923076923077,375
385,92,477,0.23896103896103896,84
29,630,659,21.724137931034484,642
20,737,757,36.85,735
428,4,432,0.009345794392523364,1
26,432,458,16.615384615384617,457
80,309,389,3.8625,323
16,340,356,21.25,360
6,14,20,2.3333333333333335,477
37,593,630,16.027027027027028,611
3477,162,3639,0.04659188955996549,163
1096,532,1628,0.4854014598540146,550
1,292,293,292.0,302
79,222,301,2.810126582278481,254
14,346,360,24.714285714285715,363
9,159,168,17.666666666666668,202
1719,851,2570,0.49505526468877253,856
18,68,86,3.7777777777777777,178
18,272,290,15.11111111111111,285
37,29,66,0.7837837837837838,16
45,32,77,0.7111111111111111,20
745,40,785,0.053691275167785234,28
35,268,303,7.6571428571428575,451
9,8,17,0.8888888888888888,1
247,315,562,1.2753036437246963,330
11,105,116,9.545454545454545,100
1045,588,1633,0.5626794258373206,605
134,136,270,1.0149253731343284,134
186,512,698,2.752688172043011,531
15,371,386,24.733333333333334,397
10,107,117,10.7,108
1383,133,1516,0.09616775126536514,131
29,238,267,8.206896551724139,245
72,953,1025,13.23611111111111,890
1942,7,1949,0.003604531410916581,1
1194,172,1366,0.1440536013400335,180
15,268,283,17.866666666666667,385
9,329,338,36.55555555555556,347
22,545,567,24.772727272727273,240
704,89,793,0.12642045454545456,88
513,233,746,0.45419103313840153,242
35,137,172,3.914285714285714,137
6,347,353,57.833333333333336,365
1965,138,2103,0.07022900763358779,137
25,111,136,4.44,106
3,279,282,93.0,292
10,291,301,29.1,329
1237,675,1912,0.5456750202101859,689
289,89,378,0.3079584775086505,85
10,65,75,6.5,56
72,729,801,10.125,733
179,167,346,0.9329608938547486,169
97,110,207,1.134020618556701,105
213,523,736,2.455399061032864,543
8,188,196,23.5,191
21,115,136,5.476190476190476,111
10,46,56,4.6,30
336,118,454,0.35119047619047616,116
21,64,85,3.0476190476190474,57
6,137,143,22.833333333333332,139
1993,186,2179,0.09332664325137983,191
3019,219,3238,0.0725405763497847,223
289,4,293,0.01384083044982699,1
20,39,59,1.95,23
31,232,263,7.483870967741935,241
13,249,262,19.153846153846153,258
80,971,1051,12.1375,1006
22,441,463,20.045454545454547,460
26,360,386,13.846153846153847,376
20,94,114,4.7,86
3491,395,3886,0.11314809510169006,416
106,592,698,5.584905660377358,608
116,112,228,0.9655172413793104,110
232,300,532,1.293103448275862,312
172,313,485,1.819767441860465,328
359,176,535,0.49025069637883006,182
12,283,295,23.583333333333332,300
89,782,871,8.786516853932584,784
102,10,112,0.09803921568627451,1
22,219,241,9.954545454545455,225
54,80,134,1.4814814814814814,70
45,452,497,10.044444444444444,469
34,433,467,12.735294117647058,455
49,71,120,1.4489795918367347,60
19,262,281,13.789473684210526,272
49,26,75,0.5306122448979592,10
2324,433,2757,0.18631669535283993,455
26,29,55,1.1153846153846154,16
1515,115,1630,0.07590759075907591,110
24,609,633,25.375,625
16,348,364,21.75,392
10,199,209,19.9,199
139,434,573,3.1223021582733814,452
28,150,178,5.357142857142857,153
45,639,684,14.2,650
7,29,36,4.142857142857143,12
14,97,111,6.928571428571429,423
1,428,429,428.0,432
40,458,498,11.45,476
13,324,337,24.923076923076923,338
69,134,203,1.9420289855072463,138
9,184,193,20.444444444444443,187
12,285,297,23.75,298
92,290,382,3.152173913043478,302
507,99,606,0.1952662721893491,89
1321,790,2111,0.5980317940953823,791
7,88,95,12.571428571428571,81
9,184,193,20.444444444444443,189
149,113,262,0.7583892617449665,107
86,318,404,3.697674418604651,335
17,129,146,7.588235294117647,126
5,703,708,140.6,714
1547,15,1562,0.009696186166774402,1
5,68,73,13.6,63
473,446,919,0.9429175475687104,466
63,290,353,4.603174603174603,303
72,238,310,3.3055555555555554,244
35,280,315,8.0,290
37,338,375,9.135135135135135,356
14,49,63,3.5,37
1269,329,1598,0.25925925925925924,348
27,431,458,15.962962962962964,446
16,267,283,16.6875,281
508,619,1127,1.218503937007874,632
16,95,111,5.9375,89
6,374,380,62.333333333333336,341
7,250,257,35.714285714285715,258
2,1033,1035,516.5,392
2210,31,2241,0.014027149321266969,1
8,85,93,10.625,77
1410,348,1758,0.24680851063829787,368
24,57,81,2.375,48
839,7,846,0.00834326579261025,1
15,72,87,4.8,64
22,12,34,0.5454545454545454,1
308,184,492,0.5974025974025974,188
14,718,732,51.285714285714285,728
26,463,489,17.807692307692307,484
3,10,13,3.3333333333333335,1
21,28,49,1.3333333333333333,15
40,221,261,5.525,248
1069,216,1285,0.20205799812909261,221
14,500,514,35.714285714285715,523
9,270,279,30.0,281
471,51,522,0.10828025477707007,43
14,305,319,21.785714285714285,324
10,132,142,13.2,129
17,292,309,17.176470588235293,309
10,125,135,12.5,125
48,537,585,11.1875,556
30,541,571,18.033333333333335,555
12,374,386,31.166666666666668,399
525,194,719,0.36952380952380953,198
5,270,275,54.0,286
506,178,684,0.35177865612648224,181
10,316,326,31.6,332
188,147,335,0.7819148936170213,149
35,97,132,2.7714285714285714,93
20,350,370,17.5,373
34,671,705,19.735294117647058,688
185,161,346,0.8702702702702703,164
10,69,79,6.9,59
85,284,369,3.3411764705882354,297
74,904,978,12.216216216216216,911
682,175,857,0.2565982404692082,322
13,640,653,49.23076923076923,347
34,135,169,3.9705882352941178,134
31,425,456,13.709677419354838,447
87,635,722,7.2988505747126435,649
124,98,222,0.7903225806451613,217
10,137,147,13.7,135
15,490,505,32.666666666666664,520
14,69,83,4.928571428571429,63
14,259,273,18.5,270
35,548,583,15.657142857142857,567
6,272,278,45.333333333333336,288
19,257,276,13.526315789473685,264
39,912,951,23.384615384615383,924
130,275,405,2.1153846153846154,287
57,183,240,3.210526315789474,187
867,674,1541,0.7773933102652826,681
28,294,322,10.5,305
44,195,239,4.431818181818182,200
27,385,412,14.25925925925926,399
374,286,660,0.7647058823529411,297
211,289,500,1.3696682464454977,304
212,118,330,0.5566037735849056,117
16,523,539,32.6875,540
28,499,527,17.821428571428573,519
16,252,268,15.75,259
66,268,334,4.0606060606060606,119
7,135,142,19.285714285714285,149
31,391,422,12.612903225806452,410
10,375,385,37.5,396
30,277,307,9.233333333333333,286
20,153,173,7.65,154
1962,736,2698,0.3751274209989806,741
215,444,659,2.0651162790697675,462
49,202,251,4.122448979591836,208
400,337,737,0.8425,354
17,415,432,24.41176470588235,440
58,514,572,8.862068965517242,538
22,322,344,14.636363636363637,335
27,283,310,10.481481481481481,298
14,283,297,20.214285714285715,281
17,30,47,1.7647058823529411,17
20,276,296,13.8,290
278,463,741,1.6654676258992807,484
3809,274,4083,0.07193489104751903,287
14,258,272,18.428571428571427,271
15,266,281,17.733333333333334,100
39,375,414,9.615384615384615,389
15,10,25,0.6666666666666666,1
1372,48,1420,0.03498542274052478,37
10,326,336,32.6,339
217,337,554,1.5529953917050692,354
25,140,165,5.6,141
2848,150,2998,0.05266853932584269,149
103,228,331,2.2135922330097086,259
551,120,671,0.2177858439201452,118
86,802,888,9.325581395348838,805
1592,395,1987,0.24811557788944724,392
22,98,120,4.454545454545454,91
83,181,264,2.180722891566265,180
796,141,937,0.1771356783919598,140
1353,959,2312,0.7087952697708795,273
64,156,220,2.4375,158
182,437,619,2.401098901098901,459
19,491,510,25.842105263157894,511
27,496,523,18.37037037037037,516
520,4,524,0.007692307692307693,1
5,220,225,44.0,225
11,51,62,4.636363636363637,41
11,225,236,20.454545454545453,232
12,35,47,2.9166666666666665,22
198,511,709,2.580808080808081,532
534,523,1057,0.9794007490636704,542
48,147,195,3.0625,146
171,207,378,1.2105263157894737,205
9,227,236,25.22222222222222,239
2672,79,2751,0.029565868263473054,73
1,10,11,10.0,1
35,388,423,11.085714285714285,408
11,157,168,14.272727272727273,157
10,297,307,29.7,312
8,407,415,50.875,431
308,180,488,0.5844155844155844,186
277,13,290,0.04693140794223827,1
2161,586,2747,0.27117075428042575,599
1887,995,2882,0.5272919978802332,1006
155,94,249,0.6064516129032258,86
33,171,204,5.181818181818182,172
76,216,292,2.8421052631578947,222
34,188,222,5.529411764705882,188
32,261,293,8.15625,269
1374,417,1791,0.3034934497816594,439
29,65,94,2.2413793103448274,57
186,163,349,0.8763440860215054,165
20,158,178,7.9,161
25,447,472,17.88,467
9,119,128,13.222222222222221,117
18,373,391,20.72222222222222,395
67,28,95,0.417910447761194,15
91,397,488,4.362637362637362,415
194,595,789,3.0670103092783507,608
562,292,854,0.5195729537366548,186
8,21,29,2.625,6
1,27,28,27.0,8
10,435,445,43.5,459
166,943,1109,5.680722891566265,950
20,424,444,21.2,441
22,90,112,4.090909090909091,82
22,597,619,27.136363636363637,614
9,214,223,23.77777777777778,220
30,350,380,11.666666666666666,368
37,423,460,11.432432432432432,440
163,40,203,0.24539877300613497,31
95,701,796,7.378947368421053,715
7,19,26,2.7142857142857144,1
54,44,98,0.8148148148148148,32
60,296,356,4.933333333333334,310
264,476,740,1.803030303030303,497
24,532,556,22.166666666666668,552
22,17,39,0.7727272727272727,2
3399,7,3406,0.002059429243895263,1
22,49,71,2.227272727272727,36
23,286,309,12.434782608695652,292
94,539,633,5.73404255319149,558
8,422,430,52.75,448
2,288,290,144.0,430
2,10,12,5.0,1
30,375,405,12.5,395
35,164,199,4.685714285714286,167
14,418,432,29.857142857142858,442
18,377,395,20.944444444444443,398
2311,401,2712,0.1735179575941151,422
2,92,94,46.0,84
21,526,547,25.047619047619047,549
2748,1015,3763,0.36935953420669576,442
20,178,198,8.9,181
20,447,467,22.35,465
1,10,11,10.0,1
908,187,1095,0.20594713656387664,190
21,201,222,9.571428571428571,206
1832,34,1866,0.018558951965065504,24
12,139,151,11.583333333333334,140
11,7,18,0.6363636363636364,1
56,260,316,4.642857142857143,269
77,301,378,3.909090909090909,316
24,34,58,1.4166666666666667,14
39,171,210,4.384615384615385,198
73,960,1033,13.150684931506849,250
28,503,531,17.964285714285715,519
3,143,146,47.666666666666664,313
1425,161,1586,0.11298245614035088,157
30,965,995,32.166666666666664,986
21,299,320,14.238095238095237,312
21,336,357,16.0,354
3283,152,3435,0.046299116661590006,123
382,140,522,0.36649214659685864,140
35,297,332,8.485714285714286,310
15,189,204,12.6,191
45,482,527,10.71111111111111,508
10,181,191,18.1,183
12,33,45,2.75,21
166,943,1109,5.680722891566265,950
5,230,235,46.0,232
130,101,231,0.7769230769230769,95
41,189,230,4.609756097560975,195
2229,35,2264,0.01570210856886496,22
40,417,457,10.425,441
88,1031,1119,11.715909090909092,1006
1272,93,1365,0.07311320754716981,84
2,77,79,38.5,68
15,267,282,17.8,276
155,512,667,3.303225806451613,531
10,143,153,14.3,146
75,480,555,6.4,503
8,87,95,10.875,98
16,348,364,21.75,365
2,228,230,114.0,235
28,247,275,8.821428571428571,258
19,113,132,5.947368421052632,108
910,324,1234,0.35604395604395606,340
10,161,171,16.1,168
16,509,525,31.8125,527
15,351,366,23.4,367
57,172,229,3.017543859649123,176
9,107,116,11.88888888888889,101
756,601,1357,0.794973544973545,613
17,37,54,2.176470588235294,24
22,774,796,35.18181818181818,773
8,351,359,43.875,370
10,245,255,24.5,329
3,62,65,20.666666666666668,54
16,789,805,49.3125,799
163,195,358,1.196319018404908,202
48,879,927,18.3125,889
11,688,699,62.54545454545455,704
579,984,1563,1.6994818652849741,1006
1289,962,2251,0.7463149728471683,941
26,580,606,22.307692307692307,598
35,390,425,11.142857142857142,408
2081,11,2092,0.005285920230658337,1
8,11,19,1.375,1
8,276,284,34.5,291
23,425,448,18.47826086956522,445
145,100,245,0.6896551724137931,36
16,383,399,23.9375,399
9,382,391,42.44444444444444,402
25,304,329,12.16,319
26,332,358,12.76923076923077,351
23,471,494,20.47826086956522,491
41,370,411,9.024390243902438,386
12,356,368,29.666666666666668,375
302,1051,1353,3.480132450331126,1006
1502,879,2381,0.585219707057257,886
90,656,746,7.288888888888889,663
45,169,214,3.7555555555555555,172
341,451,792,1.3225806451612903,476
1655,161,1816,0.09728096676737161,160
61,3,64,0.04918032786885246,1
56,407,463,7.267857142857143,426
12,143,155,11.916666666666666,143
9,693,702,77.0,707
7,87,94,12.428571428571429,149
9,529,538,58.77777777777778,554
252,185,437,0.7341269841269841,183
60,549,609,9.15,569
32,842,874,26.3125,851
14,163,177,11.642857142857142,160
950,126,1076,0.13263157894736843,126
442,121,563,0.2737556561085973,118
13,407,420,31.307692307692307,438
1538,179,1717,0.11638491547464239,183
224,25,249,0.11160714285714286,443
21,404,425,19.238095238095237,427
81,8,89,0.09876543209876543,1
14,604,618,43.142857142857146,616
91,976,1067,10.725274725274724,1006
16,301,317,18.8125,317
56,476,532,8.5,496
32,83,115,2.59375,75
240,210,450,0.875,216
454,525,979,1.1563876651982379,543
7,263,270,37.57142857142857,275
432,260,692,0.6018518518518519,271
117,532,649,4.547008547008547,556
643,32,675,0.049766718506998445,17
2766,478,3244,0.17281272595806219,496
12,170,182,14.166666666666666,173
25,344,369,13.76,363
81,575,656,7.098765432098766,592
9,331,340,36.77777777777778,342
20,749,769,37.45,762
457,581,1038,1.2713347921225382,596
30,524,554,17.466666666666665,543
1034,197,1231,0.19052224371373308,202
21,314,335,14.952380952380953,328
11,846,857,76.9090909090909,852
7,237,244,33.857142857142854,117
37,34,71,0.918918918918919,22
46,38,84,0.8260869565217391,28
7,175,182,25.0,132
3866,82,3948,0.021210553543714435,77
23,325,348,14.130434782608695,343
31,4,35,0.12903225806451613,1
9,506,515,56.22222222222222,527
524,510,1034,0.9732824427480916,531
17,376,393,22.11764705882353,397
378,178,556,0.4708994708994709,161
9,80,89,8.88888888888889,93
5,16,21,3.2,19
15,195,210,13.0,200
679,265,944,0.390279823269514,276
101,107,208,1.0594059405940595,104
94,392,486,4.170212765957447,406
6,15,21,2.5,1
170,62,232,0.36470588235294116,56
11,1122,1133,102.0,1006
123,916,1039,7.4471544715447155,917
9,176,185,19.555555555555557,179
20,636,656,31.8,652
6,11,17,1.8333333333333333,1
23,344,367,14.956521739130435,363
57,218,275,3.824561403508772,224
2373,166,2539,0.06995364517488412,388
30,250,280,8.333333333333334,262
764,18,782,0.02356020942408377,3
2064,137,2201,0.06637596899224807,134
29,787,816,27.137931034482758,794
114,97,211,0.8508771929824561,89
15,398,413,26.533333333333335,418
9,363,372,40.333333333333336,384
26,426,452,16.384615384615383,447
32,98,130,3.0625,94
515,143,658,0.27766990291262134,140
7,141,148,20.142857142857142,122
16,406,422,25.375,428
52,375,427,7.211538461538462,396
44,334,378,7.590909090909091,353
131,284,415,2.16793893129771,311
356,106,462,0.29775280898876405,101
11,455,466,41.36363636363637,852
21,43,64,2.0476190476190474,31
68,181,249,2.661764705882353,183
432,302,734,0.6990740740740741,320
11,531,542,48.27272727272727,547
12,227,239,18.916666666666668,235
125,584,709,4.672,599
9,238,247,26.444444444444443,245
1367,318,1685,0.232626188734455,152
9,216,225,24.0,222
64,216,280,3.375,223
15,306,321,20.4,324
50,409,459,8.18,432
519,134,653,0.2581888246628131,132
28,422,450,15.071428571428571,444
33,153,186,4.636363636363637,355
1496,900,2396,0.6016042780748663,911
2,329,331,164.5,346
17,286,303,16.823529411764707,302
5,325,330,65.0,341
14,248,262,17.714285714285715,253
1397,97,1494,0.06943450250536864,94
29,150,179,5.172413793103448,151
1090,802,1892,0.7357798165137615,808
1,33,34,33.0,34
27,314,341,11.62962962962963,333
360,824,1184,2.2888888888888888,841
809,238,1047,0.2941903584672435,246
69,266,335,3.8550724637681157,60
46,928,974,20.17391304347826,937
10,200,210,20.0,207
2385,420,2805,0.1761006289308176,441
110,681,791,6.1909090909090905,698
9,31,40,3.4444444444444446,19
20,532,552,26.6,347
937,525,1462,0.5602988260405549,161
775,221,996,0.28516129032258064,232
26,667,693,25.653846153846153,685
1269,9,1278,0.0070921985815602835,1
49,462,511,9.428571428571429,484
34,716,750,21.058823529411764,301
2898,239,3137,0.08247066942719117,221
1452,409,1861,0.28168044077134985,430
37,593,630,16.027027027027028,611
374,352,726,0.9411764705882353,371
13,343,356,26.384615384615383,358
8,232,240,29.0,238
43,45,88,1.0465116279069768,31
399,460,859,1.1528822055137844,479
16,446,462,27.875,471
233,313,546,1.3433476394849786,431
387,423,810,1.0930232558139534,443
354,454,808,1.2824858757062148,473
101,82,183,0.8118811881188119,48
4,13,17,3.25,1
172,338,510,1.9651162790697674,406
57,321,378,5.631578947368421,337
71,364,435,5.126760563380282,391
33,377,410,11.424242424242424,401
100,543,643,5.43,561
3015,28,3043,0.009286898839137645,14
17,732,749,43.05882352941177,739
222,143,365,0.6441441441441441,139
10,304,314,30.4,329
411,255,666,0.6204379562043796,267
11,311,322,28.272727272727273,331
101,277,378,2.742574257425743,289
93,461,554,4.956989247311828,478
25,220,245,8.8,244
95,143,238,1.5052631578947369,143
49,42,91,0.8571428571428571,23
23,105,128,4.565217391304348,102
88,124,212,1.4090909090909092,279
14,430,444,30.714285714285715,456
68,120,188,1.7647058823529411,117
45,719,764,15.977777777777778,490
23,326,349,14.173913043478262,338
469,147,616,0.31343283582089554,203
8,297,305,37.125,314
18,329,347,18.27777777777778,346
44,114,158,2.590909090909091,111
40,331,371,8.275,353
14,374,388,26.714285714285715,396
14,162,176,11.571428571428571,164
259,568,827,2.193050193050193,583
15,45,60,3.0,28
16,196,212,12.25,205
14,50,64,3.5714285714285716,40
157,415,572,2.643312101910828,439
661,714,1375,1.08018154311649,721
12,715,727,59.583333333333336,731
129,207,336,1.6046511627906976,214
32,139,171,4.34375,141
5,585,590,117.0,603
18,14,32,0.7777777777777778,1
925,497,1422,0.5372972972972972,511
19,294,313,15.473684210526315,304
15,398,413,26.533333333333335,421
1041,17,1058,0.01633045148895293,1
193,106,299,0.5492227979274611,259
26,800,826,30.76923076923077,801
13,107,120,8.23076923076923,107
101,999,1100,9.891089108910892,1006
975,814,1789,0.8348717948717949,820
8,402,410,50.25,421
42,102,144,2.4285714285714284,103
55,256,311,4.654545454545454,269
12,85,97,7.083333333333333,76
3,182,185,60.666666666666664,187
22,168,190,7.636363636363637,168
235,83,318,0.35319148936170214,71
35,78,113,2.2285714285714286,69
22,612,634,27.818181818181817,625
31,70,101,2.2580645161290325,60
45,30,75,0.6666666666666666,15
747,452,1199,0.6050870147255689,476
18,452,470,25.11111111111111,473
895,188,1083,0.2100558659217877,194
10,378,388,37.8,399
1190,513,1703,0.43109243697478994,391
10,91,101,9.1,86
72,141,213,1.9583333333333333,142
286,380,666,1.3286713286713288,412
33,254,287,7.696969696969697,375
11,461,472,41.90909090909091,481
25,266,291,10.64,295
23,282,305,12.26086956521739,294
23,410,433,17.82608695652174,295
12,274,286,22.833333333333332,289
1250,112,1362,0.0896,354
16,32,48,2.0,18
2,10,12,5.0,1
10,238,248,23.8,245
49,672,721,13.714285714285714,425
66,780,846,11.818181818181818,30
10,113,123,11.3,111
10,213,223,21.3,218
11,206,217,18.727272727272727,211
37,26,63,0.7027027027027027,141
6,340,346,56.666666666666664,359
12,335,347,27.916666666666668,348
12,237,249,19.75,241
28,10,38,0.35714285714285715,1
11,159,170,14.454545454545455,160
33,73,106,2.212121212121212,66
11,327,338,29.727272727272727,341
799,1039,1838,1.300375469336671,1006
115,882,997,7.6695652173913045,886
13,279,292,21.46153846153846,290
15,358,373,23.866666666666667,370
390,470,860,1.205128205128205,488
1389,4,1393,0.0028797696184305254,1
9,411,420,45.666666666666664,432
20,236,256,11.8,244
24,220,244,9.166666666666666,229
133,283,416,2.1278195488721803,294
46,541,587,11.76086956521739,566
4,227,231,56.75,234
64,74,138,1.15625,60
100,140,240,1.4,138
60,177,237,2.95,178
80,334,414,4.175,353
17,935,952,55.0,966
344,843,1187,2.4505813953488373,862
27,197,224,7.296296296296297,200
13,53,66,4.076923076923077,29
166,258,424,1.5542168674698795,270
28,334,362,11.928571428571429,352
44,363,407,8.25,383
27,316,343,11.703703703703704,331
25,118,143,4.72,117
67,56,123,0.835820895522388,48
222,292,514,1.3153153153153154,306
4,247,251,61.75,260
1001,1039,2040,1.037962037962038,1006
162,419,581,2.5864197530864197,364
42,821,863,19.547619047619047,825
6,272,278,45.333333333333336,286
1799,192,1991,0.10672595886603668,129
27,900,927,33.333333333333336,904
625,212,837,0.3392,186
25,464,489,18.56,478
50,354,404,7.08,371
19,749,768,39.421052631578945,757
24,865,889,36.041666666666664,873
10,343,353,34.3,273
100,421,521,4.21,442
1,10,11,10.0,1
25,974,999,38.96,1006
35,97,132,2.7714285714285714,93
34,477,511,14.029411764705882,502
16,295,311,18.4375,378
97,609,706,6.278350515463917,622
90,432,522,4.8,808
7,161,168,23.0,161
50,70,120,1.4,60
168,329,497,1.9583333333333333,349
11,347,358,31.545454545454547,357
27,177,204,6.555555555555555,180
39,215,254,5.512820512820513,223
21,326,347,15.523809523809524,343
13,694,707,53.38461538461539,633
11,688,699,62.54545454545455,704
65,945,1010,14.538461538461538,43
12,327,339,27.25,345
10,124,134,12.4,122
11,251,262,22.818181818181817,261
1446,9,1455,0.006224066390041493,1
2796,29,2825,0.010371959942775394,17
296,544,840,1.837837837837838,564
16,308,324,19.25,322
31,275,306,8.870967741935484,291
14,330,344,23.571428571428573,344
89,310,399,3.4831460674157304,325
18,446,464,24.77777777777778,468
12,264,276,22.0,277
8,698,706,87.25,710
30,295,325,9.833333333333334,312
30,56,86,1.8666666666666667,45
28,675,703,24.107142857142858,687
43,60,103,1.3953488372093024,47
17,25,42,1.4705882352941178,9
16,29,45,1.8125,13
68,189,257,2.7794117647058822,193
40,388,428,9.7,329
64,214,278,3.34375,216
13,437,450,33.61538461538461,466
5,320,325,64.0,337
31,830,861,26.774193548387096,839
510,313,823,0.6137254901960785,329
2,101,103,50.5,96
8,147,155,18.375,152
16,289,305,18.0625,307
21,635,656,30.238095238095237,648
18,25,43,1.3888888888888888,9
100,108,208,1.08,106
81,380,461,4.691358024691358,398
2087,22,2109,0.010541447053186392,6
24,274,298,11.416666666666666,288
1,10,11,10.0,1
130,852,982,6.553846153846154,852
1282,138,1420,0.10764430577223089,137
13,363,376,27.923076923076923,388
11,558,569,50.72727272727273,575
11,723,734,65.72727272727273,734
17,305,322,17.941176470588236,406
23,213,236,9.26086956521739,225
31,414,445,13.35483870967742,435
374,431,805,1.1524064171122994,448
126,886,1012,7.031746031746032,896
42,798,840,19.0,806
23,230,253,10.0,235
43,365,408,8.488372093023257,383
409,198,607,0.4841075794621027,200
101,764,865,7.564356435643564,768
21,99,120,4.714285714285714,95
208,768,976,3.6923076923076925,771
30,122,152,4.066666666666666,326
5,249,254,49.8,260
15,264,279,17.6,277
7,675,682,96.42857142857143,686
1804,402,2206,0.22283813747228381,425
14,1034,1048,73.85714285714286,1006
11,86,97,7.818181818181818,77
341,226,567,0.6627565982404692,229
258,168,426,0.6511627906976745,169
2224,55,2279,0.02473021582733813,45
686,193,879,0.2813411078717201,199
15,313,328,20.866666666666667,106
40,284,324,7.1,296
752,138,890,0.18351063829787234,134
27,139,166,5.148148148148148,139
158,1095,1253,6.930379746835443,1006
259,698,957,2.694980694980695,708
590,802,1392,1.3593220338983052,813
7,282,289,40.285714285714285,284
16,244,260,15.25,250
28,455,483,16.25,497
34,217,251,6.382352941176471,220
11,19,30,1.7272727272727273,3
44,762,806,17.318181818181817,339
58,189,247,3.2586206896551726,195
11,48,59,4.363636363636363,36
41,348,389,8.487804878048781,357
68,181,249,2.661764705882353,183
87,245,332,2.8160919540229883,255
280,415,695,1.4821428571428572,434
17,937,954,55.11764705882353,980
56,21,77,0.375,6
766,432,1198,0.5639686684073107,454
406,260,666,0.6403940886699507,271
9,128,137,14.222222222222221,129
91,84,175,0.9230769230769231,74
44,918,962,20.863636363636363,923
56,143,199,2.5535714285714284,103
192,874,1066,4.552083333333333,241
10,258,268,25.8,322
268,736,1004,2.746268656716418,741
396,397,793,1.0025252525252526,418
988,33,1021,0.03340080971659919,21
12,327,339,27.25,335
11,116,127,10.545454545454545,114
44,136,180,3.090909090909091,139
12,297,309,24.75,316
179,263,442,1.4692737430167597,273
80,189,269,2.3625,191
16,128,144,8.0,129
9,139,148,15.444444444444445,140
6,318,324,53.0,333
8,57,65,7.125,34
16,382,398,23.875,408
21,247,268,11.761904761904763,256
17,613,630,36.05882352941177,628
15,336,351,22.4,354
1372,283,1655,0.20626822157434402,297
3415,483,3898,0.14143484626647146,502
12,449,461,37.416666666666664,472
307,45,352,0.1465798045602606,35
1,11,12,11.0,5
26,624,650,24.0,636
183,7,190,0.03825136612021858,1
177,704,881,3.977401129943503,711
96,458,554,4.770833333333333,477
1326,175,1501,0.13197586726998492,178
140,482,622,3.442857142857143,499
749,501,1250,0.6688918558077437,520
1,10,11,10.0,1
795,500,1295,0.6289308176100629,520
1278,1034,2312,0.809076682316119,554
1692,778,2470,0.4598108747044917,777
24,290,314,12.083333333333334,429
24,452,476,18.833333333333332,475
4,39,43,9.75,25
123,215,338,1.7479674796747968,222
12,360,372,30.0,378
509,147,656,0.2888015717092338,146
98,80,178,0.8163265306122449,74
41,111,152,2.707317073170732,41
25,111,136,4.44,109
95,23,118,0.24210526315789474,9
92,451,543,4.9021739130434785,474
93,432,525,4.645161290322581,460
13,248,261,19.076923076923077,14
527,153,680,0.2903225806451613,153
38,62,100,1.631578947368421,53
125,635,760,5.08,654
99,43,142,0.43434343434343436,27
33,71,104,2.1515151515151514,30
16,314,330,19.625,332
55,58,113,1.0545454545454545,90
1083,207,1290,0.19113573407202217,213
12,717,729,59.75,739
7,245,252,35.0,253
579,789,1368,1.3626943005181347,795
2862,201,3063,0.07023060796645703,207
180,120,300,0.6666666666666666,115
13,263,276,20.23076923076923,338
41,258,299,6.2926829268292686,270
23,16,39,0.6956521739130435,4
569,121,690,0.2126537785588752,115
68,440,508,6.470588235294118,463
138,226,364,1.6376811594202898,107
15,290,305,19.333333333333332,307
3,464,467,154.66666666666666,484
30,233,263,7.766666666666667,242
30,415,445,13.833333333333334,438
400,628,1028,1.57,641
35,412,447,11.771428571428572,436
174,327,501,1.8793103448275863,344
11,291,302,26.454545454545453,305
13,915,928,70.38461538461539,937
13,302,315,23.23076923076923,321
26,136,162,5.230769230769231,133
215,159,374,0.7395348837209302,161
1853,429,2282,0.23151645979492713,450
33,233,266,7.0606060606060606,243
12,315,327,26.25,331
37,230,267,6.216216216216216,241
348,444,792,1.2758620689655173,472
66,413,479,6.257575757575758,434
17,390,407,22.941176470588236,410
55,280,335,5.090909090909091,296
462,406,868,0.8787878787878788,427
63,222,285,3.5238095238095237,231
9,152,161,16.88888888888889,154
13,109,122,8.384615384615385,103
68,181,249,2.661764705882353,183
78,244,322,3.128205128205128,253
73,441,514,6.041095890410959,436
9,317,326,35.22222222222222,333
3,46,49,15.333333333333334,32
66,332,398,5.03030303030303,344
32,128,160,4.0,127
11,104,115,9.454545454545455,97
2264,220,2484,0.09717314487632508,227
66,560,626,8.484848484848484,580
44,251,295,5.704545454545454,398
8,902,910,112.75,228
3,28,31,9.333333333333334,15
1604,205,1809,0.12780548628428928,212
28,314,342,11.214285714285714,331
1554,128,1682,0.08236808236808237,125
35,548,583,15.657142857142857,567
481,99,580,0.20582120582120583,210
43,443,486,10.30232558139535,453
362,104,466,0.287292817679558,99
215,93,308,0.4325581395348837,86
13,133,146,10.23076923076923,137
55,262,317,4.763636363636364,272
80,36,116,0.45,24
1028,260,1288,0.2529182879377432,307
54,316,370,5.851851851851852,333
8,195,203,24.375,172
171,30,201,0.17543859649122806,18
17,236,253,13.882352941176471,246
24,212,236,8.833333333333334,89
80,971,1051,12.1375,1006
69,227,296,3.289855072463768,233
12,179,191,14.916666666666666,181
74,91,165,1.2297297297297298,86
13,95,108,7.3076923076923075,89
44,33,77,0.75,18
22,856,878,38.90909090909091,866
4,125,129,31.25,95
12,138,150,11.5,136
92,172,264,1.8695652173913044,176
276,646,922,2.3405797101449277,661
76,501,577,6.592105263157895,520
883,177,1060,0.20045300113250283,116
51,472,523,9.254901960784315,496
92,419,511,4.554347826086956,352
4,111,115,27.75,108
10,61,71,6.1,47
19,262,281,13.789473684210526,273
10,129,139,12.9,128
68,120,188,1.7647058823529411,117
16,253,269,15.8125,263
13,441,454,33.92307692307692,461
1190,1068,2258,0.8974789915966387,1006
1547,15,1562,0.009696186166774402,1
20,286,306,14.3,300
6,353,359,58.833333333333336,374
23,433,456,18.82608695652174,453
9,517,526,57.44444444444444,538
13,146,159,11.23076923076923,147
72,585,657,8.125,600
5,25,30,5.0,8
30,259,289,8.633333333333333,269
140,167,307,1.1928571428571428,169
11,654,665,59.45454545454545,664
123,18,141,0.14634146341463414,2
5,228,233,45.6,235
544,7,551,0.012867647058823529,1
25,307,332,12.28,324
15,87,102,5.8,80
11,382,393,34.72727272727273,402
39,290,329,7.435897435897436,301
12,565,577,47.083333333333336,586
239,354,593,1.4811715481171548,463
26,607,633,23.346153846153847,623
30,328,358,10.933333333333334,470
4,309,313,77.25,326
13,97,110,7.461538461538462,90
9,304,313,33.77777777777778,324
13,168,181,12.923076923076923,170
30,98,128,3.2666666666666666,415
26,104,130,4.0,101
497,4,501,0.008048289738430584,1
80,21,101,0.2625,7
17,95,112,5.588235294117647,88
15,461,476,30.733333333333334,481
18,480,498,26.666666666666668,500
307,363,670,1.1824104234527688,287
9,211,220,23.444444444444443,220
91,13,104,0.14285714285714285,1
177,956,1133,5.401129943502825,964
7,285,292,40.714285714285715,224
14,189,203,13.5,195
232,288,520,1.2413793103448276,297
143,404,547,2.825174825174825,426
13,81,94,6.230769230769231,76
19,408,427,21.473684210526315,430
3633,297,3930,0.08175061932287365,311
348,9,357,0.02586206896551724,1
27,266,293,9.851851851851851,276
83,21,104,0.25301204819277107,6
8,55,63,6.875,44
217,176,393,0.8110599078341014,107
267,177,444,0.6629213483146067,180
25,441,466,17.64,461
10,175,185,17.5,175
17,753,770,44.294117647058826,761
134,559,693,4.1716417910447765,577
289,241,530,0.8339100346020761,352
24,548,572,22.833333333333332,571
429,493,922,1.1491841491841492,512
2,10,12,5.0,1
1072,83,1155,0.07742537313432836,76
366,503,869,1.3743169398907105,522
3,472,475,157.33333333333334,497
702,40,742,0.05698005698005698,29
25,437,462,17.48,459
91,185,276,2.032967032967033,189
53,750,803,14.150943396226415,753
9,385,394,42.77777777777778,402
669,786,1455,1.1748878923766817,789
44,280,324,6.363636363636363,229
9,59,68,6.555555555555555,48
21,718,739,34.19047619047619,727
737,430,1167,0.5834464043419267,448
4,139,143,34.75,140
81,279,360,3.4444444444444446,291
40,452,492,11.3,474
36,426,462,11.833333333333334,442
9,962,971,106.88888888888889,1000
29,330,359,11.379310344827585,354
32,683,715,21.34375,568
11,320,331,29.09090909090909,342
553,135,688,0.244122965641953,135
2,38,40,19.0,1
14,354,368,25.285714285714285,375
42,38,80,0.9047619047619048,24
29,553,582,19.06896551724138,569
497,443,940,0.8913480885311871,465
1066,45,1111,0.04221388367729831,35
222,707,929,3.184684684684685,713
17,144,161,8.470588235294118,146
1,40,41,40.0,1
113,358,471,3.168141592920354,378
251,328,579,1.3067729083665338,346
214,489,703,2.2850467289719627,510
78,297,375,3.8076923076923075,310
1,10,11,10.0,1
5,29,34,5.8,14
56,34,90,0.6071428571428571,22
10,415,425,41.5,438
39,45,84,1.1538461538461537,32
419,4,423,0.00954653937947494,322
21,525,546,25.0,545
14,416,430,29.714285714285715,442
77,390,467,5.064935064935065,412
5,273,278,54.6,284
67,359,426,5.358208955223881,381
2,10,12,5.0,1
1,53,54,53.0,43
23,280,303,12.173913043478262,294
7,366,373,52.285714285714285,386
34,502,536,14.764705882352942,454
12,300,312,25.0,125
11,731,742,66.45454545454545,739
319,204,523,0.6394984326018809,210
1,10,11,10.0,1
1087,321,1408,0.2953081876724931,334
8,408,416,51.0,430
379,504,883,1.3298153034300793,523
21,880,901,41.904761904761905,889
1,29,30,29.0,1
6,119,125,19.833333333333332,116
42,715,757,17.023809523809526,723
7,115,122,16.428571428571427,149
31,355,386,11.451612903225806,369
643,4,647,0.006220839813374806,1
3,400,403,133.33333333333334,424
377,375,752,0.9946949602122016,396
30,356,386,11.866666666666667,375
14,510,524,36.42857142857143,531
171,171,342,1.0,205
17,287,304,16.88235294117647,304
190,364,554,1.9157894736842105,381
55,573,628,10.418181818181818,591
40,681,721,17.025,692
7,27,34,3.857142857142857,13
1425,230,1655,0.16140350877192983,236
18,348,366,19.333333333333332,369
33,412,445,12.484848484848484,427
58,945,1003,16.29310344827586,952
22,122,144,5.545454545454546,119
48,597,645,12.4375,612
10,254,264,25.4,267
16,400,416,25.0,420
25,486,511,19.44,507
5,141,146,28.2,141
144,339,483,2.3541666666666665,355
18,849,867,47.166666666666664,852
76,260,336,3.4210526315789473,271
11,524,535,47.63636363636363,546
19,418,437,22.0,445
1,21,22,21.0,1
539,599,1138,1.111317254174397,326
569,964,1533,1.6942003514938488,976
9,252,261,28.0,261
71,470,541,6.619718309859155,491
1321,790,2111,0.5980317940953823,791
65,269,334,4.138461538461539,282
20,36,56,1.8,21
1038,210,1248,0.2023121387283237,215
24,459,483,19.125,480
5,40,45,8.0,25
286,319,605,1.1153846153846154,332
50,217,267,4.34,224
6,130,136,21.666666666666668,133
10,277,287,27.7,290
14,460,474,32.857142857142854,481
1294,123,1417,0.09505409582689335,118
50,812,862,16.24,818
1537,359,1896,0.2335718932986337,380
19,152,171,8.0,154
8,172,180,21.5,174
9,62,71,6.888888888888889,51
442,608,1050,1.3755656108597285,622
663,36,699,0.05429864253393665,25
1199,268,1467,0.22351959966638865,282
26,96,122,3.6923076923076925,92
162,486,648,3.0,505
75,403,478,5.373333333333333,424
824,694,1518,0.8422330097087378,426
2,11,13,5.5,1
7,102,109,14.571428571428571,99
97,23,120,0.23711340206185566,133
6,179,185,29.833333333333332,182
22,240,262,10.909090909090908,252
10,203,213,20.3,209
45,165,210,3.6666666666666665,165
35,439,474,12.542857142857143,461
22,34,56,1.5454545454545454,20
49,261,310,5.326530612244898,271
7,94,101,13.428571428571429,89
24,148,172,6.166666666666667,148
24,217,241,9.041666666666666,223
59,378,437,6.406779661016949,395
16,64,80,4.0,56
11,149,160,13.545454545454545,151
46,212,258,4.608695652173913,220
261,62,323,0.23754789272030652,53
10,124,134,12.4,120
25,312,337,12.48,325
202,346,548,1.7128712871287128,364
108,379,487,3.509259259259259,387
30,524,554,17.466666666666665,543
20,245,265,12.25,255
491,512,1003,1.0427698574338085,530
122,503,625,4.122950819672131,528
960,581,1541,0.6052083333333333,597
21,313,334,14.904761904761905,331
557,312,869,0.5601436265709157,109
1172,92,1264,0.07849829351535836,86
31,585,616,18.870967741935484,596
1,176,177,176.0,302
17,487,504,28.647058823529413,507
45,752,797,16.711111111111112,752
8,181,189,22.625,186
15,66,81,4.4,59
14,256,270,18.285714285714285,266
19,22,41,1.1578947368421053,6
84,101,185,1.2023809523809523,99
16,253,269,15.8125,263
193,178,371,0.9222797927461139,183
40,459,499,11.475,479
14,397,411,28.357142857142858,420
996,164,1160,0.1646586345381526,168
15,295,310,19.666666666666668,310
16,451,467,28.1875,473
22,597,619,27.136363636363637,614
28,360,388,12.857142857142858,376
22,88,110,4.0,78
13,94,107,7.230769230769231,86
32,474,506,14.8125,499
8,114,122,14.25,113
208,54,262,0.25961538461538464,45
57,183,240,3.210526315789474,187
12,43,55,3.5833333333333335,33
8,15,23,1.875,1
36,384,420,10.666666666666666,408
6,88,94,14.666666666666666,78
2282,491,2773,0.2151621384750219,59
7,229,236,32.714285714285715,235
19,281,300,14.789473684210526,295
17,264,281,15.529411764705882,274
9,385,394,42.77777777777778,321
15,206,221,13.733333333333333,216
640,539,1179,0.8421875,554
57,218,275,3.824561403508772,224
867,807,1674,0.9307958477508651,802
64,200,264,3.125,203
30,284,314,9.466666666666667,300
11,893,904,81.18181818181819,900
32,161,193,5.03125,166
38,326,364,8.578947368421053,341
37,421,458,11.378378378378379,442
142,844,986,5.943661971830986,875
11,340,351,30.90909090909091,314
10,113,123,11.3,331
7,97,104,13.857142857142858,149
29,253,282,8.724137931034482,261
9,12,21,1.3333333333333333,107
23,367,390,15.956521739130435,384
18,875,893,48.611111111111114,884
142,109,251,0.7676056338028169,106
2057,128,2185,0.06222654350996597,128
20,170,190,8.5,172
75,63,138,0.84,53
804,22,826,0.02736318407960199,7
16,194,210,12.125,198
24,308,332,12.833333333333334,320
25,569,594,22.76,593
216,110,326,0.5092592592592593,104
22,368,390,16.727272727272727,387
51,49,100,0.9607843137254902,37
7,83,90,11.857142857142858,74
460,394,854,0.8565217391304348,415
11,204,215,18.545454545454547,209
103,70,173,0.6796116504854369,62
449,610,1059,1.358574610244989,619
20,282,302,14.1,298
61,471,532,7.721311475409836,490
13,614,627,47.23076923076923,634
282,93,375,0.32978723404255317,186
22,383,405,17.40909090909091,406
21,515,536,24.523809523809526,533
1398,940,2338,0.6723891273247496,949
1,10,11,10.0,1
14,371,385,26.5,392
9,335,344,37.22222222222222,356
245,239,484,0.9755102040816327,249
64,461,525,7.203125,482
60,411,471,6.85,433
86,211,297,2.453488372093023,216
85,372,457,4.376470588235295,391
788,6,794,0.007614213197969543,1
5,77,82,15.4,68
19,171,190,9.0,174
1920,115,2035,0.059895833333333336,112
9,72,81,8.0,63
13,151,164,11.615384615384615,337
13,783,796,60.23076923076923,779
55,246,301,4.472727272727273,257
25,457,482,18.28,479
155,199,354,1.2838709677419355,204
268,736,1004,2.746268656716418,741
13,233,246,17.923076923076923,241
90,117,207,1.3,125
529,178,707,0.33648393194706994,179
15,147,162,9.8,147
18,290,308,16.11111111111111,307
110,752,862,6.836363636363636,756
15,254,269,16.933333333333334,320
60,983,1043,16.383333333333333,1006
7,343,350,49.0,260
15,101,116,6.733333333333333,93
27,871,898,32.25925925925926,881
9,319,328,35.44444444444444,332
27,245,272,9.074074074074074,255
78,470,548,6.0256410256410255,490
18,299,317,16.61111111111111,316
24,265,289,11.041666666666666,275
67,28,95,0.417910447761194,15
16,253,269,15.8125,260
57,236,293,4.140350877192983,244
2163,246,2409,0.11373092926490985,255
10,111,121,11.1,108
5,91,96,18.2,84
89,870,959,9.775280898876405,877
21,336,357,16.0,355
6,139,145,23.166666666666668,140
8,278,286,34.75,293
34,154,188,4.529411764705882,156
33,168,201,5.090909090909091,168
39,359,398,9.205128205128204,377
10,302,312,30.2,317
4,424,428,106.0,426
13,871,884,67.0,871
97,191,288,1.9690721649484537,192
18,551,569,30.61111111111111,569
182,41,223,0.22527472527472528,42
24,31,55,1.2916666666666667,14
356,328,684,0.9213483146067416,343
24,401,425,16.708333333333332,429
25,768,793,30.72,773
16,532,548,33.25,555
27,132,159,4.888888888888889,135
15,246,261,16.4,257
22,244,266,11.090909090909092,255
386,285,671,0.7383419689119171,299
134,132,266,0.9850746268656716,130
1813,259,2072,0.14285714285714285,267
10,277,287,27.7,288
17,509,526,29.941176470588236,533
29,369,398,12.724137931034482,388
247,149,396,0.6032388663967612,150
124,438,562,3.532258064516129,464
33,601,634,18.21212121212121,616
99,862,961,8.707070707070708,871
150,484,634,3.2266666666666666,502
172,492,664,2.86046511627907,518
105,95,200,0.9047619047619048,95
98,956,1054,9.755102040816327,962
32,250,282,7.8125,259
758,1069,1827,1.4102902374670185,1006
61,183,244,3.0,188
14,133,147,9.5,132
1250,82,1332,0.0656,76
16,306,322,19.125,320
13,101,114,7.769230769230769,96
61,546,607,8.950819672131148,434
43,130,173,3.0232558139534884,127
47,243,290,5.170212765957447,251
122,128,250,1.0491803278688525,125
2419,85,2504,0.03513848697809012,78
11,252,263,22.90909090909091,262
8,55,63,6.875,44
11,624,635,56.72727272727273,636
8,140,148,17.5,143
1013,362,1375,0.35735439289239884,379
1709,314,2023,0.18373317729666472,335
94,250,344,2.6595744680851063,304
32,411,443,12.84375,430
2553,222,2775,0.08695652173913043,229
5,239,244,47.8,252
15,183,198,12.2,124
1,70,71,70.0,1
116,112,228,0.9655172413793104,110
204,580,784,2.843137254901961,500
110,308,418,2.8,231
294,855,1149,2.9081632653061225,867
16,189,205,11.8125,195
1619,222,1841,0.13712168004941322,231
8,185,193,23.125,183
913,372,1285,0.40744797371303393,367
84,602,686,7.166666666666667,619
15,171,186,11.4,175
653,376,1029,0.5758039816232772,393
23,681,704,29.608695652173914,691
486,318,804,0.654320987654321,337
26,268,294,10.307692307692308,279
97,110,207,1.134020618556701,105
9,234,243,26.0,240
35,167,202,4.771428571428571,172
36,149,185,4.138888888888889,151
59,260,319,4.406779661016949,271
6,67,73,11.166666666666666,56
40,300,340,7.5,315
2597,386,2983,0.14863303812090875,408
393,48,441,0.12213740458015267,38
15,214,229,14.266666666666667,217
11,366,377,33.27272727272727,386
38,513,551,13.5,539
10,387,397,38.7,329
26,327,353,12.576923076923077,346
103,582,685,5.650485436893204,599
42,572,614,13.619047619047619,432
22,572,594,26.0,269
13,255,268,19.615384615384617,266
16,226,242,14.125,232
1597,255,1852,0.1596743894802755,264
64,460,524,7.1875,481
37,245,282,6.621621621621622,253
0,31,31,1,126
12,139,151,11.583333333333334,140
11,364,375,33.09090909090909,385
836,427,1263,0.5107655502392344,449
24,30,54,1.25,14
23,497,520,21.608695652173914,509
22,856,878,38.90909090909091,866
552,471,1023,0.8532608695652174,493
2323,190,2513,0.08179078777442962,197
2,329,331,164.5,346
519,36,555,0.06936416184971098,23
570,92,662,0.16140350877192983,251
16,216,232,13.5,221
303,963,1266,3.1782178217821784,974
37,399,436,10.783783783783784,419
207,145,352,0.7004830917874396,200
8,289,297,36.125,304
8,220,228,27.5,226
8,75,83,9.375,64
18,464,482,25.77777777777778,486
251,179,430,0.7131474103585658,185
31,295,326,9.516129032258064,310
1531,288,1819,0.18811234487263226,295
26,224,250,8.615384615384615,233
11,366,377,33.27272727272727,386
25,278,303,11.12,294
6,324,330,54.0,342
407,943,1350,2.3169533169533167,951
17,415,432,24.41176470588235,505
21,433,454,20.61904761904762,453
11,521,532,47.36363636363637,542
373,490,863,1.3136729222520107,510
10,341,351,34.1,363
1200,452,1652,0.37666666666666665,474
3,10,13,3.3333333333333335,1
138,153,291,1.108695652173913,644
29,824,853,28.413793103448278,841
258,773,1031,2.996124031007752,469
10,109,119,10.9,106
83,623,706,7.506024096385542,635
5,78,83,15.6,69
9,761,770,84.55555555555556,765
35,271,306,7.742857142857143,278
32,687,719,21.46875,699
4,147,151,36.75,151
13,141,154,10.846153846153847,142
842,435,1277,0.5166270783847982,459
13,393,406,30.23076923076923,416
28,109,137,3.892857142857143,105
108,501,609,4.638888888888889,293
4,301,305,75.25,317
18,629,647,34.94444444444444,640
12,121,133,10.083333333333334,116
13,526,539,40.46153846153846,309
816,139,955,0.17034313725490197,141
39,265,304,6.794871794871795,275
24,426,450,17.75,452
653,288,941,0.44104134762633995,305
18,757,775,42.05555555555556,763
2461,851,3312,0.34579439252336447,854
5,222,227,44.4,229
40,729,769,18.225,735
46,437,483,9.5,461
144,612,756,4.25,626
7,259,266,37.0,277
58,198,256,3.413793103448276,204
240,478,718,1.9916666666666667,500
1547,15,1562,0.009696186166774402,1
53,366,419,6.90566037735849,383
43,461,504,10.720930232558139,482
21,21,42,1.0,5
623,143,766,0.22953451043338685,140
105,361,466,3.4380952380952383,378
2391,246,2637,0.1028858218318695,257
88,955,1043,10.852272727272727,556
202,417,619,2.0643564356435644,435
193,265,458,1.3730569948186528,338
38,276,314,7.2631578947368425,290
37,209,246,5.648648648648648,424
40,276,316,6.9,289
246,363,609,1.475609756097561,378
14,120,134,8.571428571428571,117
40,18,58,0.45,1
61,340,401,5.573770491803279,356
171,1042,1213,6.093567251461988,1006
1254,690,1944,0.5502392344497608,713
63,177,240,2.8095238095238093,179
26,443,469,17.03846153846154,463
53,395,448,7.452830188679245,413
1165,398,1563,0.34163090128755363,416
6,220,226,36.666666666666664,224
6,211,217,35.166666666666664,219
134,283,417,2.111940298507463,290
22,310,332,14.090909090909092,327
884,321,1205,0.36312217194570134,336
21,149,170,7.095238095238095,150
11,261,272,23.727272727272727,82
3002,212,3214,0.07061958694203864,220
25,49,74,1.96,37
234,509,743,2.175213675213675,529
351,813,1164,2.3162393162393164,819
12,94,106,7.833333333333333,90
14,7,21,0.5,1
14,425,439,30.357142857142858,452
106,541,647,5.10377358490566,562
3152,61,3213,0.019352791878172588,48
1,10,11,10.0,1
20,170,190,8.5,173
12,763,775,63.583333333333336,772
16,259,275,16.1875,270
17,544,561,32.0,560
39,557,596,14.282051282051283,575
6,349,355,58.166666666666664,367
6,156,162,26.0,160
17,113,130,6.647058823529412,106
6,447,453,74.5,468
1,34,35,34.0,1
24,400,424,16.666666666666668,426
18,362,380,20.11111111111111,383
54,276,330,5.111111111111111,287
38,522,560,13.736842105263158,551
22,408,430,18.545454545454547,182
15,242,257,16.133333333333333,251
10,223,233,22.3,228
21,417,438,19.857142857142858,466
288,144,432,0.5,139
10,216,226,21.6,223
23,4,27,0.17391304347826086,1
8,466,474,58.25,490
20,258,278,12.9,276
8,359,367,44.875,385
90,51,141,0.5666666666666667,42
24,163,187,6.791666666666667,164
30,457,487,15.233333333333333,472
111,255,366,2.2972972972972974,266
6,261,267,43.5,268
70,154,224,2.2,156
52,446,498,8.576923076923077,341
1117,513,1630,0.459265890778872,535
45,318,363,7.066666666666666,334
1236,6,1242,0.0048543689320388345,6
393,108,501,0.2748091603053435,106
705,313,1018,0.44397163120567373,328
23,237,260,10.304347826086957,243
15,255,270,17.0,265
41,245,286,5.975609756097561,257
19,363,382,19.105263157894736,382
11,39,50,3.5454545454545454,26
19,476,495,25.05263157894737,494
16,412,428,25.75,437
58,386,444,6.655172413793103,406
9,211,220,23.444444444444443,217
35,487,522,13.914285714285715,442
83,573,656,6.903614457831325,741
19,433,452,22.789473684210527,454
145,37,182,0.25517241379310346,36
476,379,855,0.7962184873949579,397
421,7,428,0.0166270783847981,1
18,151,169,8.38888888888889,153
17,370,387,21.764705882352942,388
34,257,291,7.5588235294117645,266
18,139,157,7.722222222222222,139
17,362,379,21.294117647058822,318
872,540,1412,0.6192660550458715,500
2347,15,2362,0.006391137622496805,1
23,330,353,14.347826086956522,347
1390,38,1428,0.027338129496402876,21
69,454,523,6.579710144927536,474
39,275,314,7.051282051282051,287
9,26,35,2.888888888888889,10
15,89,104,5.933333333333334,82
1785,180,1965,0.10084033613445378,189
25,283,308,11.32,293
8,314,322,39.25,326
17,371,388,21.823529411764707,391
2391,305,2696,0.1275616896695943,363
8,21,29,2.625,6
569,397,966,0.6977152899824253,419
12,449,461,37.416666666666664,472
8,177,185,22.125,178
16,309,325,19.3125,327
42,187,229,4.4523809523809526,191
11,340,351,30.90909090909091,314
34,330,364,9.705882352941176,159
91,403,494,4.428571428571429,422
30,496,526,16.533333333333335,516
49,538,587,10.979591836734693,645
9,241,250,26.77777777777778,254
20,620,640,31.0,633
9,973,982,108.11111111111111,986
61,159,220,2.6065573770491803,161
958,265,1223,0.2766179540709812,278
392,401,793,1.0229591836734695,423
16,307,323,19.1875,327
1981,45,2026,0.02271580010095911,35
68,563,631,8.279411764705882,583
9,116,125,12.88888888888889,112
9,293,302,32.55555555555556,304
20,94,114,4.7,86
14,518,532,37.0,537
250,174,424,0.696,180
1,11,12,11.0,1
6,173,179,28.833333333333332,174
2,35,37,17.5,26
13,933,946,71.76923076923077,951
3,11,14,3.6666666666666665,1
889,1111,2000,1.249718785151856,1006
13,124,137,9.538461538461538,123
218,488,706,2.238532110091743,507
2027,136,2163,0.06709422792303897,5
5,115,120,23.0,111
30,186,216,6.2,192
15,592,607,39.46666666666667,613
307,843,1150,2.745928338762215,847
13,199,212,15.307692307692308,207
1321,259,1580,0.19606358819076458,252
51,144,195,2.823529411764706,143
11,183,194,16.636363636363637,185
26,277,303,10.653846153846153,290
36,3,39,0.08333333333333333,1
34,441,475,12.970588235294118,464
19,751,770,39.526315789473685,815
23,160,183,6.956521739130435,163
6,559,565,93.16666666666667,572
21,289,310,13.761904761904763,301
1134,106,1240,0.09347442680776014,100
379,3,382,0.0079155672823219,1
725,588,1313,0.8110344827586207,695
228,38,266,0.16666666666666666,29
77,82,159,1.0649350649350648,77
9,266,275,29.555555555555557,276
10,313,323,31.3,329
3112,639,3751,0.20533419023136246,655
11,256,267,23.272727272727273,290
3,500,503,166.66666666666666,522
14,23,37,1.6428571428571428,24
49,157,206,3.204081632653061,155
44,395,439,8.977272727272727,416
23,416,439,18.08695652173913,483
3004,53,3057,0.017643142476697737,497
14,391,405,27.928571428571427,409
21,283,304,13.476190476190476,292
14,346,360,24.714285714285715,363
64,75,139,1.171875,63
79,378,457,4.784810126582278,397
387,351,738,0.9069767441860465,640
76,342,418,4.5,366
280,12,292,0.04285714285714286,1
1702,35,1737,0.020564042303172738,21
61,314,375,5.147540983606557,333
17,323,340,19.0,338
1257,476,1733,0.3786793953858393,498
214,258,472,1.205607476635514,268
73,515,588,7.054794520547945,535
46,18,64,0.391304347826087,39
539,280,819,0.5194805194805194,291
48,579,627,12.0625,596
13,341,354,26.23076923076923,357
151,745,896,4.933774834437086,752
36,417,453,11.583333333333334,437
28,284,312,10.142857142857142,300
535,129,664,0.2411214953271028,69
36,178,214,4.944444444444445,210
14,59,73,4.214285714285714,47
37,564,601,15.243243243243244,585
51,257,308,5.03921568627451,267
37,231,268,6.243243243243243,210
15,574,589,38.266666666666666,594
807,127,934,0.15737298636926889,122
35,209,244,5.9714285714285715,218
462,398,860,0.8614718614718615,416
1,10,11,10.0,1
56,260,316,4.642857142857143,269
328,275,603,0.8384146341463414,287
39,112,151,2.871794871794872,111
64,419,483,6.546875,436
24,733,757,30.541666666666668,744
38,220,258,5.7894736842105265,224
76,342,418,4.5,366
15,220,235,14.666666666666666,224
67,118,185,1.7611940298507462,116
218,13,231,0.05963302752293578,1
21,551,572,26.238095238095237,576
11,20,31,1.8181818181818181,6
124,272,396,2.193548387096774,284
8,290,298,36.25,304
774,442,1216,0.5710594315245479,464
40,62,102,1.55,327
27,1000,1027,37.03703703703704,1006
6,158,164,26.333333333333332,306
94,174,268,1.851063829787234,181
252,759,1011,3.011904761904762,761
23,361,384,15.695652173913043,381
54,358,412,6.62962962962963,378
65,494,559,7.6,511
9,108,117,12.0,103
10,266,276,26.6,285
42,416,458,9.904761904761905,440
31,49,80,1.5806451612903225,36
74,23,97,0.3108108108108108,9
3096,951,4047,0.3071705426356589,961
1545,302,1847,0.19546925566343043,314
517,424,941,0.8201160541586073,445
30,146,176,4.866666666666666,147
123,599,722,4.869918699186992,612
1,10,11,10.0,1
39,434,473,11.128205128205128,382
155,349,504,2.2516129032258063,316
103,85,188,0.8252427184466019,76
18,99,117,5.5,92
9,228,237,25.333333333333332,237
16,196,212,12.25,197
13,226,239,17.384615384615383,237
12,342,354,28.5,356
39,336,375,8.615384615384615,352
13,23,36,1.7692307692307692,4
53,648,701,12.226415094339623,511
22,224,246,10.181818181818182,232
11,230,241,20.90909090909091,301
12,352,364,29.333333333333332,375
302,142,444,0.47019867549668876,141
13,529,542,40.69230769230769,549
93,350,443,3.763440860215054,371
22,339,361,15.409090909090908,353
9,174,183,19.333333333333332,179
63,797,860,12.65079365079365,806
90,284,374,3.1555555555555554,299
10,396,406,39.6,415
25,179,204,7.16,185
8,407,415,50.875,426
97,473,570,4.876288659793815,493
14,515,529,36.785714285714285,537
8,45,53,5.625,34
523,65,588,0.124282982791587,54
25,432,457,17.28,451
9,440,449,48.888888888888886,461
1179,1022,2201,0.8668363019508057,1006
75,533,608,7.1066666666666665,553
6,291,297,48.5,304
49,201,250,4.1020408163265305,204
25,252,277,10.08,264
38,408,446,10.736842105263158,424
5,129,134,25.8,124
14,375,389,26.785714285714285,392
116,112,228,0.9655172413793104,110
3,11,14,3.6666666666666665,1
3414,198,3612,0.05799648506151142,201
6,345,351,57.5,363
166,451,617,2.716867469879518,43
299,419,718,1.4013377926421404,441
31,922,953,29.741935483870968,929
19,240,259,12.631578947368421,250
10,294,304,29.4,311
5,211,216,42.2,219
39,54,93,1.3846153846153846,51
10,260,270,26.0,271
14,87,101,6.214285714285714,76
13,287,300,22.076923076923077,300
1597,127,1724,0.07952410770194114,125
136,257,393,1.8897058823529411,270
2419,85,2504,0.03513848697809012,78
21,216,237,10.285714285714286,225
15,369,384,24.6,387
29,158,187,5.448275862068965,160
32,484,516,15.125,501
38,759,797,19.973684210526315,762
859,389,1248,0.4528521536670547,406
666,513,1179,0.7702702702702703,537
31,335,366,10.806451612903226,664
18,275,293,15.277777777777779,290
14,399,413,28.5,421
830,160,990,0.1927710843373494,164
47,470,517,10.0,488
399,460,859,1.1528822055137844,479
54,358,412,6.62962962962963,378
3,471,474,157.0,491
22,142,164,6.454545454545454,141
202,17,219,0.08415841584158416,1
20,394,414,19.7,468
10,405,415,40.5,427
2,39,41,19.5,392
23,98,121,4.260869565217392,96
12,27,39,2.25,12
31,828,859,26.70967741935484,825
663,36,699,0.05429864253393665,25
86,190,276,2.2093023255813953,191
50,364,414,7.28,385
9,89,98,9.88888888888889,269
28,340,368,12.142857142857142,356
1879,943,2822,0.5018626929217669,955
12,276,288,23.0,289
278,174,452,0.6258992805755396,181
77,397,474,5.1558441558441555,410
202,237,439,1.1732673267326732,292
37,177,214,4.783783783783784,182
70,269,339,3.842857142857143,281
74,286,360,3.864864864864865,300
168,484,652,2.880952380952381,502
21,253,274,12.047619047619047,261
68,351,419,5.161764705882353,372
19,267,286,14.052631578947368,281
68,185,253,2.7205882352941178,188
70,141,211,2.0142857142857142,143
32,497,529,15.53125,519
28,384,412,13.714285714285714,405
3,635,638,211.66666666666666,78
66,20,86,0.30303030303030304,4
104,406,510,3.9038461538461537,427
6,367,373,61.166666666666664,273
31,661,692,21.322580645161292,674
8,34,42,4.25,19
48,142,190,2.9583333333333335,226
11,229,240,20.818181818181817,237
41,210,251,5.121951219512195,217
14,263,277,18.785714285714285,272
1172,145,1317,0.12372013651877133,1
15,329,344,21.933333333333334,345
8,169,177,21.125,169
17,126,143,7.411764705882353,124
1482,12,1494,0.008097165991902834,5
37,387,424,10.45945945945946,407
6,18,24,3.0,2
22,957,979,43.5,976
12,210,222,17.5,217
416,792,1208,1.9038461538461537,802
17,391,408,23.0,415
10,518,528,51.8,537
272,209,481,0.7683823529411765,216
171,30,201,0.17543859649122806,18
785,298,1083,0.3796178343949045,314
62,582,644,9.387096774193548,600
37,357,394,9.64864864864865,375
65,770,835,11.846153846153847,776
70,234,304,3.342857142857143,122
22,537,559,24.40909090909091,561
3,439,442,146.33333333333334,457
28,92,120,3.2857142857142856,85
11,111,122,10.090909090909092,107
68,67,135,0.9852941176470589,58
2733,653,3386,0.238931577021588,672
100,33,133,0.33,22
4,309,313,77.25,326
13,740,753,56.92307692307692,751
634,353,987,0.556782334384858,375
22,373,395,16.954545454545453,393
546,841,1387,1.5402930402930404,854
743,229,972,0.3082099596231494,238
80,33,113,0.4125,18
15,137,152,9.133333333333333,138
9,568,577,63.111111111111114,583
72,140,212,1.9444444444444444,138
13,122,135,9.384615384615385,120
92,576,668,6.260869565217392,452
551,4,555,0.007259528130671506,1
30,252,282,8.4,263
87,82,169,0.9425287356321839,76
86,278,364,3.2325581395348837,289
463,41,504,0.08855291576673865,32
19,352,371,18.526315789473685,371
11,725,736,65.9090909090909,733
782,915,1697,1.170076726342711,932
28,70,98,2.5,61
1162,668,1830,0.5748709122203098,683
94,922,1016,9.808510638297872,926
10,494,504,49.4,516
3421,91,3512,0.026600409237065185,84
28,374,402,13.357142857142858,399
28,963,991,34.392857142857146,979
9,119,128,13.222222222222221,117
31,339,370,10.935483870967742,357
10,258,268,25.8,462
19,810,829,42.63157894736842,816
131,203,334,1.549618320610687,360
11,1122,1133,102.0,1006
31,361,392,11.64516129032258,378
327,757,1084,2.314984709480122,766
13,55,68,4.230769230769231,45
513,800,1313,1.5594541910331383,801
62,138,200,2.225806451612903,297
128,358,486,2.796875,379
8,95,103,11.875,88
41,259,300,6.317073170731708,271
37,291,328,7.864864864864865,308
241,165,406,0.6846473029045643,397
1462,267,1729,0.1826265389876881,279
19,206,225,10.842105263157896,210
113,702,815,6.212389380530974,719
24,220,244,9.166666666666666,229
321,403,724,1.2554517133956387,420
62,835,897,13.46774193548387,835
19,449,468,23.63157894736842,470
1752,419,2171,0.2391552511415525,438
20,337,357,16.85,351
297,735,1032,2.474747474747475,739
8,253,261,31.625,266
8,389,397,48.625,413
1036,353,1389,0.3407335907335907,371
12,488,500,40.666666666666664,502
9,207,216,23.0,215
986,456,1442,0.46247464503042596,475
34,171,205,5.029411764705882,174
44,732,776,16.636363636363637,655
208,507,715,2.4375,526
15,25,40,1.6666666666666667,31
65,51,116,0.7846153846153846,40
1,48,49,48.0,1
2041,20,2061,0.009799118079372856,4
32,541,573,16.90625,661
5,161,166,32.2,162
71,576,647,8.112676056338028,369
11,318,329,28.90909090909091,341
8,403,411,50.375,432
10,152,162,15.2,150
19,309,328,16.263157894736842,311
9,321,330,35.666666666666664,335
28,434,462,15.5,454
1,10,11,10.0,1
19,418,437,22.0,437
17,385,402,22.647058823529413,407
1869,306,2175,0.1637239165329053,318
1,10,11,10.0,1
440,28,468,0.06363636363636363,11
6,338,344,56.333333333333336,356
11,102,113,9.272727272727273,99
633,4,637,0.00631911532385466,1
53,521,574,9.830188679245284,542
20,216,236,10.8,223
30,342,372,11.4,360
68,236,304,3.4705882352941178,244
28,900,928,32.142857142857146,905
94,936,1030,9.957446808510639,961
410,272,682,0.6634146341463415,286
233,950,1183,4.07725321888412,969
51,127,178,2.4901960784313726,474
41,348,389,8.487804878048781,357
1,10,11,10.0,1
408,162,570,0.39705882352941174,147
7,33,40,4.714285714285714,21
23,557,580,24.217391304347824,578
916,132,1048,0.14410480349344978,130
544,957,1501,1.7591911764705883,990
667,550,1217,0.8245877061469266,570
654,601,1255,0.918960244648318,614
13,166,179,12.76923076923077,283
38,505,543,13.289473684210526,528
12,93,105,7.75,84
34,906,940,26.647058823529413,895
312,51,363,0.16346153846153846,38
28,203,231,7.25,234
34,414,448,12.176470588235293,432
401,123,524,0.30673316708229426,120
9,233,242,25.88888888888889,243
18,174,192,9.666666666666666,176
143,410,553,2.867132867132867,430
8,114,122,14.25,109
10,254,264,25.4,267
65,770,835,11.846153846153847,776
144,147,291,1.0208333333333333,236
48,537,585,11.1875,556
672,385,1057,0.5729166666666666,404
50,62,112,1.24,51
57,468,525,8.210526315789474,487
2905,247,3152,0.08502581755593804,256
35,137,172,3.914285714285714,137
41,15,56,0.36585365853658536,1
781,303,1084,0.3879641485275288,322
56,524,580,9.357142857142858,542
44,245,289,5.568181818181818,259
31,262,293,8.451612903225806,301
48,30,78,0.625,17
10,476,486,47.6,504
11,475,486,43.18181818181818,490
43,88,131,2.046511627906977,85
137,121,258,0.8832116788321168,118
13,312,325,24.0,327
1950,471,2421,0.24153846153846154,491
17,190,207,11.176470588235293,195
6,415,421,69.16666666666667,439
2403,955,3358,0.3974198918019143,970
14,315,329,22.5,331
4,77,81,19.25,68
43,60,103,1.3953488372093024,47
26,96,122,3.6923076923076925,92
501,105,606,0.20958083832335328,119
10,267,277,26.7,383
77,603,680,7.8311688311688314,619
25,338,363,13.52,370
1,18,19,18.0,335
607,379,986,0.6243822075782537,283
12,267,279,22.25,277
15,36,51,2.4,23
2131,473,2604,0.22196152041295167,493
157,142,299,0.9044585987261147,380
17,383,400,22.529411764705884,407
92,573,665,6.228260869565218,590
924,339,1263,0.36688311688311687,409
9,365,374,40.55555555555556,239
15,710,725,47.333333333333336,726
35,227,262,6.485714285714286,236
9,190,199,21.11111111111111,192
132,370,502,2.803030303030303,387
23,833,856,36.21739130434783,840
44,475,519,10.795454545454545,473
38,292,330,7.684210526315789,302
14,358,372,25.571428571428573,370
23,107,130,4.6521739130434785,103
1,10,11,10.0,1
15,299,314,19.933333333333334,314
101,244,345,2.4158415841584158,253
126,283,409,2.246031746031746,296
218,295,513,1.353211009174312,306
450,412,862,0.9155555555555556,433
123,75,198,0.6097560975609756,66
958,345,1303,0.36012526096033404,358
470,348,818,0.7404255319148936,365
69,46,115,0.6666666666666666,33
62,328,390,5.290322580645161,342
8,526,534,65.75,548
1048,4,1052,0.003816793893129771,115
17,359,376,21.11764705882353,376
90,11,101,0.12222222222222222,1
10,220,230,22.0,231
2016,290,2306,0.14384920634920634,303
15,288,303,19.2,381
6,22,28,3.6666666666666665,8
1139,1024,2163,0.8990342405618964,1006
27,365,392,13.518518518518519,369
343,566,909,1.6501457725947521,585
2339,1030,3369,0.440359127832407,1006
90,817,907,9.077777777777778,827
208,507,715,2.4375,526
12,103,115,8.583333333333334,99
38,458,496,12.052631578947368,475
5,146,151,29.2,148
1743,29,1772,0.01663798049340218,52
1078,985,2063,0.9137291280148423,1006
70,137,207,1.957142857142857,226
21,594,615,28.285714285714285,613
286,507,793,1.7727272727272727,814
495,547,1042,1.105050505050505,571
210,670,880,3.1904761904761907,702
10,302,312,30.2,317
91,904,995,9.934065934065934,431
10,386,396,38.6,410
6,354,360,59.0,374
34,441,475,12.970588235294118,461
18,490,508,27.22222222222222,506
622,493,1115,0.792604501607717,513
34,386,420,11.352941176470589,405
1139,81,1220,0.07111501316944688,76
35,35,70,1.0,21
614,409,1023,0.6661237785016286,433
11,86,97,7.818181818181818,79
15,250,265,16.666666666666668,259
9,154,163,17.11111111111111,158
190,341,531,1.7947368421052632,361
25,203,228,8.12,210
122,330,452,2.7049180327868854,349
238,859,1097,3.6092436974789917,868
818,407,1225,0.49755501222493886,423
59,212,271,3.593220338983051,219
18,308,326,17.11111111111111,321
338,275,613,0.8136094674556213,282
20,684,704,34.2,635
85,501,586,5.894117647058824,519
56,366,422,6.535714285714286,379
107,55,162,0.514018691588785,44
1250,366,1616,0.2928,354
153,551,704,3.6013071895424837,574
70,115,185,1.6428571428571428,113
64,878,942,13.71875,884
74,427,501,5.77027027027027,450
1105,118,1223,0.10678733031674208,116
11,731,742,66.45454545454545,739
267,177,444,0.6629213483146067,180
46,23,69,0.5,70
309,226,535,0.7313915857605178,154
26,572,598,22.0,591
22,118,140,5.363636363636363,115
42,271,313,6.4523809523809526,284
53,750,803,14.150943396226415,753
39,954,993,24.46153846153846,747
203,588,791,2.896551724137931,606
1276,155,1431,0.12147335423197492,156
19,724,743,38.10526315789474,732
75,920,995,12.266666666666667,917
1,10,11,10.0,1
30,308,338,10.266666666666667,325
5,443,448,88.6,464
2038,264,2302,0.1295387634936212,278
12,865,877,72.08333333333333,877
199,389,588,1.9547738693467336,409
91,515,606,5.65934065934066,510
9,14,23,1.5555555555555556,354
38,181,219,4.7631578947368425,184
45,433,478,9.622222222222222,452
207,587,794,2.8357487922705316,606
15,346,361,23.066666666666666,348
77,34,111,0.44155844155844154,81
56,630,686,11.25,648
40,490,530,12.25,4
486,668,1154,1.374485596707819,681
421,943,1364,2.2399049881235156,954
9,479,488,53.22222222222222,301
10,28,38,2.8,14
9,253,262,28.11111111111111,264
8,135,143,16.875,135
12,98,110,8.166666666666666,791
65,945,1010,14.538461538461538,43
15,628,643,41.86666666666667,644
11,687,698,62.45454545454545,701
51,120,171,2.3529411764705883,118
117,139,256,1.188034188034188,141
72,906,978,12.583333333333334,915
9,319,328,35.44444444444444,332
541,266,807,0.49168207024029575,278
22,347,369,15.772727272727273,366
555,238,793,0.42882882882882883,745
97,45,142,0.4639175257731959,33
1041,17,1058,0.01633045148895293,1
370,201,571,0.5432432432432432,203
98,243,341,2.479591836734694,253
14,525,539,37.5,543
161,410,571,2.546583850931677,432
47,197,244,4.191489361702128,202
13,474,487,36.46153846153846,498
2066,15,2081,0.007260406582768635,19
39,524,563,13.435897435897436,543
70,269,339,3.842857142857143,281
3832,24,3856,0.006263048016701462,36
46,254,300,5.521739130434782,261
15,247,262,16.466666666666665,380
25,432,457,17.28,455
2391,82,2473,0.034295273943956504,77
1194,329,1523,0.27554438860971525,343
19,257,276,13.526315789473685,264
183,286,469,1.5628415300546448,300
12,593,605,49.416666666666664,610
45,742,787,16.488888888888887,750
12,227,239,18.916666666666668,235
61,25,86,0.4098360655737705,12
7,359,366,51.285714285714285,378
258,401,659,1.554263565891473,423
2511,20,2531,0.00796495420151334,5
9,418,427,46.44444444444444,381
35,309,344,8.82857142857143,325
21,694,715,33.04761904761905,709
70,235,305,3.357142857142857,241
11,1082,1093,98.36363636363636,1006
29,435,464,15.0,452
1276,487,1763,0.3816614420062696,509
20,163,183,8.15,166
61,325,386,5.327868852459017,338
8,407,415,50.875,426
23,394,417,17.130434782608695,415
4,576,580,144.0,602
29,267,296,9.206896551724139,426
19,92,111,4.842105263157895,85
41,554,595,13.512195121951219,577
387,312,699,0.8062015503875969,328
46,117,163,2.5434782608695654,116
212,409,621,1.929245283018868,427
68,424,492,6.235294117647059,444
40,349,389,8.725,369
24,548,572,22.833333333333332,571
8,763,771,95.375,767
17,362,379,21.294117647058822,318
8,242,250,30.25,128
9,118,127,13.11111111111111,119
8,510,518,63.75,533
1,10,11,10.0,1
1502,910,2412,0.6058588548601864,910
3,97,100,32.333333333333336,92
399,960,1359,2.406015037593985,1006
51,65,116,1.2745098039215685,58
139,557,696,4.0071942446043165,575
1307,573,1880,0.4384085692425402,591
76,546,622,7.184210526315789,563
294,209,503,0.7108843537414966,214
32,527,559,16.46875,255
183,857,1040,4.683060109289618,860
75,220,295,2.933333333333333,234
52,160,212,3.076923076923077,163
57,623,680,10.929824561403509,636
21,99,120,4.714285714285714,95
24,346,370,14.416666666666666,362
16,701,717,43.8125,707
1416,140,1556,0.09887005649717515,134
242,7,249,0.028925619834710745,1
5,409,414,81.8,433
48,55,103,1.1458333333333333,41
1,10,11,10.0,1
12,1001,1013,83.41666666666667,1006
14,418,432,29.857142857142858,438
21,376,397,17.904761904761905,393
25,422,447,16.88,450
7,819,826,117.0,819
9,253,262,28.11111111111111,264
8,192,200,24.0,196
24,903,927,37.625,913
2014,348,2362,0.1727904667328699,369
30,771,801,25.7,775
15,264,279,17.6,277
11,266,277,24.181818181818183,277
105,595,700,5.666666666666667,610
38,38,76,1.0,25
8,55,63,6.875,44
12,570,582,47.5,588
19,642,661,33.78947368421053,657
10,203,213,20.3,208
22,193,215,8.772727272727273,199
52,223,275,4.288461538461538,230
42,308,350,7.333333333333333,467
85,458,543,5.3882352941176475,483
127,36,163,0.28346456692913385,26
1478,893,2371,0.6041948579161028,896
27,211,238,7.814814814814815,218
253,36,289,0.1422924901185771,21
22,30,52,1.3636363636363635,12
7,311,318,44.42857142857143,329
120,160,280,1.3333333333333333,164
6,147,153,24.5,148
75,252,327,3.36,262
8,94,102,11.75,88
25,379,404,15.16,395
1165,398,1563,0.34163090128755363,416
79,663,742,8.39240506329114,679
25,662,687,26.48,677
117,834,951,7.128205128205129,843
35,197,232,5.628571428571429,199
163,905,1068,5.552147239263804,530
42,342,384,8.142857142857142,360
696,391,1087,0.5617816091954023,410
106,354,460,3.339622641509434,374
13,225,238,17.307692307692307,381
28,97,125,3.4642857142857144,93
81,38,119,0.4691358024691358,25
56,226,282,4.035714285714286,237
9,395,404,43.888888888888886,416
11,240,251,21.818181818181817,246
214,3,217,0.014018691588785047,1
80,420,500,5.25,443
56,33,89,0.5892857142857143,250
41,268,309,6.536585365853658,282
675,389,1064,0.5762962962962963,405
2,10,12,5.0,1
72,953,1025,13.23611111111111,890
1,47,48,47.0,1
13,94,107,7.230769230769231,88
55,516,571,9.381818181818181,537
153,468,621,3.0588235294117645,484
22,607,629,27.59090909090909,625
16,668,684,41.75,678
16,93,109,5.8125,87
9,494,503,54.888888888888886,518
71,356,427,5.014084507042254,375
284,663,947,2.334507042253521,674
19,418,437,22.0,341
158,278,436,1.759493670886076,275
19,787,806,41.421052631578945,793
582,427,1009,0.7336769759450171,443
5,174,179,34.8,178
21,70,91,3.3333333333333335,61
14,90,104,6.428571428571429,81
14,37,51,2.642857142857143,19
13,814,827,62.61538461538461,823
109,657,766,6.027522935779817,528
11,348,359,31.636363636363637,371
422,124,546,0.2938388625592417,122
16,330,346,20.625,346
72,442,514,6.138888888888889,198
198,215,413,1.0858585858585859,212
44,33,77,0.75,19
1,10,11,10.0,1
2088,912,3000,0.4367816091954023,919
10,218,228,21.8,224
2312,193,2505,0.08347750865051903,202
55,53,108,0.9636363636363636,42
8,506,514,63.25,528
37,615,652,16.62162162162162,630
10,476,486,47.6,498
39,358,397,9.179487179487179,372
118,234,352,1.9830508474576272,243
49,243,292,4.959183673469388,252
16,248,264,15.5,257
833,52,885,0.062424969987995196,39
1,10,11,10.0,1
9,247,256,27.444444444444443,258
302,468,770,1.5496688741721854,492
381,316,697,0.8293963254593176,331
7,244,251,34.857142857142854,149
17,213,230,12.529411764705882,217
157,266,423,1.694267515923567,281
85,169,254,1.988235294117647,173
284,61,345,0.2147887323943662,50
21,117,138,5.571428571428571,111
1327,490,1817,0.36925395629238883,511
30,716,746,23.866666666666667,732
706,161,867,0.22804532577903683,163
1,36,37,36.0,5
369,221,590,0.5989159891598916,227
8,130,138,16.25,145
16,291,307,18.1875,305
16,560,576,35.0,579
783,402,1185,0.5134099616858238,463
911,511,1422,0.5609220636663008,530
15,8,23,0.5333333333333333,1
9,100,109,11.11111111111111,95
189,320,509,1.693121693121693,333
1,10,11,10.0,1
14,272,286,19.428571428571427,390
9,363,372,40.333333333333336,384
40,138,178,3.45,135
220,929,1149,4.222727272727273,930
47,13,60,0.2765957446808511,1
1767,580,2347,0.3282399547255235,545
17,341,358,20.058823529411764,350
17,666,683,39.1764705882353,675
8,232,240,29.0,238
1654,64,1718,0.03869407496977025,51
22,4,26,0.18181818181818182,1
6,31,37,5.166666666666667,16
652,238,890,0.36503067484662577,246
31,712,743,22.967741935483872,718
16,84,100,5.25,76
7,362,369,51.714285714285715,372
1,10,11,10.0,1
46,529,575,11.5,553
259,174,433,0.6718146718146718,109
41,504,545,12.292682926829269,482
21,680,701,32.38095238095238,689
13,272,285,20.923076923076923,282
19,369,388,19.42105263157895,473
6,1001,1007,166.83333333333334,1006
33,47,80,1.4242424242424243,36
3,265,268,88.33333333333333,326
10,225,235,22.5,233
8,557,565,69.625,574
354,232,586,0.655367231638418,243
10,246,256,24.6,253
151,1008,1159,6.675496688741722,1006
2841,235,3076,0.08271735304470257,114
16,237,253,14.8125,113
11,22,33,2.0,8
709,456,1165,0.6431593794076164,481
221,6,227,0.027149321266968326,1
5,97,102,19.4,208
136,88,224,0.6470588235294118,82
15,30,45,2.0,16
54,147,201,2.7222222222222223,147
19,325,344,17.105263157894736,343
23,433,456,18.82608695652174,457
450,478,928,1.0622222222222222,501
132,311,443,2.356060606060606,322
9,211,220,23.444444444444443,217
8,419,427,52.375,441
13,51,64,3.923076923076923,41
8,17,25,2.125,1
14,330,344,23.571428571428573,344
37,306,343,8.27027027027027,319
460,268,728,0.5826086956521739,279
40,396,436,9.9,536
11,225,236,20.454545454545453,232
510,3,513,0.0058823529411764705,507
16,540,556,33.75,560
64,318,382,4.96875,337
63,148,211,2.3492063492063493,147
16,394,410,24.625,417
2583,216,2799,0.08362369337979095,226
9,380,389,42.22222222222222,444
2052,62,2114,0.030214424951267055,53
47,488,535,10.382978723404255,508
21,314,335,14.952380952380953,328
999,474,1473,0.4744744744744745,492
9,342,351,38.0,361
18,98,116,5.444444444444445,92
261,863,1124,3.3065134099616857,871
9,323,332,35.888888888888886,336
6,48,54,8.0,38
809,238,1047,0.2941903584672435,246
2459,47,2506,0.01911346075640504,510
553,314,867,0.5678119349005425,330
344,385,729,1.119186046511628,404
13,291,304,22.384615384615383,116
34,37,71,1.088235294117647,23
2,10,12,5.0,1
413,82,495,0.19854721549636803,77
38,30,68,0.7894736842105263,15
56,267,323,4.767857142857143,280
18,199,217,11.055555555555555,205
408,193,601,0.4730392156862745,199
278,987,1265,3.550359712230216,1006
73,301,374,4.123287671232877,319
519,421,940,0.8111753371868978,441
10,201,211,20.1,206
10,234,244,23.4,239
29,200,229,6.896551724137931,210
537,23,560,0.04283054003724395,9
50,167,217,3.34,169
105,107,212,1.019047619047619,105
5,59,64,11.8,51
11,297,308,27.0,312
840,513,1353,0.6107142857142858,530
47,210,257,4.468085106382978,219
26,655,681,25.192307692307693,669
1220,496,1716,0.4065573770491803,514
8,388,396,48.5,161
13,871,884,67.0,871
5,297,302,59.4,309
2083,44,2127,0.02112337974075852,18
15,289,304,19.266666666666666,305
8,402,410,50.25,421
87,396,483,4.551724137931035,409
14,498,512,35.57142857142857,520
144,380,524,2.638888888888889,399
27,281,308,10.407407407407407,287
1231,680,1911,0.5523964256701869,685
39,209,248,5.358974358974359,231
19,156,175,8.210526315789474,159
9,28,37,3.111111111111111,12
746,648,1394,0.868632707774799,659
36,285,321,7.916666666666667,296
10,169,179,16.9,172
787,108,895,0.1372299872935197,106
55,554,609,10.072727272727272,571
49,486,535,9.918367346938776,507
78,626,704,8.025641025641026,638
657,96,753,0.1461187214611872,92
55,73,128,1.3272727272727274,65
271,421,692,1.5535055350553506,440
18,667,685,37.05555555555556,683
1082,20,1102,0.018484288354898338,4
13,381,394,29.307692307692307,341
458,31,489,0.06768558951965066,8
29,453,482,15.620689655172415,472
144,339,483,2.3541666666666665,355
1,10,11,10.0,1
43,36,79,0.8372093023255814,10
27,492,519,18.22222222222222,523
10,391,401,39.1,410
45,408,453,9.066666666666666,425
11,436,447,39.63636363636363,358
5,86,91,17.2,78
18,353,371,19.61111111111111,377
25,465,490,18.6,489
6,11,17,1.8333333333333333,1
29,605,634,20.862068965517242,619
17,763,780,44.88235294117647,763
21,134,155,6.380952380952381,130
11,387,398,35.18181818181818,408
20,413,433,20.65,316
61,571,632,9.360655737704919,591
1543,26,1569,0.016850291639662993,12
22,328,350,14.909090909090908,344
93,144,237,1.5483870967741935,143
7,401,408,57.285714285714285,298
36,759,795,21.083333333333332,764
16,307,323,19.1875,327
57,25,82,0.43859649122807015,10
1505,443,1948,0.2943521594684385,466
34,31,65,0.9117647058823529,16
21,678,699,32.285714285714285,688
25,248,273,9.92,260
12,317,329,26.416666666666668,330
26,216,242,8.307692307692308,224
10,293,303,29.3,307
140,197,337,1.4071428571428573,205
35,144,179,4.114285714285714,145
2861,793,3654,0.2771758126529186,800
6,90,96,15.0,85
28,153,181,5.464285714285714,153
36,378,414,10.5,396
111,563,674,5.072072072072072,578
39,248,287,6.358974358974359,258
30,312,342,10.4,453
15,124,139,8.266666666666667,120
2221,924,3145,0.4160288158487168,129
2,292,294,146.0,331
28,277,305,9.892857142857142,242
8,186,194,23.25,191
44,270,314,6.136363636363637,280
93,114,207,1.2258064516129032,183
2,10,12,5.0,1
18,262,280,14.555555555555555,184
19,351,370,18.473684210526315,368
7,160,167,22.857142857142858,79
34,583,617,17.147058823529413,603
25,548,573,21.92,565
18,265,283,14.722222222222221,277
39,398,437,10.205128205128204,411
111,186,297,1.6756756756756757,191
14,206,220,14.714285714285714,210
6,365,371,60.833333333333336,170
9,109,118,12.11111111111111,106
65,295,360,4.538461538461538,307
15,279,294,18.6,292
13,491,504,37.76923076923077,513
9,291,300,32.333333333333336,312
19,119,138,6.2631578947368425,116
166,640,806,3.855421686746988,900
492,202,694,0.4105691056910569,207
13,161,174,12.384615384615385,160
16,379,395,23.6875,387
24,68,92,2.8333333333333335,62
1254,869,2123,0.6929824561403509,879
193,106,299,0.5492227979274611,259
18,700,718,38.888888888888886,397
9,257,266,28.555555555555557,267
18,418,436,23.22222222222222,109
9,244,253,27.11111111111111,250
74,325,399,4.391891891891892,341
121,163,284,1.3471074380165289,168
90,284,374,3.1555555555555554,299
700,142,842,0.20285714285714285,144
2,11,13,5.5,1
89,230,319,2.5842696629213484,237
2866,336,3202,0.11723656664340544,353
31,444,475,14.32258064516129,467
44,388,432,8.818181818181818,405
1,11,12,11.0,5
494,139,633,0.2813765182186235,139
29,309,338,10.655172413793103,325
16,384,400,24.0,407
11,394,405,35.81818181818182,419
29,452,481,15.586206896551724,472
7,185,192,26.428571428571427,182
195,358,553,1.8358974358974358,378
28,104,132,3.7142857142857144,100
102,608,710,5.96078431372549,627
12,308,320,25.666666666666668,325
100,126,226,1.26,121
12,126,138,10.5,120
316,369,685,1.1677215189873418,391
70,30,100,0.42857142857142855,25
22,869,891,39.5,902
501,189,690,0.3772455089820359,194
48,133,181,2.7708333333333335,132
8,422,430,52.75,448
77,104,181,1.3506493506493507,81
140,228,368,1.6285714285714286,144
11,336,347,30.545454545454547,352
3,107,110,35.666666666666664,103
8,83,91,10.375,76
29,56,85,1.9310344827586208,449
35,487,522,13.914285714285715,510
98,277,375,2.826530612244898,288
44,33,77,0.75,16
1,10,11,10.0,1
30,530,560,17.666666666666668,549
71,257,328,3.619718309859155,266
26,23,49,0.8846153846153846,6
154,354,508,2.2987012987012987,33
19,500,519,26.31578947368421,528
183,857,1040,4.683060109289618,862
16,797,813,49.8125,802
8,369,377,46.125,367
11,518,529,47.09090909090909,539
117,429,546,3.6666666666666665,448
15,241,256,16.066666666666666,252
44,82,126,1.8636363636363635,75
20,541,561,27.05,562
1,54,55,54.0,34
22,306,328,13.909090909090908,323
18,990,1008,55.0,1006
633,236,869,0.37282780410742494,242
19,264,283,13.894736842105264,278
29,294,323,10.137931034482758,306
276,261,537,0.9456521739130435,274
198,399,597,2.015151515151515,418
12,307,319,25.583333333333332,323
10,18,28,1.8,1
28,231,259,8.25,238
181,86,267,0.47513812154696133,79
87,354,441,4.068965517241379,376
9,62,71,6.888888888888889,51
2982,3,2985,0.001006036217303823,1
72,483,555,6.708333333333333,505
14,752,766,53.714285714285715,755
58,196,254,3.3793103448275863,201
43,13,56,0.3023255813953488,1
30,411,441,13.7,331
10,128,138,12.8,125
1955,271,2226,0.13861892583120206,283
35,550,585,15.714285714285714,567
76,501,577,6.592105263157895,520
22,70,92,3.1818181818181817,60
76,934,1010,12.289473684210526,945
10,139,149,13.9,136
206,791,997,3.8398058252427183,786
29,444,473,15.310344827586206,464
1283,28,1311,0.021823850350740453,13
91,397,488,4.362637362637362,415
81,727,808,8.975308641975309,735
11,433,444,39.36363636363637,459
16,123,139,7.6875,123
449,806,1255,1.7951002227171493,822
83,195,278,2.3493975903614457,202
73,376,449,5.1506849315068495,397
34,96,130,2.823529411764706,92
25,3,28,0.12,1
20,1081,1101,54.05,1006
32,962,994,30.0625,997
12,70,82,5.833333333333333,61
9,850,859,94.44444444444444,856
20,282,302,14.1,299
22,223,245,10.136363636363637,230
122,382,504,3.1311475409836067,377
3394,506,3900,0.14908662345315263,525
27,99,126,3.6666666666666665,94
23,732,755,31.82608695652174,740
71,13,84,0.18309859154929578,1
15,168,183,11.2,169
242,535,777,2.2107438016528924,791
7,169,176,24.142857142857142,171
61,531,592,8.704918032786885,550
142,109,251,0.7676056338028169,106
287,641,928,2.2334494773519165,646
12,237,249,19.75,241
11,65,76,5.909090909090909,54
3420,159,3579,0.04649122807017544,161
929,48,977,0.05166846071044134,33
23,433,456,18.82608695652174,457
11,531,542,48.27272727272727,547
145,572,717,3.9448275862068964,589
239,5,244,0.02092050209205021,1
1007,534,1541,0.5302879841112215,575
54,278,332,5.148148148148148,211
16,136,152,8.5,96
145,148,293,1.0206896551724138,123
383,689,1072,1.7989556135770235,702
7,325,332,46.42857142857143,343
133,302,435,2.2706766917293235,318
1601,162,1763,0.10118675827607745,163
5,28,33,5.6,12
17,371,388,21.823529411764707,391
87,877,964,10.080459770114942,884
22,39,61,1.7727272727272727,27
221,44,265,0.19909502262443438,37
23,278,301,12.08695652173913,290
717,175,892,0.24407252440725244,177
89,310,399,3.4831460674157304,325
94,539,633,5.73404255319149,558
21,204,225,9.714285714285714,210
73,246,319,3.3698630136986303,258
39,438,477,11.23076923076923,405
447,153,600,0.3422818791946309,156
6,291,297,48.5,304
2,727,729,363.5,730
89,495,584,5.561797752808989,514
32,828,860,25.875,374
17,221,238,13.0,229
36,24,60,0.6666666666666666,9
639,747,1386,1.1690140845070423,750
74,443,517,5.986486486486487,501
347,484,831,1.3948126801152738,511
107,236,343,2.205607476635514,246
10,202,212,20.2,209
16,169,185,10.5625,370
24,208,232,8.666666666666666,213
3579,139,3718,0.03883766415199776,139
34,144,178,4.235294117647059,146
240,210,450,0.875,216
16,190,206,11.875,195
732,145,877,0.19808743169398907,145
31,668,699,21.548387096774192,679
17,245,262,14.411764705882353,253
85,263,348,3.0941176470588236,278
13,267,280,20.53846153846154,210
1,10,11,10.0,1
25,347,372,13.88,365
15,378,393,25.2,400
1349,83,1432,0.061527057079318014,75
42,34,76,0.8095238095238095,22
24,29,53,1.2083333333333333,14
10,119,129,11.9,113
58,253,311,4.362068965517241,267
87,860,947,9.885057471264368,866
9,70,79,7.777777777777778,61
131,320,451,2.4427480916030535,347
9,111,120,12.333333333333334,105
865,168,1033,0.19421965317919074,27
43,956,999,22.232558139534884,969
11,297,308,27.0,312
152,360,512,2.3684210526315788,407
86,358,444,4.162790697674419,380
11,906,917,82.36363636363636,920
299,84,383,0.2809364548494983,78
528,151,679,0.2859848484848485,151
550,687,1237,1.249090909090909,696
114,55,169,0.4824561403508772,35
17,90,107,5.294117647058823,80
1117,51,1168,0.045658012533572066,39
171,207,378,1.2105263157894737,205
13,40,53,3.076923076923077,22
71,12,83,0.16901408450704225,1
2211,894,3105,0.4043419267299864,897
76,628,704,8.263157894736842,460
80,242,322,3.025,251
12,326,338,27.166666666666668,342
13,113,126,8.692307692307692,111
57,149,206,2.6140350877192984,150
34,262,296,7.705882352941177,280
103,35,138,0.33980582524271846,24
3024,597,3621,0.1974206349206349,611
4,581,585,145.25,601
76,546,622,7.184210526315789,563
8,219,227,27.375,228
41,511,552,12.463414634146341,521
18,462,480,25.666666666666668,483
839,7,846,0.00834326579261025,1
406,649,1055,1.5985221674876848,617
3583,450,4033,0.1255930784259001,472
9,102,111,11.333333333333334,96
344,690,1034,2.005813953488372,701
17,154,171,9.058823529411764,156
11,238,249,21.636363636363637,246
15,336,351,22.4,354
507,757,1264,1.4930966469428009,760
18,38,56,2.111111111111111,23
27,1000,1027,37.03703703703704,1006
82,802,884,9.78048780487805,807
38,565,603,14.868421052631579,581
683,674,1357,0.986822840409956,688
11,263,274,23.90909090909091,280
24,20,44,0.8333333333333334,4
14,269,283,19.214285714285715,283
35,340,375,9.714285714285714,374
11,423,434,38.45454545454545,449
12,554,566,46.166666666666664,566
275,5,280,0.01818181818181818,1
17,459,476,27.0,480
52,320,372,6.153846153846154,339
490,110,600,0.22448979591836735,108
9,323,332,35.888888888888886,336
6,210,216,35.0,215
9,277,286,30.77777777777778,294
10,172,182,17.2,172
9,91,100,10.11111111111111,83
20,10,30,0.5,1
517,424,941,0.8201160541586073,445
80,67,147,0.8375,56
10,267,277,26.7,279
53,632,685,11.924528301886792,645
18,290,308,16.11111111111111,359
20,234,254,11.7,241
462,443,905,0.9588744588744589,468
7,232,239,33.142857142857146,238
163,471,634,2.8895705521472395,489
370,520,890,1.4054054054054055,540
13,381,394,29.307692307692307,405
13,131,144,10.076923076923077,130
2516,104,2620,0.04133545310015898,97
154,36,190,0.23376623376623376,22
109,29,138,0.26605504587155965,100
9,174,183,19.333333333333332,177
56,267,323,4.767857142857143,280
121,219,340,1.8099173553719008,229
23,107,130,4.6521739130434785,102
10,149,159,14.9,148
15,106,121,7.066666666666666,251
1,10,11,10.0,1
34,331,365,9.735294117647058,333
38,392,430,10.31578947368421,412
35,1008,1043,28.8,1006
18,108,126,6.0,240
22,67,89,3.0454545454545454,58
58,521,579,8.982758620689655,523
6,261,267,43.5,275
56,328,384,5.857142857142857,344
67,911,978,13.597014925373134,905
1965,610,2575,0.3104325699745547,621
595,123,718,0.20672268907563024,123
15,981,996,65.4,1006
32,302,334,9.4375,319
3491,101,3592,0.028931538241191636,96
2053,188,2241,0.09157330735509012,192
307,220,527,0.7166123778501629,228
7,33,40,4.714285714285714,21
24,250,274,10.416666666666666,261
21,382,403,18.19047619047619,400
16,215,231,13.4375,220
8,422,430,52.75,445
14,24,38,1.7142857142857142,9
13,17,30,1.3076923076923077,1
16,412,428,25.75,437
26,402,428,15.461538461538462,428
49,30,79,0.6122448979591837,18
42,299,341,7.119047619047619,311
286,380,666,1.3286713286713288,412
22,67,89,3.0454545454545454,58
12,261,273,21.75,273
34,384,418,11.294117647058824,402
3,414,417,138.0,303
64,282,346,4.40625,298
3,422,425,140.66666666666666,444
6,417,423,69.5,441
7,97,104,13.857142857142858,246
197,201,398,1.0203045685279188,91
32,742,774,23.1875,747
47,610,657,12.97872340425532,626
1635,942,2577,0.5761467889908257,949
209,148,357,0.7081339712918661,146
39,38,77,0.9743589743589743,24
2383,109,2492,0.045740663029794376,108
13,397,410,30.53846153846154,423
2591,824,3415,0.3180239289849479,834
5,443,448,88.6,446
67,311,378,4.641791044776119,325
22,913,935,41.5,931
462,602,1064,1.303030303030303,619
98,537,635,5.479591836734694,562
27,966,993,35.77777777777778,978
1259,1069,2328,0.8490865766481335,1006
54,42,96,0.7777777777777778,31
26,548,574,21.076923076923077,566
10,135,145,13.5,133
340,826,1166,2.429411764705882,832
34,291,325,8.558823529411764,307
4,578,582,144.5,597
20,512,532,25.6,524
148,764,912,5.162162162162162,769
24,93,117,3.875,87
1484,997,2481,0.671832884097035,1006
14,12,26,0.8571428571428571,1
17,78,95,4.588235294117647,70
51,340,391,6.666666666666667,358
4,178,182,44.5,184
214,166,380,0.7757009345794392,169
17,293,310,17.235294117647058,309
391,322,713,0.8235294117647058,337
7,153,160,21.857142857142858,149
16,185,201,11.5625,190
17,277,294,16.294117647058822,290
20,875,895,43.75,882
10,150,160,15.0,151
9,101,110,11.222222222222221,96
17,174,191,10.235294117647058,177
13,168,181,12.923076923076923,169
69,191,260,2.7681159420289854,192
546,178,724,0.326007326007326,184
11,726,737,66.0,735
128,284,412,2.21875,295
28,414,442,14.785714285714286,433
3,394,397,131.33333333333334,413
66,374,440,5.666666666666667,456
73,535,608,7.328767123287672,557
84,461,545,5.488095238095238,476
203,153,356,0.7536945812807881,152
32,7,39,0.21875,1
48,591,639,12.3125,608
15,106,121,7.066666666666666,252
38,113,151,2.973684210526316,111
29,27,56,0.9310344827586207,49
4,212,216,53.0,220
10,228,238,22.8,236
27,206,233,7.62962962962963,192
9,254,263,28.22222222222222,264
30,266,296,8.866666666666667,278
10,400,410,40.0,422
16,355,371,22.1875,373
27,1000,1027,37.03703703703704,1006
24,346,370,14.416666666666666,366
26,496,522,19.076923076923077,519
33,35,68,1.0606060606060606,271
42,79,121,1.880952380952381,74
12,310,322,25.833333333333332,278
146,365,511,2.5,386
25,509,534,20.36,528
47,341,388,7.25531914893617,358
20,224,244,11.2,236
24,318,342,13.25,430
1267,919,2186,0.7253354380426204,319
2428,129,2557,0.05313014827018122,230
9,248,257,27.555555555555557,255
1922,174,2096,0.09053069719042664,131
244,967,1211,3.9631147540983607,1006
494,150,644,0.30364372469635625,149
41,716,757,17.463414634146343,731
34,442,476,13.0,460
13,242,255,18.615384615384617,249
6,372,378,62.0,397
46,99,145,2.152173913043478,94
12,148,160,12.333333333333334,155
15,271,286,18.066666666666666,284
1411,466,1877,0.33026222537207656,486
662,40,702,0.06042296072507553,26
15,317,332,21.133333333333333,334
607,379,986,0.6243822075782537,283
29,376,405,12.96551724137931,397
370,17,387,0.04594594594594595,2
188,143,331,0.7606382978723404,133
19,491,510,25.842105263157894,511
8,127,135,15.875,135
2327,787,3114,0.33820369574559517,718
7,212,219,30.285714285714285,221
549,509,1058,0.9271402550091075,528
42,13,55,0.30952380952380953,1
22,335,357,15.227272727272727,356
12,381,393,31.75,404
79,750,829,9.49367088607595,758
88,373,461,4.238636363636363,854
65,742,807,11.415384615384616,749
146,2,148,0.0136986301369863,1
13,254,267,19.53846153846154,262
387,647,1034,1.6718346253229974,640
923,28,951,0.030335861321776816,14
1,42,43,42.0,31
8,123,131,15.375,119
658,421,1079,0.6398176291793313,441
5,445,450,89.0,469
2294,432,2726,0.18831734960767219,453
319,366,685,1.1473354231974922,385
22,54,76,2.4545454545454546,40
77,403,480,5.233766233766234,423
63,383,446,6.079365079365079,406
41,65,106,1.5853658536585367,54
24,375,399,15.625,392
24,54,78,2.25,39
541,202,743,0.3733826247689464,209
48,301,349,6.270833333333333,313
11,171,182,15.545454545454545,177
3,41,44,13.666666666666666,30
24,37,61,1.5416666666666667,23
28,217,245,7.75,441
74,455,529,6.148648648648648,472
5,58,63,11.6,50
15,208,223,13.866666666666667,216
16,76,92,4.75,72
17,408,425,24.0,343
13,531,544,40.84615384615385,553
17,416,433,24.470588235294116,437
2,10,12,5.0,1
56,608,664,10.857142857142858,622
7,294,301,42.0,309
3,175,178,58.333333333333336,338
3432,4,3436,0.0011655011655011655,1
539,280,819,0.5194805194805194,291
56,301,357,5.375,318
17,236,253,13.882352941176471,315
366,254,620,0.6939890710382514,268
30,278,308,9.266666666666667,291
549,509,1058,0.9271402550091075,528
280,461,741,1.6464285714285714,481
19,346,365,18.210526315789473,354
38,326,364,8.578947368421053,341
29,302,331,10.413793103448276,318
20,258,278,12.9,270
11,582,593,52.90909090909091,603
469,275,744,0.5863539445628998,286
1348,27,1375,0.020029673590504452,12
10,350,360,35.0,370
1055,245,1300,0.23222748815165878,237
2382,320,2702,0.1343408900083963,472
11,167,178,15.181818181818182,170
46,45,91,0.9782608695652174,14
248,284,532,1.1451612903225807,298
568,280,848,0.49295774647887325,294
2,209,211,104.5,430
122,104,226,0.8524590163934426,100
23,289,312,12.565217391304348,295
9,256,265,28.444444444444443,269
12,12,24,1.0,1
84,55,139,0.6547619047619048,46
52,199,251,3.826923076923077,202
508,619,1127,1.218503937007874,632
129,135,264,1.0465116279069768,134
1186,889,2075,0.7495784148397976,907
68,504,572,7.411764705882353,528
141,90,231,0.6382978723404256,274
207,145,352,0.7004830917874396,200
104,737,841,7.086538461538462,745
25,472,497,18.88,491
57,427,484,7.491228070175438,448
45,126,171,2.8,125
64,548,612,8.5625,568
14,286,300,20.428571428571427,300
1452,194,1646,0.13360881542699724,202
3433,560,3993,0.16312263326536558,572
508,5,513,0.00984251968503937,1
465,827,1292,1.778494623655914,838
18,440,458,24.444444444444443,469
1910,1017,2927,0.5324607329842932,1006
69,351,420,5.086956521739131,366
22,47,69,2.1363636363636362,35
134,33,167,0.2462686567164179,19
56,760,816,13.571428571428571,768
69,12,81,0.17391304347826086,1
10,255,265,25.5,329
376,119,495,0.31648936170212766,119
7,250,257,35.714285714285715,149
12,547,559,45.583333333333336,568
8,126,134,15.75,122
20,328,348,16.4,341
22,70,92,3.1818181818181817,64
25,142,167,5.68,142
32,105,137,3.28125,100
51,104,155,2.0392156862745097,102
591,295,886,0.49915397631133673,309
2842,35,2877,0.012315270935960592,20
23,372,395,16.17391304347826,393
1090,681,1771,0.6247706422018349,910
15,420,435,28.0,438
2748,356,3104,0.12954876273653565,442
3847,167,4014,0.043410449701065765,171
760,145,905,0.19078947368421054,198
33,480,513,14.545454545454545,497
6,375,381,62.5,393
17,306,323,18.0,318
1865,442,2307,0.23699731903485255,167
420,734,1154,1.7476190476190476,741
457,156,613,0.3413566739606127,154
89,533,622,5.98876404494382,551
40,599,639,14.975,619
12,183,195,15.25,186
14,395,409,28.214285714285715,419
27,258,285,9.555555555555555,270
19,518,537,27.263157894736842,542
150,844,994,5.626666666666667,850
71,981,1052,13.816901408450704,1006
65,831,896,12.784615384615385,830
17,275,292,16.176470588235293,287
1353,808,2161,0.5971914264597191,371
26,160,186,6.153846153846154,163
15,141,156,9.4,141
11,764,775,69.45454545454545,312
188,308,496,1.6382978723404256,323
25,24,49,0.96,10
1,10,11,10.0,1
99,101,200,1.02020202020202,99
4,48,52,12.0,33
884,808,1692,0.9140271493212669,814
166,277,443,1.6686746987951808,422
27,774,801,28.666666666666668,776
1050,256,1306,0.2438095238095238,269
11,412,423,37.45454545454545,435
391,408,799,1.0434782608695652,430
21,271,292,12.904761904761905,283
17,267,284,15.705882352941176,278
914,415,1329,0.4540481400437637,437
57,208,265,3.6491228070175437,214
1095,609,1704,0.5561643835616439,622
264,476,740,1.803030303030303,497
36,614,650,17.055555555555557,629
17,92,109,5.411764705882353,294
23,100,123,4.3478260869565215,141
12,244,256,20.333333333333332,252
10,296,306,29.6,313
75,649,724,8.653333333333334,665
14,642,656,45.857142857142854,656
59,967,1026,16.389830508474578,982
8,124,132,15.5,122
55,52,107,0.9454545454545454,20
12,429,441,35.75,453
1382,263,1645,0.19030390738060782,293
10,222,232,22.2,229
12,304,316,25.333333333333332,263
22,111,133,5.045454545454546,107
16,336,352,21.0,354
38,291,329,7.657894736842105,305
17,608,625,35.76470588235294,624
95,62,157,0.6526315789473685,51
158,510,668,3.2278481012658227,445
21,313,334,14.904761904761905,331
11,847,858,77.0,856
12,17,29,1.4166666666666667,1
19,615,634,32.36842105263158,630
138,190,328,1.3768115942028984,197
130,1470,1600,11.307692307692308,1006
9,192,201,21.333333333333332,199
21,602,623,28.666666666666668,372
57,179,236,3.1403508771929824,186
196,121,317,0.6173469387755102,91
291,16,307,0.054982817869415807,1
67,38,105,0.5671641791044776,21
34,718,752,21.11764705882353,730
8,389,397,48.625,406
2678,210,2888,0.07841672890216579,217
37,29,66,0.7837837837837838,17
45,929,974,20.644444444444446,935
10,499,509,49.9,519
102,630,732,6.176470588235294,642
10,646,656,64.6,655
6,21,27,3.5,5
1038,221,1259,0.21290944123314065,228
10,67,77,6.7,54
29,392,421,13.517241379310345,413
261,122,383,0.4674329501915709,114
13,249,262,19.153846153846153,256
392,627,1019,1.5994897959183674,621
4,57,61,14.25,50
17,375,392,22.058823529411764,399
9,457,466,50.77777777777778,476
812,515,1327,0.6342364532019704,381
104,729,833,7.009615384615385,734
7,95,102,13.571428571428571,149
23,153,176,6.6521739130434785,151
2173,137,2310,0.06304647952139898,136
97,110,207,1.134020618556701,105
67,25,92,0.373134328358209,10
8,52,60,6.5,39
8,64,72,8.0,54
51,262,313,5.137254901960785,274
1,10,11,10.0,7
86,93,179,1.0813953488372092,88
58,68,126,1.1724137931034482,58
142,294,436,2.0704225352112675,348
10,350,360,35.0,370
60,465,525,7.75,493
16,664,680,41.5,674
156,533,689,3.4166666666666665,558
156,7,163,0.04487179487179487,1
31,301,332,9.709677419354838,315
198,317,515,1.601010101010101,331
30,247,277,8.233333333333333,258
23,479,502,20.82608695652174,496
21,146,167,6.9523809523809526,148
12,205,217,17.083333333333332,212
29,251,280,8.655172413793103,260
241,350,591,1.4522821576763485,365
423,314,737,0.7423167848699763,329
11,188,199,17.09090909090909,194
2211,894,3105,0.4043419267299864,897
6,35,41,5.833333333333333,22
850,505,1355,0.5941176470588235,526
4,910,914,227.5,933
4,135,139,33.75,134
11,115,126,10.454545454545455,111
2436,268,2704,0.11001642036124795,275
713,443,1156,0.6213183730715287,469
127,307,434,2.4173228346456694,356
69,142,211,2.0579710144927534,140
19,127,146,6.684210526315789,129
8,87,95,10.875,78
51,311,362,6.098039215686274,326
441,603,1044,1.3673469387755102,620
2244,262,2506,0.11675579322638147,270
1322,4,1326,0.0030257186081694403,1
97,20,117,0.20618556701030927,11
34,700,734,20.58823529411765,709
29,521,550,17.96551724137931,541
3262,482,3744,0.1477621091354997,1
267,177,444,0.6629213483146067,180
11,542,553,49.27272727272727,562
19,324,343,17.05263157894737,338
76,52,128,0.6842105263157895,40
33,59,92,1.7878787878787878,48
774,673,1447,0.8695090439276486,675
25,768,793,30.72,773
697,288,985,0.4131994261119082,304
125,96,221,0.768,90
29,655,684,22.586206896551722,663
12,191,203,15.916666666666666,198
113,702,815,6.212389380530974,719
27,338,365,12.518518518518519,355
312,1093,1405,3.503205128205128,1006
2,41,43,20.5,26
9,181,190,20.11111111111111,190
19,568,587,29.894736842105264,586
27,270,297,10.0,280
19,247,266,13.0,255
14,441,455,31.5,276
25,13,38,0.52,1
6,64,70,10.666666666666666,51
7,124,131,17.714285714285715,121
17,196,213,11.529411764705882,202
5,108,113,21.6,105
12,22,34,1.8333333333333333,6
113,631,744,5.584070796460177,638
2057,128,2185,0.06222654350996597,128
2,29,31,14.5,294
16,128,144,8.0,129
453,2,455,0.004415011037527594,1
32,237,269,7.40625,246
21,909,930,43.285714285714285,920
48,133,181,2.7708333333333335,132
18,624,642,34.666666666666664,639
25,432,457,17.28,455
2105,65,2170,0.030878859857482184,54
94,229,323,2.4361702127659575,239
15,461,476,30.733333333333334,484
11,119,130,10.818181818181818,112
544,862,1406,1.5845588235294117,874
650,514,1164,0.7907692307692308,534
93,450,543,4.838709677419355,469
59,8,67,0.13559322033898305,1
16,3,19,0.1875,1
22,147,169,6.681818181818182,293
9,276,285,30.666666666666668,290
8,143,151,17.875,144
278,987,1265,3.550359712230216,1006
296,353,649,1.1925675675675675,368
9,423,432,47.0,444
29,214,243,7.379310344827586,114
253,783,1036,3.0948616600790513,783
14,589,603,42.07142857142857,610
319,287,606,0.8996865203761756,298
241,139,380,0.5767634854771784,138
1,39,40,39.0,5
20,164,184,8.2,160
8,89,97,11.125,83
34,303,337,8.911764705882353,533
48,220,268,4.583333333333333,224
8,440,448,55.0,458
19,131,150,6.894736842105263,131
2665,964,3629,0.3617260787992495,546
1,10,11,10.0,1
47,104,151,2.2127659574468086,100
49,580,629,11.83673469387755,602
31,150,181,4.838709677419355,151
153,729,882,4.764705882352941,740
75,109,184,1.4533333333333334,105
24,518,542,21.583333333333332,542
300,471,771,1.57,492
777,218,995,0.2805662805662806,227
33,87,120,2.6363636363636362,82
39,45,84,1.1538461538461537,32
14,878,892,62.714285714285715,889
45,929,974,20.644444444444446,935
432,260,692,0.6018518518518519,271
11,382,393,34.72727272727273,468
6,144,150,24.0,147
67,316,383,4.7164179104477615,332
381,578,959,1.5170603674540681,599
30,160,190,5.333333333333333,160
19,106,125,5.578947368421052,100
42,553,595,13.166666666666666,575
569,97,666,0.1704745166959578,90
1929,4,1933,0.002073613271124935,1
574,746,1320,1.2996515679442509,750
631,161,792,0.2551505546751189,167
1594,181,1775,0.11355081555834379,185
1335,782,2117,0.5857677902621723,780
649,202,851,0.31124807395993837,208
259,397,656,1.5328185328185329,419
96,798,894,8.3125,800
1168,38,1206,0.032534246575342464,24
24,241,265,10.041666666666666,249
85,463,548,5.447058823529412,481
287,6,293,0.020905923344947737,1
17,404,421,23.764705882352942,440
11,313,324,28.454545454545453,329
437,203,640,0.4645308924485126,211
10,95,105,9.5,88
53,329,382,6.2075471698113205,348
51,235,286,4.607843137254902,303
68,68,136,1.0,58
508,660,1168,1.2992125984251968,660
14,396,410,28.285714285714285,415
19,105,124,5.526315789473684,104
9,209,218,23.22222222222222,218
10,377,387,37.7,397
7,551,558,78.71428571428571,302
8,422,430,52.75,444
48,367,415,7.645833333333333,394
4,251,255,62.75,120
1192,596,1788,0.5,610
17,263,280,15.470588235294118,276
26,242,268,9.307692307692308,250
129,800,929,6.2015503875969,316
25,502,527,20.08,519
266,606,872,2.2781954887218046,620
4,454,458,113.5,50
163,360,523,2.208588957055215,390
18,278,296,15.444444444444445,295
1876,380,2256,0.2025586353944563,396
19,146,165,7.684210526315789,150
10,336,346,33.6,355
21,234,255,11.142857142857142,243
26,291,317,11.192307692307692,300
15,232,247,15.466666666666667,240
3361,248,3609,0.07378756322523058,258
37,47,84,1.2702702702702702,171
10,322,332,32.2,341
69,537,606,7.782608695652174,557
100,901,1001,9.01,907
137,821,958,5.992700729927007,822
26,451,477,17.346153846153847,472
13,411,424,31.615384615384617,432
13,454,467,34.92307692307692,472
67,212,279,3.1641791044776117,222
17,613,630,36.05882352941177,628
31,241,272,7.774193548387097,250
176,423,599,2.403409090909091,444
689,22,711,0.03193033381712627,6
40,354,394,8.85,373
194,593,787,3.056701030927835,609
12,165,177,13.75,167
948,153,1101,0.16139240506329114,273
100,160,260,1.6,161
79,13,92,0.16455696202531644,1
21,57,78,2.7142857142857144,46
1703,427,2130,0.2507339988256019,448
15,45,60,3.0,33
15,349,364,23.266666666666666,364
15,165,180,11.0,249
216,197,413,0.9120370370370371,202
29,95,124,3.2758620689655173,88
11,35,46,3.1818181818181817,22
542,461,1003,0.8505535055350554,482
61,597,658,9.78688524590164,423
59,299,358,5.067796610169491,228
13,272,285,20.923076923076923,289
30,634,664,21.133333333333333,645
91,418,509,4.593406593406593,439
7,106,113,15.142857142857142,149
1360,790,2150,0.5808823529411765,793
117,895,1012,7.64957264957265,540
27,605,632,22.40740740740741,619
12,329,341,27.416666666666668,349
18,143,161,7.944444444444445,143
163,359,522,2.2024539877300615,377
19,64,83,3.3684210526315788,56
865,448,1313,0.5179190751445086,472
11,20,31,1.8181818181818181,4
32,117,149,3.65625,116
306,478,784,1.5620915032679739,496
1178,106,1284,0.0899830220713073,103
3415,14,3429,0.004099560761346999,1
1,47,48,47.0,1
34,151,185,4.4411764705882355,151
97,359,456,3.7010309278350517,379
14,357,371,25.5,378
24,27,51,1.125,14
77,104,181,1.3506493506493507,81
286,319,605,1.1153846153846154,332
3,131,134,43.666666666666664,130
11,371,382,33.72727272727273,393
14,295,309,21.071428571428573,307
18,875,893,48.611111111111114,884
26,322,348,12.384615384615385,339
38,215,253,5.657894736842105,222
20,620,640,31.0,635
1525,1129,2654,0.740327868852459,780
14,434,448,31.0,463
14,277,291,19.785714285714285,290
48,178,226,3.7083333333333335,182
42,195,237,4.642857142857143,201
94,375,469,3.9893617021276597,393
3026,263,3289,0.08691341705221414,273
10,280,290,28.0,292
68,440,508,6.470588235294118,463
10,147,157,14.7,210
151,870,1021,5.76158940397351,875
68,41,109,0.6029411764705882,28
745,123,868,0.1651006711409396,120
11,612,623,55.63636363636363,630
40,407,447,10.175,423
162,976,1138,6.0246913580246915,1006
6,137,143,22.833333333333332,135
36,6,42,0.16666666666666666,1
43,358,401,8.325581395348838,372
155,331,486,2.1354838709677417,346
17,460,477,27.058823529411764,483
60,192,252,3.2,334
53,380,433,7.169811320754717,400
14,326,340,23.285714285714285,342
1956,25,1981,0.01278118609406953,8
94,91,185,0.9680851063829787,86
99,57,156,0.5757575757575758,47
19,1029,1048,54.1578947368421,1006
22,332,354,15.090909090909092,345
208,126,334,0.6057692307692307,121
25,405,430,16.2,420
66,469,535,7.106060606060606,490
48,117,165,2.4375,118
27,835,862,30.925925925925927,763
517,146,663,0.28239845261121854,144
13,307,320,23.615384615384617,319
87,406,493,4.666666666666667,297
106,379,485,3.5754716981132075,392
96,672,768,7.0,685
9,288,297,32.0,302
22,293,315,13.318181818181818,308
55,686,741,12.472727272727273,697
145,665,810,4.586206896551724,677
152,147,299,0.9671052631578947,147
21,145,166,6.904761904761905,145
1720,830,2550,0.48255813953488375,417
113,454,567,4.017699115044247,471
47,81,128,1.7234042553191489,75
1046,349,1395,0.33365200764818354,427
23,111,134,4.826086956521739,110
9,609,618,67.66666666666667,360
72,557,629,7.736111111111111,577
78,326,404,4.17948717948718,345
51,396,447,7.764705882352941,419
3407,10,3417,0.0029351335485764602,1
162,318,480,1.962962962962963,339
87,670,757,7.7011494252873565,682
28,776,804,27.714285714285715,781
5,323,328,64.6,337
9,25,34,2.7777777777777777,6
18,395,413,21.944444444444443,414
35,185,220,5.285714285714286,193
18,299,317,16.61111111111111,316
703,148,851,0.21052631578947367,150
318,845,1163,2.657232704402516,856
65,345,410,5.3076923076923075,365
49,298,347,6.081632653061225,314
24,323,347,13.458333333333334,342
34,460,494,13.529411764705882,481
407,624,1031,1.5331695331695332,638
3021,944,3965,0.31247931148626285,211
15,105,120,7.0,102
6,209,215,34.833333333333336,214
14,118,132,8.428571428571429,120
18,324,342,18.0,342
1459,234,1693,0.16038382453735436,242
9,103,112,11.444444444444445,99
20,379,399,18.95,394
4,28,32,7.0,9
733,578,1311,0.7885402455661664,597
67,28,95,0.417910447761194,21
16,251,267,15.6875,260
12,138,150,11.5,208
40,206,246,5.15,215
75,534,609,7.12,398
8,34,42,4.25,21
238,70,308,0.29411764705882354,171
59,554,613,9.389830508474576,575
12,237,249,19.75,246
21,102,123,4.857142857142857,99
103,701,804,6.805825242718447,713
163,560,723,3.4355828220858897,573
190,194,384,1.0210526315789474,200
172,268,440,1.558139534883721,279
1368,433,1801,0.3165204678362573,460
327,233,560,0.7125382262996942,240
10,462,472,46.2,487
80,349,429,4.3625,370
22,612,634,27.818181818181817,625
8,209,217,26.125,217
6,344,350,57.333333333333336,362
46,331,377,7.195652173913044,122
59,389,448,6.593220338983051,406
178,137,315,0.7696629213483146,306
17,753,770,44.294117647058826,761
6,111,117,18.5,109
58,200,258,3.4482758620689653,208
47,463,510,9.851063829787234,486
21,609,630,29.0,621
1,26,27,26.0,1
564,195,759,0.34574468085106386,147
2510,454,2964,0.18087649402390438,478
16,322,338,20.125,339
2,101,103,50.5,96
7,142,149,20.285714285714285,139
9,519,528,57.666666666666664,508
1322,547,1869,0.41376701966717094,408
28,127,155,4.535714285714286,124
8,107,115,13.375,102
439,350,789,0.7972665148063781,372
517,424,941,0.8201160541586073,445
16,45,61,2.8125,31
15,32,47,2.1333333333333333,16
28,43,71,1.5357142857142858,35
10,534,544,53.4,554
79,46,125,0.5822784810126582,37
14,201,215,14.357142857142858,203
24,241,265,10.041666666666666,249
528,155,683,0.2935606060606061,154
25,347,372,13.88,365
68,240,308,3.5294117647058822,250
48,348,396,7.25,363
33,94,127,2.8484848484848486,91
44,333,377,7.568181818181818,347
3,224,227,74.66666666666667,234
232,400,632,1.7241379310344827,422
18,215,233,11.944444444444445,224
65,392,457,6.030769230769231,411
43,954,997,22.186046511627907,977
14,365,379,26.071428571428573,385
54,514,568,9.518518518518519,537
7,50,57,7.142857142857143,43
4,167,171,41.75,286
43,877,920,20.3953488372093,882
21,21,42,1.0,5
18,146,164,8.11111111111111,283
26,454,480,17.46153846153846,474
8,400,408,50.0,338
13,383,396,29.46153846153846,405
56,630,686,11.25,648
25,356,381,14.24,376
304,398,702,1.3092105263157894,418
8,122,130,15.25,120
37,421,458,11.378378378378379,442
9,187,196,20.77777777777778,196
5,175,180,35.0,175
7,94,101,13.428571428571429,89
960,133,1093,0.13854166666666667,129
41,211,252,5.146341463414634,217
12,102,114,8.5,95
6,267,273,44.5,276
7,493,500,70.42857142857143,514
21,423,444,20.142857142857142,443
1726,396,2122,0.22943221320973348,414
7,350,357,50.0,370
19,642,661,33.78947368421053,657
107,330,437,3.0841121495327104,348
3,182,185,60.666666666666664,187
51,669,720,13.117647058823529,683
1955,271,2226,0.13861892583120206,283
32,220,252,6.875,228
454,399,853,0.8788546255506607,420
21,475,496,22.61904761904762,499
17,155,172,9.117647058823529,152
21,546,567,26.0,571
15,34,49,2.2666666666666666,17
55,53,108,0.9636363636363636,42
7,307,314,43.857142857142854,149
14,300,314,21.428571428571427,315
92,649,741,7.054347826086956,803
2,47,49,23.5,36
764,532,1296,0.6963350785340314,558
29,154,183,5.310344827586207,154
566,7,573,0.012367491166077738,1
297,363,660,1.2222222222222223,514
6,278,284,46.333333333333336,291
8,464,472,58.0,485
16,390,406,24.375,414
114,201,315,1.763157894736842,205
68,449,517,6.602941176470588,467
11,459,470,41.72727272727273,480
697,823,1520,1.1807747489239597,818
12,456,468,38.0,485
51,413,464,8.098039215686274,432
14,28,42,2.0,13
27,359,386,13.296296296296296,377
5,39,44,7.8,317
275,626,901,2.2763636363636364,640
74,324,398,4.378378378378378,342
136,181,317,1.3308823529411764,188
16,203,219,12.6875,207
25,764,789,30.56,771
51,502,553,9.843137254901961,522
16,451,467,28.1875,473
61,248,309,4.065573770491803,277
18,567,585,31.5,589
7,319,326,45.57142857142857,338
33,48,81,1.4545454545454546,36
17,501,518,29.470588235294116,521
8,309,317,38.625,329
20,473,493,23.65,495
1993,186,2179,0.09332664325137983,191
1484,997,2481,0.671832884097035,1006
20,37,57,1.85,25
15,201,216,13.4,208
61,100,161,1.639344262295082,95
27,228,255,8.444444444444445,236
16,626,642,39.125,644
1008,294,1302,0.2916666666666667,305
736,557,1293,0.7567934782608695,577
69,733,802,10.623188405797102,741
1236,12,1248,0.009708737864077669,6
34,316,350,9.294117647058824,331
23,266,289,11.565217391304348,278
32,309,341,9.65625,324
17,256,273,15.058823529411764,267
21,381,402,18.142857142857142,404
31,280,311,9.03225806451613,294
39,202,241,5.17948717948718,204
273,955,1228,3.498168498168498,992
1227,839,2066,0.6837815810920945,386
251,156,407,0.6215139442231076,159
11,199,210,18.09090909090909,205
14,116,130,8.285714285714286,118
14,209,223,14.928571428571429,217
39,435,474,11.153846153846153,458
137,380,517,2.7737226277372264,396
18,334,352,18.555555555555557,351
13,128,141,9.846153846153847,126
20,858,878,42.9,864
22,551,573,25.045454545454547,572
27,462,489,17.11111111111111,435
8,17,25,2.125,1
2129,153,2282,0.07186472522310944,157
11,289,300,26.272727272727273,304
54,321,375,5.944444444444445,334
1,36,37,36.0,1
254,206,460,0.8110236220472441,215
112,48,160,0.42857142857142855,36
5,266,271,53.2,284
5,259,264,51.8,271
861,472,1333,0.5481997677119629,495
192,163,355,0.8489583333333334,79
1446,9,1455,0.006224066390041493,1
16,126,142,7.875,123
40,481,521,12.025,499
14,31,45,2.2142857142857144,18
95,209,304,2.2,215
75,246,321,3.28,257
10,395,405,39.5,329
3421,91,3512,0.026600409237065185,84
130,418,548,3.2153846153846155,436
1182,478,1660,0.40439932318104904,497
14,443,457,31.642857142857142,466
14,343,357,24.5,364
8,28,36,3.5,21
3,344,347,114.66666666666667,363
203,368,571,1.812807881773399,386
101,42,143,0.4158415841584158,29
1263,293,1556,0.23198733174980204,307
18,409,427,22.72222222222222,426
944,4,948,0.00423728813559322,149
43,231,274,5.372093023255814,245
1170,350,1520,0.29914529914529914,363
25,368,393,14.72,386
899,426,1325,0.4738598442714127,446
16,433,449,27.0625,451
196,1030,1226,5.255102040816326,1006
14,54,68,3.857142857142857,44
367,343,710,0.9346049046321526,359
1,522,523,522.0,435
763,48,811,0.06290956749672345,37
318,358,676,1.1257861635220126,374
547,345,892,0.6307129798903108,365
12,182,194,15.166666666666666,187
13,299,312,23.0,311
21,223,244,10.619047619047619,199
16,253,269,15.8125,248
14,28,42,2.0,12
2,30,32,15.0,20
5,150,155,30.0,152
19,376,395,19.789473684210527,395
7,25,32,3.5714285714285716,11
8,20,28,2.5,2
122,304,426,2.4918032786885247,320
26,82,108,3.1538461538461537,78
255,235,490,0.9215686274509803,248
20,218,238,10.9,226
2889,127,3016,0.04395984769816545,126
2,32,34,16.0,1
25,3,28,0.12,1
4,105,109,26.25,101
19,426,445,22.42105263157895,442
18,407,425,22.61111111111111,426
26,158,184,6.076923076923077,158
18,265,283,14.722222222222221,201
19,524,543,27.57894736842105,544
18,343,361,19.055555555555557,365
63,814,877,12.920634920634921,812
11,844,855,76.72727272727273,848
4,65,69,16.25,57
10,356,366,35.6,371
2284,142,2426,0.06217162872154115,141
84,267,351,3.1785714285714284,279
16,138,154,8.625,139
57,415,472,7.280701754385965,435
64,125,189,1.953125,124
626,457,1083,0.7300319488817891,480
86,645,731,7.5,662
231,194,425,0.8398268398268398,201
393,48,441,0.12213740458015267,38
1766,756,2522,0.42808607021517553,760
113,856,969,7.575221238938053,861
12,308,320,25.666666666666668,322
199,98,297,0.49246231155778897,91
1198,588,1786,0.49081803005008345,600
24,153,177,6.375,154
163,520,683,3.1901840490797544,538
74,327,401,4.418918918918919,344
39,38,77,0.9743589743589743,24
32,235,267,7.34375,244
55,35,90,0.6363636363636364,95
4,90,94,22.5,84
149,303,452,2.033557046979866,318
1188,364,1552,0.3063973063973064,384
75,355,430,4.733333333333333,371
15,298,313,19.866666666666667,313
22,61,83,2.772727272727273,52
5,59,64,11.8,47
114,201,315,1.763157894736842,205
25,15,40,0.6,1
23,288,311,12.521739130434783,303
659,140,799,0.212443095599393,141
45,166,211,3.688888888888889,166
21,114,135,5.428571428571429,110
13,322,335,24.76923076923077,335
25,148,173,5.92,150
27,558,585,20.666666666666668,578
138,89,227,0.644927536231884,82
12,117,129,9.75,112
128,284,412,2.21875,295
44,846,890,19.227272727272727,852
609,408,1017,0.6699507389162561,429
6,343,349,57.166666666666664,358
1,190,191,190.0,432
47,95,142,2.021276595744681,91
40,113,153,2.825,110
12,292,304,24.333333333333332,309
1709,494,2203,0.2890579286132241,517
1601,162,1763,0.10118675827607745,163
134,442,576,3.298507462686567,325
11,317,328,28.818181818181817,397
2,10,12,5.0,1
2110,317,2427,0.15023696682464455,336
152,714,866,4.697368421052632,726
789,288,1077,0.3650190114068441,299
91,162,253,1.7802197802197801,162
47,531,578,11.297872340425531,549
5,432,437,86.4,454
114,201,315,1.763157894736842,205
11,370,381,33.63636363636363,384
1052,944,1996,0.8973384030418251,951
38,137,175,3.6052631578947367,141
6,879,885,146.5,886
5,100,105,20.0,93
30,23,53,0.7666666666666667,7
2952,212,3164,0.07181571815718157,218
1090,802,1892,0.7357798165137615,808
11,467,478,42.45454545454545,487
3244,7,3251,0.002157829839704069,1
39,359,398,9.205128205128204,381
442,440,882,0.995475113122172,461
13,474,487,36.46153846153846,494
35,503,538,14.371428571428572,523
47,695,742,14.787234042553191,707
1385,1016,2401,0.7335740072202166,1006
4,394,398,98.5,117
129,533,662,4.131782945736434,552
184,434,618,2.358695652173913,456
314,816,1130,2.5987261146496814,1006
33,575,608,17.424242424242426,587
14,24,38,1.7142857142857142,11
105,307,412,2.9238095238095236,321
167,389,556,2.3293413173652695,406
10,280,290,28.0,296
743,420,1163,0.5652759084791387,439
30,160,190,5.333333333333333,162
66,323,389,4.893939393939394,342
16,157,173,9.8125,159
2,77,79,38.5,68
31,138,169,4.451612903225806,141
122,1027,1149,8.418032786885245,1006
110,189,299,1.7181818181818183,191
1898,57,1955,0.030031612223393046,48
29,115,144,3.9655172413793105,113
26,353,379,13.576923076923077,364
67,282,349,4.208955223880597,297
9,249,258,27.666666666666668,250
17,156,173,9.176470588235293,305
55,650,705,11.818181818181818,659
70,155,225,2.2142857142857144,159
27,13,40,0.48148148148148145,1
19,226,245,11.894736842105264,232
407,331,738,0.8132678132678133,348
22,27,49,1.2272727272727273,12
114,108,222,0.9473684210526315,105
12,128,140,10.666666666666666,128
23,4,27,0.17391304347826086,1
1,10,11,10.0,1
48,1052,1100,21.916666666666668,920
425,655,1080,1.5411764705882354,662
16,343,359,21.4375,366
587,77,664,0.131175468483816,244
11,855,866,77.72727272727273,862
835,905,1740,1.0838323353293413,915
168,242,410,1.4404761904761905,258
145,36,181,0.2482758620689655,36
17,62,79,3.6470588235294117,57
165,46,211,0.2787878787878788,35
43,277,320,6.441860465116279,290
15,309,324,20.6,329
187,473,660,2.5294117647058822,494
8,64,72,8.0,57
56,612,668,10.928571428571429,624
86,60,146,0.6976744186046512,48
9,204,213,22.666666666666668,209
21,423,444,20.142857142857142,443
16,797,813,49.8125,802
73,741,814,10.150684931506849,743
29,376,405,12.96551724137931,397
59,388,447,6.576271186440678,136
23,592,615,25.73913043478261,605
10,135,145,13.5,136
25,83,108,3.32,81
22,402,424,18.272727272727273,420
45,67,112,1.488888888888889,58
1422,284,1706,0.19971870604781997,295
109,272,381,2.4954128440366974,607
308,37,345,0.12012987012987013,357
13,288,301,22.153846153846153,304
9,66,75,7.333333333333333,57
462,476,938,1.0303030303030303,429
13,838,851,64.46153846153847,851
492,360,852,0.7317073170731707,373
16,320,336,20.0,335
14,37,51,2.642857142857143,19
7,82,89,11.714285714285714,149
440,502,942,1.1409090909090909,435
49,379,428,7.73469387755102,399
701,894,1595,1.275320970042796,884
19,322,341,16.94736842105263,337
196,356,552,1.816326530612245,371
9,458,467,50.888888888888886,484
142,790,932,5.563380281690141,787
3119,137,3256,0.04392433472266752,137
28,216,244,7.714285714285714,227
16,218,234,13.625,225
23,334,357,14.521739130434783,347
14,263,277,18.785714285714285,272
19,36,55,1.894736842105263,19
979,1064,2043,1.08682328907048,1006
11,85,96,7.7272727272727275,76
768,34,802,0.044270833333333336,20
45,495,540,11.0,514
9,359,368,39.888888888888886,380
32,344,376,10.75,362
7,438,445,62.57142857142857,281
72,100,172,1.3888888888888888,96
3,265,268,88.33333333333333,326
374,179,553,0.4786096256684492,179
199,22,221,0.11055276381909548,7
45,620,665,13.777777777777779,634
3,422,425,140.66666666666666,444
1,29,30,29.0,3
27,252,279,9.333333333333334,262
1,10,11,10.0,1
24,27,51,1.125,11
7,43,50,6.142857142857143,29
21,220,241,10.476190476190476,225
24,523,547,21.791666666666668,546
54,316,370,5.851851851851852,333
1042,567,1609,0.5441458733205374,584
58,421,479,7.258620689655173,443
66,495,561,7.5,516
14,306,320,21.857142857142858,324
1,10,11,10.0,1
11,91,102,8.272727272727273,82
11,374,385,34.0,393
40,226,266,5.65,234
1485,304,1789,0.2047138047138047,302
7,3,10,0.42857142857142855,1
3848,5,3853,0.0012993762993762994,1
13,324,337,24.923076923076923,344
27,574,601,21.25925925925926,404
13,538,551,41.38461538461539,560
98,80,178,0.8163265306122449,74
257,20,277,0.07782101167315175,5
1,10,11,10.0,1
382,162,544,0.42408376963350786,164
25,306,331,12.24,320
1191,494,1685,0.4147774979009236,510
84,241,325,2.869047619047619,249
23,342,365,14.869565217391305,365
16,620,636,38.75,636
83,343,426,4.132530120481928,368
17,152,169,8.941176470588236,154
23,657,680,28.565217391304348,670
827,102,929,0.12333736396614269,92
112,391,503,3.4910714285714284,409
83,281,364,3.3855421686746987,297
30,231,261,7.7,236
11,330,341,30.0,347
47,372,419,7.914893617021277,393
217,422,639,1.944700460829493,446
2361,7,2368,0.002964845404489623,1
288,17,305,0.059027777777777776,3
10,106,116,10.6,101
20,365,385,18.25,388
8,271,279,33.875,284
9,296,305,32.888888888888886,315
25,388,413,15.52,408
972,498,1470,0.5123456790123457,515
408,143,551,0.35049019607843135,140
2774,92,2866,0.03316510454217736,86
313,250,563,0.7987220447284346,262
21,52,73,2.4761904761904763,39
2516,104,2620,0.04133545310015898,97
52,868,920,16.692307692307693,882
46,33,79,0.717391304347826,18
23,411,434,17.869565217391305,439
51,665,716,13.03921568627451,679
11,262,273,23.818181818181817,276
22,856,878,38.90909090909091,866
182,587,769,3.2252747252747254,602
2428,14,2442,0.005766062602965404,6
18,563,581,31.27777777777778,418
7,174,181,24.857142857142858,90
54,210,264,3.888888888888889,212
11,200,211,18.181818181818183,209
115,103,218,0.8956521739130435,100
357,275,632,0.7703081232492998,286
16,603,619,37.6875,617
14,128,142,9.142857142857142,127
122,150,272,1.2295081967213115,147
3017,294,3311,0.09744779582366589,309
23,78,101,3.391304347826087,76
50,675,725,13.5,689
114,317,431,2.780701754385965,165
22,373,395,16.954545454545453,393
10,298,308,29.8,315
1574,1155,2729,0.7337992376111817,1006
1483,7,1490,0.004720161834120027,1
31,48,79,1.5483870967741935,36
616,209,825,0.3392857142857143,215
22,4,26,0.18181818181818182,1
76,281,357,3.6973684210526314,291
14,42,56,3.0,25
8,670,678,83.75,683
10,501,511,50.1,524
29,426,455,14.689655172413794,445
8,193,201,24.125,194
22,359,381,16.318181818181817,384
21,112,133,5.333333333333333,110
13,261,274,20.076923076923077,273
30,4,34,0.13333333333333333,383
25,334,359,13.36,353
448,352,800,0.7857142857142857,373
25,252,277,10.08,382
19,137,156,7.2105263157894735,141
588,987,1575,1.6785714285714286,1006
61,952,1013,15.60655737704918,961
208,342,550,1.6442307692307692,361
1176,11,1187,0.00935374149659864,1
19,942,961,49.578947368421055,968
26,790,816,30.384615384615383,784
7,95,102,13.571428571428571,88
325,524,849,1.6123076923076922,546
37,439,476,11.864864864864865,191
13,298,311,22.923076923076923,280
26,30,56,1.1538461538461537,16
981,7,988,0.007135575942915392,1
6,294,300,49.0,308
11,109,120,9.909090909090908,104
7,180,187,25.714285714285715,180
226,515,741,2.2787610619469025,540
44,706,750,16.045454545454547,718
59,280,339,4.745762711864407,297
153,580,733,3.7908496732026142,595
84,332,416,3.9523809523809526,348
1,10,11,10.0,1
10,264,274,26.4,271
1,10,11,10.0,1
31,62,93,2.0,55
48,280,328,5.833333333333333,293
31,290,321,9.35483870967742,304
34,793,827,23.323529411764707,800
20,357,377,17.85,375
96,15,111,0.15625,1
5,224,229,44.8,233
24,207,231,8.625,19
9,581,590,64.55555555555556,597
51,39,90,0.7647058823529411,25
81,147,228,1.8148148148148149,148
459,29,488,0.06318082788671024,13
2,42,44,21.0,29
14,55,69,3.9285714285714284,49
152,618,770,4.065789473684211,630
133,302,435,2.2706766917293235,319
50,504,554,10.08,524
545,341,886,0.6256880733944954,354
2643,16,2659,0.006053726825576996,1
31,626,657,20.193548387096776,636
186,495,681,2.661290322580645,522
37,187,224,5.054054054054054,192
12,46,58,3.8333333333333335,34
37,60,97,1.6216216216216217,51
18,345,363,19.166666666666668,362
386,67,453,0.17357512953367876,56
25,509,534,20.36,528
29,104,133,3.586206896551724,100
29,104,133,3.586206896551724,100
1618,880,2498,0.5438813349814586,889
300,471,771,1.57,492
7,256,263,36.57142857142857,265
38,225,263,5.921052631578948,236
12,167,179,13.916666666666666,169
2,355,357,177.5,380
529,459,988,0.8676748582230623,712
6,133,139,22.166666666666668,132
2,30,32,15.0,19
115,241,356,2.0956521739130434,249
621,9,630,0.014492753623188406,1
2708,1172,3880,0.4327917282127031,1006
51,140,191,2.7450980392156863,71
3457,520,3977,0.15041943881978595,541
157,51,208,0.3248407643312102,42
11,341,352,31.0,351
385,861,1246,2.2363636363636363,871
10,150,160,15.0,151
32,660,692,20.625,671
38,330,368,8.68421052631579,346
21,248,269,11.80952380952381,257
15,152,167,10.133333333333333,156
29,361,390,12.448275862068966,376
11,86,97,7.818181818181818,79
8,72,80,9.0,70
16,122,138,7.625,120
273,416,689,1.5238095238095237,691
5,31,36,6.2,17
77,356,433,4.623376623376624,370
179,140,319,0.7821229050279329,144
14,118,132,8.428571428571429,112
4,357,361,89.25,379
20,532,552,26.6,561
425,129,554,0.3035294117647059,128
1140,7,1147,0.0061403508771929825,1
34,232,266,6.823529411764706,238
14,405,419,28.928571428571427,427
407,203,610,0.4987714987714988,208
16,232,248,14.5,239
214,83,297,0.3878504672897196,71
114,321,435,2.8157894736842106,208
934,270,1204,0.2890792291220557,284
721,592,1313,0.8210818307905686,609
3315,70,3385,0.021116138763197588,232
1,10,11,10.0,1
65,28,93,0.4307692307692308,43
23,682,705,29.652173913043477,691
15,361,376,24.066666666666666,400
21,335,356,15.952380952380953,359
31,621,652,20.032258064516128,522
10,454,464,45.4,475
89,126,215,1.4157303370786516,128
52,277,329,5.326923076923077,236
14,18,32,1.2857142857142858,3
3,297,300,99.0,315
80,37,117,0.4625,22
29,248,277,8.551724137931034,259
74,589,663,7.95945945945946,608
103,28,131,0.27184466019417475,12
27,279,306,10.333333333333334,291
3500,146,3646,0.04171428571428572,145
71,49,120,0.6901408450704225,37
12,275,287,22.916666666666668,289
15,414,429,27.6,437
23,385,408,16.73913043478261,408
28,251,279,8.964285714285714,262
1572,13,1585,0.00826972010178117,1
92,253,345,2.75,409
10,392,402,39.2,421
37,42,79,1.135135135135135,33
46,318,364,6.913043478260869,334
14,332,346,23.714285714285715,346
13,288,301,22.153846153846153,304
196,57,253,0.29081632653061223,43
10,578,588,57.8,598
57,940,997,16.49122807017544,956
47,692,739,14.72340425531915,705
2235,260,2495,0.116331096196868,275
2567,111,2678,0.043241137514608494,119
966,435,1401,0.4503105590062112,497
25,350,375,14.0,365
15,499,514,33.266666666666666,253
22,211,233,9.590909090909092,216
49,74,123,1.510204081632653,67
86,133,219,1.5465116279069768,129
168,701,869,4.1726190476190474,904
121,372,493,3.074380165289256,394
29,590,619,20.344827586206897,604
1860,986,2846,0.5301075268817205,1006
82,220,302,2.682926829268293,222
48,200,248,4.166666666666667,207
10,109,119,10.9,105
142,317,459,2.232394366197183,336
81,598,679,7.382716049382716,611
30,277,307,9.233333333333333,286
11,352,363,32.0,370
32,187,219,5.84375,190
7,358,365,51.142857142857146,384
339,721,1060,2.1268436578171093,731
16,549,565,34.3125,563
494,451,945,0.9129554655870445,472
40,530,570,13.25,556
7,94,101,13.428571428571429,89
73,467,540,6.397260273972603,487
11,189,200,17.181818181818183,302
11,387,398,35.18181818181818,408
27,222,249,8.222222222222221,229
3262,482,3744,0.1477621091354997,1
9,279,288,31.0,296
53,284,337,5.3584905660377355,292
467,76,543,0.16274089935760172,67
6,225,231,37.5,229
27,322,349,11.925925925925926,330
8,51,59,6.375,42
29,258,287,8.89655172413793,271
2,10,12,5.0,1
2106,1084,3190,0.5147198480531814,1006
9,532,541,59.111111111111114,551
160,138,298,0.8625,137
13,304,317,23.384615384615383,318
2,39,41,19.5,392
1483,7,1490,0.004720161834120027,1
764,308,1072,0.4031413612565445,149
24,326,350,13.583333333333334,468
46,431,477,9.369565217391305,455
824,213,1037,0.25849514563106796,220
69,28,97,0.4057971014492754,16
11,227,238,20.636363636363637,237
25,354,379,14.16,370
232,367,599,1.581896551724138,388
234,475,709,2.02991452991453,500
4,28,32,7.0,9
74,683,757,9.22972972972973,385
33,540,573,16.363636363636363,559
12,445,457,37.083333333333336,465
36,360,396,10.0,374
7,110,117,15.714285714285714,103
42,661,703,15.738095238095237,672
55,156,211,2.8363636363636364,159
92,451,543,4.9021739130434785,474
241,350,591,1.4522821576763485,365
11,214,225,19.454545454545453,220
52,332,384,6.384615384615385,349
42,344,386,8.19047619047619,364
14,354,368,25.285714285714285,375
494,139,633,0.2813765182186235,139
1392,146,1538,0.10488505747126436,144
899,426,1325,0.4738598442714127,446
38,685,723,18.026315789473685,692
15,118,133,7.866666666666666,113
20,237,257,11.85,249
52,333,385,6.403846153846154,350
8,11,19,1.375,1
13,259,272,19.923076923076923,274
53,207,260,3.9056603773584904,209
273,228,501,0.8351648351648352,239
32,99,131,3.09375,430
29,343,372,11.827586206896552,358
42,462,504,11.0,483
10,3,13,0.3,1
12,248,260,20.666666666666668,256
1155,378,1533,0.32727272727272727,396
8,663,671,82.875,681
431,125,556,0.2900232018561485,209
1067,6,1073,0.005623242736644799,1
23,256,279,11.130434782608695,265
17,158,175,9.294117647058824,160
52,424,476,8.153846153846153,441
17,935,952,55.0,966
1669,453,2122,0.27142001198322346,472
187,40,227,0.21390374331550802,28
15,288,303,19.2,303
14,204,218,14.571428571428571,206
48,487,535,10.145833333333334,507
34,747,781,21.970588235294116,753
16,281,297,17.5625,290
28,921,949,32.892857142857146,927
77,36,113,0.4675324675324675,25
557,304,861,0.5457809694793537,317
19,277,296,14.578947368421053,299
26,356,382,13.692307692307692,380
19,68,87,3.5789473684210527,59
19,107,126,5.631578947368421,102
408,193,601,0.4730392156862745,199
21,594,615,28.285714285714285,613
265,766,1031,2.890566037735849,771
28,549,577,19.607142857142858,571
8,34,42,4.25,18
81,714,795,8.814814814814815,721
816,304,1120,0.37254901960784315,320
44,468,512,10.636363636363637,490
54,273,327,5.055555555555555,16
34,195,229,5.735294117647059,200
45,254,299,5.644444444444445,262
15,131,146,8.733333333333333,132
65,198,263,3.046153846153846,203
16,55,71,3.4375,111
80,278,358,3.475,291
374,431,805,1.1524064171122994,448
89,62,151,0.6966292134831461,53
1761,279,2040,0.15843270868824533,293
1,24,25,24.0,1
463,321,784,0.693304535637149,338
1250,205,1455,0.164,213
86,802,888,9.325581395348838,805
13,96,109,7.384615384615385,91
99,594,693,6.0,611
19,345,364,18.157894736842106,359
8,722,730,90.25,731
23,31,54,1.3478260869565217,15
48,437,485,9.104166666666666,450
7,336,343,48.0,353
1902,4,1906,0.002103049421661409,5
4,11,15,2.75,1
949,140,1089,0.1475237091675448,139
848,221,1069,0.2606132075471698,223
34,625,659,18.38235294117647,642
134,613,747,4.574626865671642,622
646,244,890,0.37770897832817335,258
58,418,476,7.206896551724138,435
40,270,310,6.75,282
113,568,681,5.0265486725663715,583
539,115,654,0.21335807050092764,112
13,256,269,19.692307692307693,266
15,47,62,3.1333333333333333,36
32,393,425,12.28125,411
19,135,154,7.105263157894737,135
598,143,741,0.2391304347826087,144
259,193,452,0.7451737451737451,197
33,443,476,13.424242424242424,462
259,304,563,1.1737451737451738,316
45,320,365,7.111111111111111,338
24,705,729,29.375,716
15,256,271,17.066666666666666,270
1,390,391,390.0,361
12,404,416,33.666666666666664,421
45,696,741,15.466666666666667,714
19,131,150,6.894736842105263,131
15,8,23,0.5333333333333333,1
91,185,276,2.032967032967033,189
17,501,518,29.470588235294116,518
27,374,401,13.851851851851851,396
49,580,629,11.83673469387755,602
232,822,1054,3.543103448275862,833
2568,124,2692,0.048286604361370715,119
82,282,364,3.4390243902439024,299
102,677,779,6.637254901960785,688
16,457,473,28.5625,481
2764,327,3091,0.1183068017366136,343
936,198,1134,0.21153846153846154,203
39,234,273,6.0,231
27,574,601,21.25925925925926,404
4,36,40,9.0,23
27,316,343,11.703703703703704,331
16,433,449,27.0625,451
21,594,615,28.285714285714285,613
1082,20,1102,0.018484288354898338,4
36,441,477,12.25,456
9,93,102,10.333333333333334,82
2,18,20,9.0,1
644,93,737,0.14440993788819875,88
12,102,114,8.5,95
491,512,1003,1.0427698574338085,530
69,181,250,2.6231884057971016,185
63,345,408,5.476190476190476,69
30,279,309,9.3,294
54,70,124,1.2962962962962963,69
13,67,80,5.153846153846154,370
39,253,292,6.487179487179487,262
797,111,908,0.13927227101631118,106
71,30,101,0.4225352112676056,17
15,267,282,17.8,278
99,358,457,3.6161616161616164,933
12,759,771,63.25,765
100,170,270,1.7,175
13,121,134,9.307692307692308,118
9,50,59,5.555555555555555,40
1786,513,2299,0.2872340425531915,529
16,209,225,13.0625,217
12,326,338,27.166666666666668,339
17,483,500,28.41176470588235,503
1369,942,2311,0.6880934989043097,957
25,41,66,1.64,26
2188,61,2249,0.027879341864716637,51
8,282,290,35.25,295
620,602,1222,0.9709677419354839,618
32,353,385,11.03125,368
101,7,108,0.06930693069306931,1
30,321,351,10.7,341
123,957,1080,7.780487804878049,971
7,645,652,92.14285714285714,656
345,125,470,0.36231884057971014,123
760,90,850,0.11842105263157894,81
7,138,145,19.714285714285715,141
3,769,772,256.3333333333333,772
803,290,1093,0.36114570361145704,307
21,393,414,18.714285714285715,412
54,44,98,0.8148148148148148,32
5,116,121,23.2,113
11,408,419,37.09090909090909,431
8,284,292,35.5,107
16,253,269,15.8125,257
28,92,120,3.2857142857142856,85
7,34,41,4.857142857142857,22
484,477,961,0.9855371900826446,496
1,10,11,10.0,1
7,550,557,78.57142857142857,312
60,914,974,15.233333333333333,917
247,137,384,0.5546558704453441,132
115,298,413,2.591304347826087,312
1342,408,1750,0.30402384500745155,428
359,693,1052,1.9303621169916434,189
10,304,314,30.4,285
23,771,794,33.52173913043478,777
12,444,456,37.0,466
3,32,35,10.666666666666666,18
10,251,261,25.1,263
33,73,106,2.212121212121212,66
11,34,45,3.090909090909091,50
21,18,39,0.8571428571428571,1
14,486,500,34.714285714285715,512
44,534,578,12.136363636363637,399
17,168,185,9.882352941176471,172
15,25,40,1.6666666666666667,109
11,323,334,29.363636363636363,337
59,75,134,1.271186440677966,64
64,470,534,7.34375,491
22,28,50,1.2727272727272727,17
17,388,405,22.823529411764707,409
75,14,89,0.18666666666666668,1
34,146,180,4.294117647058823,147
224,827,1051,3.6919642857142856,608
788,350,1138,0.44416243654822335,369
1408,237,1645,0.16832386363636365,247
9,251,260,27.88888888888889,261
137,322,459,2.3503649635036497,337
45,7,52,0.15555555555555556,1
24,220,244,9.166666666666666,232
19,221,240,11.631578947368421,230
1,10,11,10.0,1
225,983,1208,4.368888888888889,811
11,190,201,17.272727272727273,195
41,357,398,8.707317073170731,381
44,676,720,15.363636363636363,687
11,226,237,20.545454545454547,97
109,381,490,3.4954128440366974,401
24,608,632,25.333333333333332,624
11,280,291,25.454545454545453,295
15,114,129,7.6,110
20,213,233,10.65,220
16,603,619,37.6875,617
23,343,366,14.91304347826087,360
1,30,31,30.0,16
19,36,55,1.894736842105263,19
100,454,554,4.54,475
32,748,780,23.375,756
14,325,339,23.214285714285715,371
370,157,527,0.4243243243243243,160
4,98,102,24.5,91
21,34,55,1.619047619047619,20
634,936,1570,1.476340694006309,118
23,217,240,9.434782608695652,228
17,388,405,22.823529411764707,404
428,341,769,0.7967289719626168,359
652,399,1051,0.6119631901840491,421
31,214,245,6.903225806451613,219
25,974,999,38.96,1006
144,21,165,0.14583333333333334,7
574,746,1320,1.2996515679442509,750
96,450,546,4.6875,468
399,460,859,1.1528822055137844,479
9,233,242,25.88888888888889,240
56,366,422,6.535714285714286,379
46,580,626,12.608695652173912,595
107,442,549,4.130841121495327,463
197,292,489,1.482233502538071,304
0,942,942,1,126
2224,764,2988,0.3435251798561151,770
229,25,254,0.1091703056768559,8
52,295,347,5.673076923076923,311
305,57,362,0.18688524590163935,50
53,405,458,7.6415094339622645,678
2077,24,2101,0.011555127587867116,18
11,154,165,14.0,153
29,763,792,26.310344827586206,772
28,348,376,12.428571428571429,383
25,151,176,6.04,154
212,336,548,1.5849056603773586,350
101,451,552,4.465346534653466,472
52,511,563,9.826923076923077,529
647,5,652,0.0077279752704791345,1
16,255,271,15.9375,266
6,169,175,28.166666666666668,169
18,122,140,6.777777777777778,120
41,288,329,7.024390243902439,305
85,616,701,7.247058823529412,503
1,10,11,10.0,1
463,84,547,0.18142548596112312,78
37,224,261,6.054054054054054,229
209,930,1139,4.44976076555024,963
376,385,761,1.023936170212766,405
6,137,143,22.833333333333332,139
22,252,274,11.454545454545455,267
108,426,534,3.9444444444444446,447
16,549,565,34.3125,563
9,106,115,11.777777777777779,103
9,175,184,19.444444444444443,175
18,424,442,23.555555555555557,444
41,558,599,13.609756097560975,574
25,436,461,17.44,457
45,502,547,11.155555555555555,522
68,59,127,0.8676470588235294,48
19,559,578,29.42105263157895,583
151,15,166,0.09933774834437085,1
75,98,173,1.3066666666666666,93
356,578,934,1.6235955056179776,590
64,304,368,4.75,321
9,15,24,1.6666666666666667,2
517,194,711,0.37524177949709864,197
21,367,388,17.476190476190474,385
119,246,365,2.0672268907563027,254
14,518,532,37.0,537
428,261,689,0.6098130841121495,272
101,87,188,0.8613861386138614,79
2,794,796,397.0,433
223,881,1104,3.9506726457399104,887
32,887,919,27.71875,893
258,872,1130,3.37984496124031,881
3234,10,3244,0.0030921459492888066,1
27,492,519,18.22222222222222,204
1794,7,1801,0.0039018952062430325,1
35,30,65,0.8571428571428571,17
25,3,28,0.12,1
103,237,340,2.3009708737864076,247
393,804,1197,2.045801526717557,813
1897,641,2538,0.3379019504480759,653
1010,36,1046,0.03564356435643564,24
335,159,494,0.4746268656716418,161
18,376,394,20.88888888888889,393
1,10,11,10.0,1
5,333,338,66.6,226
31,459,490,14.806451612903226,407
507,99,606,0.1952662721893491,89
62,328,390,5.290322580645161,342
17,131,148,7.705882352941177,133
10,458,468,45.8,481
332,337,669,1.0150602409638554,353
16,701,717,43.8125,711
486,118,604,0.24279835390946503,115
56,497,553,8.875,516
57,64,121,1.1228070175438596,57
733,698,1431,0.9522510231923602,710
22,304,326,13.818181818181818,281
17,483,500,28.41176470588235,503
51,377,428,7.392156862745098,394
49,30,79,0.6122448979591837,15
16,694,710,43.375,704
18,338,356,18.77777777777778,355
38,87,125,2.289473684210526,78
81,501,582,6.185185185185185,517
31,205,236,6.612903225806452,213
6,201,207,33.5,205
19,251,270,13.210526315789474,102
26,220,246,8.461538461538462,227
15,129,144,8.6,129
14,243,257,17.357142857142858,285
27,211,238,7.814814814814815,217
815,158,973,0.19386503067484662,160
47,265,312,5.638297872340425,275
16,498,514,31.125,521
21,269,290,12.80952380952381,283
3451,572,4023,0.16574905824398725,489
2862,201,3063,0.07023060796645703,207
3420,159,3579,0.04649122807017544,161
89,818,907,9.191011235955056,824
269,867,1136,3.2230483271375463,866
11,325,336,29.545454545454547,342
7,259,266,37.0,149
143,312,455,2.1818181818181817,327
115,152,267,1.3217391304347825,152
700,142,842,0.20285714285714285,144
37,235,272,6.351351351351352,243
25,933,958,37.32,965
52,229,281,4.403846153846154,236
899,32,931,0.035595105672969966,20
30,21,51,0.7,9
10,380,390,38.0,329
18,18,36,1.0,1
33,18,51,0.5454545454545454,3
52,277,329,5.326923076923077,290
12,183,195,15.25,185
11,348,359,31.636363636363637,366
28,455,483,16.25,480
1104,142,1246,0.1286231884057971,418
28,139,167,4.964285714285714,140
29,757,786,26.103448275862068,762
15,268,283,17.866666666666667,284
24,463,487,19.291666666666668,480
226,317,543,1.4026548672566372,327
21,130,151,6.190476190476191,129
17,1110,1127,65.29411764705883,1006
44,261,305,5.931818181818182,271
46,408,454,8.869565217391305,424
9,255,264,28.333333333333332,269
42,325,367,7.738095238095238,343
4,524,528,131.0,555
291,372,663,1.2783505154639174,388
17,240,257,14.117647058823529,251
62,421,483,6.790322580645161,440
1739,963,2702,0.5537665324899368,997
10,98,108,9.8,92
49,438,487,8.938775510204081,462
20,806,826,40.3,813
100,256,356,2.56,266
1677,33,1710,0.01967799642218247,16
1547,15,1562,0.009696186166774402,1
22,70,92,3.1818181818181817,59
1739,141,1880,0.08108108108108109,142
268,224,492,0.835820895522388,232
5,194,199,38.8,198
97,222,319,2.288659793814433,230
18,252,270,14.0,237
369,585,954,1.5853658536585367,604
18,234,252,13.0,242
85,83,168,0.9764705882352941,74
12,362,374,30.166666666666668,380
15,475,490,31.666666666666668,496
983,198,1181,0.20142421159715157,384
15,312,327,20.8,330
133,260,393,1.9548872180451127,271
17,160,177,9.411764705882353,161
30,190,220,6.333333333333333,193
14,248,262,17.714285714285715,253
30,306,336,10.2,320
3087,164,3251,0.05312601230968578,168
47,293,340,6.23404255319149,308
5,44,49,8.8,33
9,37,46,4.111111111111111,23
1766,63,1829,0.03567383918459796,52
1614,49,1663,0.030359355638166045,39
165,327,492,1.981818181818182,344
1406,98,1504,0.06970128022759602,92
171,1042,1213,6.093567251461988,1006
220,210,430,0.9545454545454546,220
958,385,1343,0.40187891440501045,399
162,296,458,1.8271604938271604,303
59,219,278,3.711864406779661,226
9,298,307,33.111111111111114,309
14,26,40,1.8571428571428572,10
34,433,467,12.735294117647058,451
2034,462,2496,0.22713864306784662,483
8,414,422,51.75,436
337,341,678,1.0118694362017804,238
82,340,422,4.146341463414634,357
12,142,154,11.833333333333334,144
789,288,1077,0.3650190114068441,299
13,411,424,31.615384615384617,432
24,93,117,3.875,316
42,266,308,6.333333333333333,84
14,299,313,21.357142857142858,315
9,252,261,28.0,261
44,207,251,4.704545454545454,211
141,345,486,2.4468085106382977,366
304,398,702,1.3092105263157894,418
6,142,148,23.666666666666668,143
223,491,714,2.201793721973094,511
35,349,384,9.971428571428572,366
9,260,269,28.88888888888889,278
169,521,690,3.0828402366863905,543
13,275,288,21.153846153846153,286
12,183,195,15.25,186
15,858,873,57.2,863
187,136,323,0.7272727272727273,131
43,241,284,5.604651162790698,250
29,712,741,24.551724137931036,726
14,122,136,8.714285714285714,124
119,3,122,0.025210084033613446,1
14,142,156,10.142857142857142,140
25,63,88,2.52,53
38,535,573,14.078947368421053,99
734,386,1120,0.5258855585831063,408
24,167,191,6.958333333333333,174
7,408,415,58.285714285714285,430
20,227,247,11.35,233
152,26,178,0.17105263157894737,13
11,919,930,83.54545454545455,929
245,422,667,1.7224489795918367,443
8,102,110,12.75,90
91,531,622,5.835164835164835,552
79,263,342,3.329113924050633,271
24,947,971,39.458333333333336,960
12,30,42,2.5,17
168,329,497,1.9583333333333333,349
38,427,465,11.236842105263158,450
381,931,1312,2.4435695538057742,354
22,274,296,12.454545454545455,286
604,67,671,0.11092715231788079,59
1585,165,1750,0.10410094637223975,165
20,283,303,14.15,294
26,296,322,11.384615384615385,310
61,430,491,7.049180327868853,453
29,284,313,9.793103448275861,297
23,257,280,11.173913043478262,270
155,369,524,2.3806451612903228,390
233,191,424,0.8197424892703863,199
24,25,49,1.0416666666666667,14
20,187,207,9.35,190
490,107,597,0.21836734693877552,105
13,419,432,32.23076923076923,441
35,521,556,14.885714285714286,543
213,11,224,0.051643192488262914,1
54,182,236,3.3703703703703702,184
1478,13,1491,0.008795669824086604,1
26,947,973,36.42307692307692,1004
39,318,357,8.153846153846153,333
16,76,92,4.75,72
275,172,447,0.6254545454545455,156
572,338,910,0.5909090909090909,357
11,274,285,24.90909090909091,288
2,42,44,21.0,28
35,961,996,27.457142857142856,972
1109,199,1308,0.17944093778178538,205
2230,143,2373,0.06412556053811659,146
482,525,1007,1.0892116182572613,538
1447,347,1794,0.2398064961990325,360
74,984,1058,13.297297297297296,1006
42,195,237,4.642857142857143,201
99,560,659,5.656565656565657,575
9,114,123,12.666666666666666,111
273,479,752,1.7545787545787546,500
816,139,955,0.17034313725490197,141
1908,252,2160,0.1320754716981132,259
11,256,267,23.272727272727273,268
165,151,316,0.9151515151515152,151
12,306,318,25.5,326
13,140,153,10.76923076923077,143
10,121,131,12.1,120
13,313,326,24.076923076923077,330
66,346,412,5.242424242424242,366
37,40,77,1.0810810810810811,29
1,10,11,10.0,1
7,90,97,12.857142857142858,83
74,160,234,2.1621621621621623,161
85,695,780,8.176470588235293,706
228,390,618,1.7105263157894737,412
7,53,60,7.571428571428571,44
4,124,128,31.0,123
86,672,758,7.813953488372093,681
30,324,354,10.8,343
3,62,65,20.666666666666668,54
531,535,1066,1.0075329566854991,581
9,382,391,42.44444444444444,402
11,430,441,39.09090909090909,453
28,15,43,0.5357142857142857,3
21,231,252,11.0,241
18,130,148,7.222222222222222,129
1,416,417,416.0,435
61,3,64,0.04918032786885246,1
48,277,325,5.770833333333333,289
16,44,60,2.75,28
391,309,700,0.7902813299232737,327
14,388,402,27.714285714285715,410
44,195,239,4.431818181818182,200
341,158,499,0.4633431085043988,160
250,248,498,0.992,259
1095,256,1351,0.23378995433789954,263
713,443,1156,0.6213183730715287,469
273,1010,1283,3.6996336996337,1006
16,20,36,1.25,5
55,53,108,0.9636363636363636,42
17,16,33,0.9411764705882353,1
15,374,389,24.933333333333334,390
112,330,442,2.9464285714285716,348
15,282,297,18.8,288
138,247,385,1.789855072463768,256
530,51,581,0.09622641509433963,41
349,109,458,0.3123209169054441,109
37,263,300,7.108108108108108,274
9,264,273,29.333333333333332,271
18,253,271,14.055555555555555,262
10,319,329,31.9,341
29,452,481,15.586206896551724,473
16,135,151,8.4375,137
49,384,433,7.836734693877551,407
47,635,682,13.51063829787234,645
31,828,859,26.70967741935484,825
10,294,304,29.4,307
12,114,126,9.5,112
2458,862,3320,0.3506916192026037,872
8,308,316,38.5,324
575,116,691,0.20173913043478262,472
1348,1087,2435,0.8063798219584569,1006
161,169,330,1.049689440993789,171
36,140,176,3.888888888888889,140
18,84,102,4.666666666666667,77
1148,179,1327,0.1559233449477352,178
10,396,406,39.6,412
176,202,378,1.1477272727272727,207
17,853,870,50.1764705882353,870
20,282,302,14.1,298
37,67,104,1.8108108108108107,58
285,597,882,2.094736842105263,616
134,136,270,1.0149253731343284,134
214,273,487,1.2757009345794392,285
2057,128,2185,0.06222654350996597,128
11,200,211,18.181818181818183,209
8,54,62,6.75,40
27,336,363,12.444444444444445,351
47,197,244,4.191489361702128,202
232,406,638,1.75,424
5,272,277,54.4,284
1,10,11,10.0,1
773,181,954,0.23415265200517466,184
9,116,125,12.88888888888889,114
12,252,264,21.0,261
8,21,29,2.625,5
14,311,325,22.214285714285715,331
9,281,290,31.22222222222222,295
98,956,1054,9.755102040816327,962
1230,1002,2232,0.8146341463414634,1006
100,5,105,0.05,1
2,10,12,5.0,1
616,220,836,0.35714285714285715,244
18,374,392,20.77777777777778,388
13,564,577,43.38461538461539,852
12,116,128,9.666666666666666,115
1038,623,1661,0.6001926782273603,633
20,738,758,36.9,744
18,146,164,8.11111111111111,146
27,626,653,23.185185185185187,57
28,318,346,11.357142857142858,336
14,452,466,32.285714285714285,338
1452,384,1836,0.2644628099173554,406
2,11,13,5.5,1
28,503,531,17.964285714285715,519
266,155,421,0.5827067669172933,157
30,892,922,29.733333333333334,899
7,41,48,5.857142857142857,28
26,901,927,34.65384615384615,907
39,94,133,2.41025641025641,86
1,4,5,4.0,1
7,430,437,61.42857142857143,454
755,115,870,0.152317880794702,112
55,340,395,6.181818181818182,362
330,691,1021,2.0939393939393938,695
11,169,180,15.363636363636363,172
95,344,439,3.6210526315789475,360
1905,209,2114,0.10971128608923884,213
23,50,73,2.1739130434782608,42
32,556,588,17.375,575
90,19,109,0.2111111111111111,3
102,10,112,0.09803921568627451,1
129,664,793,5.147286821705427,679
73,741,814,10.150684931506849,743
1057,243,1300,0.22989593188268684,251
293,413,706,1.4095563139931742,431
15,91,106,6.066666666666666,84
222,624,846,2.810810810810811,641
54,189,243,3.5,193
49,41,90,0.8367346938775511,642
12,342,354,28.5,362
99,30,129,0.30303030303030304,17
27,36,63,1.3333333333333333,19
2478,13,2491,0.005246166263115416,1
15,375,390,25.0,394
19,416,435,21.894736842105264,438
14,67,81,4.785714285714286,60
99,169,268,1.707070707070707,172
7,240,247,34.285714285714285,253
203,903,1106,4.448275862068965,899
22,101,123,4.590909090909091,99
15,265,280,17.666666666666668,190
28,454,482,16.214285714285715,479
95,608,703,6.4,622
16,5,21,0.3125,1
9,8,17,0.8888888888888888,1
213,335,548,1.5727699530516432,354
8,357,365,44.625,264
114,486,600,4.2631578947368425,512
1,10,11,10.0,1
41,169,210,4.121951219512195,1
85,41,126,0.4823529411764706,30
103,89,192,0.8640776699029126,85
3,18,21,6.0,1
10,642,652,64.2,654
21,300,321,14.285714285714286,313
11,647,658,58.81818181818182,663
35,432,467,12.342857142857143,449
4,11,15,2.75,1
11,242,253,22.0,250
1,10,11,10.0,1
1342,408,1750,0.30402384500745155,428
30,477,507,15.9,498
1,10,11,10.0,1
492,581,1073,1.1808943089430894,598
13,288,301,22.153846153846153,304
6,104,110,17.333333333333332,100
16,203,219,12.6875,211
1413,275,1688,0.194621372965322,287
2564,284,2848,0.11076443057722309,296
436,391,827,0.8967889908256881,410
2769,73,2842,0.0263633080534489,61
23,398,421,17.304347826086957,414
169,441,610,2.6094674556213016,462
31,282,313,9.096774193548388,302
27,147,174,5.444444444444445,148
22,244,266,11.090909090909092,255
181,630,811,3.4806629834254146,650
144,66,210,0.4583333333333333,60
534,479,1013,0.897003745318352,503
420,537,957,1.2785714285714285,552
11,304,315,27.636363636363637,317
3099,123,3222,0.03969022265246854,418
57,429,486,7.526315789473684,452
13,303,316,23.307692307692307,318
20,452,472,22.6,398
620,742,1362,1.196774193548387,749
51,855,906,16.764705882352942,865
33,347,380,10.515151515151516,365
10,299,309,29.9,329
8,589,597,73.625,607
7,324,331,46.285714285714285,338
471,258,729,0.5477707006369427,269
4,81,85,20.25,367
31,518,549,16.70967741935484,341
25,494,519,19.76,517
1,10,11,10.0,1
9,129,138,14.333333333333334,127
8,220,228,27.5,226
29,101,130,3.4827586206896552,95
72,381,453,5.291666666666667,401
106,263,369,2.481132075471698,270
17,309,326,18.176470588235293,323
28,419,447,14.964285714285714,437
31,591,622,19.06451612903226,496
34,77,111,2.264705882352941,74
13,190,203,14.615384615384615,195
15,88,103,5.866666666666666,86
7,243,250,34.714285714285715,251
226,161,387,0.7123893805309734,165
84,60,144,0.7142857142857143,50
40,149,189,3.725,149
15,407,422,27.133333333333333,425
12,88,100,7.333333333333333,77
9,587,596,65.22222222222223,496
3,328,331,109.33333333333333,344
531,4,535,0.007532956685499058,1
74,604,678,8.162162162162161,620
875,61,936,0.06971428571428571,53
808,950,1758,1.1757425742574257,958
1,254,255,254.0,435
15,284,299,18.933333333333334,384
10,381,391,38.1,402
46,296,342,6.434782608695652,308
13,325,338,25.0,344
48,32,80,0.6666666666666666,17
54,278,332,5.148148148148148,292
2,11,13,5.5,1
175,214,389,1.2228571428571429,222
8,101,109,12.625,97
37,53,90,1.4324324324324325,58
1924,459,2383,0.23856548856548856,475
15,130,145,8.666666666666666,112
649,211,860,0.325115562403698,217
18,537,555,29.833333333333332,558
33,64,97,1.9393939393939394,57
66,244,310,3.696969696969697,250
30,279,309,9.3,294
92,60,152,0.6521739130434783,52
28,49,77,1.75,37
126,37,163,0.29365079365079366,25
816,304,1120,0.37254901960784315,320
8,310,318,38.75,364
18,20,38,1.1111111111111112,6
44,28,72,0.6363636363636364,15
63,252,315,4.0,262
347,4,351,0.011527377521613832,1
287,859,1146,2.9930313588850175,864
2476,278,2754,0.1122778675282714,291
216,207,423,0.9583333333333334,213
9,73,82,8.11111111111111,64
8,381,389,47.625,399
14,396,410,28.285714285714285,414
10,4,14,0.4,1
1253,498,1751,0.3974461292897047,518
43,248,291,5.767441860465116,252
2777,282,3059,0.10154843356139719,296
33,563,596,17.060606060606062,400
59,384,443,6.508474576271187,405
666,513,1179,0.7702702702702703,537
343,566,909,1.6501457725947521,585
1503,492,1995,0.3273453093812375,623
24,38,62,1.5833333333333333,14
1,11,12,11.0,1
136,571,707,4.198529411764706,588
14,174,188,12.428571428571429,175
64,439,503,6.859375,462
106,322,428,3.0377358490566038,345
22,221,243,10.045454545454545,224
7,235,242,33.57142857142857,245
40,182,222,4.55,185
132,352,484,2.6666666666666665,371
17,114,131,6.705882352941177,110
42,757,799,18.023809523809526,760
56,371,427,6.625,390
1619,222,1841,0.13712168004941322,231
375,341,716,0.9093333333333333,467
1540,1013,2553,0.6577922077922078,1006
27,374,401,13.851851851851851,393
13,621,634,47.76923076923077,639
9,340,349,37.77777777777778,109
12,28,40,2.3333333333333335,15
1009,783,1792,0.77601585728444,671
905,372,1277,0.41104972375690607,203
132,211,343,1.5984848484848484,218
1,10,11,10.0,1
40,602,642,15.05,317
11,688,699,62.54545454545455,704
15,371,386,24.733333333333334,393
20,324,344,16.2,340
11,18,29,1.6363636363636365,190
30,40,70,1.3333333333333333,35
10,497,507,49.7,511
1189,257,1446,0.216148023549201,271
11,100,111,9.090909090909092,91
14,431,445,30.785714285714285,452
642,443,1085,0.6900311526479751,471
25,243,268,9.72,244
15,359,374,23.933333333333334,377
260,622,882,2.3923076923076922,628
11,113,124,10.272727272727273,108
16,88,104,5.5,84
8,179,187,22.375,182
72,536,608,7.444444444444445,551
93,609,702,6.548387096774194,623
33,507,540,15.363636363636363,529
15,372,387,24.8,393
99,196,295,1.97979797979798,204
16,269,285,16.8125,280
20,75,95,3.75,209
42,131,173,3.119047619047619,241
1,10,11,10.0,1
24,33,57,1.375,14
7,401,408,57.285714285714285,354
20,664,684,33.2,679
29,150,179,5.172413793103448,151
4,248,252,62.0,96
7,303,310,43.285714285714285,800
376,385,761,1.023936170212766,405
14,241,255,17.214285714285715,248
10,499,509,49.9,519
35,227,262,6.485714285714286,236
17,126,143,7.411764705882353,127
55,146,201,2.6545454545454548,146
288,17,305,0.059027777777777776,3
2,16,18,8.0,1
685,726,1411,1.0598540145985402,734
18,114,132,6.333333333333333,111
114,317,431,2.780701754385965,165
450,700,1150,1.5555555555555556,711
1008,294,1302,0.2916666666666667,305
28,549,577,19.607142857142858,571
72,459,531,6.375,478
16,844,860,52.75,785
7,199,206,28.428571428571427,204
80,682,762,8.525,693
1376,40,1416,0.029069767441860465,29
1326,175,1501,0.13197586726998492,178
88,116,204,1.3181818181818181,116
28,128,156,4.571428571428571,124
11,632,643,57.45454545454545,648
31,161,192,5.193548387096774,163
6,382,388,63.666666666666664,405
10,309,319,30.9,369
9,67,76,7.444444444444445,58
1857,703,2560,0.37856758212170166,721
80,348,428,4.35,368
594,366,960,0.6161616161616161,386
160,522,682,3.2625,542
51,755,806,14.803921568627452,761
44,409,453,9.295454545454545,269
21,450,471,21.428571428571427,474
25,52,77,2.08,40
56,371,427,6.625,390
40,1012,1052,25.3,1006
11,100,111,9.090909090909092,91
33,540,573,16.363636363636363,559
19,350,369,18.42105263157895,372
1,10,11,10.0,1
26,299,325,11.5,314
28,203,231,7.25,234
55,441,496,8.018181818181818,462
9,114,123,12.666666666666666,111
10,192,202,19.2,205
9,254,263,28.22222222222222,264
143,437,580,3.055944055944056,454
15,159,174,10.6,158
3,474,477,158.0,495
11,262,273,23.818181818181817,275
12,229,241,19.083333333333332,235
16,39,55,2.4375,21
834,908,1742,1.0887290167865706,914
28,562,590,20.071428571428573,578
27,871,898,32.25925925925926,881
1765,73,1838,0.041359773371104816,64
13,186,199,14.307692307692308,192
16,273,289,17.0625,286
25,381,406,15.24,403
2152,252,2404,0.1171003717472119,260
24,346,370,14.416666666666666,366
65,101,166,1.5538461538461539,43
27,61,88,2.259259259259259,52
145,68,213,0.4689655172413793,56
14,148,162,10.571428571428571,170
118,111,229,0.940677966101695,108
71,86,157,1.2112676056338028,255
15,660,675,44.0,668
16,23,39,1.4375,8
31,429,460,13.838709677419354,453
18,123,141,6.833333333333333,121
199,98,297,0.49246231155778897,91
25,211,236,8.44,220
265,766,1031,2.890566037735849,771
18,882,900,49.0,899
45,92,137,2.0444444444444443,86
7,142,149,20.285714285714285,139
15,235,250,15.666666666666666,244
153,278,431,1.8169934640522876,287
638,553,1191,0.8667711598746082,575
928,167,1095,0.17995689655172414,171
505,339,844,0.6712871287128713,355
44,28,72,0.6363636363636364,15
1766,59,1825,0.033408833522083806,48
24,426,450,17.75,452
31,94,125,3.032258064516129,88
7,141,148,20.142857142857142,144
117,534,651,4.564102564102564,554
10,543,553,54.3,568
12,332,344,27.666666666666668,351
27,412,439,15.25925925925926,432
10,298,308,29.8,315
14,31,45,2.2142857142857144,18
1202,34,1236,0.028286189683860232,28
12,249,261,20.75,254
17,1130,1147,66.47058823529412,1006
101,568,669,5.623762376237623,508
102,63,165,0.6176470588235294,49
133,384,517,2.887218045112782,402
21,318,339,15.142857142857142,334
11,564,575,51.27272727272727,583
83,607,690,7.313253012048193,622
8,253,261,31.625,265
67,327,394,4.880597014925373,343
434,119,553,0.27419354838709675,114
98,147,245,1.5,145
159,74,233,0.46540880503144655,68
21,262,283,12.476190476190476,274
536,202,738,0.376865671641791,208
1848,675,2523,0.3652597402597403,686
21,580,601,27.61904761904762,600
1230,82,1312,0.06666666666666667,76
78,394,472,5.051282051282051,406
110,508,618,4.618181818181818,528
5,58,63,11.6,50
88,301,389,3.4204545454545454,315
11,303,314,27.545454545454547,321
1011,581,1592,0.5746785361028685,575
14,264,278,18.857142857142858,276
2,1033,1035,516.5,392
214,179,393,0.8364485981308412,303
241,120,361,0.4979253112033195,115
25,1267,1292,50.68,1006
10,329,339,32.9,348
750,830,1580,1.1066666666666667,840
25,225,250,9.0,235
76,667,743,8.776315789473685,680
1707,45,1752,0.026362038664323375,35
16,154,170,9.625,157
14,156,170,11.142857142857142,163
1028,350,1378,0.3404669260700389,369
623,381,1004,0.6115569823434992,398
24,369,393,15.375,388
35,32,67,0.9142857142857143,21
460,268,728,0.5826086956521739,279
239,307,546,1.284518828451883,319
1523,188,1711,0.12344057780695995,192
12,199,211,16.583333333333332,291
15,158,173,10.533333333333333,161
37,56,93,1.5135135135135136,507
1908,252,2160,0.1320754716981132,259
23,904,927,39.30434782608695,903
101,381,482,3.772277227722772,402
526,127,653,0.2414448669201521,127
46,766,812,16.652173913043477,775
114,953,1067,8.359649122807017,968
25,83,108,3.32,81
21,724,745,34.476190476190474,732
28,247,275,8.821428571428571,252
1478,316,1794,0.21380243572395127,333
3,26,29,8.666666666666666,227
12,264,276,22.0,272
6,462,468,77.0,485
2251,323,2574,0.14349178143047533,719
9,439,448,48.77777777777778,297
8,46,54,5.75,38
859,389,1248,0.4528521536670547,406
17,430,447,25.294117647058822,451
11,347,358,31.545454545454547,303
73,63,136,0.863013698630137,52
79,750,829,9.49367088607595,758
84,65,149,0.7738095238095238,54
64,130,194,2.03125,128
38,574,612,15.105263157894736,590
12,846,858,70.5,851
17,247,264,14.529411764705882,258
68,73,141,1.0735294117647058,62
238,365,603,1.5336134453781514,382
16,797,813,49.8125,802
43,549,592,12.767441860465116,573
13,390,403,30.0,413
82,21,103,0.25609756097560976,1
34,717,751,21.08823529411765,729
815,22,837,0.026993865030674847,10
13,17,30,1.3076923076923077,1
912,129,1041,0.14144736842105263,128
287,328,615,1.1428571428571428,292
771,514,1285,0.6666666666666666,539
112,391,503,3.4910714285714284,409
864,176,1040,0.2037037037037037,180
8,381,389,47.625,401
882,970,1852,1.0997732426303855,1005
102,351,453,3.4411764705882355,373
17,371,388,21.823529411764707,391
14,231,245,16.5,235
335,417,752,1.2447761194029852,434
26,655,681,25.192307692307693,669
11,388,399,35.27272727272727,413
1783,990,2773,0.5552439708356702,1006
9,155,164,17.22222222222222,155
6,124,130,20.666666666666668,123
184,324,508,1.7608695652173914,342
28,142,170,5.071428571428571,142
8,509,517,63.625,526
19,432,451,22.736842105263158,450
15,225,240,15.0,229
15,957,972,63.8,1006
10,108,118,10.8,373
80,1046,1126,13.075,1006
34,185,219,5.4411764705882355,190
1713,13,1726,0.007589025102159953,1
19,280,299,14.736842105263158,293
80,219,299,2.7375,229
1514,662,2176,0.4372523117569353,676
28,346,374,12.357142857142858,363
7,408,415,58.285714285714285,429
19,520,539,27.36842105263158,492
1182,633,1815,0.5355329949238579,647
8,176,184,22.0,178
44,20,64,0.45454545454545453,1
225,305,530,1.3555555555555556,320
38,458,496,12.052631578947368,475
306,783,1089,2.5588235294117645,783
12,90,102,7.5,81
4,278,282,69.5,293
23,240,263,10.434782608695652,254
16,234,250,14.625,241
83,290,373,3.4939759036144578,301
320,35,355,0.109375,24
497,620,1117,1.2474849094567404,770
19,363,382,19.105263157894736,378
788,208,996,0.2639593908629442,212
460,149,609,0.3239130434782609,146
225,625,850,2.7777777777777777,638
19,324,343,17.05263157894737,340
12,588,600,49.0,604
11,354,365,32.18181818181818,372
27,231,258,8.555555555555555,237
22,117,139,5.318181818181818,249
29,409,438,14.10344827586207,427
46,144,190,3.130434782608696,148
499,7,506,0.014028056112224449,471
186,89,275,0.478494623655914,161
18,353,371,19.61111111111111,377
767,111,878,0.14471968709256844,107
1419,315,1734,0.2219873150105708,333
577,135,712,0.2339688041594454,134
36,268,304,7.444444444444445,281
24,781,805,32.541666666666664,786
258,55,313,0.2131782945736434,46
120,25,145,0.20833333333333334,10
11,792,803,72.0,800
1540,1013,2553,0.6577922077922078,1006
30,306,336,10.2,320
1976,169,2145,0.08552631578947369,173
20,304,324,15.2,390
10,262,272,26.2,274
540,1026,1566,1.9,1006
1547,15,1562,0.009696186166774402,1
135,151,286,1.1185185185185185,152
4,278,282,69.5,293
41,426,467,10.390243902439025,446
1712,4,1716,0.002336448598130841,1
105,417,522,3.9714285714285715,434
14,629,643,44.92857142857143,638
17,544,561,32.0,560
9,159,168,17.666666666666668,162
15,361,376,24.066666666666666,380
7,472,479,67.42857142857143,492
23,372,395,16.17391304347826,393
24,397,421,16.541666666666668,418
43,680,723,15.813953488372093,695
14,367,381,26.214285714285715,385
18,499,517,27.72222222222222,519
307,55,362,0.1791530944625407,35
52,424,476,8.153846153846153,442
23,179,202,7.782608695652174,183
156,98,254,0.6282051282051282,92
161,595,756,3.6956521739130435,611
1082,70,1152,0.06469500924214418,57
113,283,396,2.504424778761062,296
362,104,466,0.287292817679558,99
16,346,362,21.625,357
51,94,145,1.8431372549019607,92
1244,600,1844,0.48231511254019294,614
17,790,807,46.470588235294116,793
5,145,150,29.0,151
18,353,371,19.61111111111111,369
35,126,161,3.6,124
8,100,108,12.5,96
11,725,736,65.9090909090909,733
246,144,390,0.5853658536585366,144
11,347,358,31.545454545454547,387
13,290,303,22.307692307692307,306
61,451,512,7.39344262295082,473
33,212,245,6.424242424242424,220
10,348,358,34.8,368
15,400,415,26.666666666666668,419
247,555,802,2.2469635627530367,566
14,509,523,36.357142857142854,527
9,282,291,31.333333333333332,315
450,54,504,0.12,43
22,22,44,1.0,225
22,239,261,10.863636363636363,247
26,3,29,0.11538461538461539,423
38,653,691,17.18421052631579,667
270,507,777,1.8777777777777778,527
19,931,950,49.0,943
25,441,466,17.64,461
69,270,339,3.9130434782608696,281
42,411,453,9.785714285714286,919
27,347,374,12.851851851851851,365
55,361,416,6.5636363636363635,382
9,307,316,34.111111111111114,327
145,48,193,0.3310344827586207,36
38,750,788,19.736842105263158,755
16,394,410,24.625,417
167,876,1043,5.245508982035928,888
1,10,11,10.0,1
7,281,288,40.142857142857146,294
36,193,229,5.361111111111111,196
135,910,1045,6.7407407407407405,925
30,235,265,7.833333333333333,242
3339,311,3650,0.09314165917939503,332
1536,106,1642,0.06901041666666667,78
33,687,720,20.818181818181817,429
897,330,1227,0.36789297658862874,348
104,407,511,3.9134615384615383,427
17,291,308,17.11764705882353,306
64,604,668,9.4375,617
14,306,320,21.857142857142858,320
136,23,159,0.16911764705882354,203
21,137,158,6.523809523809524,219
10,127,137,12.7,131
314,277,591,0.8821656050955414,287
681,130,811,0.19089574155653452,131
12,382,394,31.833333333333332,398
1,38,39,38.0,1
53,207,260,3.9056603773584904,209
17,302,319,17.764705882352942,314
36,16,52,0.4444444444444444,4
38,224,262,5.894736842105263,233
11,120,131,10.909090909090908,118
737,252,989,0.3419267299864315,262
1607,127,1734,0.07902924704418171,127
7,10,17,1.4285714285714286,1
322,227,549,0.7049689440993789,237
155,929,1084,5.993548387096774,787
14,264,278,18.857142857142858,279
221,552,773,2.497737556561086,571
57,534,591,9.368421052631579,548
93,274,367,2.946236559139785,286
10,391,401,39.1,410
23,151,174,6.565217391304348,148
2555,43,2598,0.016829745596868884,32
1112,158,1270,0.1420863309352518,153
4,222,226,55.5,82
537,321,858,0.5977653631284916,338
454,412,866,0.9074889867841409,432
43,303,346,7.046511627906977,318
67,38,105,0.5671641791044776,21
9,245,254,27.22222222222222,256
434,467,901,1.076036866359447,486
1307,181,1488,0.1384850803366488,155
11,846,857,76.9090909090909,852
18,380,398,21.11111111111111,400
15,72,87,4.8,64
84,60,144,0.7142857142857143,50
249,775,1024,3.112449799196787,776
60,300,360,5.0,315
34,148,182,4.352941176470588,145
2,37,39,18.5,1
41,240,281,5.853658536585366,250
28,440,468,15.714285714285714,460
26,23,49,0.8846153846153846,6
50,176,226,3.52,174
71,697,768,9.816901408450704,718
72,166,238,2.3055555555555554,169
554,4,558,0.007220216606498195,416
29,338,367,11.655172413793103,463
13,463,476,35.61538461538461,481
53,405,458,7.6415094339622645,426
11,60,71,5.454545454545454,235
28,57,85,2.0357142857142856,47
12,295,307,24.583333333333332,313
36,59,95,1.6388888888888888,53
41,577,618,14.073170731707316,764
25,680,705,27.2,695
61,180,241,2.9508196721311477,182
301,128,429,0.42524916943521596,125
31,189,220,6.096774193548387,193
10,316,326,31.6,332
8,192,200,24.0,200
253,783,1036,3.0948616600790513,783
17,184,201,10.823529411764707,187
2,29,31,14.5,17
40,340,380,8.5,356
74,523,597,7.0675675675675675,552
29,161,190,5.551724137931035,163
145,105,250,0.7241379310344828,102
6,827,833,137.83333333333334,717
22,241,263,10.954545454545455,248
3866,87,3953,0.022503879979306775,77
128,40,168,0.3125,484
8,370,378,46.25,392
81,2383,2464,29.419753086419753,1006
1861,391,2252,0.21010209564750135,415
48,55,103,1.1458333333333333,41
9,174,183,19.333333333333332,177
21,390,411,18.571428571428573,409
16,86,102,5.375,80
17,997,1014,58.64705882352941,1006
4,285,289,71.25,299
12,375,387,31.25,547
12,139,151,11.583333333333334,140
863,42,905,0.04866743916570104,30
27,464,491,17.185185185185187,486
18,551,569,30.61111111111111,575
251,205,456,0.8167330677290837,208
805,421,1226,0.5229813664596273,438
56,193,249,3.4464285714285716,199
425,777,1202,1.828235294117647,781
19,113,132,5.947368421052632,109
211,289,500,1.3696682464454977,304
9,273,282,30.333333333333332,288
8,321,329,40.125,337
30,771,801,25.7,775
149,417,566,2.7986577181208054,439
15,475,490,31.666666666666668,494
15,330,345,22.0,347
48,30,78,0.625,17
8,140,148,17.5,142
14,944,958,67.42857142857143,961
2,179,181,89.5,185
5,274,279,54.8,288
1248,13,1261,0.010416666666666666,3
38,405,443,10.657894736842104,416
35,477,512,13.628571428571428,495
447,504,951,1.1275167785234899,522
22,62,84,2.8181818181818183,52
18,166,184,9.222222222222221,168
25,974,999,38.96,1006
1222,593,1815,0.48527004909983634,607
18,95,113,5.277777777777778,23
28,345,373,12.321428571428571,359
623,13,636,0.02086677367576244,1
24,21,45,0.875,14
921,692,1613,0.751357220412595,707
13,570,583,43.84615384615385,591
3,342,345,114.0,363
11,369,380,33.54545454545455,391
142,91,233,0.6408450704225352,88
1864,46,1910,0.02467811158798283,35
15,387,402,25.8,408
48,184,232,3.8333333333333335,190
5,224,229,44.8,230
385,125,510,0.3246753246753247,122
8,62,70,7.75,21
5,281,286,56.2,297
13,849,862,65.3076923076923,858
1313,327,1640,0.24904798172124903,307
124,435,559,3.5080645161290325,455
49,1015,1064,20.714285714285715,452
8,360,368,45.0,384
2180,226,2406,0.10366972477064221,329
311,179,490,0.5755627009646302,187
844,205,1049,0.24289099526066352,214
26,158,184,6.076923076923077,158
21,319,340,15.19047619047619,392
1932,377,2309,0.19513457556935818,95
82,302,384,3.682926829268293,311
31,263,294,8.483870967741936,273
20,380,400,19.0,398
163,374,537,2.294478527607362,394
30,342,372,11.4,360
18,137,155,7.611111111111111,208
985,204,1189,0.20710659898477157,210
24,473,497,19.708333333333332,499
236,208,444,0.8813559322033898,211
2,10,12,5.0,1
52,273,325,5.25,288
50,271,321,5.42,285
19,268,287,14.105263157894736,346
16,375,391,23.4375,397
36,437,473,12.13888888888889,459
75,372,447,4.96,398
35,294,329,8.4,310
59,63,122,1.0677966101694916,60
21,423,444,20.142857142857142,443
39,215,254,5.512820512820513,223
19,106,125,5.578947368421052,125
291,379,670,1.302405498281787,400
69,45,114,0.6521739130434783,34
1412,11,1423,0.007790368271954674,1
7,227,234,32.42857142857143,238
572,338,910,0.5909090909090909,357
11,205,216,18.636363636363637,212
26,669,695,25.73076923076923,684
22,102,124,4.636363636363637,174
101,204,305,2.01980198019802,207
20,212,232,10.6,220
300,344,644,1.1466666666666667,356
14,102,116,7.285714285714286,97
71,501,572,7.056338028169014,522
97,11,108,0.1134020618556701,1
336,397,733,1.181547619047619,421
1490,300,1790,0.20134228187919462,314
3,310,313,103.33333333333333,333
397,618,1015,1.5566750629722923,628
28,369,397,13.178571428571429,388
92,288,380,3.130434782608696,295
27,298,325,11.037037037037036,316
2031,8,2039,0.003938946331856229,1
99,734,833,7.414141414141414,743
29,655,684,22.586206896551722,663
11,167,178,15.181818181818182,170
12,308,320,25.666666666666668,322
10,331,341,33.1,329
808,635,1443,0.7858910891089109,646
8,180,188,22.5,184
7,160,167,22.857142857142858,149
21,144,165,6.857142857142857,146
40,408,448,10.2,428
16,135,151,8.4375,137
13,170,183,13.076923076923077,323
18,499,517,27.72222222222222,519
44,866,910,19.681818181818183,875
9,355,364,39.44444444444444,424
117,177,294,1.5128205128205128,180
71,409,480,5.76056338028169,430
18,407,425,22.61111111111111,427
2487,870,3357,0.3498190591073583,951
242,80,322,0.3305785123966942,71
11,189,200,17.181818181818183,189
21,256,277,12.19047619047619,265
8,408,416,51.0,430
177,144,321,0.8135593220338984,143
65,855,920,13.153846153846153,866
58,68,126,1.1724137931034482,66
8,418,426,52.25,443
12,416,428,34.666666666666664,432
1,34,35,34.0,1
664,229,893,0.34487951807228917,239
80,349,429,4.3625,370
3,62,65,20.666666666666668,54
43,373,416,8.674418604651162,392
85,695,780,8.176470588235293,706
2275,186,2461,0.08175824175824176,191
102,63,165,0.6176470588235294,49
14,944,958,67.42857142857143,956
21,341,362,16.238095238095237,352
19,253,272,13.31578947368421,264
137,26,163,0.1897810218978102,10
73,276,349,3.780821917808219,287
81,18,99,0.2222222222222222,4
23,631,654,27.434782608695652,641
190,292,482,1.5368421052631578,304
22,257,279,11.681818181818182,268
33,84,117,2.5454545454545454,80
48,334,382,6.958333333333333,355
27,48,75,1.7777777777777777,36
2,10,12,5.0,1
6,33,39,5.5,15
12,213,225,17.75,218
8,36,44,4.5,20
50,99,149,1.98,96
410,655,1065,1.5975609756097562,674
34,378,412,11.117647058823529,394
67,222,289,3.3134328358208953,235
16,493,509,30.8125,515
14,19,33,1.3571428571428572,4
5,32,37,6.4,18
113,1138,1251,10.070796460176991,1006
11,508,519,46.18181818181818,536
93,12,105,0.12903225806451613,1
17,158,175,9.294117647058824,160
203,7,210,0.034482758620689655,1
1,10,11,10.0,1
121,372,493,3.074380165289256,394
1,143,144,143.0,130
28,217,245,7.75,223
47,127,174,2.702127659574468,126
25,344,369,13.76,364
54,975,1029,18.055555555555557,999
9,507,516,56.333333333333336,528
16,302,318,18.875,316
13,871,884,67.0,871
2,26,28,13.0,72
100,884,984,8.84,892
51,213,264,4.176470588235294,219
26,110,136,4.230769230769231,113
260,283,543,1.0884615384615384,299
33,906,939,27.454545454545453,928
11,178,189,16.181818181818183,178
4,12,16,3.0,1
50,476,526,9.52,490
73,905,978,12.397260273972602,899
54,95,149,1.7592592592592593,91
27,122,149,4.518518518518518,119
270,5,275,0.018518518518518517,1
351,685,1036,1.9515669515669516,534
37,527,564,14.243243243243244,545
77,377,454,4.896103896103896,390
229,828,1057,3.6157205240174672,410
43,157,200,3.6511627906976742,156
7,581,588,83.0,602
18,100,118,5.555555555555555,93
15,282,297,18.8,295
111,186,297,1.6756756756756757,193
3,439,442,146.33333333333334,457
13,265,278,20.384615384615383,279
5,129,134,25.8,124
463,321,784,0.693304535637149,338
238,757,995,3.180672268907563,758
23,31,54,1.3478260869565217,19
32,117,149,3.65625,116
151,495,646,3.2781456953642385,513
9,13,22,1.4444444444444444,1
3,422,425,140.66666666666666,444
89,284,373,3.191011235955056,300
22,331,353,15.045454545454545,415
42,102,144,2.4285714285714284,103
3,104,107,34.666666666666664,233
52,407,459,7.826923076923077,474
8,351,359,43.875,370
49,505,554,10.306122448979592,523
124,674,798,5.435483870967742,683
1598,696,2294,0.4355444305381727,707
57,43,100,0.7543859649122807,34
6,231,237,38.5,228
30,416,446,13.866666666666667,432
40,87,127,2.175,82
344,171,515,0.49709302325581395,175
462,797,1259,1.725108225108225,799
10,79,89,7.9,68
2106,38,2144,0.018043684710351376,25
7,251,258,35.857142857142854,119
16,677,693,42.3125,688
44,468,512,10.636363636363637,490
82,147,229,1.7926829268292683,148
3,9,12,3.0,1
17,922,939,54.23529411764706,951
2793,100,2893,0.03580379520229144,96
584,16,600,0.0273972602739726,1
515,320,835,0.6213592233009708,337
51,93,144,1.8235294117647058,184
17,316,333,18.58823529411765,332
60,350,410,5.833333333333333,365
261,111,372,0.42528735632183906,114
39,743,782,19.05128205128205,745
970,246,1216,0.2536082474226804,256
68,185,253,2.7205882352941178,188
860,514,1374,0.5976744186046512,535
66,141,207,2.1363636363636362,138
11,299,310,27.181818181818183,315
25,680,705,27.2,695
14,67,81,4.785714285714286,58
51,295,346,5.784313725490196,312
11,113,124,10.272727272727273,112
380,954,1334,2.5105263157894737,960
60,219,279,3.65,221
20,312,332,15.6,337
119,27,146,0.226890756302521,13
196,514,710,2.622448979591837,531
6,40,46,6.666666666666667,29
70,608,678,8.685714285714285,627
590,16,606,0.02711864406779661,1
25,998,1023,39.92,1006
42,43,85,1.0238095238095237,26
132,179,311,1.356060606060606,183
76,485,561,6.381578947368421,502
53,262,315,4.943396226415095,278
34,91,125,2.676470588235294,92
1,468,469,468.0,435
327,121,448,0.37003058103975534,118
2663,22,2685,0.008261359369132557,10
43,114,157,2.6511627906976742,112
491,380,871,0.7739307535641547,419
22,253,275,11.5,264
25,457,482,18.28,479
60,474,534,7.9,493
52,38,90,0.7307692307692307,25
21,394,415,18.761904761904763,412
8,43,51,5.375,30
14,191,205,13.642857142857142,192
97,639,736,6.587628865979381,653
93,880,973,9.46236559139785,885
1041,180,1221,0.1729106628242075,186
16,690,706,43.125,704
79,344,423,4.3544303797468356,363
56,220,276,3.9285714285714284,384
11,446,457,40.54545454545455,465
428,764,1192,1.7850467289719627,712
15,248,263,16.533333333333335,258
221,66,287,0.2986425339366516,56
94,736,830,7.829787234042553,741
655,676,1331,1.03206106870229,244
18,499,517,27.72222222222222,519
843,119,962,0.14116251482799524,117
1620,460,2080,0.2839506172839506,475
38,904,942,23.789473684210527,910
17,554,571,32.588235294117645,574
1257,413,1670,0.32856006364359586,433
23,466,489,20.26086956521739,485
88,172,260,1.9545454545454546,176
36,16,52,0.4444444444444444,1
204,135,339,0.6617647058823529,132
12,333,345,27.75,350
53,405,458,7.6415094339622645,426
81,133,214,1.6419753086419753,132
2787,84,2871,0.030139935414424113,75
214,175,389,0.8177570093457944,178
37,564,601,15.243243243243244,585
6,300,306,50.0,318
13,454,467,34.92307692307692,472
42,431,473,10.261904761904763,457
589,537,1126,0.9117147707979627,551
114,736,850,6.456140350877193,744
26,573,599,22.03846153846154,591
12,123,135,10.25,121
24,97,121,4.041666666666667,112
114,453,567,3.973684210526316,470
40,603,643,15.075,622
905,489,1394,0.5403314917127072,511
13,102,115,7.846153846153846,94
7,317,324,45.285714285714285,338
76,111,187,1.4605263157894737,109
31,175,206,5.645161290322581,342
21,82,103,3.9047619047619047,73
57,183,240,3.210526315789474,187
1111,402,1513,0.36183618361836184,419
34,477,511,14.029411764705882,500
380,1007,1387,2.65,959
60,458,518,7.633333333333334,478
35,503,538,14.371428571428572,523
7,34,41,4.857142857142857,428
4,570,574,142.5,275
163,520,683,3.1901840490797544,538
2185,226,2411,0.1034324942791762,236
574,438,1012,0.7630662020905923,459
65,310,375,4.769230769230769,324
58,37,95,0.6379310344827587,23
36,194,230,5.388888888888889,195
11,364,375,33.09090909090909,385
17,944,961,55.529411764705884,965
9,107,116,11.88888888888889,101
18,245,263,13.61111111111111,256
33,300,333,9.090909090909092,319
7,378,385,54.0,401
30,298,328,9.933333333333334,312
34,917,951,26.970588235294116,923
11,365,376,33.18181818181818,385
24,314,338,13.083333333333334,333
45,207,252,4.6,234
94,142,236,1.5106382978723405,141
10,135,145,13.5,138
9,440,449,48.888888888888886,461
292,260,552,0.8904109589041096,270
9,215,224,23.88888888888889,224
125,162,287,1.296,163
26,132,158,5.076923076923077,131
22,658,680,29.90909090909091,668
5,216,221,43.2,317
486,118,604,0.24279835390946503,115
2029,296,2325,0.14588467225234106,311
23,497,520,21.608695652173914,509
43,270,313,6.27906976744186,290
52,255,307,4.903846153846154,263
407,331,738,0.8132678132678133,348
44,566,610,12.863636363636363,583
225,208,433,0.9244444444444444,210
9,161,170,17.88888888888889,183
268,67,335,0.25,58
10,206,216,20.6,212
52,249,301,4.788461538461538,277
24,33,57,1.375,22
17,753,770,44.294117647058826,761
1577,1041,2618,0.6601141407736208,1006
546,242,788,0.4432234432234432,139
14,182,196,13.0,186
8,28,36,3.5,15
7,408,415,58.285714285714285,429
5,271,276,54.2,282
56,328,384,5.857142857142857,344
21,110,131,5.238095238095238,108
53,333,386,6.283018867924528,350
6,360,366,60.0,380
217,91,308,0.41935483870967744,107
385,125,510,0.3246753246753247,122
62,107,169,1.7258064516129032,103
305,458,763,1.501639344262295,478
104,328,432,3.1538461538461537,351
10,159,169,15.9,106
60,17,77,0.2833333333333333,1
13,203,216,15.615384615384615,211
55,574,629,10.436363636363636,593
8,653,661,81.625,666
188,139,327,0.7393617021276596,137
11,299,310,27.181818181818183,315
17,338,355,19.88235294117647,34
112,248,360,2.2142857142857144,25
330,138,468,0.41818181818181815,136
27,177,204,6.555555555555555,180
89,48,137,0.5393258426966292,35
10,438,448,43.8,458
55,239,294,4.345454545454546,246
17,260,277,15.294117647058824,269
252,780,1032,3.0952380952380953,782
38,372,410,9.789473684210526,389
20,220,240,11.0,226
13,217,230,16.692307692307693,224
46,306,352,6.6521739130434785,324
155,94,249,0.6064516129032258,86
20,276,296,13.8,290
35,360,395,10.285714285714286,375
2,576,578,288.0,609
396,127,523,0.3207070707070707,125
12,42,54,3.5,30
1057,243,1300,0.22989593188268684,251
1485,304,1789,0.2047138047138047,302
15,239,254,15.933333333333334,245
47,294,341,6.25531914893617,310
47,577,624,12.27659574468085,595
30,272,302,9.066666666666666,279
109,495,604,4.541284403669724,528
9,335,344,37.22222222222222,125
9,184,193,20.444444444444443,187
20,10,30,0.5,1
3,182,185,60.666666666666664,187
57,353,410,6.192982456140351,368
83,623,706,7.506024096385542,635
20,526,546,26.3,547
61,29,90,0.47540983606557374,8
20,389,409,19.45,414
56,687,743,12.267857142857142,700
10,241,251,24.1,250
198,483,681,2.4393939393939394,526
36,50,86,1.3888888888888888,41
126,238,364,1.8888888888888888,241
25,72,97,2.88,64
57,1065,1122,18.68421052631579,1006
1044,27,1071,0.02586206896551724,17
25,244,269,9.76,249
136,4,140,0.029411764705882353,1
1291,760,2051,0.5886909372579395,768
639,945,1584,1.4788732394366197,951
14,277,291,19.785714285714285,290
154,520,674,3.3766233766233764,541
24,116,140,4.833333333333333,115
2012,30,2042,0.014910536779324055,13
21,19,40,0.9047619047619048,3
43,235,278,5.465116279069767,244
233,441,674,1.8927038626609443,461
12,437,449,36.416666666666664,460
1,42,43,42.0,31
77,4,81,0.05194805194805195,1
327,233,560,0.7125382262996942,240
226,906,1132,4.008849557522124,909
7,143,150,20.428571428571427,119
1762,928,2690,0.5266742338251986,936
82,225,307,2.7439024390243905,231
38,108,146,2.8421052631578947,104
1580,175,1755,0.11075949367088607,178
75,67,142,0.8933333333333333,56
10,205,215,20.5,263
31,67,98,2.161290322580645,57
1,10,11,10.0,1
194,77,271,0.39690721649484534,91
24,265,289,11.041666666666666,275
6,36,42,6.0,70
20,351,371,17.55,370
281,52,333,0.18505338078291814,35
13,351,364,27.0,374
209,34,243,0.16267942583732056,22
39,37,76,0.9487179487179487,24
1296,666,1962,0.5138888888888888,679
24,327,351,13.625,337
6,291,297,48.5,304
29,258,287,8.89655172413793,379
22,270,292,12.272727272727273,279
103,418,521,4.058252427184466,436
19,401,420,21.105263157894736,419
24,924,948,38.5,930
137,195,332,1.4233576642335766,199
7,38,45,5.428571428571429,25
2,302,304,151.0,318
820,104,924,0.12682926829268293,94
152,146,298,0.9605263157894737,145
45,626,671,13.911111111111111,787
1224,291,1515,0.23774509803921567,306
11,240,251,21.818181818181817,242
737,252,989,0.3419267299864315,262
5,83,88,16.6,74
11,293,304,26.636363636363637,405
2,10,12,5.0,1
83,21,104,0.25301204819277107,6
373,41,414,0.10991957104557641,27
1193,345,1538,0.28918692372170995,365
29,974,1003,33.58620689655172,1006
6,43,49,7.166666666666667,28
114,201,315,1.763157894736842,205
76,240,316,3.1578947368421053,248
78,153,231,1.9615384615384615,149
9,129,138,14.333333333333334,125
19,400,419,21.05263157894737,278
28,773,801,27.607142857142858,774
8,188,196,23.5,189
2,10,12,5.0,1
33,61,94,1.8484848484848484,52
303,152,455,0.5016501650165016,154
35,562,597,16.057142857142857,580
16,406,422,25.375,428
38,97,135,2.5526315789473686,92
3245,21,3266,0.0064714946070878274,8
1,10,11,10.0,1
71,926,997,13.04225352112676,928
13,269,282,20.692307692307693,280
9,20,29,2.2222222222222223,8
11,160,171,14.545454545454545,162
49,855,904,17.448979591836736,860
2,10,12,5.0,1
12,215,227,17.916666666666668,243
29,332,361,11.448275862068966,350
38,7,45,0.18421052631578946,1
34,160,194,4.705882352941177,162
11,163,174,14.818181818181818,164
387,312,699,0.8062015503875969,328
616,263,879,0.42694805194805197,275
35,217,252,6.2,223
1471,640,2111,0.43507817811012917,650
1821,134,1955,0.07358594179022515,130
56,398,454,7.107142857142857,409
41,380,421,9.268292682926829,400
10,109,119,10.9,108
229,334,563,1.4585152838427948,100
11,573,584,52.09090909090909,599
3,360,363,120.0,384
22,49,71,2.227272727272727,36
8,501,509,62.625,526
9,181,190,20.11111111111111,182
16,1054,1070,65.875,1006
796,104,900,0.1306532663316583,100
98,165,263,1.683673469387755,166
3,223,226,74.33333333333333,228
809,262,1071,0.3238566131025958,272
9,416,425,46.22222222222222,441
26,436,462,16.76923076923077,459
12,436,448,36.333333333333336,460
439,390,829,0.8883826879271071,296
52,614,666,11.807692307692308,628
26,580,606,22.307692307692307,598
9,347,356,38.55555555555556,361
1647,81,1728,0.04918032786885246,83
17,514,531,30.235294117647058,533
180,128,308,0.7111111111111111,133
24,323,347,13.458333333333334,335
166,448,614,2.6987951807228914,468
760,502,1262,0.6605263157894737,523
1971,180,2151,0.091324200913242,184
1612,4,1616,0.0024813895781637717,1
12,557,569,46.416666666666664,582
286,230,516,0.8041958041958042,237
50,70,120,1.4,60
29,452,481,15.586206896551724,472
8,365,373,45.625,382
26,294,320,11.307692307692308,310
76,29,105,0.3815789473684211,18
745,10,755,0.013422818791946308,1
55,124,179,2.2545454545454544,125
45,520,565,11.555555555555555,539
226,317,543,1.4026548672566372,327
85,670,755,7.882352941176471,428
69,306,375,4.434782608695652,321
34,433,467,12.735294117647058,455
38,532,570,14.0,551
1520,3,1523,0.001973684210526316,1
8,838,846,104.75,844
187,762,949,4.074866310160428,766
1183,983,2166,0.830938292476754,1006
11,116,127,10.545454545454545,114
8,65,73,8.125,54
45,186,231,4.133333333333334,188
102,188,290,1.8431372549019607,193
1033,983,2016,0.9515972894482091,1006
44,375,419,8.522727272727273,393
25,265,290,10.6,273
100,475,575,4.75,496
12,333,345,27.75,351
22,28,50,1.2727272727272727,14
1282,476,1758,0.3712948517940718,495
34,310,344,9.117647058823529,326
19,209,228,11.0,216
25,21,46,0.84,11
72,355,427,4.930555555555555,475
586,742,1328,1.266211604095563,753
26,529,555,20.346153846153847,338
24,459,483,19.125,480
452,421,873,0.9314159292035398,440
141,313,454,2.219858156028369,330
237,310,547,1.3080168776371308,324
120,389,509,3.2416666666666667,401
6,334,340,55.666666666666664,349
249,231,480,0.927710843373494,442
43,503,546,11.69767441860465,527
31,514,545,16.580645161290324,531
250,115,365,0.46,112
152,199,351,1.3092105263157894,205
106,320,426,3.018867924528302,338
238,312,550,1.3109243697478992,330
17,308,325,18.11764705882353,322
17,468,485,27.529411764705884,491
488,325,813,0.6659836065573771,343
1,10,11,10.0,1
9,300,309,33.333333333333336,315
104,139,243,1.3365384615384615,137
917,14,931,0.015267175572519083,1
84,520,604,6.190476190476191,536
1,10,11,10.0,1
723,255,978,0.35269709543568467,267
64,535,599,8.359375,555
35,51,86,1.457142857142857,43
8,277,285,34.625,293
17,103,120,6.0588235294117645,112
43,505,548,11.744186046511627,528
11,290,301,26.363636363636363,305
47,344,391,7.319148936170213,359
124,259,383,2.088709677419355,273
28,409,437,14.607142857142858,432
406,260,666,0.6403940886699507,271
75,173,248,2.3066666666666666,176
56,108,164,1.9285714285714286,106
119,215,334,1.8067226890756303,223
1397,62,1459,0.04438081603435934,51
1440,870,2310,0.6041666666666666,878
15,283,298,18.866666666666667,295
1531,313,1844,0.20444154147615937,332
14,67,81,4.785714285714286,60
204,120,324,0.5882352941176471,116
73,50,123,0.684931506849315,40
7,48,55,6.857142857142857,134
18,402,420,22.333333333333332,421
574,620,1194,1.0801393728222997,922
23,885,908,38.47826086956522,891
54,483,537,8.944444444444445,505
3432,4,3436,0.0011655011655011655,1
927,1013,1940,1.09277238403452,1006
11,255,266,23.181818181818183,260
4,289,293,72.25,306
18,486,504,27.0,506
1,10,11,10.0,1
167,876,1043,5.245508982035928,888
15,361,376,24.066666666666666,382
235,397,632,1.6893617021276597,411
243,464,707,1.9094650205761317,482
57,433,490,7.5964912280701755,451
43,45,88,1.0465116279069768,31
7,363,370,51.857142857142854,381
39,31,70,0.7948717948717948,21
20,356,376,17.8,373
9,761,770,84.55555555555556,765
1872,231,2103,0.1233974358974359,238
348,444,792,1.2758620689655173,472
154,382,536,2.4805194805194803,398
55,320,375,5.818181818181818,338
17,120,137,7.0588235294117645,119
1,24,25,24.0,1
88,22,110,0.25,9
57,419,476,7.350877192982456,436
5,703,708,140.6,714
24,323,347,13.458333333333334,338
986,456,1442,0.46247464503042596,475
13,753,766,57.92307692307692,756
140,145,285,1.0357142857142858,145
34,291,325,8.558823529411764,307
92,83,175,0.9021739130434783,79
468,477,945,1.0192307692307692,244
3414,198,3612,0.05799648506151142,201
108,744,852,6.888888888888889,650
56,687,743,12.267857142857142,700
1059,7,1066,0.0066100094428706326,1
2426,310,2736,0.12778235779060182,325
76,363,439,4.776315789473684,381
1312,499,1811,0.3803353658536585,519
8,108,116,13.5,105
217,100,317,0.4608294930875576,92
13,367,380,28.23076923076923,387
38,236,274,6.2105263157894735,248
77,171,248,2.220779220779221,173
2075,218,2293,0.10506024096385543,228
144,413,557,2.8680555555555554,432
9,183,192,20.333333333333332,184
74,386,460,5.216216216216216,403
1130,474,1604,0.4194690265486726,494
31,402,433,12.96774193548387,425
78,975,1053,12.5,1006
23,160,183,6.956521739130435,163
61,489,550,8.01639344262295,355
1,26,27,26.0,5
18,171,189,9.5,168
12,402,414,33.5,436
25,436,461,17.44,457
17,115,132,6.764705882352941,112
16,498,514,31.125,521
306,271,577,0.8856209150326797,283
6,11,17,1.8333333333333333,1
37,516,553,13.945945945945946,537
135,308,443,2.2814814814814817,323
31,14,45,0.45161290322580644,1
1634,182,1816,0.11138310893512852,513
29,68,97,2.3448275862068964,171
5,135,140,27.0,135
73,330,403,4.52054794520548,349
383,103,486,0.2689295039164491,97
20,356,376,17.8,372
19,179,198,9.421052631578947,184
353,492,845,1.3937677053824362,511
11,162,173,14.727272727272727,166
12,275,287,22.916666666666668,289
7,78,85,11.142857142857142,72
11,440,451,40.0,464
105,62,167,0.5904761904761905,51
16,274,290,17.125,288
102,98,200,0.9607843137254902,133
20,452,472,22.6,408
25,220,245,8.8,244
3420,159,3579,0.04649122807017544,161
8,404,412,50.5,423
210,242,452,1.1523809523809523,282
25,400,425,16.0,417
238,436,674,1.8319327731092436,454
23,18,41,0.782608695652174,1
525,194,719,0.36952380952380953,198
19,441,460,23.210526315789473,461
3,16,19,5.333333333333333,1
10,353,363,35.3,322
2365,317,2682,0.13403805496828752,334
32,350,382,10.9375,370
2511,20,2531,0.00796495420151334,5
25,548,573,21.92,565
23,599,622,26.043478260869566,583
575,343,918,0.5965217391304348,363
15,368,383,24.533333333333335,387
43,327,370,7.604651162790698,344
428,967,1395,2.2593457943925235,1006
123,273,396,2.2195121951219514,287
58,514,572,8.862068965517242,538
54,189,243,3.5,193
41,25,66,0.6097560975609756,9
11,290,301,26.363636363636363,306
21,569,590,27.095238095238095,581
8,61,69,7.625,52
38,769,807,20.236842105263158,773
24,1052,1076,43.833333333333336,1006
2751,689,3440,0.2504543802253726,697
55,3,58,0.05454545454545454,1
22,283,305,12.863636363636363,301
24,307,331,12.791666666666666,324
300,154,454,0.5133333333333333,154
8,118,126,14.75,118
5,234,239,46.8,242
2532,347,2879,0.13704581358609794,365
1544,213,1757,0.13795336787564766,345
7,70,77,10.0,230
15,548,563,36.53333333333333,574
10,312,322,31.2,329
5,101,106,20.2,95
91,185,276,2.032967032967033,189
1185,2,1187,0.0016877637130801688,1
31,452,483,14.580645161290322,473
818,157,975,0.19193154034229828,159
6,254,260,42.333333333333336,265
104,344,448,3.3076923076923075,359
18,452,470,25.11111111111111,473
17,234,251,13.764705882352942,243
122,547,669,4.483606557377049,562
58,518,576,8.931034482758621,543
48,130,178,2.7083333333333335,133
95,272,367,2.863157894736842,287
11,181,192,16.454545454545453,189
39,45,84,1.1538461538461537,34
65,464,529,7.138461538461539,485
181,248,429,1.3701657458563536,261
31,186,217,6.0,190
282,344,626,1.2198581560283688,360
79,1006,1085,12.734177215189874,1006
15,32,47,2.1333333333333333,18
1389,535,1924,0.3851691864650828,557
864,176,1040,0.2037037037037037,180
27,16,43,0.5925925925925926,2
8,457,465,57.125,481
63,275,338,4.365079365079365,287
24,433,457,18.041666666666668,451
29,847,876,29.20689655172414,861
331,220,551,0.6646525679758308,144
9,232,241,25.77777777777778,240
200,497,697,2.485,522
142,109,251,0.7676056338028169,106
44,261,305,5.931818181818182,271
85,170,255,2.0,176
11,469,480,42.63636363636363,489
75,155,230,2.066666666666667,158
1734,147,1881,0.0847750865051903,164
23,858,881,37.30434782608695,867
38,238,276,6.2631578947368425,251
7,450,457,64.28571428571429,482
34,291,325,8.558823529411764,307
7,237,244,33.857142857142854,247
100,543,643,5.43,561
15,248,263,16.533333333333335,258
16,217,233,13.5625,112
33,261,294,7.909090909090909,273
335,159,494,0.4746268656716418,161
92,450,542,4.891304347826087,471
8,389,397,48.625,413
20,351,371,17.55,370
69,117,186,1.6956521739130435,115
21,232,253,11.047619047619047,242
19,247,266,13.0,255
16,383,399,23.9375,399
14,120,134,8.571428571428571,117
32,298,330,9.3125,314
29,38,67,1.3103448275862069,26
3,389,392,129.66666666666666,289
393,86,479,0.21882951653944022,81
29,829,858,28.586206896551722,839
24,120,144,5.0,119
27,320,347,11.851851851851851,340
837,559,1396,0.6678614097968937,583
51,44,95,0.8627450980392157,244
159,431,590,2.710691823899371,453
13,229,242,17.615384615384617,237
229,188,417,0.8209606986899564,195
10,328,338,32.8,21
14,377,391,26.928571428571427,399
31,105,136,3.3870967741935485,439
37,120,157,3.2432432432432434,119
421,121,542,0.28741092636579574,119
46,949,995,20.630434782608695,959
20,191,211,9.55,199
397,676,1073,1.7027707808564232,688
43,161,204,3.744186046511628,117
548,325,873,0.593065693430657,343
68,263,331,3.8676470588235294,271
0,26,26,1,126
9,208,217,23.11111111111111,214
13,524,537,40.30769230769231,543
5,28,33,5.6,12
10,763,773,76.3,771
87,385,472,4.425287356321839,404
12,124,136,10.333333333333334,122
15,127,142,8.466666666666667,125
17,95,112,5.588235294117647,88
501,90,591,0.17964071856287425,83
558,558,1116,1.0,574
47,418,465,8.893617021276595,435
370,201,571,0.5432432432432432,203
61,831,892,13.62295081967213,847
78,139,217,1.7820512820512822,488
17,465,482,27.352941176470587,486
47,135,182,2.872340425531915,309
12,398,410,33.166666666666664,423
1072,322,1394,0.3003731343283582,338
207,153,360,0.7391304347826086,156
14,242,256,17.285714285714285,249
903,960,1863,1.06312292358804,975
16,228,244,14.25,237
10,97,107,9.7,89
1139,81,1220,0.07111501316944688,76
46,436,482,9.478260869565217,458
101,695,796,6.881188118811881,705
14,858,872,61.285714285714285,860
99,169,268,1.707070707070707,172
24,86,110,3.5833333333333335,79
117,248,365,2.1196581196581197,259
40,446,486,11.15,465
13,78,91,6.0,22
19,930,949,48.94736842105263,935
33,257,290,7.787878787878788,262
35,619,654,17.685714285714287,638
12,444,456,37.0,466
46,415,461,9.021739130434783,432
24,489,513,20.375,509
194,450,644,2.3195876288659796,468
16,369,385,23.0625,382
13,341,354,26.23076923076923,357
16,119,135,7.4375,422
16,336,352,21.0,354
24,449,473,18.708333333333332,478
2862,136,2998,0.047519217330538085,135
1685,312,1997,0.18516320474777448,327
12,70,82,5.833333333333333,61
52,316,368,6.076923076923077,334
13,327,340,25.153846153846153,347
16,92,108,5.75,309
8,222,230,27.75,229
134,660,794,4.925373134328358,673
20,363,383,18.15,385
21,493,514,23.476190476190474,517
19,168,187,8.842105263157896,169
9,505,514,56.111111111111114,519
13,351,364,27.0,374
12,99,111,8.25,93
89,88,177,0.9887640449438202,81
91,107,198,1.1758241758241759,103
1050,406,1456,0.38666666666666666,427
66,947,1013,14.348484848484848,963
17,34,51,2.0,20
11,313,324,28.454545454545453,327
2118,1056,3174,0.4985835694050991,1006
18,388,406,21.555555555555557,407
1735,1021,2756,0.5884726224783862,1006
455,649,1104,1.4263736263736264,664
453,35,488,0.0772626931567329,18
35,288,323,8.228571428571428,302
41,261,302,6.365853658536586,272
2106,1084,3190,0.5147198480531814,1006
11,162,173,14.727272727272727,166
1,10,11,10.0,1
2247,429,2676,0.1909212283044059,448
370,17,387,0.04594594594594595,2
8,269,277,33.625,279
38,458,496,12.052631578947368,475
8,147,155,18.375,147
29,787,816,27.137931034482758,794
42,399,441,9.5,418
1955,31,1986,0.015856777493606138,17
15,139,154,9.266666666666667,297
13,487,500,37.46153846153846,509
347,240,587,0.69164265129683,246
36,257,293,7.138888888888889,269
33,434,467,13.151515151515152,455
24,30,54,1.25,14
14,431,445,30.785714285714285,452
47,4,51,0.0851063829787234,1
70,445,515,6.357142857142857,460
68,25,93,0.36764705882352944,6
10,462,472,46.2,483
125,27,152,0.216,11
13,382,395,29.384615384615383,401
1039,531,1570,0.5110683349374399,551
1067,745,1812,0.6982193064667291,728
15,378,393,25.2,400
14,251,265,17.928571428571427,255
364,158,522,0.4340659340659341,163
1,10,11,10.0,1
13,168,181,12.923076923076923,170
90,64,154,0.7111111111111111,54
26,343,369,13.192307692307692,277
13,394,407,30.307692307692307,411
61,503,564,8.245901639344263,525
531,457,988,0.8606403013182674,472
15,203,218,13.533333333333333,210
864,263,1127,0.30439814814814814,276
1356,133,1489,0.09808259587020648,129
16,379,395,23.6875,398
18,313,331,17.38888888888889,336
35,459,494,13.114285714285714,370
9,347,356,38.55555555555556,361
469,7,476,0.014925373134328358,1
30,178,208,5.933333333333334,183
76,483,559,6.355263157894737,351
869,940,1809,1.0817031070195626,945
54,430,484,7.962962962962963,444
86,133,219,1.5465116279069768,129
7,300,307,42.857142857142854,348
134,559,693,4.1716417910447765,577
9,120,129,13.333333333333334,116
294,7,301,0.023809523809523808,1
2779,267,3046,0.09607772580064772,283
69,85,154,1.2318840579710144,205
2,109,111,54.5,108
46,148,194,3.217391304347826,213
151,696,847,4.6092715231788075,708
62,456,518,7.354838709677419,472
23,433,456,18.82608695652174,459
26,353,379,13.576923076923077,364
14,311,325,22.214285714285715,331
667,3,670,0.004497751124437781,1
3,47,50,15.666666666666666,34
151,696,847,4.6092715231788075,708
2661,682,3343,0.2562946260804209,684
297,142,439,0.4781144781144781,141
7,457,464,65.28571428571429,476
1929,86,2015,0.044582685329186106,78
28,150,178,5.357142857142857,146
53,847,900,15.981132075471699,851
1353,959,2312,0.7087952697708795,273
413,355,768,0.8595641646489104,375
3396,122,3518,0.035924617196702,122
26,250,276,9.615384615384615,264
681,130,811,0.19089574155653452,131
61,3,64,0.04918032786885246,1
409,198,607,0.4841075794621027,200
58,386,444,6.655172413793103,523
15,543,558,36.2,563
48,336,384,7.0,356
436,545,981,1.25,567
16,789,805,49.3125,799
15,437,452,29.133333333333333,460
138,50,188,0.36231884057971014,200
1766,756,2522,0.42808607021517553,760
1706,190,1896,0.11137162954279015,200
972,624,1596,0.6419753086419753,634
668,308,976,0.46107784431137727,19
535,611,1146,1.142056074766355,625
171,207,378,1.2105263157894737,205
12,287,299,23.916666666666668,298
1079,597,1676,0.5532900834105653,612
21,1030,1051,49.04761904761905,1006
30,370,400,12.333333333333334,386
80,15,95,0.1875,19
339,721,1060,2.1268436578171093,731
26,331,357,12.73076923076923,345
13,187,200,14.384615384615385,185
248,125,373,0.5040322580645161,122
901,25,926,0.02774694783573807,545
113,821,934,7.265486725663717,827
775,341,1116,0.44,358
102,375,477,3.676470588235294,391
1,10,11,10.0,1
140,355,495,2.5357142857142856,369
18,234,252,13.0,242
28,13,41,0.4642857142857143,1
106,35,141,0.330188679245283,16
13,783,796,60.23076923076923,779
861,118,979,0.13704994192799072,297
33,379,412,11.484848484848484,399
4,357,361,89.25,379
103,7,110,0.06796116504854369,1
393,86,479,0.21882951653944022,81
11,421,432,38.27272727272727,331
37,34,71,0.918918918918919,22
1,10,11,10.0,1
34,141,175,4.147058823529412,143
62,853,915,13.758064516129032,580
14,189,203,13.5,195
54,210,264,3.888888888888889,212
39,22,61,0.5641025641025641,6
32,334,366,10.4375,350
110,421,531,3.827272727272727,440
79,33,112,0.4177215189873418,17
47,757,804,16.106382978723403,755
68,39,107,0.5735294117647058,20
204,120,324,0.5882352941176471,116
15,280,295,18.666666666666668,291
298,738,1036,2.476510067114094,744
20,461,481,23.05,481
530,264,794,0.4981132075471698,274
8,457,465,57.125,481
25,392,417,15.68,409
24,532,556,22.166666666666668,552
40,488,528,12.2,514
102,311,413,3.049019607843137,327
31,248,279,8.0,260
50,514,564,10.28,537
2027,136,2163,0.06709422792303897,5
47,73,120,1.553191489361702,66
39,346,385,8.871794871794872,360
47,268,315,5.702127659574468,283
18,285,303,15.833333333333334,299
640,201,841,0.3140625,206
33,507,540,15.363636363636363,529
14,263,277,18.785714285714285,273
243,867,1110,3.567901234567901,873
10,312,322,31.2,329
9,180,189,20.0,181
8,89,97,11.125,80
21,863,884,41.095238095238095,874
2441,1049,3490,0.42974190905366655,1006
1051,859,1910,0.8173168411037107,694
10,193,203,19.3,201
88,11,99,0.125,1
6,74,80,12.333333333333334,64
238,547,785,2.2983193277310923,99
16,440,456,27.5,460
289,115,404,0.39792387543252594,109
145,472,617,3.2551724137931033,494
882,288,1170,0.32653061224489793,301
30,660,690,22.0,677
56,95,151,1.6964285714285714,90
26,562,588,21.615384615384617,576
19,264,283,13.894736842105264,278
15,327,342,21.8,343
18,266,284,14.777777777777779,280
24,489,513,20.375,511
839,303,1142,0.36114421930870083,314
11,214,225,19.454545454545453,223
1574,1155,2729,0.7337992376111817,1006
35,29,64,0.8285714285714286,406
3715,75,3790,0.020188425302826378,79
15,111,126,7.4,110
1256,258,1514,0.2054140127388535,267
93,60,153,0.6451612903225806,50
9,33,42,3.6666666666666665,19
53,344,397,6.490566037735849,362
19,269,288,14.157894736842104,284
25,469,494,18.76,491
50,344,394,6.88,362
103,854,957,8.29126213592233,857
11,947,958,86.0909090909091,960
7,319,326,45.57142857142857,339
12,411,423,34.25,329
15,402,417,26.8,423
1196,309,1505,0.2583612040133779,323
38,626,664,16.473684210526315,639
4,288,292,72.0,302
199,225,424,1.1306532663316582,231
197,79,276,0.4010152284263959,72
59,29,88,0.4915254237288136,13
192,30,222,0.15625,426
39,455,494,11.666666666666666,478
413,732,1145,1.7723970944309928,742
818,332,1150,0.4058679706601467,344
22,345,367,15.681818181818182,364
5,357,362,71.4,375
17,142,159,8.352941176470589,144
25,306,331,12.24,386
150,85,235,0.5666666666666667,75
14,192,206,13.714285714285714,197
438,713,1151,1.6278538812785388,722
48,460,508,9.583333333333334,482
14,413,427,29.5,438
7,319,326,45.57142857142857,335
10,701,711,70.1,713
812,667,1479,0.8214285714285714,681
3,69,72,23.0,59
199,320,519,1.6080402010050252,333
38,689,727,18.13157894736842,695
26,217,243,8.346153846153847,233
13,454,467,34.92307692307692,472
6,84,90,14.0,78
705,719,1424,1.0198581560283688,721
27,374,401,13.851851851851851,396
19,296,315,15.578947368421053,308
334,4,338,0.011976047904191617,1
19,64,83,3.3684210526315788,56
102,541,643,5.303921568627451,559
12,893,905,74.41666666666667,911
193,236,429,1.2227979274611398,243
11,34,45,3.090909090909091,50
50,296,346,5.92,312
1532,7,1539,0.0045691906005221935,24
68,428,496,6.294117647058823,496
34,626,660,18.41176470588235,639
135,443,578,3.2814814814814817,464
16,209,225,13.0625,216
306,455,761,1.4869281045751634,475
82,49,131,0.5975609756097561,36
2,10,12,5.0,1
1599,122,1721,0.07629768605378362,120
1319,60,1379,0.045489006823351025,314
25,12,37,0.48,1
38,414,452,10.894736842105264,436
34,12,46,0.35294117647058826,1
155,459,614,2.9612903225806453,477
14,5,19,0.35714285714285715,1
179,8,187,0.0446927374301676,1
37,658,695,17.783783783783782,385
904,227,1131,0.25110619469026546,235
82,201,283,2.451219512195122,209
26,431,457,16.576923076923077,452
454,399,853,0.8788546255506607,420
47,344,391,7.319148936170213,367
27,545,572,20.185185185185187,658
10,137,147,13.7,137
16,54,70,3.375,40
1172,361,1533,0.30802047781569963,377
220,370,590,1.6818181818181819,389
66,447,513,6.7727272727272725,466
73,302,375,4.136986301369863,316
108,290,398,2.685185185185185,300
13,583,596,44.84615384615385,595
19,23,42,1.2105263157894737,81
152,309,461,2.0328947368421053,320
15,366,381,24.4,387
983,384,1367,0.3906408952187182,404
4,19,23,4.75,3
29,313,342,10.793103448275861,328
9,496,505,55.111111111111114,326
37,263,300,7.108108108108108,274
110,71,181,0.6454545454545455,74
354,660,1014,1.8644067796610169,673
1839,178,2017,0.09679173463839043,184
27,222,249,8.222222222222221,229
9,106,115,11.777777777777779,103
12,326,338,27.166666666666668,339
1092,202,1294,0.184981684981685,554
117,965,1082,8.247863247863247,1002
59,482,541,8.169491525423728,510
2391,246,2637,0.1028858218318695,257
544,188,732,0.34558823529411764,194
21,190,211,9.047619047619047,193
34,433,467,12.735294117647058,455
18,255,273,14.166666666666666,219
696,403,1099,0.5790229885057471,422
20,375,395,18.75,397
21,211,232,10.047619047619047,224
64,748,812,11.6875,752
31,94,125,3.032258064516129,87
8,457,465,57.125,480
166,448,614,2.6987951807228914,468
16,236,252,14.75,244
763,469,1232,0.6146788990825688,496
12,337,349,28.083333333333332,352
21,286,307,13.619047619047619,300
7,327,334,46.714285714285715,350
620,291,911,0.4693548387096774,303
3,767,770,255.66666666666666,770
33,63,96,1.9090909090909092,51
648,1022,1670,1.5771604938271604,1006
44,277,321,6.295454545454546,292
45,799,844,17.755555555555556,801
345,125,470,0.36231884057971014,123
37,122,159,3.2972972972972974,118
20,221,241,11.05,228
20,163,183,8.15,166
13,347,360,26.692307692307693,368
53,121,174,2.2830188679245285,115
11,396,407,36.0,419
27,871,898,32.25925925925926,881
6,23,29,3.8333333333333335,9
35,132,167,3.7714285714285714,132
16,375,391,23.4375,397
1922,45,1967,0.023413111342351717,36
466,556,1022,1.1931330472103003,576
8,704,712,88.0,719
80,155,235,1.9375,336
31,319,350,10.290322580645162,342
345,218,563,0.6318840579710145,227
504,519,1023,1.0297619047619047,416
47,531,578,11.297872340425531,549
27,478,505,17.703703703703702,502
465,3,468,0.0064516129032258064,1
11,48,59,4.363636363636363,36
7,103,110,14.714285714285714,97
13,161,174,12.384615384615385,161
39,325,364,8.333333333333334,342
2734,60,2794,0.021945866861741038,46
9,46,55,5.111111111111111,35
15,90,105,6.0,86
12,93,105,7.75,86
76,934,1010,12.289473684210526,945
687,806,1493,1.173216885007278,810
421,7,428,0.0166270783847981,1
32,756,788,23.625,764
43,691,734,16.069767441860463,700
6,39,45,6.5,27
9,140,149,15.555555555555555,142
23,364,387,15.826086956521738,379
62,809,871,13.048387096774194,814
46,45,91,0.9782608695652174,14
22,113,135,5.136363636363637,107
15,191,206,12.733333333333333,197
228,399,627,1.75,419
46,795,841,17.282608695652176,802
21,438,459,20.857142857142858,577
6,132,138,22.0,323
127,356,483,2.8031496062992125,371
75,626,701,8.346666666666666,489
14,373,387,26.642857142857142,394
7,526,533,75.14285714285714,546
13,192,205,14.76923076923077,196
6,62,68,10.333333333333334,22
306,222,528,0.7254901960784313,229
45,319,364,7.088888888888889,47
50,217,267,4.34,224
47,470,517,10.0,490
1,10,11,10.0,1
30,313,343,10.433333333333334,327
148,198,346,1.337837837837838,336
86,369,455,4.290697674418604,565
15,78,93,5.2,70
478,324,802,0.6778242677824268,342
14,116,130,8.285714285714286,112
28,471,499,16.821428571428573,490
21,551,572,26.238095238095237,576
25,509,534,20.36,528
22,223,245,10.136363636363637,236
1,28,29,28.0,7
46,648,694,14.08695652173913,663
51,744,795,14.588235294117647,751
10,249,259,24.9,256
43,241,284,5.604651162790698,250
19,249,268,13.105263157894736,260
25,578,603,23.12,471
452,222,674,0.4911504424778761,230
332,337,669,1.0150602409638554,353
56,139,195,2.482142857142857,141
7,172,179,24.571428571428573,174
63,425,488,6.746031746031746,442
21,414,435,19.714285714285715,437
64,421,485,6.578125,439
7,371,378,53.0,388
2831,377,3208,0.13316849169904627,401
8,263,271,32.875,275
60,495,555,8.25,521
17,409,426,24.058823529411764,433
10,140,150,14.0,140
22,124,146,5.636363636363637,110
20,269,289,13.45,289
55,491,546,8.927272727272728,510
7,54,61,7.714285714285714,45
13,724,737,55.69230769230769,733
1,138,139,138.0,138
15,387,402,25.8,408
97,473,570,4.876288659793815,493
8,24,32,3.0,10
714,469,1183,0.6568627450980392,487
1739,141,1880,0.08108108108108109,142
991,398,1389,0.40161453077699294,417
14,391,405,27.928571428571427,409
849,708,1557,0.833922261484099,709
16,358,374,22.375,378
559,53,612,0.09481216457960644,42
7,272,279,38.857142857142854,149
30,771,801,25.7,775
43,269,312,6.255813953488372,280
44,114,158,2.590909090909091,111
483,642,1125,1.329192546583851,651
87,310,397,3.5632183908045976,325
264,17,281,0.06439393939393939,2
11,102,113,9.272727272727273,99
623,13,636,0.02086677367576244,1
546,143,689,0.2619047619047619,141
86,802,888,9.325581395348838,805
44,945,989,21.477272727272727,955
16,13,29,0.8125,1
6,31,37,5.166666666666667,16
283,294,577,1.03886925795053,302
487,3,490,0.006160164271047228,1
6,291,297,48.5,304
6,274,280,45.666666666666664,285
8,129,137,16.125,131
30,302,332,10.066666666666666,319
3702,76,3778,0.020529443544030253,79
1066,207,1273,0.19418386491557224,212
15,607,622,40.46666666666667,624
93,121,214,1.3010752688172043,119
762,151,913,0.19816272965879264,198
115,520,635,4.521739130434782,540
75,330,405,4.4,344
2325,602,2927,0.2589247311827957,718
9,319,328,35.44444444444444,251
101,434,535,4.297029702970297,454
30,496,526,16.533333333333335,516
45,24,69,0.5333333333333333,1
2038,264,2302,0.1295387634936212,278
13,42,55,3.230769230769231,138
106,65,171,0.6132075471698113,55
225,180,405,0.8,183
4,28,32,7.0,9
15,499,514,33.266666666666666,358
161,232,393,1.4409937888198758,242
22,41,63,1.8636363636363635,30
49,756,805,15.428571428571429,753
188,175,363,0.9308510638297872,182
78,355,433,4.551282051282051,377
112,339,451,3.0267857142857144,359
44,866,910,19.681818181818183,875
155,509,664,3.2838709677419353,529
702,186,888,0.26495726495726496,191
7,220,227,31.428571428571427,149
19,25,44,1.3157894736842106,10
12,278,290,23.166666666666668,294
28,141,169,5.035714285714286,141
19,468,487,24.63157894736842,899
544,900,1444,1.6544117647058822,621
108,74,182,0.6851851851851852,65
183,569,752,3.109289617486339,585
7,20,27,2.857142857142857,8
40,704,744,17.6,708
5,172,177,34.4,176
6,285,291,47.5,296
1644,73,1717,0.04440389294403893,50
24,386,410,16.083333333333332,408
1354,261,1615,0.19276218611521417,270
48,103,151,2.1458333333333335,97
70,24,94,0.34285714285714286,11
7,331,338,47.285714285714285,350
11,335,346,30.454545454545453,351
53,253,306,4.773584905660377,760
16,701,717,43.8125,707
202,277,479,1.3712871287128714,294
21,701,722,33.38095238095238,384
21,209,230,9.952380952380953,211
9,285,294,31.666666666666668,299
23,525,548,22.82608695652174,670
90,356,446,3.9555555555555557,375
12,331,343,27.583333333333332,257
24,130,154,5.416666666666667,130
1922,45,1967,0.023413111342351717,36
91,120,211,1.3186813186813187,114
3,225,228,75.0,231
14,344,358,24.571428571428573,362
503,13,516,0.02584493041749503,1
8,394,402,49.25,412
17,232,249,13.647058823529411,239
97,598,695,6.164948453608248,617
6,81,87,13.5,73
1955,271,2226,0.13861892583120206,283
19,64,83,3.3684210526315788,56
75,120,195,1.6,116
81,147,228,1.8148148148148149,148
26,447,473,17.192307692307693,495
1526,435,1961,0.2850589777195282,460
16,23,39,1.4375,8
11,161,172,14.636363636363637,172
48,402,450,8.375,425
260,254,514,0.9769230769230769,263
38,77,115,2.026315789473684,74
15,977,992,65.13333333333334,1006
5,117,122,23.4,114
280,3,283,0.010714285714285714,1
68,340,408,5.0,359
760,365,1125,0.48026315789473684,198
9,172,181,19.11111111111111,176
644,196,840,0.30434782608695654,230
22,258,280,11.727272727272727,269
38,212,250,5.578947368421052,219
3,28,31,9.333333333333334,18
12,243,255,20.25,340
8,664,672,83.0,671
11,456,467,41.45454545454545,479
620,602,1222,0.9709677419354839,618
7,220,227,31.428571428571427,149
9,255,264,28.333333333333332,264
79,22,101,0.27848101265822783,5
17,41,58,2.411764705882353,28
20,170,190,8.5,172
570,272,842,0.47719298245614034,684
681,8,689,0.011747430249632892,1
491,512,1003,1.0427698574338085,530
57,957,1014,16.789473684210527,994
760,145,905,0.19078947368421054,198
1230,168,1398,0.13658536585365855,170
515,345,860,0.6699029126213593,355
5,1,6,0.2,1
44,419,463,9.522727272727273,354
34,46,80,1.3529411764705883,34
20,355,375,17.75,373
12,126,138,10.5,123
35,150,185,4.285714285714286,151
134,33,167,0.2462686567164179,19
831,545,1376,0.6558363417569194,563
1,10,11,10.0,1
8,464,472,58.0,489
23,714,737,31.043478260869566,725
15,290,305,19.333333333333332,308
13,133,146,10.23076923076923,131
100,437,537,4.37,513
24,349,373,14.541666666666666,364
88,7,95,0.07954545454545454,1
11,350,361,31.818181818181817,362
19,64,83,3.3684210526315788,56
12,46,58,3.8333333333333335,34
33,368,401,11.151515151515152,387
243,867,1110,3.567901234567901,873
471,430,901,0.9129511677282378,451
39,31,70,0.7948717948717948,20
23,147,170,6.391304347826087,149
8,120,128,15.0,118
12,331,343,27.583333333333332,488
49,558,607,11.387755102040817,582
12,183,195,15.25,186
23,222,245,9.652173913043478,229
13,661,674,50.84615384615385,677
38,769,807,20.236842105263158,773
67,720,787,10.746268656716419,729
645,367,1012,0.5689922480620155,385
122,304,426,2.4918032786885247,320
80,971,1051,12.1375,1006
39,45,84,1.1538461538461537,32
21,369,390,17.571428571428573,386
7,359,366,51.285714285714285,378
157,649,806,4.13375796178344,657
20,270,290,13.5,209
26,297,323,11.423076923076923,311
1183,103,1286,0.08706677937447169,99
628,1035,1663,1.6480891719745223,378
4,164,168,41.0,161
17,140,157,8.235294117647058,142
2481,676,3157,0.2724707779121322,682
27,158,185,5.851851851851852,162
18,192,210,10.666666666666666,199
226,91,317,0.4026548672566372,716
15,173,188,11.533333333333333,175
40,259,299,6.475,269
15,212,227,14.133333333333333,221
9,143,152,15.88888888888889,141
55,175,230,3.1818181818181817,176
82,49,131,0.5975609756097561,36
63,75,138,1.1904761904761905,69
630,391,1021,0.6206349206349207,347
265,109,374,0.41132075471698115,103
34,206,240,6.0588235294117645,212
127,245,372,1.9291338582677164,256
12,491,503,40.916666666666664,513
21,274,295,13.047619047619047,285
7,477,484,68.14285714285714,495
24,314,338,13.083333333333334,333
1791,419,2210,0.23394751535455052,197
44,33,77,0.75,18
378,94,472,0.24867724867724866,68
8,191,199,23.875,199
729,49,778,0.06721536351165981,97
37,29,66,0.7837837837837838,16
120,146,266,1.2166666666666666,146
65,11,76,0.16923076923076924,1
57,306,363,5.368421052631579,319
253,850,1103,3.3596837944664033,468
24,40,64,1.6666666666666667,25
17,385,402,22.647058823529413,407
544,188,732,0.34558823529411764,194
5,200,205,40.0,206
8,109,117,13.625,104
76,545,621,7.171052631578948,713
34,42,76,1.2352941176470589,34
11,35,46,3.1818181818181817,22
820,703,1523,0.8573170731707317,715
64,552,616,8.625,569
1570,585,2155,0.37261146496815284,605
49,8,57,0.16326530612244897,11
7,130,137,18.571428571428573,131
42,79,121,1.880952380952381,74
9,101,110,11.222222222222221,92
16,596,612,37.25,611
39,437,476,11.205128205128204,451
144,71,215,0.4930555555555556,60
24,32,56,1.3333333333333333,23
407,87,494,0.21375921375921375,79
250,248,498,0.992,259
203,588,791,2.896551724137931,606
6,520,526,86.66666666666667,290
24,179,203,7.458333333333333,267
46,749,795,16.282608695652176,757
474,13,487,0.027426160337552744,15
662,40,702,0.06042296072507553,26
51,515,566,10.098039215686274,539
27,900,927,33.333333333333336,904
7,273,280,39.0,285
23,431,454,18.73913043478261,454
1898,57,1955,0.030031612223393046,48
13,37,50,2.8461538461538463,24
8,859,867,107.375,873
12,628,640,52.333333333333336,382
133,295,428,2.218045112781955,310
927,225,1152,0.24271844660194175,484
19,136,155,7.157894736842105,135
31,160,191,5.161290322580645,162
204,398,602,1.9509803921568627,500
14,273,287,19.5,280
356,558,914,1.5674157303370786,578
4,165,169,41.25,169
46,81,127,1.7608695652173914,76
8,169,177,21.125,169
17,951,968,55.94117647058823,973
13,23,36,1.7692307692307692,6
28,251,279,8.964285714285714,261
77,356,433,4.623376623376624,370
9,238,247,26.444444444444443,248
94,398,492,4.23404255319149,416
91,332,423,3.6483516483516483,352
24,291,315,12.125,302
8,182,190,22.75,185
2031,8,2039,0.003938946331856229,1
10,103,113,10.3,101
24,93,117,3.875,85
34,635,669,18.676470588235293,647
172,136,308,0.7906976744186046,163
9,107,116,11.88888888888889,100
26,37,63,1.4230769230769231,23
144,724,868,5.027777777777778,734
40,419,459,10.475,441
22,371,393,16.863636363636363,386
142,159,301,1.119718309859155,161
10,119,129,11.9,113
10,101,111,10.1,97
8,269,277,33.625,280
1,10,11,10.0,1
20,338,358,16.9,353
27,261,288,9.666666666666666,644
1,50,51,50.0,1
1,10,11,10.0,1
7,163,170,23.285714285714285,149
43,285,328,6.627906976744186,298
27,606,633,22.444444444444443,618
1820,346,2166,0.1901098901098901,365
35,226,261,6.457142857142857,233
898,324,1222,0.36080178173719374,339
13,272,285,20.923076923076923,286
231,255,486,1.103896103896104,265
113,202,315,1.7876106194690264,210
18,19,37,1.0555555555555556,3
14,543,557,38.785714285714285,562
8,177,185,22.125,181
7,98,105,14.0,92
156,369,525,2.3653846153846154,383
19,233,252,12.263157894736842,239
17,363,380,21.352941176470587,382
9,216,225,24.0,226
13,237,250,18.23076923076923,356
6,95,101,15.833333333333334,87
1805,13,1818,0.007202216066481994,1
26,594,620,22.846153846153847,605
20,226,246,11.3,268
413,355,768,0.8595641646489104,375
57,501,558,8.789473684210526,529
13,287,300,22.076923076923077,300
1101,543,1644,0.49318801089918257,561
12,248,260,20.666666666666668,242
26,338,364,13.0,351
22,260,282,11.818181818181818,269
14,498,512,35.57142857142857,519
80,357,437,4.4625,373
11,163,174,14.818181818181818,164
410,161,571,0.3926829268292683,163
45,396,441,8.8,415
5,294,299,58.8,182
11,51,62,4.636363636363637,36
12,45,57,3.75,38
30,250,280,8.333333333333334,262
86,568,654,6.604651162790698,586
2324,433,2757,0.18631669535283993,455
25,232,257,9.28,432
371,509,880,1.371967654986523,529
413,210,623,0.5084745762711864,217
109,698,807,6.4036697247706424,706
27,633,660,23.444444444444443,653
2058,66,2124,0.03206997084548105,53
3268,407,3675,0.12454100367197063,423
142,414,556,2.915492957746479,433
18,122,140,6.777777777777778,120
11,347,358,31.545454545454547,363
30,278,308,9.266666666666667,291
165,349,514,2.1151515151515152,370
68,6,74,0.08823529411764706,1
1,10,11,10.0,1
48,250,298,5.208333333333333,268
52,247,299,4.75,258
1836,339,2175,0.184640522875817,348
924,463,1387,0.5010822510822511,484
300,113,413,0.37666666666666665,113
97,740,837,7.628865979381444,759
357,482,839,1.350140056022409,505
22,227,249,10.318181818181818,234
150,603,753,4.02,619
1069,6,1075,0.005612722170252572,1
1526,739,2265,0.4842726081258191,751
63,252,315,4.0,262
6,518,524,86.33333333333333,539
775,341,1116,0.44,358
195,290,485,1.4871794871794872,302
144,21,165,0.14583333333333334,7
14,391,405,27.928571428571427,409
7,216,223,30.857142857142858,221
63,252,315,4.0,263
97,14,111,0.14432989690721648,1
13,44,57,3.3846153846153846,33
13,220,233,16.923076923076923,232
2474,368,2842,0.14874696847210994,381
13,235,248,18.076923076923077,245
13,249,262,19.153846153846153,258
59,89,148,1.5084745762711864,386
16,296,312,18.5,310
32,359,391,11.21875,380
2192,470,2662,0.21441605839416059,486
19,104,123,5.473684210526316,99
69,587,656,8.507246376811594,602
551,317,868,0.5753176043557169,334
60,87,147,1.45,82
870,318,1188,0.36551724137931035,336
13,132,145,10.153846153846153,131
5,516,521,103.2,533
19,36,55,1.894736842105263,21
7,251,258,35.857142857142854,269
2837,35,2872,0.012336975678533662,25
107,386,493,3.607476635514019,403
41,684,725,16.682926829268293,696
10,198,208,19.8,203
27,16,43,0.5925925925925926,2
12,391,403,32.583333333333336,414
11,459,470,41.72727272727273,483
32,128,160,4.0,126
6,360,366,60.0,381
10,252,262,25.2,258
16,113,129,7.0625,109
166,181,347,1.0903614457831325,187
1053,377,1430,0.35802469135802467,391
2660,14,2674,0.005263157894736842,1
12,782,794,65.16666666666667,782
1190,249,1439,0.2092436974789916,260
940,407,1347,0.4329787234042553,430
12,344,356,28.666666666666668,360
515,320,835,0.6213592233009708,337
2,12,14,6.0,1
25,788,813,31.52,793
71,307,378,4.323943661971831,322
27,100,127,3.7037037037037037,94
26,331,357,12.73076923076923,345
12,400,412,33.333333333333336,422
138,108,246,0.782608695652174,104
19,248,267,13.052631578947368,258
234,277,511,1.1837606837606838,285
62,97,159,1.564516129032258,90
4,360,364,90.0,382
102,553,655,5.421568627450981,575
38,43,81,1.131578947368421,38
211,363,574,1.7203791469194314,386
36,86,122,2.388888888888889,81
20,354,374,17.7,263
37,224,261,6.054054054054054,229
73,545,618,7.465753424657534,566
1976,169,2145,0.08552631578947369,173
35,890,925,25.428571428571427,899
795,5,800,0.006289308176100629,1
202,577,779,2.8564356435643563,593
16,98,114,6.125,94
231,315,546,1.3636363636363635,200
24,346,370,14.416666666666666,362
14,126,140,9.0,119
19,304,323,16.0,319
69,705,774,10.217391304347826,720
14,241,255,17.214285714285715,249
151,696,847,4.6092715231788075,708
111,196,307,1.7657657657657657,202
7,93,100,13.285714285714286,86
41,918,959,22.390243902439025,918
8,335,343,41.875,354
23,906,929,39.391304347826086,922
38,31,69,0.8157894736842105,19
702,183,885,0.2606837606837607,183
53,395,448,7.452830188679245,413
9,57,66,6.333333333333333,46
17,507,524,29.823529411764707,530
10,152,162,15.2,156
564,178,742,0.31560283687943264,359
110,421,531,3.827272727272727,440
16,13,29,0.8125,1
1463,788,2251,0.5386192754613808,461
65,855,920,13.153846153846153,866
1445,519,1964,0.3591695501730104,538
4,178,182,44.5,184
16,360,376,22.5,369
7,139,146,19.857142857142858,143
16,466,482,29.125,488
22,328,350,14.909090909090908,344
1733,458,2191,0.2642815926139642,483
13,78,91,6.0,69
34,747,781,21.970588235294116,753
63,458,521,7.26984126984127,439
45,620,665,13.777777777777779,634
298,622,920,2.087248322147651,634
41,296,337,7.219512195121951,312
226,7,233,0.030973451327433628,1
17,351,368,20.647058823529413,365
2140,962,3102,0.44953271028037384,978
13,840,853,64.61538461538461,855
28,296,324,10.571428571428571,311
957,326,1283,0.3406478578892372,345
193,83,276,0.43005181347150256,80
17,459,476,27.0,480
10,18,28,1.8,1
13,511,524,39.30769230769231,535
1,10,11,10.0,1
14,174,188,12.428571428571429,175
22,913,935,41.5,931
15,320,335,21.333333333333332,343
14,932,946,66.57142857142857,959
42,79,121,1.880952380952381,74
220,332,552,1.509090909090909,347
9,101,110,11.222222222222221,94
347,991,1338,2.8559077809798272,1006
34,215,249,6.323529411764706,221
6,139,145,23.166666666666668,140
571,265,836,0.46409807355516636,273
1,10,11,10.0,1
16,10,26,0.625,1
19,14,33,0.7368421052631579,1
28,38,66,1.3571428571428572,25
26,378,404,14.538461538461538,399
322,271,593,0.8416149068322981,283
13,146,159,11.23076923076923,330
14,286,300,20.428571428571427,300
6,133,139,22.166666666666668,134
74,322,396,4.351351351351352,333
44,443,487,10.068181818181818,462
442,729,1171,1.6493212669683257,734
34,635,669,18.676470588235293,647
7,378,385,54.0,401
1439,632,2071,0.43919388464211256,651
555,209,764,0.37657657657657656,217
19,25,44,1.3157894736842106,8
20,385,405,19.25,403
416,3,419,0.007211538461538462,1
8,43,51,5.375,33
28,393,421,14.035714285714286,413
16,396,412,24.75,414
32,676,708,21.125,692
15,242,257,16.133333333333333,232
19,113,132,5.947368421052632,109
342,354,696,1.0350877192982457,372
20,379,399,18.95,394
39,115,154,2.948717948717949,113
34,173,207,5.088235294117647,324
23,397,420,17.26086956521739,417
280,3,283,0.010714285714285714,1
19,244,263,12.842105263157896,331
17,294,311,17.294117647058822,318
41,607,648,14.804878048780488,616
159,367,526,2.308176100628931,385
2362,780,3142,0.3302286198137172,780
398,575,973,1.4447236180904524,591
390,406,796,1.041025641025641,428
20,456,476,22.8,402
18,306,324,17.0,325
322,387,709,1.2018633540372672,408
7,100,107,14.285714285714286,149
10,358,368,35.8,379
153,296,449,1.934640522875817,311
11,254,265,23.09090909090909,271
31,165,196,5.32258064516129,170
73,94,167,1.2876712328767124,88
35,961,996,27.457142857142856,972
13,404,417,31.076923076923077,430
341,158,499,0.4633431085043988,160
52,1090,1142,20.96153846153846,1006
9,215,224,23.88888888888889,221
44,440,484,10.0,458
34,436,470,12.823529411764707,459
16,268,284,16.75,282
39,385,424,9.871794871794872,398
33,173,206,5.242424242424242,335
1244,268,1512,0.21543408360128619,274
1025,1044,2069,1.0185365853658537,1006
20,39,59,1.95,23
56,139,195,2.482142857142857,141
80,791,871,9.8875,798
18,95,113,5.277777777777778,23
39,335,374,8.58974358974359,355
8,29,37,3.625,16
65,273,338,4.2,421
298,63,361,0.21140939597315436,55
80,44,124,0.55,33
18,803,821,44.611111111111114,811
12,257,269,21.416666666666668,266
1052,944,1996,0.8973384030418251,951
2796,29,2825,0.010371959942775394,17
10,473,483,47.3,491
68,439,507,6.455882352941177,459
24,348,372,14.5,366
1703,427,2130,0.2507339988256019,448
36,46,82,1.2777777777777777,36
35,32,67,0.9142857142857143,21
20,506,526,25.3,528
42,482,524,11.476190476190476,499
145,36,181,0.2482758620689655,36
66,482,548,7.303030303030303,502
29,322,351,11.10344827586207,335
59,187,246,3.169491525423729,186
1266,173,1439,0.13665086887835703,539
21,16,37,0.7619047619047619,1
10,184,194,18.4,189
82,23,105,0.2804878048780488,9
214,21,235,0.09813084112149532,9
25,372,397,14.88,392
42,293,335,6.976190476190476,304
8,268,276,33.5,280
16,400,416,25.0,420
25,461,486,18.44,483
500,103,603,0.206,100
1074,886,1960,0.8249534450651769,890
7,82,89,11.714285714285714,74
29,518,547,17.862068965517242,538
9,693,702,77.0,707
1,10,11,10.0,1
30,195,225,6.5,200
15,86,101,5.733333333333333,255
10,256,266,25.6,266
9,29,38,3.2222222222222223,16
12,284,296,23.666666666666668,300
9,107,116,11.88888888888889,105
1437,710,2147,0.4940848990953375,725
21,247,268,11.761904761904763,256
207,585,792,2.8260869565217392,468
22,213,235,9.681818181818182,221
17,391,408,23.0,417
8,297,305,37.125,314
1002,897,1899,0.8952095808383234,897
23,657,680,28.565217391304348,670
603,180,783,0.29850746268656714,181
103,763,866,7.407766990291262,764
15,265,280,17.666666666666668,274
472,136,608,0.288135593220339,137
447,950,1397,2.1252796420581657,964
882,115,997,0.13038548752834467,112
29,294,323,10.137931034482758,307
249,1055,1304,4.236947791164659,633
28,70,98,2.5,274
2796,29,2825,0.010371959942775394,17
1,10,11,10.0,1
52,962,1014,18.5,982
29,132,161,4.551724137931035,127
5,91,96,18.2,86
3096,951,4047,0.3071705426356589,961
492,103,595,0.20934959349593496,98
69,906,975,13.130434782608695,908
14,330,344,23.571428571428573,344
251,78,329,0.3107569721115538,71
21,368,389,17.523809523809526,384
15,288,303,19.2,381
19,92,111,4.842105263157895,85
15,348,363,23.2,375
247,169,416,0.6842105263157895,174
2631,131,2762,0.04979095400988218,195
10,339,349,33.9,347
432,260,692,0.6018518518518519,271
23,355,378,15.434782608695652,423
25,225,250,9.0,235
12,158,170,13.166666666666666,160
10,79,89,7.9,68
11,671,682,61.0,686
138,108,246,0.782608695652174,104
25,464,489,18.56,478
1212,949,2161,0.783003300330033,960
42,230,272,5.476190476190476,242
36,152,188,4.222222222222222,152
3,339,342,113.0,356
21,538,559,25.61904761904762,559
488,325,813,0.6659836065573771,343
16,46,62,2.875,35
73,43,116,0.589041095890411,30
495,131,626,0.26464646464646463,129
251,328,579,1.3067729083665338,346
43,285,328,6.627906976744186,299
1330,831,2161,0.6248120300751879,839
30,266,296,8.866666666666667,278
616,209,825,0.3392857142857143,215
35,4,39,0.11428571428571428,1
179,79,258,0.441340782122905,74
340,826,1166,2.429411764705882,832
28,571,599,20.392857142857142,243
860,514,1374,0.5976744186046512,535
10,311,321,31.1,325
457,365,822,0.7986870897155361,384
18,275,293,15.277777777777779,291
36,263,299,7.305555555555555,270
54,597,651,11.055555555555555,610
10,225,235,22.5,232
32,235,267,7.34375,244
17,39,56,2.2941176470588234,24
19,257,276,13.526315789473685,264
17,292,309,17.176470588235293,242
18,263,281,14.61111111111111,357
100,754,854,7.54,755
5,211,216,42.2,216
9,207,216,23.0,215
26,254,280,9.76923076923077,267
2302,17,2319,0.007384882710686359,3
11,647,658,58.81818181818182,663
357,720,1077,2.0168067226890756,534
8,374,382,46.75,400
16,296,312,18.5,310
73,515,588,7.054794520547945,535
664,229,893,0.34487951807228917,239
21,421,442,20.047619047619047,446
3219,151,3370,0.0469089779434607,151
50,320,370,6.4,337
23,634,657,27.565217391304348,645
1,10,11,10.0,1
259,568,827,2.193050193050193,583
140,426,566,3.0428571428571427,448
33,68,101,2.0606060606060606,58
268,908,1176,3.388059701492537,933
187,40,227,0.21390374331550802,28
1820,346,2166,0.1901098901098901,365
9,234,243,26.0,239
31,278,309,8.96774193548387,290
12,639,651,53.25,647
2242,11,2253,0.004906333630686887,1
18,495,513,27.5,514
16,332,348,20.75,346
20,452,472,22.6,476
1689,957,2646,0.566607460035524,974
1880,219,2099,0.11648936170212766,224
12,60,72,5.0,6
19,626,645,32.94736842105263,684
22,310,332,14.090909090909092,323
12,342,354,28.5,356
2167,275,2442,0.12690355329949238,286
15,543,558,36.2,563
8,140,148,17.5,142
2965,129,3094,0.04350758853288364,126
24,262,286,10.916666666666666,273
88,301,389,3.4204545454545454,315
79,29,108,0.3670886075949367,14
130,488,618,3.753846153846154,509
8,291,299,36.375,342
93,252,345,2.7096774193548385,411
72,257,329,3.5694444444444446,270
13,387,400,29.76923076923077,386
5,248,253,49.6,256
12,236,248,19.666666666666668,245
1236,26,1262,0.021035598705501618,6
282,193,475,0.6843971631205674,196
0,592,592,1,126
1491,170,1661,0.11401743796109994,174
9,62,71,6.888888888888889,51
11,404,415,36.72727272727273,425
10,158,168,15.8,159
204,95,299,0.46568627450980393,87
25,375,400,15.0,394
29,776,805,26.75862068965517,774
18,319,337,17.72222222222222,334
31,244,275,7.870967741935484,255
39,546,585,14.0,569
38,212,250,5.578947368421052,219
15,129,144,8.6,129
72,531,603,7.375,555
35,597,632,17.057142857142857,614
1577,1041,2618,0.6601141407736208,1006
114,953,1067,8.359649122807017,968
25,277,302,11.08,291
482,130,612,0.2697095435684647,126
19,64,83,3.3684210526315788,56
12,359,371,29.916666666666668,321
11,855,866,77.72727272727273,862
11,238,249,21.636363636363637,246
18,255,273,14.166666666666666,263
5,190,195,38.0,190
13,214,227,16.46153846153846,303
12,806,818,67.16666666666667,817
51,828,879,16.235294117647058,847
236,175,411,0.7415254237288136,181
2832,194,3026,0.06850282485875706,198
23,563,586,24.47826086956522,583
32,298,330,9.3125,314
27,243,270,9.0,252
28,86,114,3.0714285714285716,76
74,323,397,4.364864864864865,338
16,136,152,8.5,138
1229,380,1609,0.30919446704637915,401
153,308,461,2.0130718954248366,326
302,1051,1353,3.480132450331126,1006
13,301,314,23.153846153846153,319
59,255,314,4.322033898305085,268
12,391,403,32.583333333333336,401
22,29,51,1.3181818181818181,12
706,633,1339,0.896600566572238,646
8,538,546,67.25,561
15,419,434,27.933333333333334,443
8,115,123,14.375,116
1348,470,1818,0.3486646884272997,488
15,239,254,15.933333333333334,246
102,311,413,3.049019607843137,327
13,191,204,14.692307692307692,198
318,845,1163,2.657232704402516,856
58,111,169,1.9137931034482758,202
27,755,782,27.962962962962962,764
5,33,38,6.6,24
17,261,278,15.352941176470589,274
505,339,844,0.6712871287128713,355
158,312,470,1.9746835443037976,328
3,36,39,12.0,22
386,164,550,0.42487046632124353,163
148,493,641,3.331081081081081,513
18,68,86,3.7777777777777777,178
1551,259,1810,0.16698903932946485,271
17,146,163,8.588235294117647,148
12,244,256,20.333333333333332,253
25,24,49,0.96,10
80,536,616,6.7,555
9,139,148,15.444444444444445,143
263,145,408,0.5513307984790875,147
79,235,314,2.9746835443037973,242
222,292,514,1.3153153153153154,306
11,391,402,35.54545454545455,411
28,71,99,2.5357142857142856,207
2302,33,2335,0.014335360556038228,20
339,643,982,1.896755162241888,658
50,359,409,7.18,373
20,268,288,13.4,281
2740,609,3349,0.22226277372262773,621
24,260,284,10.833333333333334,274
35,164,199,4.685714285714286,166
3115,236,3351,0.07576243980738363,248
222,190,412,0.8558558558558559,171
396,397,793,1.0025252525252526,418
17,10,27,0.5882352941176471,1
392,613,1005,1.5637755102040816,629
29,253,282,8.724137931034482,261
35,293,328,8.371428571428572,304
8,55,63,6.875,44
9,377,386,41.888888888888886,394
1496,271,1767,0.18114973262032086,285
17,309,326,18.176470588235293,323
16,107,123,6.6875,103
34,115,149,3.3823529411764706,448
64,89,153,1.390625,84
34,50,84,1.4705882352941178,39
2313,56,2369,0.02421098140942499,59
30,496,526,16.533333333333335,516
9,252,261,28.0,332
249,597,846,2.397590361445783,608
72,25,97,0.3472222222222222,12
133,506,639,3.8045112781954886,530
27,492,519,18.22222222222222,523
36,490,526,13.61111111111111,506
12,557,569,46.416666666666664,582
2189,316,2505,0.14435815440840566,419
102,609,711,5.970588235294118,622
949,140,1089,0.1475237091675448,139
4,170,174,42.5,175
1,28,29,28.0,5
12,535,547,44.583333333333336,559
158,312,470,1.9746835443037976,328
100,140,240,1.4,138
19,201,220,10.578947368421053,205
138,802,940,5.811594202898551,804
17,259,276,15.235294117647058,318
14,415,429,29.642857142857142,437
9,124,133,13.777777777777779,270
16,324,340,20.25,340
66,157,223,2.378787878787879,158
7,243,250,34.714285714285715,252
16,219,235,13.6875,227
13,338,351,26.0,350
117,428,545,3.658119658119658,446
6,257,263,42.833333333333336,269
7,98,105,14.0,92
68,469,537,6.897058823529412,491
18,364,382,20.22222222222222,385
72,5,77,0.06944444444444445,1
15,527,542,35.13333333333333,382
48,337,385,7.020833333333333,357
21,417,438,19.857142857142858,443
30,638,668,21.266666666666666,652
133,38,171,0.2857142857142857,22
10,264,274,26.4,271
3,405,408,135.0,258
21,299,320,14.238095238095237,312
52,420,472,8.076923076923077,440
17,310,327,18.235294117647058,327
691,142,833,0.20549927641099855,142
21,194,215,9.238095238095237,203
29,155,184,5.344827586206897,156
76,501,577,6.592105263157895,520
805,518,1323,0.6434782608695652,541
1,30,31,30.0,16
57,17,74,0.2982456140350877,1
24,548,572,22.833333333333332,564
23,696,719,30.26086956521739,708
137,115,252,0.8394160583941606,101
61,303,364,4.967213114754099,251
45,7,52,0.15555555555555556,1
972,505,1477,0.5195473251028807,525
14,55,69,3.9285714285714284,44
7,343,350,49.0,495
11,331,342,30.09090909090909,348
7,297,304,42.42857142857143,312
59,34,93,0.576271186440678,20
46,345,391,7.5,364
88,256,344,2.909090909090909,267
18,91,109,5.055555555555555,83
291,372,663,1.2783505154639174,388
33,47,80,1.4242424242424243,36
11,598,609,54.36363636363637,617
31,109,140,3.5161290322580645,107
305,458,763,1.501639344262295,478
542,461,1003,0.8505535055350554,482
14,351,365,25.071428571428573,294
119,28,147,0.23529411764705882,15
23,235,258,10.217391304347826,244
50,75,125,1.5,71
182,205,387,1.1263736263736264,213
13,555,568,42.69230769230769,575
666,288,954,0.43243243243243246,305
27,442,469,16.37037037037037,460
34,799,833,23.5,801
3331,286,3617,0.08586010207145002,297
40,139,179,3.475,139
24,31,55,1.2916666666666667,14
30,36,66,1.2,23
174,169,343,0.9712643678160919,170
27,94,121,3.4814814814814814,89
113,866,979,7.663716814159292,876
284,61,345,0.2147887323943662,50
127,356,483,2.8031496062992125,372
33,529,562,16.03030303030303,550
1410,348,1758,0.24680851063829787,368
89,224,313,2.5168539325842696,228
10,302,312,30.2,317
1,11,12,11.0,1
39,320,359,8.205128205128204,336
2,10,12,5.0,1
4,170,174,42.5,173
7,152,159,21.714285714285715,153
57,232,289,4.0701754385964914,240
39,375,414,9.615384615384615,397
1439,351,1790,0.24391938846421127,373
10,240,250,24.0,243
54,316,370,5.851851851851852,333
14,102,116,7.285714285714286,97
9,108,117,12.0,105
5,280,285,56.0,298
17,184,201,10.823529411764707,295
10,195,205,19.5,200
166,941,1107,5.668674698795181,943
145,951,1096,6.558620689655172,969
6,335,341,55.833333333333336,352
391,159,550,0.40664961636828645,159
16,346,362,21.625,357
4,111,115,27.75,107
16,302,318,18.875,313
29,52,81,1.793103448275862,40
27,337,364,12.481481481481481,356
11,94,105,8.545454545454545,88
171,171,342,1.0,205
13,323,336,24.846153846153847,339
17,55,72,3.235294117647059,43
49,231,280,4.714285714285714,241
66,16,82,0.24242424242424243,1
22,698,720,31.727272727272727,715
24,160,184,6.666666666666667,162
526,232,758,0.44106463878326996,236
1735,1021,2756,0.5884726224783862,1006
1,10,11,10.0,1
26,286,312,11.0,296
11,209,220,19.0,212
16,620,636,38.75,636
292,385,677,1.3184931506849316,407
68,355,423,5.220588235294118,374
408,382,790,0.9362745098039216,405
77,535,612,6.9480519480519485,460
50,475,525,9.5,497
35,184,219,5.257142857142857,185
3021,928,3949,0.3071830519695465,934
13,239,252,18.384615384615383,246
61,464,525,7.60655737704918,486
15,343,358,22.866666666666667,362
104,502,606,4.826923076923077,523
11,96,107,8.727272727272727,89
17,277,294,16.294117647058822,291
107,415,522,3.878504672897196,435
11,514,525,46.72727272727273,538
20,244,264,12.2,248
20,106,126,5.3,102
41,111,152,2.707317073170732,109
43,409,452,9.511627906976743,429
14,143,157,10.214285714285714,144
19,326,345,17.157894736842106,346
1937,646,2583,0.3335054207537429,655
24,400,424,16.666666666666668,426
9,107,116,11.88888888888889,105
9,158,167,17.555555555555557,162
152,639,791,4.203947368421052,486
321,458,779,1.426791277258567,483
99,476,575,4.808080808080808,500
433,560,993,1.2933025404157044,578
23,19,42,0.8260869565217391,4
22,368,390,16.727272727272727,387
6,215,221,35.833333333333336,96
127,305,432,2.4015748031496065,320
993,175,1168,0.17623363544813697,178
54,277,331,5.12962962962963,292
4,394,398,98.5,418
8,59,67,7.375,50
12,18,30,1.5,1
824,213,1037,0.25849514563106796,220
785,298,1083,0.3796178343949045,314
27,638,665,23.62962962962963,654
10,24,34,2.4,9
11,137,148,12.454545454545455,545
92,200,292,2.1739130434782608,204
417,258,675,0.6187050359712231,270
20,167,187,8.35,170
1,11,12,11.0,1
7,76,83,10.857142857142858,149
785,809,1594,1.0305732484076433,808
80,845,925,10.5625,854
23,122,145,5.304347826086956,118
241,38,279,0.15767634854771784,28
101,42,143,0.4158415841584158,29
20,846,866,42.3,853
29,544,573,18.75862068965517,565
25,151,176,6.04,149
75,31,106,0.41333333333333333,83
61,301,362,4.934426229508197,496
3,310,313,103.33333333333333,333
11,475,486,43.18181818181818,490
12,675,687,56.25,686
507,217,724,0.4280078895463511,228
35,309,344,8.82857142857143,325
77,390,467,5.064935064935065,412
10,119,129,11.9,117
21,21,42,1.0,5
87,65,152,0.7471264367816092,54
84,332,416,3.9523809523809526,348
330,108,438,0.32727272727272727,106
1,47,48,47.0,1
14,264,278,18.857142857142858,279
6,188,194,31.333333333333332,192
5,245,250,49.0,194
34,395,429,11.617647058823529,410
92,78,170,0.8478260869565217,72
13,487,500,37.46153846153846,509
718,453,1171,0.6309192200557103,471
3,143,146,47.666666666666664,144
20,737,757,36.85,735
1186,889,2075,0.7495784148397976,907
16,20,36,1.25,5
36,635,671,17.63888888888889,647
25,3,28,0.12,1
11,226,237,20.545454545454547,237
211,290,501,1.3744075829383886,225
17,387,404,22.764705882352942,318
94,577,671,6.138297872340425,379
377,547,924,1.4509283819628647,571
3,400,403,133.33333333333334,424
221,44,265,0.19909502262443438,33
7,229,236,32.714285714285715,238
22,416,438,18.90909090909091,435
27,403,430,14.925925925925926,428
296,305,601,1.0304054054054055,316
14,205,219,14.642857142857142,208
12,296,308,24.666666666666668,311
15,108,123,7.2,105
1,10,11,10.0,1
112,856,968,7.642857142857143,864
7,195,202,27.857142857142858,149
58,623,681,10.741379310344827,636
8,162,170,20.25,166
57,91,148,1.5964912280701755,84
76,216,292,2.8421052631578947,222
46,98,144,2.130434782608696,96
65,145,210,2.230769230769231,147
423,568,991,1.342789598108747,585
20,165,185,8.25,216
107,64,171,0.5981308411214953,89
1186,945,2131,0.7967959527824621,963
1473,277,1750,0.18805159538357094,288
12,23,35,1.9166666666666667,6
528,490,1018,0.928030303030303,510
77,433,510,5.623376623376624,170
10,250,260,25.0,263
14,299,313,21.357142857142858,314
24,375,399,15.625,392
5,247,252,49.4,261
18,273,291,15.166666666666666,286
860,958,1818,1.113953488372093,969
33,302,335,9.151515151515152,317
934,270,1204,0.2890792291220557,284
96,15,111,0.15625,1
262,176,438,0.6717557251908397,184
55,65,120,1.1818181818181819,54
9,342,351,38.0,361
5,884,889,176.8,891
14,368,382,26.285714285714285,396
83,70,153,0.8433734939759037,59
144,125,269,0.8680555555555556,124
13,846,859,65.07692307692308,852
439,503,942,1.1457858769931664,523
448,82,530,0.18303571428571427,80
1,10,11,10.0,1
2455,157,2612,0.06395112016293279,159
90,20,110,0.2222222222222222,6
37,192,229,5.1891891891891895,195
63,244,307,3.873015873015873,260
1332,1056,2388,0.7927927927927928,1006
25,361,386,14.44,378
12,305,317,25.416666666666668,323
11,267,278,24.272727272727273,279
1218,579,1797,0.4753694581280788,543
294,7,301,0.023809523809523808,1
43,228,271,5.3023255813953485,233
342,99,441,0.2894736842105263,92
10,293,303,29.3,306
18,402,420,22.333333333333332,422
73,330,403,4.52054794520548,349
7,153,160,21.857142857142858,149
35,500,535,14.285714285714286,528
22,216,238,9.818181818181818,222
28,104,132,3.7142857142857144,100
49,101,150,2.061224489795918,98
15,503,518,33.53333333333333,386
1644,492,2136,0.29927007299270075,508
1,22,23,22.0,6
163,195,358,1.196319018404908,202
687,567,1254,0.8253275109170306,586
21,777,798,37.0,781
16,83,99,5.1875,75
19,408,427,21.473684210526315,430
56,709,765,12.660714285714286,722
9,180,189,20.0,184
62,22,84,0.3548387096774194,1
19,323,342,17.0,342
70,119,189,1.7,115
1,383,384,383.0,435
101,600,701,5.9405940594059405,614
10,573,583,57.3,592
88,22,110,0.25,9
36,441,477,12.25,456
40,60,100,1.5,47
39,179,218,4.589743589743589,184
637,331,968,0.5196232339089482,350
37,401,438,10.837837837837839,421
98,21,119,0.21428571428571427,5
9,280,289,31.11111111111111,291
2391,82,2473,0.034295273943956504,77
17,240,257,14.117647058823529,586
8,457,465,57.125,481
12,159,171,13.25,160
32,470,502,14.6875,491
6,309,315,51.5,323
111,129,240,1.162162162162162,128
228,288,516,1.263157894736842,300
705,738,1443,1.0468085106382978,743
18,597,615,33.166666666666664,613
5,386,391,77.2,404
696,829,1525,1.1910919540229885,834
9,693,702,77.0,707
37,377,414,10.18918918918919,398
46,57,103,1.2391304347826086,47
655,676,1331,1.03206106870229,244
11,22,33,2.0,7
46,274,320,5.956521739130435,286
22,553,575,25.136363636363637,572
33,555,588,16.818181818181817,575
487,245,732,0.5030800821355236,258
13,92,105,7.076923076923077,342
14,118,132,8.428571428571429,109
2480,282,2762,0.11370967741935484,292
10,294,304,29.4,311
17,247,264,14.529411764705882,261
369,9,378,0.024390243902439025,518
5,135,140,27.0,136
57,132,189,2.3157894736842106,131
25,24,49,0.96,10
365,652,1017,1.7863013698630137,371
76,604,680,7.947368421052632,616
13,98,111,7.538461538461538,94
6,234,240,39.0,243
22,20,42,0.9090909090909091,4
156,23,179,0.14743589743589744,8
16,225,241,14.0625,226
55,282,337,5.127272727272727,290
71,59,130,0.8309859154929577,50
242,7,249,0.028925619834710745,1
35,4,39,0.11428571428571428,65
11,449,460,40.81818181818182,468
10,244,254,24.4,148
13,360,373,27.692307692307693,493
55,370,425,6.7272727272727275,387
79,462,541,5.848101265822785,486
34,113,147,3.323529411764706,113
55,364,419,6.618181818181818,382
19,930,949,48.94736842105263,935
1346,55,1401,0.04086181277860327,42
81,147,228,1.8148148148148149,148
166,943,1109,5.680722891566265,950
85,1028,1113,12.094117647058823,959
31,942,973,30.387096774193548,967
52,255,307,4.903846153846154,403
24,443,467,18.458333333333332,464
137,1010,1147,7.372262773722627,1006
22,420,442,19.09090909090909,439
27,755,782,27.962962962962962,764
17,734,751,43.1764705882353,745
7,284,291,40.57142857142857,300
33,678,711,20.545454545454547,694
19,364,383,19.157894736842106,386
7,94,101,13.428571428571429,89
20,328,348,16.4,341
103,933,1036,9.058252427184467,941
434,181,615,0.41705069124423966,188
17,223,240,13.117647058823529,231
10,532,542,53.2,553
20,497,517,24.85,517
73,416,489,5.698630136986301,435
4,99,103,24.75,90
28,461,489,16.464285714285715,482
10,617,627,61.7,631
16,397,413,24.8125,416
36,90,126,2.5,369
4,761,765,190.25,772
9,335,344,37.22222222222222,350
359,833,1192,2.32033426183844,846
4,31,35,7.75,265
24,115,139,4.791666666666667,108
72,517,589,7.180555555555555,536
10,224,234,22.4,233
41,519,560,12.658536585365853,540
38,671,709,17.657894736842106,682
20,445,465,22.25,469
50,93,143,1.86,88
21,326,347,15.523809523809524,343
18,416,434,23.11111111111111,439
249,113,362,0.4538152610441767,186
20,316,336,15.8,333
104,116,220,1.1153846153846154,111
3,235,238,78.33333333333333,239
20,287,307,14.35,36
102,90,192,0.8823529411764706,83
181,249,430,1.3756906077348066,267
12,315,327,26.25,333
244,193,437,0.7909836065573771,197
6,324,330,54.0,342
68,59,127,0.8676470588235294,48
50,316,366,6.32,336
66,25,91,0.3787878787878788,12
7,205,212,29.285714285714285,149
8,765,773,95.625,770
199,516,715,2.592964824120603,534
20,261,281,13.05,275
9,155,164,17.22222222222222,154
6,25,31,4.166666666666667,10
351,523,874,1.4900284900284901,518
7,191,198,27.285714285714285,192
19,34,53,1.7894736842105263,19
35,29,64,0.8285714285714286,406
160,242,402,1.5125,279
37,98,135,2.6486486486486487,89
32,381,413,11.90625,396
29,167,196,5.758620689655173,484
14,191,205,13.642857142857142,192
25,111,136,4.44,106
43,166,209,3.86046511627907,166
106,190,296,1.7924528301886793,199
17,245,262,14.411764705882353,257
15,117,132,7.8,113
57,43,100,0.7543859649122807,34
71,487,558,6.859154929577465,509
51,169,220,3.3137254901960786,171
53,214,267,4.037735849056604,222
176,328,504,1.8636363636363635,343
36,496,532,13.777777777777779,517
235,72,307,0.30638297872340425,67
2494,828,3322,0.3319967923015237,834
14,510,524,36.42857142857143,531
44,185,229,4.204545454545454,188
22,254,276,11.545454545454545,262
5,506,511,101.2,418
38,71,109,1.868421052631579,62
7,229,236,32.714285714285715,237
17,438,455,25.764705882352942,492
42,798,840,19.0,806
750,6,756,0.008,1
65,464,529,7.138461538461539,485
59,504,563,8.542372881355933,521
133,275,408,2.0676691729323307,286
21,386,407,18.38095238095238,412
1362,770,2132,0.5653450807635829,775
90,462,552,5.133333333333334,487
80,434,514,5.425,661
7,288,295,41.142857142857146,303
880,539,1419,0.6125,560
22,113,135,5.136363636363637,358
73,369,442,5.054794520547945,213
35,271,306,7.742857142857143,278
31,289,320,9.32258064516129,304
180,291,471,1.6166666666666667,304
2216,185,2401,0.08348375451263539,190
408,280,688,0.6862745098039216,354
21,62,83,2.9523809523809526,52
6,262,268,43.666666666666664,656
6,225,231,37.5,229
1245,7,1252,0.005622489959839358,211
7,97,104,13.857142857142858,149
142,216,358,1.5211267605633803,221
14,322,336,23.0,332
18,110,128,6.111111111111111,137
630,173,803,0.2746031746031746,181
136,515,651,3.786764705882353,541
42,58,100,1.380952380952381,47
19,581,600,30.57894736842105,600
505,339,844,0.6712871287128713,355
6,329,335,54.833333333333336,345
13,169,182,13.0,173
801,987,1788,1.2322097378277153,1006
480,355,835,0.7395833333333334,372
899,479,1378,0.5328142380422692,501
10,301,311,30.1,321
24,28,52,1.1666666666666667,14
10,621,631,62.1,637
60,556,616,9.266666666666667,574
30,356,386,11.866666666666667,375
157,649,806,4.13375796178344,657
14,68,82,4.857142857142857,59
470,29,499,0.06170212765957447,8
134,179,313,1.335820895522388,182
42,568,610,13.523809523809524,591
10,362,372,36.2,384
26,304,330,11.692307692307692,409
317,675,992,2.1293375394321767,686
20,261,281,13.05,271
16,243,259,15.1875,255
28,621,649,22.178571428571427,637
37,27,64,0.7297297297297297,17
35,29,64,0.8285714285714286,16
36,285,321,7.916666666666667,296
51,39,90,0.7647058823529411,25
14,32,46,2.2857142857142856,16
573,48,621,0.08376963350785341,38
6,300,306,50.0,318
15,193,208,12.866666666666667,194
9,135,144,15.0,134
2240,217,2457,0.096875,225
15,148,163,9.866666666666667,150
116,569,685,4.905172413793103,591
24,25,49,1.0416666666666667,14
20,427,447,21.35,449
18,203,221,11.277777777777779,212
12,327,339,27.25,341
7,325,332,46.42857142857143,343
212,780,992,3.6792452830188678,785
98,176,274,1.7959183673469388,181
71,14,85,0.19718309859154928,1
1740,369,2109,0.2120689655172414,388
208,126,334,0.6057692307692307,121
16,603,619,37.6875,617
108,265,373,2.4537037037037037,281
9,478,487,53.111111111111114,495
2,47,49,23.5,33
4,77,81,19.25,71
10,499,509,49.9,519
23,349,372,15.173913043478262,369
8,776,784,97.0,781
862,901,1763,1.0452436194895591,900
13,350,363,26.923076923076923,367
48,32,80,0.6666666666666666,17
29,630,659,21.724137931034484,642
16,124,140,7.75,127
13,113,126,8.692307692307692,110
22,70,92,3.1818181818181817,60
478,725,1203,1.5167364016736402,730
36,45,81,1.25,32
134,283,417,2.111940298507463,290
76,111,187,1.4605263157894737,109
65,291,356,4.476923076923077,307
15,397,412,26.466666666666665,421
30,108,138,3.6,104
6,765,771,127.5,822
2194,189,2383,0.0861440291704649,192
104,205,309,1.9711538461538463,183
864,176,1040,0.2037037037037037,180
3,18,21,6.0,1
42,371,413,8.833333333333334,394
22,70,92,3.1818181818181817,64
1307,147,1454,0.11247130833970925,145
18,393,411,21.833333333333332,572
39,45,84,1.1538461538461537,32
122,304,426,2.4918032786885247,320
3903,186,4089,0.04765564950038432,192
16,215,231,13.4375,367
881,46,927,0.05221339387060159,33
389,418,807,1.0745501285347043,444
109,781,890,7.165137614678899,784
155,199,354,1.2838709677419355,204
30,51,81,1.7,40
13,278,291,21.384615384615383,292
8,35,43,4.375,19
34,471,505,13.852941176470589,489
87,978,1065,11.241379310344827,987
11,436,447,39.63636363636363,358
95,67,162,0.7052631578947368,1
79,370,449,4.6835443037974684,388
11,642,653,58.36363636363637,655
14,69,83,4.928571428571429,60
3,350,353,116.66666666666667,326
66,26,92,0.3939393939393939,11
458,385,843,0.8406113537117904,142
1546,1071,2617,0.6927554980595084,1006
1354,390,1744,0.2880354505169867,410
994,950,1944,0.9557344064386318,765
18,454,472,25.22222222222222,478
29,104,133,3.586206896551724,101
15,328,343,21.866666666666667,342
131,74,205,0.5648854961832062,69
11,269,280,24.454545454545453,121
26,386,412,14.846153846153847,611
64,470,534,7.34375,491
79,750,829,9.49367088607595,758
257,419,676,1.6303501945525292,439
68,207,275,3.0441176470588234,210
9,307,316,34.111111111111114,556
11,302,313,27.454545454545453,314
95,580,675,6.105263157894737,596
19,167,186,8.789473684210526,164
2594,166,2760,0.06399383191981496,172
40,582,622,14.55,595
8,276,284,34.5,289
78,339,417,4.346153846153846,347
15,266,281,17.733333333333334,280
17,383,400,22.529411764705884,407
42,47,89,1.119047619047619,35
37,357,394,9.64864864864865,375
1,10,11,10.0,1
12,99,111,8.25,91
75,276,351,3.68,288
31,295,326,9.516129032258064,310
133,463,596,3.481203007518797,477
12,295,307,24.583333333333332,313
3783,210,3993,0.05551149881046788,220
1694,5,1699,0.0029515938606847697,1
1158,75,1233,0.06476683937823834,67
47,467,514,9.936170212765957,489
8,86,94,10.75,78
47,853,900,18.148936170212767,854
52,397,449,7.634615384615385,418
46,648,694,14.08695652173913,663
98,185,283,1.8877551020408163,482
6,137,143,22.833333333333332,143
7,446,453,63.714285714285715,473
4,39,43,9.75,25
14,278,292,19.857142857142858,292
16,673,689,42.0625,691
59,967,1026,16.389830508474578,982
861,118,979,0.13704994192799072,297
1162,592,1754,0.5094664371772806,604
1262,460,1722,0.36450079239302696,25
11,19,30,1.7272727272727273,4
1,37,38,37.0,1
16,330,346,20.625,346
75,266,341,3.546666666666667,278
24,486,510,20.25,201
11,180,191,16.363636363636363,183
14,69,83,4.928571428571429,63
659,140,799,0.212443095599393,141
816,139,955,0.17034313725490197,141
12,378,390,31.5,397
22,332,354,15.090909090909092,345
381,896,1277,2.351706036745407,889
6,318,324,53.0,333
38,759,797,19.973684210526315,762
1893,386,2279,0.2039091389329107,201
1092,202,1294,0.184981684981685,554
93,274,367,2.946236559139785,286
89,72,161,0.8089887640449438,63
127,885,1012,6.968503937007874,890
420,361,781,0.8595238095238096,382
65,310,375,4.769230769230769,324
8,483,491,60.375,507
1229,293,1522,0.23840520748576077,305
1739,141,1880,0.08108108108108109,142
324,42,366,0.12962962962962962,29
7,228,235,32.57142857142857,234
44,388,432,8.818181818181818,405
151,112,263,0.7417218543046358,108
10,180,190,18.0,182
279,5,284,0.017921146953405017,209
152,304,456,2.0,319
11,320,331,29.09090909090909,336
22,61,83,2.772727272727273,52
21,118,139,5.619047619047619,114
20,338,358,16.9,359
699,48,747,0.06866952789699571,33
33,29,62,0.8787878787878788,13
269,957,1226,3.557620817843866,1006
34,4,38,0.11764705882352941,1
18,312,330,17.333333333333332,327
124,434,558,3.5,453
57,41,98,0.7192982456140351,26
47,418,465,8.893617021276595,435
39,394,433,10.102564102564102,413
37,543,580,14.675675675675675,557
19,156,175,8.210526315789474,159
18,150,168,8.333333333333334,151
51,208,259,4.078431372549019,217
14,79,93,5.642857142857143,70
143,312,455,2.1818181818181817,327
1805,277,2082,0.15346260387811633,289
1973,406,2379,0.20577800304105423,429
498,699,1197,1.4036144578313252,711
117,145,262,1.2393162393162394,145
420,287,707,0.6833333333333333,295
1,10,11,10.0,1
25,531,556,21.24,441
12,272,284,22.666666666666668,285
17,129,146,7.588235294117647,112
18,313,331,17.38888888888889,328
71,411,482,5.788732394366197,430
14,506,520,36.142857142857146,527
4,85,89,21.25,75
21,697,718,33.19047619047619,707
29,401,430,13.827586206896552,421
797,365,1162,0.45796737766624845,388
503,22,525,0.0437375745526839,7
11,86,97,7.818181818181818,78
22,28,50,1.2727272727272727,14
21,287,308,13.666666666666666,315
100,338,438,3.38,353
244,830,1074,3.401639344262295,497
17,46,63,2.7058823529411766,35
9,381,390,42.333333333333336,401
204,282,486,1.3823529411764706,296
9,20,29,2.2222222222222223,8
10,169,179,16.9,172
16,245,261,15.3125,253
155,249,404,1.6064516129032258,262
72,389,461,5.402777777777778,409
82,321,403,3.9146341463414633,331
175,214,389,1.2228571428571429,222
46,57,103,1.2391304347826086,47
3702,91,3793,0.024581307401404646,79
3070,326,3396,0.10618892508143322,342
18,307,325,17.055555555555557,327
87,95,182,1.0919540229885059,95
16,313,329,19.5625,327
10,249,259,24.9,256
163,374,537,2.294478527607362,394
36,16,52,0.4444444444444444,1
20,696,716,34.8,712
12,400,412,33.333333333333336,422
82,949,1031,11.573170731707316,957
26,279,305,10.73076923076923,293
1,395,396,395.0,435
19,502,521,26.42105263157895,524
11,69,80,6.2727272727272725,62
10,65,75,6.5,56
422,163,585,0.3862559241706161,163
327,121,448,0.37003058103975534,118
65,50,115,0.7692307692307693,36
14,367,381,26.214285714285715,388
1311,217,1528,0.16552250190694126,228
1072,322,1394,0.3003731343283582,338
10,225,235,22.5,229
10,260,270,26.0,329
215,125,340,0.5813953488372093,123
8,77,85,9.625,63
2046,897,2943,0.43841642228739003,899
278,1075,1353,3.866906474820144,1006
49,218,267,4.448979591836735,217
16,29,45,1.8125,13
123,18,141,0.14634146341463414,2
1374,386,1760,0.28093158660844253,407
68,59,127,0.8676470588235294,48
27,279,306,10.333333333333334,293
75,156,231,2.08,155
175,105,280,0.6,101
73,95,168,1.3013698630136987,87
19,285,304,15.0,296
166,508,674,3.0602409638554215,530
31,16,47,0.5161290322580645,29
802,847,1649,1.0561097256857854,859
3,422,425,140.66666666666666,444
166,576,742,3.4698795180722892,592
22,18,40,0.8181818181818182,12
46,297,343,6.456521739130435,310
898,477,1375,0.5311804008908686,498
24,381,405,15.875,404
67,704,771,10.507462686567164,714
15,365,380,24.333333333333332,387
19,277,296,14.578947368421053,290
72,585,657,8.125,600
9,910,919,101.11111111111111,930
2057,128,2185,0.06222654350996597,128
18,4,22,0.2222222222222222,1
62,231,293,3.725806451612903,236
30,231,261,7.7,236
7,212,219,30.285714285714285,221
10,84,94,8.4,75
29,415,444,14.310344827586206,437
17,323,340,19.0,338
78,491,569,6.294871794871795,511
8,322,330,40.25,337
24,138,162,5.75,142
6,257,263,42.833333333333336,269
20,192,212,9.6,197
336,323,659,0.9613095238095238,147
53,200,253,3.7735849056603774,206
593,418,1011,0.7048903878583473,441
25,140,165,5.6,141
24,966,990,40.25,763
56,618,674,11.035714285714286,631
20,253,273,12.65,263
1499,334,1833,0.2228152101400934,349
26,189,215,7.269230769230769,225
155,356,511,2.296774193548387,372
241,474,715,1.966804979253112,494
7,313,320,44.714285714285715,618
35,510,545,14.571428571428571,407
8,38,46,4.75,24
12,42,54,3.5,30
99,685,784,6.91919191919192,697
30,948,978,31.6,969
30,771,801,25.7,775
8,77,85,9.625,65
10,374,384,37.4,508
32,306,338,9.5625,324
16,219,235,13.6875,228
1,10,11,10.0,1
46,117,163,2.5434782608695654,116
2174,189,2363,0.08693652253909843,193
24,167,191,6.958333333333333,174
9,175,184,19.444444444444443,175
8,529,537,66.125,551
760,365,1125,0.48026315789473684,198
26,409,435,15.73076923076923,428
10,313,323,31.3,328
46,650,696,14.130434782608695,670
21,258,279,12.285714285714286,269
608,12,620,0.019736842105263157,1
9,683,692,75.88888888888889,696
1,10,11,10.0,1
2469,527,2996,0.2134467395706764,549
33,36,69,1.0909090909090908,75
77,305,382,3.961038961038961,321
27,315,342,11.666666666666666,331
15,575,590,38.333333333333336,591
2,10,12,5.0,1
56,137,193,2.4464285714285716,138
23,303,326,13.173913043478262,315
2435,1057,3492,0.43408624229979464,1006
26,216,242,8.307692307692308,224
29,599,628,20.655172413793103,614
14,26,40,1.8571428571428572,10
31,661,692,21.322580645161292,674
15,38,53,2.533333333333333,30
50,224,274,4.48,230
1743,428,2171,0.2455536431440046,452
9,361,370,40.111111111111114,386
29,313,342,10.793103448275861,328
276,549,825,1.9891304347826086,573
26,336,362,12.923076923076923,354
13,265,278,20.384615384615383,279
9,439,448,48.77777777777778,469
8,385,393,48.125,105
7,109,116,15.571428571428571,105
7,161,168,23.0,163
91,821,912,9.021978021978022,827
29,23,52,0.7931034482758621,45
153,759,912,4.96078431372549,752
16,305,321,19.0625,400
10,159,169,15.9,163
550,674,1224,1.2254545454545454,669
9,123,132,13.666666666666666,123
13,274,287,21.076923076923077,289
464,554,1018,1.1939655172413792,572
15,275,290,18.333333333333332,287
20,116,136,5.8,115
26,282,308,10.846153846153847,222
27,279,306,10.333333333333334,294
10,323,333,32.3,340
20,256,276,12.8,300
16,348,364,21.75,365
1187,523,1710,0.44060657118786856,541
512,911,1423,1.779296875,915
9,25,34,2.7777777777777777,7
31,127,158,4.096774193548387,128
1455,195,1650,0.13402061855670103,200
109,369,478,3.385321100917431,391
884,198,1082,0.2239819004524887,200
135,771,906,5.711111111111111,773
25,1031,1056,41.24,1006
25,34,59,1.36,19
1276,155,1431,0.12147335423197492,156
12,121,133,10.083333333333334,116
9,269,278,29.88888888888889,283
27,620,647,22.962962962962962,635
12,451,463,37.583333333333336,471
6,345,351,57.5,364
42,364,406,8.666666666666666,381
73,382,455,5.232876712328767,410
12,279,291,23.25,272
5,402,407,80.4,422
90,908,998,10.088888888888889,933
306,455,761,1.4869281045751634,475
8,341,349,42.625,359
8,64,72,8.0,54
18,373,391,20.72222222222222,392
423,314,737,0.7423167848699763,329
22,13,35,0.5909090909090909,1
9,155,164,17.22222222222222,155
14,75,89,5.357142857142857,67
21,724,745,34.476190476190474,732
17,318,335,18.705882352941178,336
342,174,516,0.5087719298245614,179
421,165,586,0.3919239904988123,313
21,548,569,26.095238095238095,568
185,221,406,1.1945945945945946,231
13,21,34,1.6153846153846154,1
116,5,121,0.04310344827586207,1
34,327,361,9.617647058823529,343
241,96,337,0.3983402489626556,95
158,324,482,2.050632911392405,342
31,238,269,7.67741935483871,246
63,213,276,3.380952380952381,216
91,360,451,3.956043956043956,376
79,87,166,1.1012658227848102,80
49,361,410,7.36734693877551,380
25,905,930,36.2,442
15,256,271,17.066666666666666,270
1260,972,2232,0.7714285714285715,1006
14,142,156,10.142857142857142,145
2,205,207,102.5,227
23,309,332,13.434782608695652,323
86,802,888,9.325581395348838,805
3,12,15,4.0,1
17,120,137,7.0588235294117645,121
21,190,211,9.047619047619047,195
15,361,376,24.066666666666666,382
440,866,1306,1.9681818181818183,620
276,56,332,0.2028985507246377,48
38,426,464,11.210526315789474,448
20,367,387,18.35,381
16,477,493,29.8125,496
1645,428,2073,0.2601823708206687,452
16,115,131,7.1875,114
7,172,179,24.571428571428573,310
12,167,179,13.916666666666666,169
677,378,1055,0.5583456425406204,393
9,683,692,75.88888888888889,696
101,221,322,2.1881188118811883,230
16,138,154,8.625,139
313,604,917,1.9297124600638977,621
1552,997,2549,0.6423969072164949,1006
100,107,207,1.07,107
4,118,122,29.5,101
35,59,94,1.6857142857142857,48
321,403,724,1.2554517133956387,420
32,11,43,0.34375,1
79,174,253,2.2025316455696204,172
15,137,152,9.133333333333333,138
106,294,400,2.7735849056603774,305
12,535,547,44.583333333333336,559
11,28,39,2.5454545454545454,13
10,311,321,31.1,327
1782,635,2417,0.356341189674523,643
14,300,314,21.428571428571427,313
19,149,168,7.842105263157895,151
81,17,98,0.20987654320987653,1
6,117,123,19.5,116
14,271,285,19.357142857142858,288
204,282,486,1.3823529411764706,296
37,1031,1068,27.864864864864863,1006
401,153,554,0.38154613466334164,153
32,132,164,4.125,132
11,290,301,26.363636363636363,299
20,228,248,11.4,229
13,154,167,11.846153846153847,153
1,221,222,221.0,435
78,326,404,4.17948717948718,345
48,193,241,4.020833333333333,227
8,35,43,4.375,20
9,371,380,41.22222222222222,395
134,136,270,1.0149253731343284,134
45,48,93,1.0666666666666667,84
46,516,562,11.217391304347826,538
34,41,75,1.2058823529411764,28
152,146,298,0.9605263157894737,145
20,192,212,9.6,198
25,253,278,10.12,235
129,7,136,0.05426356589147287,1
25,806,831,32.24,808
921,443,1364,0.4809989142236699,462
24,310,334,12.916666666666666,364
184,101,285,0.5489130434782609,100
85,169,254,1.988235294117647,173
47,457,504,9.72340425531915,476
99,47,146,0.47474747474747475,77
9,24,33,2.6666666666666665,118
12,17,29,1.4166666666666667,1
3588,128,3716,0.03567447045707915,126
28,86,114,3.0714285714285716,76
66,469,535,7.106060606060606,490
2453,279,2732,0.11373827965756217,292
50,762,812,15.24,767
10,236,246,23.6,243
13,570,583,43.84615384615385,591
2838,500,3338,0.17618040873854826,515
9,630,639,70.0,648
101,280,381,2.772277227722772,292
39,198,237,5.076923076923077,163
10,38,48,3.8,27
18,20,38,1.1111111111111112,635
14,723,737,51.642857142857146,732
591,923,1514,1.5617597292724197,927
274,825,1099,3.010948905109489,814
1308,721,2029,0.5512232415902141,463
384,3,387,0.0078125,1
646,669,1315,1.0356037151702786,681
702,99,801,0.14102564102564102,97
67,918,985,13.701492537313433,922
132,569,701,4.3106060606060606,583
609,408,1017,0.6699507389162561,429
3204,110,3314,0.03433208489388265,53
10,262,272,26.2,274
68,67,135,0.9852941176470589,58
851,523,1374,0.6145710928319624,545
12,194,206,16.166666666666668,200
15,385,400,25.666666666666668,404
4,11,15,2.75,1
165,456,621,2.7636363636363637,475
11,376,387,34.18181818181818,395
194,172,366,0.8865979381443299,173
185,758,943,4.097297297297297,762
26,317,343,12.192307692307692,365
31,40,71,1.2903225806451613,26
81,341,422,4.209876543209877,357
13,437,450,33.61538461538461,458
532,304,836,0.5714285714285714,315
19,20,39,1.0526315789473684,5
41,777,818,18.951219512195124,781
1105,184,1289,0.1665158371040724,165
2,209,211,104.5,430
112,44,156,0.39285714285714285,33
23,265,288,11.521739130434783,280
14,189,203,13.5,195
7,122,129,17.428571428571427,149
20,274,294,13.7,286
146,810,956,5.5479452054794525,771
52,534,586,10.26923076923077,555
89,128,217,1.4382022471910112,128
21,190,211,9.047619047619047,193
24,252,276,10.5,261
8,251,259,31.375,258
14,977,991,69.78571428571429,1006
2305,188,2493,0.08156182212581345,198
22,376,398,17.09090909090909,394
48,226,274,4.708333333333333,236
8,776,784,97.0,781
7,349,356,49.857142857142854,376
58,48,106,0.8275862068965517,36
155,331,486,2.1354838709677417,346
33,745,778,22.575757575757574,590
39,962,1001,24.666666666666668,983
1686,195,1881,0.11565836298932385,202
248,120,368,0.4838709677419355,109
153,94,247,0.6143790849673203,88
363,168,531,0.4628099173553719,174
2302,33,2335,0.014335360556038228,20
20,393,413,19.65,573
54,316,370,5.851851851851852,333
30,266,296,8.866666666666667,278
15,261,276,17.4,272
6,312,318,52.0,329
211,676,887,3.203791469194313,692
8,83,91,10.375,74
11,276,287,25.09090909090909,295
38,307,345,8.078947368421053,322
38,759,797,19.973684210526315,762
52,358,410,6.884615384615385,540
177,440,617,2.4858757062146895,459
49,30,79,0.6122448979591837,18
115,206,321,1.791304347826087,214
7,88,95,12.571428571428571,81
12,390,402,32.5,411
200,48,248,0.24,35
3,107,110,35.666666666666664,103
292,883,1175,3.0239726027397262,892
122,493,615,4.040983606557377,515
248,52,300,0.20967741935483872,425
52,423,475,8.134615384615385,446
13,140,153,10.76923076923077,144
17,122,139,7.176470588235294,114
29,135,164,4.655172413793103,132
28,921,949,32.892857142857146,927
11,450,461,40.90909090909091,472
61,43,104,0.7049180327868853,34
7,395,402,56.42857142857143,409
108,934,1042,8.648148148148149,940
20,619,639,30.95,636
20,465,485,23.25,491
2,447,449,223.5,469
37,404,441,10.91891891891892,420
10,122,132,12.2,121
2886,212,3098,0.07345807345807345,219
13,116,129,8.923076923076923,117
189,530,719,2.804232804232804,549
24,242,266,10.083333333333334,252
14,92,106,6.571428571428571,86
1,10,11,10.0,1
9,202,211,22.444444444444443,214
56,27,83,0.48214285714285715,11
11,435,446,39.54545454545455,454
157,331,488,2.1082802547770703,348
34,373,407,10.970588235294118,393
1,10,11,10.0,1
11,238,249,21.636363636363637,246
1194,367,1561,0.3073701842546064,376
266,201,467,0.7556390977443609,207
14,518,532,37.0,537
108,125,233,1.1574074074074074,434
47,13,60,0.2765957446808511,1
24,538,562,22.416666666666668,563
24,259,283,10.791666666666666,273
38,313,351,8.236842105263158,349
64,313,377,4.890625,326
13,194,207,14.923076923076923,196
29,546,575,18.82758620689655,564
5,196,201,39.2,208
55,3,58,0.05454545454545454,1
23,207,230,9.0,213
339,721,1060,2.1268436578171093,731
58,511,569,8.810344827586206,434
6,83,89,13.833333333333334,77
517,115,632,0.22243713733075435,113
7,95,102,13.571428571428571,88
24,115,139,4.791666666666667,313
6,217,223,36.166666666666664,224
371,290,661,0.7816711590296496,300
6,96,102,16.0,88
8,209,217,26.125,217
102,37,139,0.3627450980392157,24
14,467,481,33.357142857142854,489
3283,152,3435,0.046299116661590006,123
2721,3,2724,0.0011025358324145535,10
12,4,16,0.3333333333333333,1
15,792,807,52.8,799
3112,722,3834,0.2320051413881748,727
20,424,444,21.2,441
22,258,280,11.727272727272727,267
1115,1043,2158,0.9354260089686098,1006
20,553,573,27.65,574
37,633,670,17.10810810810811,645
1,11,12,11.0,1
19,315,334,16.57894736842105,432
656,220,876,0.3353658536585366,227
63,362,425,5.746031746031746,382
86,93,179,1.0813953488372092,88
1864,46,1910,0.02467811158798283,35
4,10,14,2.5,1
377,705,1082,1.870026525198939,720
13,288,301,22.153846153846153,303
31,54,85,1.7419354838709677,45
10,455,465,45.5,481
14,390,404,27.857142857142858,408
30,771,801,25.7,775
135,26,161,0.1925925925925926,12
150,332,482,2.2133333333333334,350
123,450,573,3.658536585365854,468
12,401,413,33.416666666666664,421
20,1005,1025,50.25,1006
225,927,1152,4.12,937
9,21,30,2.3333333333333335,8
130,585,715,4.5,599
27,254,281,9.407407407407407,261
266,331,597,1.244360902255639,351
8,85,93,10.625,74
9,326,335,36.22222222222222,120
31,50,81,1.6129032258064515,39
53,419,472,7.90566037735849,438
128,40,168,0.3125,484
38,418,456,11.0,441
17,230,247,13.529411764705882,238
57,388,445,6.807017543859649,410
21,903,924,43.0,913
41,368,409,8.975609756097562,381
24,585,609,24.375,627
1774,18,1792,0.010146561443066516,2
16,789,805,49.3125,799
7,336,343,48.0,355
52,70,122,1.3461538461538463,57
434,122,556,0.28110599078341014,120
6,31,37,5.166666666666667,18
42,333,375,7.928571428571429,422
16,348,364,21.75,372
9,358,367,39.77777777777778,378
13,468,481,36.0,255
92,478,570,5.195652173913044,499
1078,1062,2140,0.9851576994434137,452
17,266,283,15.647058823529411,281
11,488,499,44.36363636363637,506
12,260,272,21.666666666666668,270
3,115,118,38.333333333333336,110
668,791,1459,1.1841317365269461,781
38,31,69,0.8157894736842105,8
90,64,154,0.7111111111111111,54
42,648,690,15.428571428571429,465
5,206,211,41.2,214
145,906,1051,6.248275862068965,904
17,365,382,21.470588235294116,387
11,919,930,83.54545454545455,929
35,85,120,2.4285714285714284,76
12,569,581,47.416666666666664,588
234,154,388,0.6581196581196581,157
1,146,147,146.0,435
198,215,413,1.0858585858585859,212
22,129,151,5.863636363636363,131
19,212,231,11.157894736842104,214
302,682,984,2.2582781456953644,696
24,27,51,1.125,11
33,205,238,6.212121212121212,210
21,517,538,24.61904761904762,538
278,633,911,2.276978417266187,647
171,753,924,4.4035087719298245,760
15,402,417,26.8,423
171,171,342,1.0,205
62,196,258,3.161290322580645,198
58,387,445,6.672413793103448,403
43,206,249,4.790697674418604,693
16,248,264,15.5,256
30,653,683,21.766666666666666,671
21,103,124,4.904761904761905,99
40,87,127,2.175,81
190,671,861,3.531578947368421,679
6,17,23,2.8333333333333335,13
6,255,261,42.5,264
174,368,542,2.1149425287356323,385
66,273,339,4.136363636363637,285
1595,36,1631,0.0225705329153605,509
13,397,410,30.53846153846154,419
46,34,80,0.7391304347826086,21
3,216,219,72.0,222
35,432,467,12.342857142857143,449
707,403,1110,0.57001414427157,404
13,93,106,7.153846153846154,87
9,67,76,7.444444444444445,58
217,215,432,0.9907834101382489,395
78,850,928,10.897435897435898,852
66,18,84,0.2727272727272727,2
7,324,331,46.285714285714285,340
768,259,1027,0.3372395833333333,273
20,270,290,13.5,284
80,37,117,0.4625,27
24,45,69,1.875,45
11,209,220,19.0,218
30,477,507,15.9,498
10,415,425,41.5,438
22,473,495,21.5,494
156,533,689,3.4166666666666665,558
123,431,554,3.5040650406504064,453
593,189,782,0.31871838111298484,191
135,864,999,6.4,872
172,526,698,3.058139534883721,548
11,235,246,21.363636363636363,243
8,94,102,11.75,88
43,480,523,11.162790697674419,505
24,55,79,2.2916666666666665,41
120,221,341,1.8416666666666666,225
25,465,490,18.6,489
456,147,603,0.3223684210526316,93
19,262,281,13.789473684210526,272
12,78,90,6.5,70
58,43,101,0.7413793103448276,31
5,177,182,35.4,181
30,271,301,9.033333333333333,283
11,253,264,23.0,264
261,787,1048,3.0153256704980844,784
9,693,702,77.0,707
4,286,290,71.5,302
5,135,140,27.0,136
19,366,385,19.263157894736842,332
67,152,219,2.2686567164179103,151
24,38,62,1.5833333333333333,14
1405,7,1412,0.00498220640569395,1
20,328,348,16.4,341
21,379,400,18.047619047619047,402
38,261,299,6.868421052631579,271
31,668,699,21.548387096774192,679
41,232,273,5.658536585365853,245
41,337,378,8.21951219512195,359
37,277,314,7.486486486486487,295
58,244,302,4.206896551724138,448
4,116,120,29.0,112
2001,774,2775,0.3868065967016492,772
14,365,379,26.071428571428573,385
4,77,81,19.25,71
11,91,102,8.272727272727273,82
8,55,63,6.875,40
44,69,113,1.5681818181818181,59
43,429,472,9.976744186046512,454
7,520,527,74.28571428571429,544
15,117,132,7.8,113
41,27,68,0.6585365853658537,8
244,193,437,0.7909836065573771,197
20,447,467,22.35,465
27,766,793,28.37037037037037,772
45,491,536,10.911111111111111,421
4,233,237,58.25,242
65,156,221,2.4,156
35,266,301,7.6,278
212,336,548,1.5849056603773586,350
369,367,736,0.994579945799458,385
242,305,547,1.2603305785123966,322
39,236,275,6.051282051282051,241
31,24,55,0.7741935483870968,11
20,279,299,13.95,295
42,195,237,4.642857142857143,201
46,660,706,14.347826086956522,678
105,394,499,3.7523809523809524,410
24,401,425,16.708333333333332,429
8,271,279,33.875,284
55,383,438,6.963636363636364,401
7,189,196,27.0,405
15,24,39,1.6,10
1218,579,1797,0.4753694581280788,543
12,216,228,18.0,223
290,689,979,2.3758620689655174,702
11,415,426,37.72727272727273,11
8,7,15,0.875,1
16,572,588,35.75,589
15,264,279,17.6,277
1,190,191,190.0,435
2447,533,2980,0.2178177360032693,550
387,124,511,0.32041343669250644,122
69,479,548,6.942028985507246,498
18,71,89,3.9444444444444446,190
21,214,235,10.19047619047619,223
9,32,41,3.5555555555555554,18
2,36,38,18.0,24
49,231,280,4.714285714285714,241
16,383,399,23.9375,405
619,338,957,0.5460420032310178,360
29,444,473,15.310344827586206,464
39,37,76,0.9487179487179487,23
1410,176,1586,0.12482269503546099,181
590,802,1392,1.3593220338983052,813
7,102,109,14.571428571428571,149
9,147,156,16.333333333333332,147
8,111,119,13.875,108
41,288,329,7.024390243902439,305
16,314,330,19.625,333
6,12,18,2.0,19
458,231,689,0.5043668122270742,237
12,23,35,1.9166666666666667,5
19,64,83,3.3684210526315788,56
75,631,706,8.413333333333334,641
120,754,874,6.283333333333333,767
0,10,10,1,126
42,293,335,6.976190476190476,304
916,430,1346,0.46943231441048033,447
877,254,1131,0.2896237172177879,203
10,216,226,21.6,225
14,4,18,0.2857142857142857,1
30,315,345,10.5,325
3,469,472,156.33333333333334,490
38,252,290,6.631578947368421,263
2281,435,2716,0.19070583077597544,454
1633,33,1666,0.02020820575627679,22
40,481,521,12.025,499
1278,846,2124,0.6619718309859155,857
751,164,915,0.21837549933422104,175
119,27,146,0.226890756302521,13
51,340,391,6.666666666666667,360
213,846,1059,3.971830985915493,853
384,794,1178,2.0677083333333335,797
223,272,495,1.2197309417040358,285
458,577,1035,1.259825327510917,591
253,559,812,2.2094861660079053,579
31,1008,1039,32.516129032258064,1006
4,28,32,7.0,15
15,32,47,2.1333333333333333,18
10,592,602,59.2,609
21,97,118,4.619047619047619,93
23,237,260,10.304347826086957,243
10,256,266,25.6,162
1036,577,1613,0.556949806949807,593
3015,28,3043,0.009286898839137645,14
51,150,201,2.9411764705882355,135
19,496,515,26.105263157894736,519
38,532,570,14.0,551
21,322,343,15.333333333333334,342
39,45,84,1.1538461538461537,32
14,112,126,8.0,110
2714,55,2769,0.020265291083271922,43
295,294,589,0.9966101694915255,97
49,477,526,9.73469387755102,493
60,56,116,0.9333333333333333,45
16,202,218,12.625,206
43,202,245,4.6976744186046515,204
41,923,964,22.51219512195122,932
45,104,149,2.311111111111111,101
21,345,366,16.428571428571427,59
10,99,109,9.9,94
886,344,1230,0.38826185101580135,359
2383,1044,3427,0.4381032312211498,1006
85,968,1053,11.388235294117647,985
79,966,1045,12.227848101265822,1002
135,11,146,0.08148148148148149,1
193,977,1170,5.062176165803109,1006
5,135,140,27.0,312
39,1017,1056,26.076923076923077,1006
21,393,414,18.714285714285715,415
14,128,142,9.142857142857142,128
20,529,549,26.45,553
74,48,122,0.6486486486486487,37
337,171,508,0.5074183976261127,354
292,385,677,1.3184931506849316,407
39,579,618,14.846153846153847,659
113,832,945,7.3628318584070795,846
13,663,676,51.0,679
24,19,43,0.7916666666666666,14
376,84,460,0.22340425531914893,40
16,446,462,27.875,471
26,58,84,2.230769230769231,48
23,163,186,7.086956521739131,166
208,507,715,2.4375,526
14,438,452,31.285714285714285,461
343,541,884,1.5772594752186588,859
224,509,733,2.2723214285714284,531
161,586,747,3.639751552795031,373
28,167,195,5.964285714285714,167
8,114,122,14.25,110
73,43,116,0.589041095890411,30
298,738,1036,2.476510067114094,744
58,289,347,4.982758620689655,303
1,10,11,10.0,1
11,251,262,22.818181818181817,257
10,333,343,33.3,354
226,7,233,0.030973451327433628,1
24,749,773,31.208333333333332,756
29,121,150,4.172413793103448,119
40,430,470,10.75,451
893,167,1060,0.187010078387458,173
10,418,428,41.8,440
3819,140,3959,0.036658811207122284,137
16,231,247,14.4375,243
179,262,441,1.4636871508379887,274
9,233,242,25.88888888888889,243
13,143,156,11.0,147
55,32,87,0.5818181818181818,19
6,411,417,68.5,437
332,647,979,1.9487951807228916,661
45,158,203,3.511111111111111,159
10,197,207,19.7,202
12,252,264,21.0,261
54,44,98,0.8148148148148148,32
37,394,431,10.64864864864865,415
69,142,211,2.0579710144927534,140
1043,603,1646,0.5781399808245445,617
3,400,403,133.33333333333334,424
18,290,308,16.11111111111111,307
9,761,770,84.55555555555556,765
897,330,1227,0.36789297658862874,348
238,365,603,1.5336134453781514,382
23,321,344,13.956521739130435,59
2,205,207,102.5,227
44,1034,1078,23.5,1006
41,937,978,22.853658536585368,948
42,649,691,15.452380952380953,661
20,225,245,11.25,236
970,290,1260,0.29896907216494845,504
74,155,229,2.0945945945945947,155
42,445,487,10.595238095238095,467
297,326,623,1.0976430976430978,343
162,486,648,3.0,505
1,10,11,10.0,1
41,204,245,4.975609756097561,184
81,751,832,9.271604938271604,877
45,53,98,1.1777777777777778,44
459,421,880,0.9172113289760349,443
589,266,855,0.45161290322580644,276
7,33,40,4.714285714285714,18
51,104,155,2.0392156862745097,98
22,234,256,10.636363636363637,240
10,152,162,15.2,154
592,34,626,0.057432432432432436,14
118,678,796,5.745762711864407,691
30,40,70,1.3333333333333333,35
23,120,143,5.217391304347826,119
952,177,1129,0.18592436974789917,182
59,264,323,4.47457627118644,273
11,481,492,43.72727272727273,505
10,103,113,10.3,97
34,15,49,0.4411764705882353,1
12,780,792,65.0,776
11,725,736,65.9090909090909,733
24,20,44,0.8333333333333334,30
12,283,295,23.583333333333332,298
129,228,357,1.7674418604651163,235
13,385,398,29.615384615384617,412
47,176,223,3.74468085106383,177
21,178,199,8.476190476190476,183
18,267,285,14.833333333333334,261
167,104,271,0.6227544910179641,83
12,185,197,15.416666666666666,190
320,383,703,1.196875,400
40,160,200,4.0,161
39,64,103,1.641025641025641,58
37,687,724,18.56756756756757,698
8,26,34,3.25,3
11,320,331,29.09090909090909,336
1048,152,1200,0.1450381679389313,153
15,628,643,41.86666666666667,644
17,228,245,13.411764705882353,236
7,165,172,23.571428571428573,149
107,349,456,3.2616822429906542,371
1,30,31,30.0,16
726,203,929,0.2796143250688705,207
5,13,18,2.6,1
9,229,238,25.444444444444443,235
104,493,597,4.740384615384615,374
560,66,626,0.11785714285714285,207
1735,187,1922,0.10778097982708934,129
1059,7,1066,0.0066100094428706326,1
7,237,244,33.857142857142854,248
65,392,457,6.030769230769231,411
9,296,305,32.888888888888886,308
89,394,483,4.426966292134831,410
11,332,343,30.181818181818183,353
1898,45,1943,0.02370916754478398,35
270,507,777,1.8777777777777778,527
7,266,273,38.0,278
124,41,165,0.33064516129032256,32
94,529,623,5.627659574468085,553
528,155,683,0.2935606060606061,154
2007,670,2677,0.3338315894369706,692
66,304,370,4.606060606060606,321
41,31,72,0.7560975609756098,17
29,729,758,25.137931034482758,739
276,1043,1319,3.778985507246377,401
13,41,54,3.1538461538461537,32
30,77,107,2.566666666666667,69
6,112,118,18.666666666666668,108
60,256,316,4.266666666666667,266
19,168,187,8.842105263157896,172
55,780,835,14.181818181818182,777
477,752,1229,1.5765199161425576,761
98,107,205,1.0918367346938775,98
15,919,934,61.266666666666666,932
63,619,682,9.825396825396826,631
15,320,335,21.333333333333332,343
667,216,883,0.3238380809595202,362
22,774,796,35.18181818181818,773
1523,188,1711,0.12344057780695995,192
78,19,97,0.24358974358974358,8
949,140,1089,0.1475237091675448,139
26,751,777,28.884615384615383,752
30,328,358,10.933333333333334,342
7,227,234,32.42857142857143,291
47,778,825,16.5531914893617,782
12,15,27,1.25,2
20,88,108,4.4,82
795,403,1198,0.5069182389937107,425
43,162,205,3.7674418604651163,176
442,442,884,1.0,460
95,51,146,0.5368421052631579,39
1068,276,1344,0.25842696629213485,263
1045,588,1633,0.5626794258373206,605
312,482,794,1.544871794871795,492
26,180,206,6.923076923076923,183
2623,256,2879,0.09759817003431186,270
888,481,1369,0.5416666666666666,497
25,124,149,4.96,123
209,368,577,1.7607655502392345,328
7,602,609,86.0,300
22,354,376,16.09090909090909,371
337,370,707,1.0979228486646884,389
96,382,478,3.9791666666666665,396
44,114,158,2.590909090909091,111
4,190,194,47.5,192
24,475,499,19.791666666666668,493
59,310,369,5.254237288135593,330
16,336,352,21.0,354
808,280,1088,0.3465346534653465,287
190,194,384,1.0210526315789474,200
74,427,501,5.77027027027027,450
555,123,678,0.22162162162162163,121
13,325,338,25.0,344
63,59,122,0.9365079365079365,49
20,300,320,15.0,314
69,557,626,8.072463768115941,579
21,186,207,8.857142857142858,192
32,383,415,11.96875,399
87,107,194,1.2298850574712643,108
11,105,116,9.545454545454545,98
1230,1002,2232,0.8146341463414634,1006
3,422,425,140.66666666666666,444
50,320,370,6.4,337
2797,368,3165,0.13156953879156238,384
15,279,294,18.6,292
11,293,304,26.636363636363637,308
7,213,220,30.428571428571427,216
19,349,368,18.36842105263158,363
11,284,295,25.818181818181817,300
72,437,509,6.069444444444445,459
12,49,61,4.083333333333333,36
152,304,456,2.0,319
37,725,762,19.594594594594593,735
8,776,784,97.0,786
10,260,270,26.0,269
64,328,392,5.125,343
76,486,562,6.394736842105263,502
74,230,304,3.108108108108108,239
5,478,483,95.6,498
153,461,614,3.0130718954248366,478
45,7,52,0.15555555555555556,1
58,217,275,3.7413793103448274,223
64,360,424,5.625,360
199,463,662,2.3266331658291457,483
7,120,127,17.142857142857142,115
24,144,168,6.0,147
75,476,551,6.346666666666667,492
523,65,588,0.124282982791587,54
60,744,804,12.4,745
10,238,248,23.8,245
10,74,84,7.4,67
26,336,362,12.923076923076923,354
1,10,11,10.0,1
5,63,68,12.6,196
15,320,335,21.333333333333332,339
8,124,132,15.5,122
10,268,278,26.8,281
27,337,364,12.481481481481481,352
139,942,1081,6.776978417266187,952
21,929,950,44.23809523809524,934
113,33,146,0.2920353982300885,19
17,103,120,6.0588235294117645,112
9,331,340,36.77777777777778,342
3,182,185,60.666666666666664,187
10,332,342,33.2,352
56,962,1018,17.178571428571427,981
668,892,1560,1.3353293413173652,900
183,135,318,0.7377049180327869,133
224,152,376,0.6785714285714286,154
27,266,293,9.851851851851851,278
233,335,568,1.4377682403433476,351
136,272,408,2.0,287
58,200,258,3.4482758620689653,208
1599,11,1610,0.0068792995622263915,1
10,88,98,8.8,81
241,96,337,0.3983402489626556,95
192,32,224,0.16666666666666666,15
22,957,979,43.5,976
231,235,466,1.0173160173160174,200
20,846,866,42.3,853
18,129,147,7.166666666666667,129
1341,90,1431,0.06711409395973154,100
67,282,349,4.208955223880597,289
8,268,276,33.5,280
176,638,814,3.625,659
405,206,611,0.508641975308642,210
10,958,968,95.8,423
482,537,1019,1.1141078838174274,564
10,288,298,28.8,329
739,54,793,0.07307171853856563,43
9,962,971,106.88888888888889,1000
47,299,346,6.361702127659575,312
25,1038,1063,41.52,1006
11,297,308,27.0,318
37,19,56,0.5135135135135135,3
2479,485,2964,0.19564340459862847,507
3,26,29,8.666666666666666,11
18,439,457,24.38888888888889,463
28,323,351,11.535714285714286,241
20,477,497,23.85,493
236,136,372,0.576271186440678,135
74,1011,1085,13.662162162162161,1006
26,224,250,8.615384615384615,233
57,576,633,10.105263157894736,582
31,196,227,6.32258064516129,197
46,297,343,6.456521739130435,310
13,248,261,19.076923076923077,316
596,868,1464,1.4563758389261745,874
49,257,306,5.244897959183674,267
23,185,208,8.043478260869565,185
52,376,428,7.230769230769231,392
17,111,128,6.529411764705882,215
10,128,138,12.8,125
19,29,48,1.5263157894736843,11
61,314,375,5.147540983606557,333
138,89,227,0.644927536231884,82
17,56,73,3.2941176470588234,318
7,161,168,23.0,161
82,340,422,4.146341463414634,357
766,179,945,0.23368146214099217,182
9,57,66,6.333333333333333,46
7,258,265,36.857142857142854,275
44,398,442,9.045454545454545,415
315,491,806,1.5587301587301587,38
31,214,245,6.903225806451613,219
11,32,43,2.909090909090909,17
115,325,440,2.8260869565217392,546
3,10,13,3.3333333333333335,1
28,296,324,10.571428571428571,310
1252,715,1967,0.5710862619808307,725
60,296,356,4.933333333333334,310
21,340,361,16.19047619047619,356
22,644,666,29.272727272727273,655
9,204,213,22.666666666666668,208
31,411,442,13.258064516129032,342
49,464,513,9.46938775510204,567
251,445,696,1.7729083665338645,467
9,231,240,25.666666666666668,237
2488,150,2638,0.06028938906752412,151
8,483,491,60.375,507
107,283,390,2.6448598130841123,295
18,448,466,24.88888888888889,470
166,190,356,1.144578313253012,193
40,407,447,10.175,423
2106,38,2144,0.018043684710351376,25
7,258,265,36.857142857142854,271
8,22,30,2.75,6
139,332,471,2.3884892086330933,351
123,517,640,4.203252032520325,537
7,244,251,34.857142857142854,149
28,104,132,3.7142857142857144,65
12,99,111,8.25,93
44,174,218,3.9545454545454546,177
116,328,444,2.8275862068965516,347
14,163,177,11.642857142857142,160
183,622,805,3.398907103825137,632
5,72,77,14.4,66
1174,106,1280,0.09028960817717206,103
64,326,390,5.09375,344
21,26,47,1.2380952380952381,9
109,528,637,4.844036697247707,546
24,259,283,10.791666666666666,273
22,308,330,14.0,327
1513,314,1827,0.2075346992729676,330
8,99,107,12.375,92
11,84,95,7.636363636363637,78
1614,49,1663,0.030359355638166045,39
78,491,569,6.294871794871795,511
13,287,300,22.076923076923077,301
18,72,90,4.0,63
3,297,300,99.0,315
62,755,817,12.17741935483871,759
73,905,978,12.397260273972602,899
2793,100,2893,0.03580379520229144,96
56,193,249,3.4464285714285716,199
7,317,324,45.285714285714285,338
37,506,543,13.675675675675675,528
9,270,279,30.0,281
22,223,245,10.136363636363637,236
211,410,621,1.9431279620853081,434
1223,666,1889,0.544562551103843,680
8,29,37,3.625,15
366,495,861,1.3524590163934427,519
14,335,349,23.928571428571427,355
167,876,1043,5.245508982035928,888
124,142,266,1.1451612903225807,142
13,417,430,32.07692307692308,441
242,305,547,1.2603305785123966,322
1216,800,2016,0.6578947368421053,803
1,10,11,10.0,1
13,350,363,26.923076923076923,367
27,79,106,2.925925925925926,69
65,220,285,3.3846153846153846,232
26,230,256,8.846153846153847,237
14,585,599,41.785714285714285,601
1,10,11,10.0,1
6,553,559,92.16666666666667,575
33,577,610,17.484848484848484,593
307,36,343,0.11726384364820847,26
21,303,324,14.428571428571429,319
7,25,32,3.5714285714285716,7
23,26,49,1.1304347826086956,94
25,388,413,15.52,408
99,307,406,3.101010101010101,322
11,32,43,2.909090909090909,20
1200,228,1428,0.19,187
13,287,300,22.076923076923077,302
18,487,505,27.055555555555557,401
28,72,100,2.5714285714285716,103
78,89,167,1.141025641025641,79
159,680,839,4.276729559748428,694
81,476,557,5.8765432098765435,498
102,260,362,2.549019607843137,156
45,326,371,7.2444444444444445,342
24,65,89,2.7083333333333335,59
34,576,610,16.941176470588236,593
39,181,220,4.641025641025641,187
9,331,340,36.77777777777778,351
21,204,225,9.714285714285714,210
4,71,75,17.75,59
3625,74,3699,0.020413793103448277,67
6,28,34,4.666666666666667,12
897,325,1222,0.36231884057971014,341
1496,54,1550,0.03609625668449198,168
24,246,270,10.25,256
24,362,386,15.083333333333334,380
13,113,126,8.692307692307692,111
25,494,519,19.76,514
15,265,280,17.666666666666668,278
22,347,369,15.772727272727273,366
56,86,142,1.5357142857142858,80
25,43,68,1.72,30
60,506,566,8.433333333333334,528
12,416,428,34.666666666666664,438
35,266,301,7.6,278
23,570,593,24.782608695652176,585
9,33,42,3.6666666666666665,19
99,101,200,1.02020202020202,99
15,374,389,24.933333333333334,390
112,536,648,4.785714285714286,565
332,552,884,1.6626506024096386,572
9,321,330,35.666666666666664,333
13,155,168,11.923076923076923,155
57,429,486,7.526315789473684,452
12,27,39,2.25,12
69,79,148,1.144927536231884,75
11,195,206,17.727272727272727,205
359,278,637,0.7743732590529248,289
96,177,273,1.84375,182
8,312,320,39.0,323
33,624,657,18.90909090909091,642
25,539,564,21.56,561
1393,81,1474,0.05814788226848528,75
15,414,429,27.6,440
100,338,438,3.38,353
22,562,584,25.545454545454547,580
27,211,238,7.814814814814815,217
1245,7,1252,0.005622489959839358,211
8,528,536,66.0,549
1266,437,1703,0.3451816745655608,529
73,515,588,7.054794520547945,535
44,310,354,7.045454545454546,325
17,205,222,12.058823529411764,211
51,232,283,4.549019607843137,238
130,195,325,1.5,150
1720,237,1957,0.1377906976744186,247
142,845,987,5.950704225352113,854
66,55,121,0.8333333333333334,45
17,462,479,27.176470588235293,241
119,337,456,2.831932773109244,357
651,73,724,0.11213517665130568,68
13,467,480,35.92307692307692,493
398,521,919,1.3090452261306533,537
64,40,104,0.625,26
407,598,1005,1.4692874692874693,607
80,315,395,3.9375,346
862,206,1068,0.23897911832946636,213
14,174,188,12.428571428571429,173
519,421,940,0.8111753371868978,441
447,207,654,0.46308724832214765,215
48,184,232,3.8333333333333335,190
12,330,342,27.5,345
21,359,380,17.095238095238095,378
10,88,98,8.8,79
10,343,353,34.3,363
16,110,126,6.875,109
61,202,263,3.3114754098360657,207
890,185,1075,0.20786516853932585,188
24,48,72,2.0,36
80,330,410,4.125,346
21,26,47,1.2380952380952381,9
5,114,119,22.8,111
41,165,206,4.024390243902439,165
23,439,462,19.08695652173913,460
23,657,680,28.565217391304348,666
55,730,785,13.272727272727273,742
40,124,164,3.1,121
161,749,910,4.6521739130434785,751
2366,36,2402,0.015215553677092139,20
8,85,93,10.625,74
36,128,164,3.5555555555555554,129
5,112,117,22.4,109
2804,868,3672,0.3095577746077033,879
46,858,904,18.652173913043477,403
28,671,699,23.964285714285715,687
5,77,82,15.4,68
13,512,525,39.38461538461539,530
409,575,984,1.4058679706601467,596
22,274,296,12.454545454545455,286
4,17,21,4.25,307
23,307,330,13.347826086956522,321
54,58,112,1.0740740740740742,49
1557,268,1825,0.17212588310854207,276
7,182,189,26.0,186
69,45,114,0.6521739130434783,34
36,645,681,17.916666666666668,655
345,104,449,0.30144927536231886,97
407,631,1038,1.5503685503685503,647
285,190,475,0.6666666666666666,196
5,115,120,23.0,111
111,314,425,2.828828828828829,338
16,387,403,24.1875,292
352,968,1320,2.75,977
48,766,814,15.958333333333334,769
23,154,177,6.695652173913044,155
17,379,396,22.294117647058822,324
58,189,247,3.2586206896551726,195
7,456,463,65.14285714285714,475
1462,267,1729,0.1826265389876881,279
12,104,116,8.666666666666666,100
1062,901,1963,0.8483992467043314,897
8,80,88,10.0,68
22,183,205,8.318181818181818,187
9,285,294,31.666666666666668,299
508,437,945,0.860236220472441,460
46,736,782,16.0,741
24,771,795,32.125,628
221,80,301,0.36199095022624433,76
666,513,1179,0.7702702702702703,537
32,308,340,9.625,328
539,115,654,0.21335807050092764,112
46,448,494,9.73913043478261,467
161,92,253,0.5714285714285714,144
638,392,1030,0.6144200626959248,411
16,247,263,15.4375,258
9,25,34,2.7777777777777777,7
1546,1071,2617,0.6927554980595084,1006
12,412,424,34.333333333333336,432
39,38,77,0.9743589743589743,23
2400,764,3164,0.31833333333333336,768
5,58,63,11.6,50
27,765,792,28.333333333333332,770
6,457,463,76.16666666666667,67
13,453,466,34.84615384615385,294
29,200,229,6.896551724137931,101
14,141,155,10.071428571428571,141
70,86,156,1.2285714285714286,77
19,525,544,27.63157894736842,548
45,472,517,10.488888888888889,489
11,78,89,7.090909090909091,69
294,7,301,0.023809523809523808,1
96,87,183,0.90625,82
1901,615,2516,0.3235139400315623,625
1401,805,2206,0.5745895788722342,815
27,341,368,12.62962962962963,363
40,4,44,0.1,4
1447,535,1982,0.3697304768486524,551
149,788,937,5.2885906040268456,843
122,523,645,4.286885245901639,546
5,234,239,46.8,242
9,343,352,38.111111111111114,400
21,436,457,20.761904761904763,459
170,140,310,0.8235294117647058,141
16,314,330,19.625,332
38,710,748,18.68421052631579,478
11,391,402,35.54545454545455,411
33,18,51,0.5454545454545454,3
212,409,621,1.929245283018868,427
16,428,444,26.75,449
44,430,474,9.772727272727273,450
110,554,664,5.036363636363636,574
18,251,269,13.944444444444445,260
32,243,275,7.59375,252
57,277,334,4.859649122807017,290
86,54,140,0.627906976744186,40
1229,469,1698,0.38161106590724164,484
9,718,727,79.77777777777777,731
134,104,238,0.7761194029850746,97
381,931,1312,2.4435695538057742,354
18,411,429,22.833333333333332,428
60,296,356,4.933333333333334,310
1,138,139,138.0,138
63,242,305,3.8412698412698414,435
6,394,400,65.66666666666667,416
43,542,585,12.604651162790697,561
26,144,170,5.538461538461538,143
1548,3,1551,0.001937984496124031,1
44,304,348,6.909090909090909,316
3,394,397,131.33333333333334,413
655,3,658,0.004580152671755725,1
3,240,243,80.0,248
3,405,408,135.0,258
69,254,323,3.681159420289855,265
40,198,238,4.95,202
69,46,115,0.6666666666666666,33
47,333,380,7.085106382978723,349
106,190,296,1.7924528301886793,199
29,61,90,2.103448275862069,51
27,85,112,3.1481481481481484,76
791,47,838,0.05941845764854614,32
128,192,320,1.5,194
24,400,424,16.666666666666668,426
25,992,1017,39.68,1006
2185,223,2408,0.10205949656750572,228
10,298,308,29.8,315
7,89,96,12.714285714285714,103
25,414,439,16.56,439
333,273,606,0.8198198198198198,88
19,43,62,2.263157894736842,31
15,541,556,36.06666666666667,569
8,111,119,13.875,108
43,228,271,5.3023255813953485,233
18,373,391,20.72222222222222,290
85,282,367,3.3176470588235296,295
87,877,964,10.080459770114942,884
308,894,1202,2.9025974025974026,683
215,394,609,1.8325581395348838,416
16,325,341,20.3125,343
74,139,213,1.8783783783783783,367
165,500,665,3.0303030303030303,522
833,178,1011,0.21368547418967587,182
28,127,155,4.535714285714286,124
138,29,167,0.21014492753623187,200
742,266,1008,0.3584905660377358,279
31,652,683,21.032258064516128,657
6,230,236,38.333333333333336,239
148,59,207,0.39864864864864863,55
16,921,937,57.5625,955
9,26,35,2.888888888888889,14
36,108,144,3.0,106
420,638,1058,1.519047619047619,655
283,621,904,2.1943462897526502,638
32,976,1008,30.5,1006
20,98,118,4.9,93
11,365,376,33.18181818181818,384
118,128,246,1.0847457627118644,124
14,53,67,3.7857142857142856,43
833,52,885,0.062424969987995196,39
9,304,313,33.77777777777778,324
109,162,271,1.4862385321100917,168
186,368,554,1.978494623655914,388
9,119,128,13.222222222222221,120
19,490,509,25.789473684210527,509
1766,59,1825,0.033408833522083806,48
22,142,164,6.454545454545454,141
74,199,273,2.689189189189189,203
23,419,442,18.217391304347824,436
33,274,307,8.303030303030303,285
20,571,591,28.55,592
8,953,961,119.125,959
20,218,238,10.9,226
54,421,475,7.796296296296297,441
31,283,314,9.129032258064516,295
232,822,1054,3.543103448275862,833
16,416,432,26.0,438
73,257,330,3.5205479452054793,261
77,44,121,0.5714285714285714,33
635,381,1016,0.6,397
22,13,35,0.5909090909090909,1
11,133,144,12.090909090909092,135
820,703,1523,0.8573170731707317,715
921,443,1364,0.4809989142236699,462
293,184,477,0.6279863481228669,440
836,427,1263,0.5107655502392344,449
132,510,642,3.8636363636363638,531
1200,319,1519,0.2658333333333333,332
19,64,83,3.3684210526315788,56
45,27,72,0.6,1
1,10,11,10.0,1
25,375,400,15.0,396
102,63,165,0.6176470588235294,49
2717,919,3636,0.3382407066617593,918
62,97,159,1.564516129032258,90
11,289,300,26.272727272727273,268
2574,128,2702,0.04972804972804973,126
14,518,532,37.0,537
18,617,635,34.27777777777778,632
11,267,278,24.272727272727273,281
1039,1059,2098,1.0192492781520692,1006
24,870,894,36.25,885
475,55,530,0.11578947368421053,46
71,386,457,5.436619718309859,408
26,146,172,5.615384615384615,147
3702,94,3796,0.025391680172879523,79
10,240,250,24.0,246
18,446,464,24.77777777777778,468
228,288,516,1.263157894736842,300
76,4,80,0.05263157894736842,1
21,254,275,12.095238095238095,261
714,79,793,0.11064425770308123,70
92,456,548,4.956521739130435,478
321,63,384,0.19626168224299065,55
59,101,160,1.7118644067796611,90
66,889,955,13.469696969696969,491
1793,13,1806,0.007250418293363078,1
1213,525,1738,0.43281121187139326,544
12,386,398,32.166666666666664,415
1,8,9,8.0,1
17,37,54,2.176470588235294,23
12,119,131,9.916666666666666,117
198,5,203,0.025252525252525252,72
101,54,155,0.5346534653465347,43
8,394,402,49.25,415
16,585,601,36.5625,606
19,509,528,26.789473684210527,533
110,189,299,1.7181818181818183,191
241,109,350,0.45228215767634855,108
34,251,285,7.382352941176471,263
36,408,444,11.333333333333334,428
328,721,1049,2.198170731707317,727
3356,205,3561,0.061084624553039334,210
98,686,784,7.0,645
34,185,219,5.4411764705882355,190
375,38,413,0.10133333333333333,22
820,8,828,0.00975609756097561,1
20,888,908,44.4,892
14,227,241,16.214285714285715,233
3375,211,3586,0.06251851851851851,217
27,124,151,4.592592592592593,123
1,522,523,522.0,435
1570,649,2219,0.41337579617834397,360
10,48,58,4.8,37
15,47,62,3.1333333333333333,36
25,427,452,17.08,449
219,146,365,0.6666666666666666,80
208,29,237,0.13942307692307693,6
17,446,463,26.235294117647058,440
17,389,406,22.88235294117647,413
63,252,315,4.0,262
151,696,847,4.6092715231788075,708
1,3,4,3.0,302
18,405,423,22.5,421
13,43,56,3.3076923076923075,31
66,32,98,0.48484848484848486,12
860,514,1374,0.5976744186046512,535
826,220,1046,0.26634382566585957,209
21,39,60,1.8571428571428572,27
1742,402,2144,0.23076923076923078,420
19,248,267,13.052631578947368,445
309,302,611,0.9773462783171522,384
1477,293,1770,0.1983750846310088,309
71,14,85,0.19718309859154928,1
21,718,739,34.19047619047619,733
6,11,17,1.8333333333333333,1
63,206,269,3.2698412698412698,210
106,275,381,2.5943396226415096,290
45,502,547,11.155555555555555,522
87,602,689,6.919540229885057,620
187,599,786,3.2032085561497325,890
16,253,269,15.8125,263
437,1328,1765,3.0389016018306636,1006
8,192,200,24.0,200
307,375,682,1.221498371335505,474
13,161,174,12.384615384615385,161
31,464,495,14.96774193548387,486
12,53,65,4.416666666666667,41
324,4,328,0.012345679012345678,1
18,66,84,3.6666666666666665,57
14,41,55,2.9285714285714284,30
25,38,63,1.52,24
112,339,451,3.0267857142857144,359
39,42,81,1.0769230769230769,29
31,25,56,0.8064516129032258,10
6,323,329,53.833333333333336,408
38,232,270,6.105263157894737,241
18,277,295,15.38888888888889,296
334,312,646,0.9341317365269461,328
2302,17,2319,0.007384882710686359,3
8,233,241,29.125,151
3,454,457,151.33333333333334,472
19,209,228,11.0,216
8,297,305,37.125,314
47,564,611,12.0,585
65,156,221,2.4,156
10,277,287,27.7,288
343,1008,1351,2.938775510204082,966
8,193,201,24.125,195
2574,419,2993,0.16278166278166278,440
127,676,803,5.322834645669292,689
11,121,132,11.0,120
21,133,154,6.333333333333333,131
40,349,389,8.725,367
34,75,109,2.2058823529411766,69
409,198,607,0.4841075794621027,200
87,381,468,4.379310344827586,400
27,230,257,8.518518518518519,242
973,412,1385,0.4234326824254882,432
19,181,200,9.526315789473685,186
117,331,448,2.8290598290598292,346
781,40,821,0.05121638924455826,26
161,291,452,1.8074534161490683,303
2453,279,2732,0.11373827965756217,292
224,238,462,1.0625,250
13,181,194,13.923076923076923,183
17,655,672,38.529411764705884,674
7,32,39,4.571428571428571,19
70,420,490,6.0,487
33,261,294,7.909090909090909,273
22,280,302,12.727272727272727,293
31,464,495,14.96774193548387,486
16,119,135,7.4375,422
17,362,379,21.294117647058822,318
43,208,251,4.837209302325581,299
71,14,85,0.19718309859154928,1
88,1031,1119,11.715909090909092,1006
294,404,698,1.3741496598639455,426
423,49,472,0.11583924349881797,36
31,197,228,6.354838709677419,202
18,303,321,16.833333333333332,322
27,262,289,9.703703703703704,274
16,609,625,38.0625,628
50,231,281,4.62,236
37,71,108,1.9189189189189189,87
633,296,929,0.4676145339652449,313
26,430,456,16.53846153846154,450
2294,432,2726,0.18831734960767219,453
12,384,396,32.0,398
20,130,150,6.5,128
150,484,634,3.2266666666666666,502
23,771,794,33.52173913043478,777
47,457,504,9.72340425531915,476
64,455,519,7.109375,478
46,328,374,7.130434782608695,347
5,473,478,94.6,493
16,406,422,25.375,428
9,697,706,77.44444444444444,397
10,455,465,45.5,477
18,135,153,7.5,135
1451,841,2292,0.5796002756719504,851
15,301,316,20.066666666666666,317
10,352,362,35.2,456
77,91,168,1.1818181818181819,84
22,536,558,24.363636363636363,557
30,453,483,15.1,471
95,685,780,7.2105263157894735,698
112,457,569,4.080357142857143,483
265,126,391,0.47547169811320755,127
17,97,114,5.705882352941177,88
24,565,589,23.541666666666668,581
102,377,479,3.696078431372549,394
2793,100,2893,0.03580379520229144,96
16,436,452,27.25,457
5,123,128,24.6,118
16,694,710,43.375,704
22,612,634,27.818181818181817,625
13,369,382,28.384615384615383,816
56,760,816,13.571428571428571,768
11,387,398,35.18181818181818,414
78,89,167,1.141025641025641,79
191,416,607,2.1780104712041886,433
2,109,111,54.5,108
252,321,573,1.2738095238095237,335
7,248,255,35.42857142857143,297
38,77,115,2.026315789473684,74
10,172,182,17.2,178
145,36,181,0.2482758620689655,36
7,230,237,32.857142857142854,238
4,158,162,39.5,426
1043,603,1646,0.5781399808245445,617
15,339,354,22.6,359
162,129,291,0.7962962962962963,127
40,508,548,12.7,528
13,383,396,29.46153846153846,405
616,371,987,0.6022727272727273,394
1042,462,1504,0.44337811900191937,427
1,10,11,10.0,1
27,284,311,10.518518518518519,294
43,381,424,8.86046511627907,398
12,466,478,38.833333333333336,486
186,237,423,1.2741935483870968,250
33,570,603,17.272727272727273,588
37,240,277,6.486486486486487,247
45,411,456,9.133333333333333,429
32,1004,1036,31.375,486
27,262,289,9.703703703703704,274
67,282,349,4.208955223880597,297
122,41,163,0.3360655737704918,37
26,409,435,15.73076923076923,426
111,487,598,4.387387387387387,506
48,199,247,4.145833333333333,201
16,641,657,40.0625,656
13,132,145,10.153846153846153,132
99,642,741,6.484848484848484,660
1000,89,1089,0.089,82
9,159,168,17.666666666666668,162
18,115,133,6.388888888888889,113
53,82,135,1.5471698113207548,76
24,387,411,16.125,405
8,14,22,1.75,1
3903,186,4089,0.04765564950038432,192
8,222,230,27.75,229
85,372,457,4.376470588235295,391
2764,327,3091,0.1183068017366136,343
17,127,144,7.470588235294118,129
10,248,258,24.8,365
3,297,300,99.0,315
960,23,983,0.023958333333333335,7
13,458,471,35.23076923076923,478
166,274,440,1.6506024096385543,287
21,19,40,0.9047619047619048,3
15,84,99,5.6,81
8,374,382,46.75,394
278,110,388,0.39568345323741005,108
957,22,979,0.022988505747126436,6
54,365,419,6.7592592592592595,383
77,390,467,5.064935064935065,412
17,332,349,19.529411764705884,343
66,560,626,8.484848484848484,580
180,229,409,1.2722222222222221,238
85,896,981,10.541176470588235,639
42,195,237,4.642857142857143,201
10,283,293,28.3,293
8,176,184,22.0,178
124,880,1004,7.096774193548387,886
4,100,104,25.0,94
11,181,192,16.454545454545453,183
2326,5,2331,0.0021496130696474634,1
39,546,585,14.0,569
27,24,51,0.8888888888888888,13
9,432,441,48.0,453
18,72,90,4.0,63
4,485,489,121.25,426
108,426,534,3.9444444444444446,447
214,31,245,0.14485981308411214,19
1804,402,2206,0.22283813747228381,425
104,216,320,2.076923076923077,225
1,10,11,10.0,1
18,748,766,41.55555555555556,753
139,460,599,3.3093525179856114,479
1897,641,2538,0.3379019504480759,653
134,660,794,4.925373134328358,673
11,238,249,21.636363636363637,246
1607,127,1734,0.07902924704418171,127
153,131,284,0.8562091503267973,129
18,360,378,20.0,381
141,318,459,2.25531914893617,331
472,27,499,0.057203389830508475,12
7,788,795,112.57142857142857,784
193,159,352,0.8238341968911918,665
11,264,275,24.0,275
11,157,168,14.272727272727273,157
58,421,479,7.258620689655173,440
11,157,168,14.272727272727273,157
1478,125,1603,0.08457374830852503,122
19,326,345,17.157894736842106,346
17,201,218,11.823529411764707,334
246,282,528,1.146341463414634,292
45,385,430,8.555555555555555,405
20,326,346,16.3,339
37,560,597,15.135135135135135,448
17,804,821,47.294117647058826,809
29,391,420,13.482758620689655,412
455,137,592,0.3010989010989011,135
394,270,664,0.6852791878172588,281
19,381,400,20.05263157894737,336
2,10,12,5.0,1
49,852,901,17.387755102040817,853
23,284,307,12.347826086956522,300
42,42,84,1.0,31
51,321,372,6.294117647058823,337
72,85,157,1.1805555555555556,79
81,165,246,2.037037037037037,166
5,211,216,42.2,219
674,30,704,0.04451038575667656,18
1336,24,1360,0.017964071856287425,9
1604,44,1648,0.02743142144638404,31
44,497,541,11.295454545454545,513
394,199,593,0.5050761421319797,204
50,34,84,0.68,20
1072,322,1394,0.3003731343283582,338
681,193,874,0.2834067547723935,201
26,669,695,25.73076923076923,684
12,270,282,22.5,286
7,102,109,14.571428571428571,93
39,334,373,8.564102564102564,349
15,420,435,28.0,438
28,49,77,1.75,37
442,606,1048,1.3710407239819005,423
38,56,94,1.4736842105263157,48
193,490,683,2.538860103626943,511
64,480,544,7.5,504
1152,24,1176,0.020833333333333332,11
73,88,161,1.2054794520547945,79
15,265,280,17.666666666666668,278
6,37,43,6.166666666666667,21
24,595,619,24.791666666666668,611
1515,994,2509,0.6561056105610561,1006
20,184,204,9.2,188
3,79,82,26.333333333333332,70
23,735,758,31.956521739130434,736
43,606,649,14.093023255813954,622
14,269,283,19.214285714285715,280
11,255,266,23.181818181818183,264
407,624,1031,1.5331695331695332,638
96,192,288,2.0,196
49,191,240,3.8979591836734695,194
15,21,36,1.4,7
16,287,303,17.9375,300
1743,428,2171,0.2455536431440046,452
38,24,62,0.631578947368421,9
7,123,130,17.571428571428573,149
15,177,192,11.8,178
65,494,559,7.6,511
16,379,395,23.6875,401
101,972,1073,9.623762376237623,984
968,709,1677,0.7324380165289256,717
6,285,291,47.5,302
47,388,435,8.25531914893617,411
11,8,19,0.7272727272727273,1
14,284,298,20.285714285714285,296
18,72,90,4.0,63
118,664,782,5.627118644067797,677
61,409,470,6.704918032786885,431
42,197,239,4.690476190476191,198
96,418,514,4.354166666666667,329
8,362,370,45.25,381
18,343,361,19.055555555555557,359
18,302,320,16.77777777777778,318
14,368,382,26.285714285714285,396
95,261,356,2.7473684210526317,273
42,760,802,18.095238095238095,626
34,282,316,8.294117647058824,294
31,205,236,6.612903225806452,213
230,644,874,2.8,655
33,157,190,4.757575757575758,158
10,1008,1018,100.8,1006
43,270,313,6.27906976744186,281
18,276,294,15.333333333333334,288
10,326,336,32.6,341
1100,494,1594,0.4490909090909091,514
1393,84,1477,0.06030150753768844,77
11,846,857,76.9090909090909,852
42,170,212,4.0476190476190474,178
21,632,653,30.095238095238095,428
69,437,506,6.333333333333333,465
2440,34,2474,0.013934426229508197,20
162,459,621,2.8333333333333335,479
33,682,715,20.666666666666668,690
8,37,45,4.625,26
1,10,11,10.0,1
5,172,177,34.4,172
27,22,49,0.8148148148148148,8
1372,140,1512,0.10204081632653061,137
1130,423,1553,0.3743362831858407,438
58,201,259,3.4655172413793105,204
11,229,240,20.818181818181817,237
8,221,229,27.625,216
544,411,955,0.7555147058823529,427
13,297,310,22.846153846153847,298
21,38,59,1.8095238095238095,25
20,620,640,31.0,635
102,423,525,4.147058823529412,258
6,221,227,36.833333333333336,230
1122,232,1354,0.20677361853832443,297
7,433,440,61.857142857142854,183
106,354,460,3.339622641509434,374
1380,33,1413,0.02391304347826087,128
1885,568,2453,0.3013262599469496,575
319,905,1224,2.8369905956112853,500
115,398,513,3.4608695652173913,414
17,601,618,35.35294117647059,618
131,131,262,1.0,131
17,107,124,6.294117647058823,111
24,328,352,13.666666666666666,341
1402,14,1416,0.009985734664764621,1
15,268,283,17.866666666666667,291
107,70,177,0.6542056074766355,62
21,356,377,16.952380952380953,371
155,516,671,3.329032258064516,540
2267,711,2978,0.31363034847816496,721
28,72,100,2.5714285714285716,64
103,89,192,0.8640776699029126,85
27,295,322,10.925925925925926,310
120,380,500,3.1666666666666665,400
75,25,100,0.3333333333333333,46
870,318,1188,0.36551724137931035,336
263,133,396,0.5057034220532319,134
11,222,233,20.181818181818183,227
97,52,149,0.5360824742268041,39
230,877,1107,3.8130434782608695,886
46,531,577,11.543478260869565,505
98,15,113,0.15306122448979592,1
10,612,622,61.2,630
25,572,597,22.88,587
112,117,229,1.0446428571428572,115
18,760,778,42.22222222222222,763
76,319,395,4.197368421052632,459
54,256,310,4.7407407407407405,263
79,21,100,0.26582278481012656,6
645,169,814,0.262015503875969,172
3,55,58,18.333333333333332,48
8,149,157,18.625,137
42,592,634,14.095238095238095,600
754,134,888,0.17771883289124668,133
23,428,451,18.608695652173914,425
63,350,413,5.555555555555555,374
15,271,286,18.066666666666666,284
2355,881,3236,0.3740976645435244,891
26,393,419,15.115384615384615,414
71,406,477,5.71830985915493,425
15,402,417,26.8,423
73,12,85,0.1643835616438356,267
9,354,363,39.333333333333336,377
26,44,70,1.6923076923076923,34
32,160,192,5.0,210
558,156,714,0.27956989247311825,154
11,527,538,47.90909090909091,552
77,226,303,2.935064935064935,233
559,323,882,0.5778175313059034,340
13,239,252,18.384615384615383,248
42,397,439,9.452380952380953,412
1372,48,1420,0.03498542274052478,37
18,459,477,25.5,349
10,295,305,29.5,312
8,140,148,17.5,143
16,474,490,29.625,491
166,943,1109,5.680722891566265,950
1151,111,1262,0.09643788010425716,102
18,84,102,4.666666666666667,201
485,606,1091,1.2494845360824742,643
151,696,847,4.6092715231788075,708
16,81,97,5.0625,71
388,225,613,0.5798969072164949,233
152,199,351,1.3092105263157894,205
75,52,127,0.6933333333333334,41
63,432,495,6.857142857142857,454
16,607,623,37.9375,622
19,336,355,17.68421052631579,354
88,258,346,2.9318181818181817,267
155,387,542,2.496774193548387,410
1165,398,1563,0.34163090128755363,416
72,579,651,8.041666666666666,595
89,63,152,0.7078651685393258,52
21,222,243,10.571428571428571,235
5,264,269,52.8,279
13,155,168,11.923076923076923,155
146,905,1051,6.198630136986301,905
1,10,11,10.0,1
22,460,482,20.90909090909091,479
4,21,25,5.25,426
10,346,356,34.6,363
25,136,161,5.44,313
14,308,322,22.0,324
1141,575,1716,0.5039439088518843,589
210,357,567,1.7,375
2642,20,2662,0.00757002271006813,6
5,51,56,10.2,41
391,691,1082,1.7672634271099745,695
383,626,1009,1.6344647519582245,636
11,20,31,1.8181818181818181,2
40,816,856,20.4,818
19,216,235,11.368421052631579,222
438,75,513,0.17123287671232876,184
41,1028,1069,25.073170731707318,1006
3472,266,3738,0.07661290322580645,277
45,7,52,0.15555555555555556,1
26,254,280,9.76923076923077,267
106,279,385,2.6320754716981134,287
3562,111,3673,0.03116226838854576,106
60,598,658,9.966666666666667,613
301,211,512,0.7009966777408638,220
101,54,155,0.5346534653465347,43
137,103,240,0.7518248175182481,98
11,467,478,42.45454545454545,316
213,11,224,0.051643192488262914,1
139,568,707,4.086330935251799,585
15,153,168,10.2,150
1,320,321,320.0,435
6,514,520,85.66666666666667,535
69,340,409,4.927536231884058,359
103,28,131,0.27184466019417475,12
17,476,493,28.0,497
29,847,876,29.20689655172414,692
39,221,260,5.666666666666667,233
34,442,476,13.0,464
1028,260,1288,0.2529182879377432,307
303,447,750,1.4752475247524752,468
11,811,822,73.72727272727273,815
165,441,606,2.672727272727273,459
24,256,280,10.666666666666666,264
31,444,475,14.32258064516129,466
25,436,461,17.44,457
34,12,46,0.35294117647058826,1
17,297,314,17.470588235294116,274
143,467,610,3.265734265734266,534
258,389,647,1.5077519379844961,410
519,465,984,0.8959537572254336,485
130,418,548,3.2153846153846155,436
67,366,433,5.462686567164179,387
1648,146,1794,0.08859223300970874,147
13,46,59,3.5384615384615383,34
56,412,468,7.357142857142857,433
31,82,113,2.6451612903225805,77
73,399,472,5.465753424657534,417
11,589,600,53.54545454545455,604
62,809,871,13.048387096774194,814
14,292,306,20.857142857142858,307
17,354,371,20.823529411764707,373
76,485,561,6.381578947368421,502
651,773,1424,1.1874039938556067,783
1194,307,1501,0.25711892797319935,338
31,395,426,12.741935483870968,414
92,155,247,1.684782608695652,155
8,255,263,31.875,264
181,896,1077,4.9502762430939224,888
11,855,866,77.72727272727273,862
16,281,297,17.5625,290
8,437,445,54.625,455
113,422,535,3.734513274336283,487
237,660,897,2.7848101265822787,697
29,379,408,13.068965517241379,403
3,36,39,12.0,25
27,574,601,21.25925925925926,592
109,366,475,3.3577981651376145,385
14,413,427,29.5,438
8,342,350,42.75,362
166,89,255,0.536144578313253,81
13,311,324,23.923076923076923,247
269,111,380,0.41263940520446096,109
3,310,313,103.33333333333333,333
210,644,854,3.066666666666667,658
41,426,467,10.390243902439025,446
7,238,245,34.0,252
17,666,683,39.1764705882353,685
25,395,420,15.8,418
18,700,718,38.888888888888886,712
246,675,921,2.7439024390243905,685
194,139,333,0.7164948453608248,136
5,412,417,82.4,446
9,178,187,19.77777777777778,183
2423,134,2557,0.05530334296326868,132
24,733,757,30.541666666666668,744
10,167,177,16.7,167
38,45,83,1.1842105263157894,32
51,65,116,1.2745098039215685,58
12,287,299,23.916666666666668,298
56,308,364,5.5,319
23,378,401,16.434782608695652,438
30,301,331,10.033333333333333,462
473,368,841,0.7780126849894292,188
1,963,964,963.0,986
1,10,11,10.0,1
53,173,226,3.2641509433962264,177
9,234,243,26.0,239
8,289,297,36.125,304
4,36,40,9.0,23
17,234,251,13.764705882352942,243
15,924,939,61.6,940
8,48,56,6.0,39
12,344,356,28.666666666666668,359
31,271,302,8.741935483870968,283
19,178,197,9.368421052631579,180
16,263,279,16.4375,273
9,159,168,17.666666666666668,160
22,856,878,38.90909090909091,866
38,626,664,16.473684210526315,639
230,373,603,1.6217391304347826,623
186,388,574,2.086021505376344,409
622,381,1003,0.612540192926045,400
973,222,1195,0.22816032887975335,228
292,108,400,0.3698630136986301,102
53,146,199,2.7547169811320753,143
72,134,206,1.8611111111111112,133
19,144,163,7.578947368421052,144
90,204,294,2.2666666666666666,206
17,77,94,4.529411764705882,207
21,21,42,1.0,5
22,441,463,20.045454545454547,462
67,28,95,0.417910447761194,15
46,718,764,15.608695652173912,729
316,401,717,1.268987341772152,421
1253,879,2132,0.7015163607342378,885
39,576,615,14.76923076923077,593
437,686,1123,1.5697940503432495,702
21,828,849,39.42857142857143,846
727,91,818,0.12517193947730398,86
13,510,523,39.23076923076923,532
27,169,196,6.2592592592592595,176
49,420,469,8.571428571428571,443
66,358,424,5.424242424242424,373
757,259,1016,0.34214002642007924,269
83,37,120,0.4457831325301205,24
18,147,165,8.166666666666666,150
21,84,105,4.0,78
24,532,556,22.166666666666668,552
116,338,454,2.913793103448276,357
23,178,201,7.739130434782608,182
102,10,112,0.09803921568627451,1
259,5,264,0.019305019305019305,109
26,482,508,18.53846153846154,501
71,692,763,9.746478873239436,702
277,824,1101,2.9747292418772564,819
63,177,240,2.8095238095238093,179
19,183,202,9.631578947368421,187
1,10,11,10.0,1
15,339,354,22.6,359
8,253,261,31.625,266
31,345,376,11.129032258064516,363
10,295,305,29.5,309
5,199,204,39.8,209
73,479,552,6.561643835616438,505
41,46,87,1.1219512195121952,26
17,514,531,30.235294117647058,533
34,751,785,22.08823529411765,747
1810,816,2626,0.450828729281768,820
101,54,155,0.5346534653465347,43
100,571,671,5.71,600
25,1267,1292,50.68,1006
107,108,215,1.0093457943925233,89
127,307,434,2.4173228346456694,356
55,148,203,2.690909090909091,150
37,620,657,16.756756756756758,643
199,539,738,2.708542713567839,555
6,426,432,71.0,447
760,365,1125,0.48026315789473684,198
8,235,243,29.375,238
20,240,260,12.0,251
1,10,11,10.0,1
20,386,406,19.3,404
13,196,209,15.076923076923077,198
67,38,105,0.5671641791044776,21
47,295,342,6.276595744680851,312
128,38,166,0.296875,27
9,226,235,25.11111111111111,236
25,337,362,13.48,352
26,766,792,29.46153846153846,771
54,44,98,0.8148148148148148,32
105,305,410,2.9047619047619047,211
593,418,1011,0.7048903878583473,441
1250,112,1362,0.0896,354
52,21,73,0.40384615384615385,31
1957,254,2211,0.12979049565661727,294
18,159,177,8.833333333333334,161
39,47,86,1.205128205128205,35
37,680,717,18.37837837837838,690
1171,95,1266,0.08112724167378309,153
2987,1019,4006,0.3411449614998326,1006
1465,4,1469,0.0027303754266211604,1
7,354,361,50.57142857142857,373
407,709,1116,1.742014742014742,707
9,24,33,2.6666666666666665,6
13,293,306,22.53846153846154,527
8,269,277,33.625,279
8,20,28,2.5,2
8,341,349,42.625,359
87,318,405,3.6551724137931036,326
12,114,126,9.5,104
7,100,107,14.285714285714286,96
838,940,1778,1.1217183770883055,951
8,24,32,3.0,6
53,19,72,0.3584905660377358,1
54,276,330,5.111111111111111,287
85,372,457,4.376470588235295,391
1003,263,1266,0.2622133599202393,274
13,243,256,18.692307692307693,250
26,299,325,11.5,312
30,268,298,8.933333333333334,278
10,273,283,27.3,329
8,124,132,15.5,123
183,7,190,0.03825136612021858,1
17,826,843,48.588235294117645,851
74,1011,1085,13.662162162162161,1006
9,317,326,35.22222222222222,329
292,100,392,0.3424657534246575,92
8,417,425,52.125,439
52,640,692,12.307692307692308,482
189,134,323,0.708994708994709,134
265,164,429,0.6188679245283019,167
3783,210,3993,0.05551149881046788,220
633,279,912,0.44075829383886256,744
169,765,934,4.5266272189349115,775
17,420,437,24.705882352941178,453
2,39,41,19.5,392
82,529,611,6.451219512195122,549
21,321,342,15.285714285714286,333
7,116,123,16.571428571428573,116
17,144,161,8.470588235294118,25
23,682,705,29.652173913043477,691
28,240,268,8.571428571428571,256
24,269,293,11.208333333333334,390
192,215,407,1.1197916666666667,226
219,753,972,3.4383561643835616,436
17,483,500,28.41176470588235,503
2087,22,2109,0.010541447053186392,6
850,1201,2051,1.4129411764705881,1006
14,333,347,23.785714285714285,331
141,901,1042,6.390070921985815,517
24,261,285,10.875,272
1606,602,2208,0.37484433374844334,220
86,148,234,1.7209302325581395,588
26,543,569,20.884615384615383,414
14,251,265,17.928571428571427,260
168,446,614,2.6547619047619047,462
147,559,706,3.802721088435374,576
51,119,170,2.3333333333333335,99
8,422,430,52.75,444
1408,237,1645,0.16832386363636365,247
20,29,49,1.45,14
29,111,140,3.8275862068965516,111
2,10,12,5.0,1
38,291,329,7.657894736842105,305
38,184,222,4.842105263157895,190
2313,56,2369,0.02421098140942499,59
72,98,170,1.3611111111111112,95
18,315,333,17.5,332
132,210,342,1.5909090909090908,378
15,87,102,5.8,80
1133,549,1682,0.48455428067078554,575
59,361,420,6.11864406779661,189
81,203,284,2.506172839506173,208
2,362,364,181.0,388
15,368,383,24.533333333333335,387
1082,664,1746,0.6136783733826248,676
706,21,727,0.029745042492917848,8
58,400,458,6.896551724137931,420
11,347,358,31.545454545454547,363
15,235,250,15.666666666666666,243
29,145,174,5.0,146
11,312,323,28.363636363636363,321
31,319,350,10.290322580645162,342
15,68,83,4.533333333333333,332
139,169,308,1.2158273381294964,174
125,584,709,4.672,599
33,348,381,10.545454545454545,362
3,319,322,106.33333333333333,334
1,116,117,116.0,110
21,147,168,7.0,151
11,347,358,31.545454545454547,363
17,320,337,18.823529411764707,337
1546,1071,2617,0.6927554980595084,1006
13,269,282,20.692307692307693,280
45,43,88,0.9555555555555556,30
32,407,439,12.71875,429
40,804,844,20.1,809
7,274,281,39.142857142857146,316
30,353,383,11.766666666666667,365
26,275,301,10.576923076923077,444
242,464,706,1.9173553719008265,485
20,294,314,14.7,308
107,272,379,2.542056074766355,285
20,108,128,5.4,104
39,234,273,6.0,231
949,140,1089,0.1475237091675448,139
18,59,77,3.2777777777777777,51
123,517,640,4.203252032520325,537
30,350,380,11.666666666666666,455
31,402,433,12.96774193548387,423
39,577,616,14.794871794871796,592
212,295,507,1.3915094339622642,303
371,210,581,0.5660377358490566,214
12,70,82,5.833333333333333,61
1635,942,2577,0.5761467889908257,949
27,287,314,10.62962962962963,303
100,421,521,4.21,442
9,184,193,20.444444444444443,230
23,394,417,17.130434782608695,415
499,9,508,0.018036072144288578,1
3298,286,3584,0.08671922377198302,299
5,212,217,42.4,224
24,205,229,8.541666666666666,493
18,372,390,20.666666666666668,393
376,408,784,1.0851063829787233,432
3083,992,4075,0.32176451508271164,1006
2359,290,2649,0.12293344637558287,304
78,244,322,3.128205128205128,254
89,72,161,0.8089887640449438,63
6,487,493,81.16666666666667,505
3,176,179,58.666666666666664,178
182,227,409,1.2472527472527473,232
94,519,613,5.5212765957446805,540
88,581,669,6.6022727272727275,602
254,222,476,0.8740157480314961,227
126,665,791,5.277777777777778,676
39,406,445,10.41025641025641,424
21,548,569,26.095238095238095,568
1321,839,2160,0.6351249053747161,850
56,497,553,8.875,516
17,537,554,31.58823529411765,561
40,228,268,5.7,234
1501,125,1626,0.0832778147901399,122
11,343,354,31.181818181818183,363
50,119,169,2.38,119
5,167,172,33.4,171
199,158,357,0.7939698492462312,197
18,393,411,21.833333333333332,411
271,106,377,0.39114391143911437,99
35,279,314,7.9714285714285715,296
8,339,347,42.375,362
894,615,1509,0.6879194630872483,626
18,285,303,15.833333333333334,299
5,396,401,79.2,421
1390,38,1428,0.027338129496402876,21
24,369,393,15.375,388
26,391,417,15.038461538461538,408
33,317,350,9.606060606060606,336
43,43,86,1.0,35
102,630,732,6.176470588235294,642
2954,239,3193,0.08090724441435342,252
136,272,408,2.0,287
137,156,293,1.1386861313868613,159
177,445,622,2.5141242937853105,722
23,236,259,10.26086956521739,206
2330,151,2481,0.0648068669527897,152
17,90,107,5.294117647058823,86
41,370,411,9.024390243902438,386
160,107,267,0.66875,101
650,1002,1652,1.5415384615384615,1006
17,217,234,12.764705882352942,224
1092,747,1839,0.6840659340659341,755
17,281,298,16.529411764705884,293
2085,259,2344,0.12422062350119904,270
101,19,120,0.18811881188118812,23
31,551,582,17.774193548387096,574
16,45,61,2.8125,36
47,184,231,3.9148936170212765,188
15,266,281,17.733333333333334,281
67,799,866,11.925373134328359,805
85,222,307,2.611764705882353,228
216,374,590,1.7314814814814814,392
14,1038,1052,74.14285714285714,1006
67,268,335,4.0,284
165,5,170,0.030303030303030304,1
14,779,793,55.642857142857146,781
22,291,313,13.227272727272727,306
85,320,405,3.764705882352941,336
18,153,171,8.5,154
17,157,174,9.235294117647058,157
14,190,204,13.571428571428571,194
19,264,283,13.894736842105264,275
13,74,87,5.6923076923076925,29
2568,124,2692,0.048286604361370715,119
11,146,157,13.272727272727273,147
214,166,380,0.7757009345794392,169
1374,386,1760,0.28093158660844253,407
2470,655,3125,0.2651821862348178,668
16,123,139,7.6875,120
180,410,590,2.2777777777777777,426
4,55,59,13.75,42
5,34,39,6.8,22
16,47,63,2.9375,36
2274,179,2453,0.07871591908531222,233
70,211,281,3.0142857142857142,216
17,334,351,19.647058823529413,349
15,163,178,10.866666666666667,165
63,56,119,0.8888888888888888,47
2553,222,2775,0.08695652173913043,229
10,534,544,53.4,555
107,70,177,0.6542056074766355,62
68,563,631,8.279411764705882,583
122,705,827,5.778688524590164,716
20,227,247,11.35,233
54,799,853,14.796296296296296,801
98,288,386,2.938775510204082,304
1527,387,1914,0.25343811394891946,385
84,67,151,0.7976190476190477,56
14,288,302,20.571428571428573,291
10,294,304,29.4,311
23,466,489,20.26086956521739,485
29,145,174,5.0,146
149,417,566,2.7986577181208054,439
587,500,1087,0.8517887563884157,518
69,984,1053,14.26086956521739,1006
3204,137,3341,0.04275905118601748,53
22,230,252,10.454545454545455,237
14,858,872,61.285714285714285,860
59,28,87,0.4745762711864407,7
781,303,1084,0.3879641485275288,322
3394,506,3900,0.14908662345315263,525
73,928,1001,12.712328767123287,933
64,362,426,5.65625,355
23,531,554,23.08695652173913,555
15,461,476,30.733333333333334,482
23,527,550,22.91304347826087,547
31,84,115,2.7096774193548385,68
21,21,42,1.0,5
40,24,64,0.6,11
115,229,344,1.991304347826087,347
22,76,98,3.4545454545454546,72
24,258,282,10.75,267
351,523,874,1.4900284900284901,518
8,141,149,17.625,144
23,693,716,30.130434782608695,704
26,359,385,13.807692307692308,378
140,884,1024,6.314285714285714,429
9,457,466,50.77777777777778,476
205,129,334,0.6292682926829268,127
712,160,872,0.2247191011235955,145
981,93,1074,0.09480122324159021,89
21,113,134,5.380952380952381,115
790,519,1309,0.6569620253164556,539
17,10,27,0.5882352941176471,1
363,77,440,0.21212121212121213,63
15,457,472,30.466666666666665,485
22,146,168,6.636363636363637,148
482,461,943,0.9564315352697096,489
5,224,229,44.8,233
25,368,393,14.72,386
735,280,1015,0.38095238095238093,442
19,343,362,18.05263157894737,359
56,226,282,4.035714285714286,237
146,365,511,2.5,386
72,388,460,5.388888888888889,409
114,317,431,2.780701754385965,165
5,19,24,3.8,3
15,592,607,39.46666666666667,613
205,82,287,0.4,74
7,94,101,13.428571428571429,89
41,51,92,1.2439024390243902,37
134,658,792,4.91044776119403,672
114,860,974,7.543859649122807,887
20,186,206,9.3,189
286,3,289,0.01048951048951049,1
286,380,666,1.3286713286713288,412
1246,881,2127,0.7070626003210273,759
6,15,21,2.5,1
19,303,322,15.947368421052632,318
13,470,483,36.15384615384615,488
504,398,902,0.7896825396825397,420
19,371,390,19.526315789473685,390
30,237,267,7.9,247
8,747,755,93.375,747
20,364,384,18.2,382
24,523,547,21.791666666666668,542
19,64,83,3.3684210526315788,56
15,67,82,4.466666666666667,60
11,131,142,11.909090909090908,131
22,136,158,6.181818181818182,135
4,581,585,145.25,601
20,282,302,14.1,300
184,140,324,0.7608695652173914,138
8,109,117,13.625,104
81,411,492,5.074074074074074,431
30,66,96,2.2,58
11,252,263,22.90909090909091,262
11,11,22,1.0,1
56,591,647,10.553571428571429,608
54,34,88,0.6296296296296297,21
267,800,1067,2.9962546816479403,803
65,494,559,7.6,511
6,217,223,36.166666666666664,223
1224,240,1464,0.19607843137254902,249
117,145,262,1.2393162393162394,145
12,208,220,17.333333333333332,215
32,128,160,4.0,126
35,412,447,11.771428571428572,432
19,289,308,15.210526315789474,302
361,7,368,0.019390581717451522,1
8,51,59,6.375,46
508,306,814,0.6023622047244095,320
126,868,994,6.888888888888889,872
28,84,112,3.0,78
385,367,752,0.9532467532467532,306
18,238,256,13.222222222222221,246
12,438,450,36.5,605
13,535,548,41.15384615384615,555
114,245,359,2.1491228070175437,252
29,408,437,14.068965517241379,428
9,282,291,31.333333333333332,297
11,69,80,6.2727272727272725,62
21,716,737,34.095238095238095,728
52,255,307,4.903846153846154,262
82,73,155,0.8902439024390244,63
13,288,301,22.153846153846153,293
23,433,456,18.82608695652174,453
25,477,502,19.08,499
6,78,84,13.0,72
8,641,649,80.125,334
32,388,420,12.125,409
81,203,284,2.506172839506173,208
18,14,32,0.7777777777777778,1
1207,269,1476,0.22286661143330572,282
2100,562,2662,0.26761904761904765,579
294,7,301,0.023809523809523808,1
13,76,89,5.846153846153846,67
1376,40,1416,0.029069767441860465,29
2551,199,2750,0.07800862406899255,204
33,30,63,0.9090909090909091,16
12,231,243,19.25,239
106,212,318,2.0,221
90,405,495,4.5,423
105,305,410,2.9047619047619047,211
122,400,522,3.278688524590164,417
56,710,766,12.678571428571429,725
16,115,131,7.1875,113
17,330,347,19.41176470588235,661
40,478,518,11.95,497
295,24,319,0.08135593220338982,6
1605,474,2079,0.2953271028037383,495
26,651,677,25.03846153846154,258
15,16,31,1.0666666666666667,29
12,126,138,10.5,123
1044,1017,2061,0.9741379310344828,1006
18,150,168,8.333333333333334,153
58,246,304,4.241379310344827,256
11,445,456,40.45454545454545,469
203,320,523,1.5763546798029557,232
29,135,164,4.655172413793103,274
17,107,124,6.294117647058823,111
90,64,154,0.7111111111111111,54
970,888,1858,0.9154639175257732,893
369,585,954,1.5853658536585367,604
31,541,572,17.451612903225808,563
8,172,180,21.5,174
19,520,539,27.36842105263158,492
4,55,59,13.75,43
10,293,303,29.3,311
1546,123,1669,0.0795601552393273,117
53,139,192,2.6226415094339623,139
21,314,335,14.952380952380953,390
2141,34,2175,0.015880429705744978,23
53,521,574,9.830188679245284,542
899,32,931,0.035595105672969966,20
14,102,116,7.285714285714286,97
1,416,417,416.0,435
19,248,267,13.052631578947368,255
630,768,1398,1.2190476190476192,771
158,264,422,1.6708860759493671,275
13,308,321,23.692307692307693,329
46,364,410,7.913043478260869,387
6,64,70,10.666666666666666,51
7,130,137,18.571428571428573,149
21,356,377,16.952380952380953,371
114,404,518,3.543859649122807,324
1106,791,1897,0.7151898734177216,789
18,803,821,44.611111111111114,811
110,681,791,6.1909090909090905,698
1,22,23,22.0,6
43,324,367,7.534883720930233,338
16,233,249,14.5625,246
14,273,287,19.5,344
19,518,537,27.263157894736842,542
112,544,656,4.857142857142857,573
321,153,474,0.4766355140186916,153
52,273,325,5.25,288
68,690,758,10.147058823529411,705
11,369,380,33.54545454545455,394
8,291,299,36.375,306
339,130,469,0.3834808259587021,126
120,310,430,2.5833333333333335,284
261,110,371,0.421455938697318,114
61,462,523,7.573770491803279,481
1,10,11,10.0,1
61,611,672,10.01639344262295,172
38,932,970,24.526315789473685,949
27,53,80,1.962962962962963,39
14,438,452,31.285714285714285,459
40,866,906,21.65,874
28,682,710,24.357142857142858,692
19,486,505,25.57894736842105,505
26,514,540,19.76923076923077,528
296,689,985,2.3277027027027026,693
49,298,347,6.081632653061225,365
7,173,180,24.714285714285715,262
510,850,1360,1.6666666666666667,393
9,130,139,14.444444444444445,127
495,138,633,0.2787878787878788,136
1109,199,1308,0.17944093778178538,205
176,100,276,0.5681818181818182,97
2572,376,2948,0.14618973561430793,397
770,378,1148,0.4909090909090909,399
258,401,659,1.554263565891473,423
39,421,460,10.794871794871796,443
19,456,475,24.0,477
304,296,600,0.9736842105263158,308
27,339,366,12.555555555555555,358
6,23,29,3.8333333333333335,3
24,265,289,11.041666666666666,275
11,300,311,27.272727272727273,111
22,354,376,16.09090909090909,371
11,434,445,39.45454545454545,415
18,446,464,24.77777777777778,468
69,227,296,3.289855072463768,229
6,261,267,43.5,268
866,803,1669,0.9272517321016166,836
119,1004,1123,8.436974789915967,1006
120,125,245,1.0416666666666667,120
6,161,167,26.833333333333332,161
364,360,724,0.989010989010989,379
12,227,239,18.916666666666668,235
309,373,682,1.2071197411003236,392
1,10,11,10.0,1
43,61,104,1.4186046511627908,48
16,372,388,23.25,359
9,333,342,37.0,345
2,10,12,5.0,1
24,252,276,10.5,261
33,493,526,14.93939393939394,513
12,119,131,9.916666666666666,120
12,332,344,27.666666666666668,354
129,264,393,2.046511627906977,273
1197,1018,2215,0.8504594820384294,1006
19,262,281,13.789473684210526,273
12,887,899,73.91666666666667,907
3,10,13,3.3333333333333335,1
33,771,804,23.363636363636363,776
8,4,12,0.5,1
46,456,502,9.91304347826087,482
12,722,734,60.166666666666664,736
46,318,364,6.913043478260869,334
23,233,256,10.130434782608695,238
14,276,290,19.714285714285715,294
10,306,316,30.6,320
13,322,335,24.76923076923077,335
617,204,821,0.33063209076175043,202
387,312,699,0.8062015503875969,328
185,497,682,2.6864864864864866,442
35,266,301,7.6,278
2,101,103,50.5,96
19,175,194,9.210526315789474,179
2029,296,2325,0.14588467225234106,311
166,508,674,3.0602409638554215,530
18,307,325,17.055555555555557,324
5,91,96,18.2,84
170,237,407,1.3941176470588235,274
33,452,485,13.696969696969697,472
34,357,391,10.5,383
6,160,166,26.666666666666668,159
1115,1043,2158,0.9354260089686098,1006
190,292,482,1.5368421052631578,300
5,716,721,143.2,724
38,458,496,12.052631578947368,428
9,102,111,11.333333333333334,96
25,301,326,12.04,315
26,492,518,18.923076923076923,511
68,254,322,3.735294117647059,266
1,10,11,10.0,1
21,359,380,17.095238095238095,378
13,237,250,18.23076923076923,248
145,298,443,2.0551724137931036,313
586,353,939,0.6023890784982935,377
1,10,11,10.0,1
18,263,281,14.61111111111111,278
1406,31,1437,0.022048364153627313,19
49,558,607,11.387755102040817,582
11,82,93,7.454545454545454,74
36,351,387,9.75,373
7,130,137,18.571428571428573,131
28,314,342,11.214285714285714,331
60,87,147,1.45,82
5,58,63,11.6,50
30,280,310,9.333333333333334,268
35,286,321,8.17142857142857,296
5,56,61,11.2,43
30,119,149,3.966666666666667,115
7,166,173,23.714285714285715,169
42,821,863,19.547619047619047,825
186,619,805,3.327956989247312,634
9,88,97,9.777777777777779,79
12,412,424,34.333333333333336,432
15,123,138,8.2,125
34,298,332,8.764705882352942,312
17,601,618,35.35294117647059,618
113,184,297,1.6283185840707965,191
182,232,414,1.2747252747252746,243
29,11,40,0.3793103448275862,1
79,663,742,8.39240506329114,679
45,385,430,8.555555555555555,405
94,170,264,1.8085106382978724,172
71,68,139,0.9577464788732394,59
10,332,342,33.2,357
17,34,51,2.0,20
36,255,291,7.083333333333333,267
43,339,382,7.883720930232558,360
420,377,797,0.8976190476190476,394
319,287,606,0.8996865203761756,298
20,418,438,20.9,440
276,56,332,0.2028985507246377,48
11,86,97,7.818181818181818,78
14,48,62,3.4285714285714284,36
69,229,298,3.318840579710145,234
21,338,359,16.095238095238095,360
11,768,779,69.81818181818181,768
99,677,776,6.838383838383838,691
66,157,223,2.378787878787879,158
8,70,78,8.75,65
97,928,1025,9.56701030927835,931
6,411,417,68.5,435
726,34,760,0.046831955922865015,82
9,122,131,13.555555555555555,122
311,621,932,1.9967845659163987,636
21,343,364,16.333333333333332,357
42,230,272,5.476190476190476,238
9,258,267,28.666666666666668,270
2615,226,2841,0.0864244741873805,233
1276,155,1431,0.12147335423197492,156
9,101,110,11.222222222222221,96
25,45,70,1.8,34
7,242,249,34.57142857142857,251
2245,209,2454,0.0930957683741648,214
28,660,688,23.571428571428573,373
796,66,862,0.0829145728643216,23
68,97,165,1.4264705882352942,92
25,214,239,8.56,244
46,478,524,10.391304347826088,495
26,330,356,12.692307692307692,349
70,445,515,6.357142857142857,460
3204,32,3236,0.009987515605493134,53
13,23,36,1.7692307692307692,497
18,837,855,46.5,849
20,67,87,3.35,59
6,450,456,75.0,472
80,856,936,10.7,862
581,808,1389,1.3907056798623063,812
37,260,297,7.027027027027027,261
442,741,1183,1.6764705882352942,745
11,288,299,26.181818181818183,251
63,35,98,0.5555555555555556,22
319,293,612,0.9184952978056427,305
136,245,381,1.8014705882352942,255
11,291,302,26.454545454545453,305
1,57,58,57.0,1
6,274,280,45.666666666666664,285
82,44,126,0.5365853658536586,33
343,566,909,1.6501457725947521,585
13,158,171,12.153846153846153,156
25,73,98,2.92,61
24,68,92,2.8333333333333335,62
18,284,302,15.777777777777779,298
241,91,332,0.3775933609958506,86
1552,389,1941,0.2506443298969072,413
18,96,114,5.333333333333333,92
36,255,291,7.083333333333333,267
20,427,447,21.35,449
1452,359,1811,0.24724517906336088,335
1635,627,2262,0.3834862385321101,642
114,953,1067,8.359649122807017,968
150,121,271,0.8066666666666666,119
23,393,416,17.08695652173913,414
17,585,602,34.411764705882355,603
17,62,79,3.6470588235294117,52
37,756,793,20.43243243243243,808
45,409,454,9.088888888888889,547
17,296,313,17.41176470588235,313
16,457,473,28.5625,481
11,97,108,8.818181818181818,94
27,454,481,16.814814814814813,474
18,391,409,21.72222222222222,409
61,166,227,2.721311475409836,171
13,195,208,15.0,192
1116,485,1601,0.4345878136200717,506
49,74,123,1.510204081632653,67
8,322,330,40.25,337
16,253,269,15.8125,263
57,41,98,0.7192982456140351,26
1073,736,1809,0.6859273066169618,743
44,411,455,9.340909090909092,431
27,407,434,15.074074074074074,433
90,687,777,7.633333333333334,701
167,171,338,1.0239520958083832,173
1392,146,1538,0.10488505747126436,144
414,663,1077,1.6014492753623188,677
215,125,340,0.5813953488372093,123
6,430,436,71.66666666666667,442
30,34,64,1.1333333333333333,22
26,332,358,12.76923076923077,351
14,306,320,21.857142857142858,323
8,124,132,15.5,123
6,206,212,34.333333333333336,211
13,124,137,9.538461538461538,123
9,130,139,14.444444444444445,130
28,743,771,26.535714285714285,742
11,342,353,31.09090909090909,364
2553,207,2760,0.08108108108108109,221
131,806,937,6.152671755725191,807
8,374,382,46.75,394
40,433,473,10.825,455
12,362,374,30.166666666666668,380
438,771,1209,1.7602739726027397,775
283,37,320,0.13074204946996468,26
28,193,221,6.892857142857143,199
39,358,397,9.179487179487179,372
34,21,55,0.6176470588235294,5
2083,44,2127,0.02112337974075852,18
1016,436,1452,0.42913385826771655,461
132,211,343,1.5984848484848484,218
16,156,172,9.75,161
102,858,960,8.411764705882353,867
17,371,388,21.823529411764707,391
16,267,283,16.6875,277
2,10,12,5.0,1
18,266,284,14.777777777777779,280
38,225,263,5.921052631578948,236
22,407,429,18.5,425
26,381,407,14.653846153846153,401
575,7,582,0.01217391304347826,1
791,47,838,0.05941845764854614,32
1052,555,1607,0.5275665399239544,577
733,578,1311,0.7885402455661664,597
7,32,39,4.571428571428571,19
16,658,674,41.125,676
232,382,614,1.646551724137931,400
12,235,247,19.583333333333332,244
430,430,860,1.0,453
14,290,304,20.714285714285715,303
26,158,184,6.076923076923077,158
20,29,49,1.45,11
833,37,870,0.04441776710684274,36
16,188,204,11.75,195
36,316,352,8.777777777777779,334
9,585,594,65.0,266
20,442,462,22.1,381
281,260,541,0.9252669039145908,268
99,30,129,0.30303030303030304,17
77,778,855,10.103896103896103,780
11,612,623,55.63636363636363,630
5,214,219,42.8,364
614,119,733,0.19381107491856678,135
42,459,501,10.928571428571429,481
40,30,70,0.75,17
16,816,832,51.0,826
11,132,143,12.0,132
48,452,500,9.416666666666666,472
82,193,275,2.3536585365853657,198
11,146,157,13.272727272727273,147
13,269,282,20.692307692307693,280
7,280,287,40.0,232
14,357,371,25.5,378
75,27,102,0.36,13
7,34,41,4.857142857142857,149
7,265,272,37.857142857142854,279
67,765,832,11.417910447761194,769
50,61,111,1.22,56
7,138,145,19.714285714285715,141
52,59,111,1.1346153846153846,50
59,761,820,12.898305084745763,434
135,417,552,3.088888888888889,432
420,80,500,0.19047619047619047,74
9,31,40,3.4444444444444446,19
43,337,380,7.837209302325581,355
1045,588,1633,0.5626794258373206,605
133,69,202,0.518796992481203,57
16,338,354,21.125,356
32,742,774,23.1875,747
13,301,314,23.153846153846153,319
22,210,232,9.545454545454545,213
5,102,107,20.4,99
463,720,1183,1.5550755939524838,727
22,354,376,16.09090909090909,371
87,4,91,0.04597701149425287,1
1,10,11,10.0,7
30,656,686,21.866666666666667,669
18,810,828,45.0,805
11,295,306,26.818181818181817,312
30,24,54,0.8,7
541,266,807,0.49168207024029575,278
6,230,236,38.333333333333336,239
12,289,301,24.083333333333332,194
294,7,301,0.023809523809523808,1
7,96,103,13.714285714285714,149
6,282,288,47.0,295
9,175,184,19.444444444444443,175
17,350,367,20.58823529411765,367
19,971,990,51.10526315789474,1006
8,216,224,27.0,223
47,337,384,7.170212765957447,356
23,394,417,17.130434782608695,407
81,203,284,2.506172839506173,208
77,508,585,6.597402597402597,527
22,280,302,12.727272727272727,293
61,119,180,1.9508196721311475,119
43,207,250,4.813953488372093,210
65,103,168,1.5846153846153845,98
39,335,374,8.58974358974359,353
42,553,595,13.166666666666666,575
131,464,595,3.5419847328244276,486
67,311,378,4.641791044776119,325
51,582,633,11.411764705882353,597
31,70,101,2.2580645161290325,60
28,283,311,10.107142857142858,294
321,403,724,1.2554517133956387,420
10,334,344,33.4,350
35,409,444,11.685714285714285,427
1157,378,1535,0.3267070008643042,396
21,674,695,32.095238095238095,689
76,297,373,3.9078947368421053,80
11,212,223,19.272727272727273,217
126,73,199,0.5793650793650794,63
1,11,12,11.0,1
13,314,327,24.153846153846153,334
90,141,231,1.5666666666666667,125
21,103,124,4.904761904761905,99
37,495,532,13.378378378378379,300
6,217,223,36.166666666666664,223
567,312,879,0.5502645502645502,323
19,280,299,14.736842105263158,173
28,33,61,1.1785714285714286,376
110,150,260,1.3636363636363635,150
52,33,85,0.6346153846153846,44
79,416,495,5.265822784810126,435
82,10,92,0.12195121951219512,1
8,4,12,0.5,1
3164,355,3519,0.11219974715549937,377
2,36,38,18.0,24
16,54,70,3.375,45
33,238,271,7.212121212121212,269
886,344,1230,0.38826185101580135,359
140,482,622,3.442857142857143,499
12,401,413,33.416666666666664,421
11,91,102,8.272727272727273,82
1279,729,2008,0.5699765441751369,734
33,42,75,1.2727272727272727,31
12,282,294,23.5,294
2362,780,3142,0.3302286198137172,780
22,467,489,21.227272727272727,486
307,118,425,0.38436482084690554,95
9,321,330,35.666666666666664,337
7,24,31,3.4285714285714284,9
20,281,301,14.05,297
22,245,267,11.136363636363637,253
2,10,12,5.0,24
8,196,204,24.5,199
14,96,110,6.857142857142857,142
10,254,264,25.4,267
12,126,138,10.5,125
3015,28,3043,0.009286898839137645,14
286,232,518,0.8111888111888111,244
60,121,181,2.0166666666666666,121
16,290,306,18.125,304
7,274,281,39.142857142857146,149
55,51,106,0.9272727272727272,39
37,486,523,13.135135135135135,504
66,141,207,2.1363636363636362,138
10,697,707,69.7,709
1283,28,1311,0.021823850350740453,13
1198,419,1617,0.34974958263772954,440
22,1023,1045,46.5,1006
281,181,462,0.6441281138790036,182
924,272,1196,0.2943722943722944,286
31,424,455,13.67741935483871,258
1312,499,1811,0.3803353658536585,519
3,10,13,3.3333333333333335,1
10,288,298,28.8,301
155,387,542,2.496774193548387,410
1,10,11,10.0,1
1450,923,2373,0.636551724137931,934
19,64,83,3.3684210526315788,56
2597,386,2983,0.14863303812090875,408
13,453,466,34.84615384615385,474
1497,50,1547,0.033400133600534405,37
1306,769,2075,0.5888208269525268,773
49,271,320,5.530612244897959,284
421,7,428,0.0166270783847981,1
26,17,43,0.6538461538461539,2
20,478,498,23.9,379
45,578,623,12.844444444444445,593
13,269,282,20.692307692307693,280
1706,178,1884,0.10433763188745604,184
17,576,593,33.88235294117647,595
72,311,383,4.319444444444445,330
296,371,667,1.2533783783783783,389
25,572,597,22.88,587
708,251,959,0.3545197740112994,260
12,93,105,7.75,86
447,504,951,1.1275167785234899,522
34,399,433,11.735294117647058,421
23,133,156,5.782608695652174,134
75,332,407,4.426666666666667,345
79,141,220,1.7848101265822784,141
8,85,93,10.625,74
328,34,362,0.10365853658536585,16
54,411,465,7.611111111111111,371
14,144,158,10.285714285714286,145
1205,420,1625,0.34854771784232363,437
775,221,996,0.28516129032258064,232
157,51,208,0.3248407643312102,42
3389,97,3486,0.028622012393036293,394
226,207,433,0.915929203539823,211
40,391,431,9.775,408
37,3,40,0.08108108108108109,1
3,350,353,116.66666666666667,326
11,271,282,24.636363636363637,289
106,116,222,1.0943396226415094,114
176,169,345,0.9602272727272727,173
20,341,361,17.05,358
21,367,388,17.476190476190474,396
11,509,520,46.27272727272727,528
37,527,564,14.243243243243244,545
80,536,616,6.7,555
15,105,120,7.0,102
26,37,63,1.4230769230769231,23
55,137,192,2.4909090909090907,136
28,403,431,14.392857142857142,423
15,203,218,13.533333333333333,210
110,522,632,4.745454545454545,541
14,771,785,55.07142857142857,773
98,892,990,9.10204081632653,898
17,24,41,1.411764705882353,9
36,690,726,19.166666666666668,701
31,224,255,7.225806451612903,232
3,385,388,128.33333333333334,410
474,179,653,0.37763713080168776,181
14,676,690,48.285714285714285,690
24,529,553,22.041666666666668,551
1073,736,1809,0.6859273066169618,743
48,417,465,8.6875,438
76,111,187,1.4605263157894737,109
14,211,225,15.071428571428571,215
301,390,691,1.2956810631229236,411
130,29,159,0.2230769230769231,15
28,393,421,14.035714285714286,415
48,597,645,12.4375,612
1138,1086,2224,0.9543057996485061,554
15,138,153,9.2,139
15,108,123,7.2,105
11,589,600,53.54545454545455,378
7,34,41,4.857142857142857,22
224,490,714,2.1875,508
25,10,35,0.4,1
1743,78,1821,0.04475043029259897,52
1,10,11,10.0,1
12,189,201,15.75,192
128,844,972,6.59375,854
5,108,113,21.6,105
20,198,218,9.9,205
412,85,497,0.20631067961165048,208
12,416,428,34.666666666666664,440
331,136,467,0.4108761329305136,135
9,101,110,11.222222222222221,94
205,82,287,0.4,75
7,319,326,45.57142857142857,335
18,172,190,9.555555555555555,180
9,303,312,33.666666666666664,319
20,141,161,7.05,140
28,206,234,7.357142857142857,211
75,372,447,4.96,398
1934,654,2588,0.33815925542916236,667
8,321,329,40.125,335
130,95,225,0.7307692307692307,91
27,755,782,27.962962962962962,764
56,559,615,9.982142857142858,577
13,391,404,30.076923076923077,413
31,391,422,12.612903225806452,410
14,496,510,35.42857142857143,516
9,42,51,4.666666666666667,32
24,305,329,12.708333333333334,321
20,167,187,8.35,170
1,10,11,10.0,1
863,42,905,0.04866743916570104,30
1334,470,1804,0.3523238380809595,487
203,940,1143,4.630541871921182,956
15,271,286,18.066666666666666,284
98,48,146,0.4897959183673469,36
24,148,172,6.166666666666667,348
19,103,122,5.421052631578948,99
42,693,735,16.5,707
99,169,268,1.707070707070707,172
17,635,652,37.35294117647059,647
78,244,322,3.128205128205128,254
506,173,679,0.34189723320158105,175
14,428,442,30.571428571428573,450
40,198,238,4.95,202
35,137,172,3.914285714285714,134
14,48,62,3.4285714285714284,36
71,406,477,5.71830985915493,425
36,104,140,2.888888888888889,101
64,213,277,3.328125,220
32,919,951,28.71875,920
1,10,11,10.0,1
8,135,143,16.875,135
39,77,116,1.9743589743589745,66
183,771,954,4.213114754098361,776
1922,45,1967,0.023413111342351717,36
10,486,496,48.6,510
1355,41,1396,0.03025830258302583,28
601,863,1464,1.4359400998336107,533
39,80,119,2.051282051282051,101
101,107,208,1.0594059405940595,104
14,359,373,25.642857142857142,374
11,105,116,9.545454545454545,98
489,822,1311,1.6809815950920246,491
18,101,119,5.611111111111111,97
125,30,155,0.24,20
9,8,17,0.8888888888888888,1
6,761,767,126.83333333333333,763
26,444,470,17.076923076923077,465
136,315,451,2.3161764705882355,333
543,773,1316,1.423572744014733,779
462,602,1064,1.303030303030303,619
23,527,550,22.91304347826087,547
350,604,954,1.7257142857142858,622
27,1000,1027,37.03703703703704,1006
4,160,164,40.0,164
785,72,857,0.09171974522292993,62
258,102,360,0.3953488372093023,100
593,189,782,0.31871838111298484,191
3,9,12,3.0,1
6,14,20,2.3333333333333335,477
41,434,475,10.585365853658537,458
12,384,396,32.0,413
15,320,335,21.333333333333332,338
599,3,602,0.005008347245409015,147
374,223,597,0.5962566844919787,233
7,109,116,15.571428571428571,108
1231,248,1479,0.20146222583265638,259
90,482,572,5.355555555555555,504
13,86,99,6.615384615384615,73
336,298,634,0.8869047619047619,311
56,249,305,4.446428571428571,255
18,689,707,38.27777777777778,699
296,571,867,1.929054054054054,590
16,253,269,15.8125,260
289,322,611,1.1141868512110726,135
23,494,517,21.47826086956522,520
1007,1075,2082,1.067527308838133,1006
13,95,108,7.3076923076923075,89
385,514,899,1.335064935064935,537
30,28,58,0.9333333333333333,14
60,346,406,5.766666666666667,363
34,245,279,7.205882352941177,258
30,879,909,29.3,892
161,749,910,4.6521739130434785,751
21,374,395,17.80952380952381,399
24,240,264,10.0,248
17,228,245,13.411764705882353,236
31,123,154,3.967741935483871,120
1896,162,2058,0.08544303797468354,168
3030,206,3236,0.06798679867986798,595
6,228,234,38.0,234
19,240,259,12.631578947368421,246
7,161,168,23.0,161
95,71,166,0.7473684210526316,63
21,356,377,16.952380952380953,375
15,264,279,17.6,278
8,110,118,13.75,108
36,277,313,7.694444444444445,292
185,195,380,1.054054054054054,199
68,690,758,10.147058823529411,705
2717,919,3636,0.3382407066617593,918
107,336,443,3.1401869158878504,383
12,229,241,19.083333333333332,235
1163,548,1711,0.471195184866724,564
39,614,653,15.743589743589743,621
385,271,656,0.7038961038961039,282
87,877,964,10.080459770114942,884
9,820,829,91.11111111111111,829
164,189,353,1.1524390243902438,191
17,473,490,27.823529411764707,489
112,333,445,2.9732142857142856,348
94,9,103,0.09574468085106383,1
40,905,945,22.625,915
45,610,655,13.555555555555555,629
1,756,757,756.0,435
151,200,351,1.3245033112582782,204
26,525,551,20.192307692307693,442
10,934,944,93.4,954
119,674,793,5.663865546218488,523
20,25,45,1.25,11
9,139,148,15.444444444444445,140
145,18,163,0.12413793103448276,36
18,115,133,6.388888888888889,115
68,191,259,2.8088235294117645,196
414,837,1251,2.0217391304347827,479
1401,805,2206,0.5745895788722342,815
40,96,136,2.4,88
6,163,169,27.166666666666668,186
16,216,232,13.5,225
29,415,444,14.310344827586206,437
157,142,299,0.9044585987261147,380
21,16,37,0.7619047619047619,1
236,272,508,1.152542372881356,280
56,225,281,4.017857142857143,128
274,295,569,1.0766423357664234,308
11,374,385,34.0,399
16,397,413,24.8125,415
1256,729,1985,0.5804140127388535,736
3848,5,3853,0.0012993762993762994,1
8,46,54,5.75,31
6,160,166,26.666666666666668,161
59,436,495,7.389830508474576,454
11,333,344,30.272727272727273,352
17,298,315,17.529411764705884,310
450,561,1011,1.2466666666666666,578
46,64,110,1.391304347826087,55
85,1028,1113,12.094117647058823,959
72,519,591,7.208333333333333,540
72,557,629,7.736111111111111,577
35,1020,1055,29.142857142857142,1006
40,550,590,13.75,568
33,300,333,9.090909090909092,320
32,418,450,13.0625,356
2400,764,3164,0.31833333333333336,768
15,211,226,14.066666666666666,220
13,391,404,30.076923076923077,413
23,148,171,6.434782608695652,148
9,196,205,21.77777777777778,198
11,167,178,15.181818181818182,172
16,246,262,15.375,99
1227,481,1708,0.3920130399348003,504
691,417,1108,0.6034732272069464,436
1,25,26,25.0,7
14,841,855,60.07142857142857,857
14,286,300,20.428571428571427,300
7,312,319,44.57142857142857,321
24,276,300,11.5,114
14,378,392,27.0,394
7,269,276,38.42857142857143,282
12,624,636,52.0,645
5,441,446,88.2,463
849,790,1639,0.9305064782096584,792
73,281,354,3.8493150684931505,293
100,259,359,2.59,273
277,452,729,1.6317689530685922,476
12,488,500,40.666666666666664,511
26,95,121,3.6538461538461537,92
14,271,285,19.357142857142858,287
77,778,855,10.103896103896103,780
9,155,164,17.22222222222222,161
16,74,90,4.625,66
13,436,449,33.53846153846154,460
8,658,666,82.25,673
40,599,639,14.975,619
1153,314,1467,0.2723330442324371,328
43,219,262,5.093023255813954,223
8,55,63,6.875,37
354,232,586,0.655367231638418,243
22,488,510,22.181818181818183,507
14,272,286,19.428571428571427,288
551,955,1506,1.7332123411978222,459
10,367,377,36.7,386
101,201,302,1.99009900990099,211
36,63,99,1.75,54
63,362,425,5.746031746031746,382
10,106,116,10.6,97
198,477,675,2.409090909090909,498
18,109,127,6.055555555555555,99
311,179,490,0.5755627009646302,187
937,7,944,0.007470651013874066,555
33,307,340,9.303030303030303,324
10,263,273,26.3,269
149,11,160,0.0738255033557047,1
10,296,306,29.6,310
27,282,309,10.444444444444445,472
1583,148,1731,0.09349336702463676,573
2488,150,2638,0.06028938906752412,151
14,731,745,52.214285714285715,657
1608,584,2192,0.36318407960199006,601
170,184,354,1.0823529411764705,190
8,206,214,25.75,212
41,960,1001,23.414634146341463,971
14,463,477,33.07142857142857,486
56,144,200,2.5714285714285716,146
3866,87,3953,0.022503879979306775,77
66,375,441,5.681818181818182,386
4,507,511,126.75,527
77,433,510,5.623376623376624,450
27,357,384,13.222222222222221,379
27,145,172,5.37037037037037,145
34,310,344,9.117647058823529,326
326,4,330,0.012269938650306749,1
9,213,222,23.666666666666668,220
1679,359,2038,0.21381774865991662,372
1,10,11,10.0,1
230,113,343,0.49130434782608695,112
28,440,468,15.714285714285714,460
2697,308,3005,0.11420096403411198,323
7,229,236,32.714285714285715,237
9,321,330,35.666666666666664,335
15,367,382,24.466666666666665,293
57,132,189,2.3157894736842106,131
124,1098,1222,8.85483870967742,1006
107,75,182,0.7009345794392523,89
29,259,288,8.931034482758621,270
340,311,651,0.9147058823529411,327
15,295,310,19.666666666666668,310
442,140,582,0.3167420814479638,137
10,458,468,45.8,481
156,541,697,3.467948717948718,558
14,48,62,3.4285714285714284,36
3,198,201,66.0,202
355,187,542,0.5267605633802817,191
25,635,660,25.4,406
11,230,241,20.90909090909091,238
7,292,299,41.714285714285715,310
1103,341,1444,0.30915684496826834,470
8,155,163,19.375,140
26,462,488,17.76923076923077,487
6,133,139,22.166666666666668,134
92,451,543,4.9021739130434785,474
2831,377,3208,0.13316849169904627,401
46,580,626,12.608695652173912,595
13,297,310,22.846153846153847,309
41,937,978,22.853658536585368,948
320,686,1006,2.14375,693
12,747,759,62.25,754
4,40,44,10.0,29
15,265,280,17.666666666666668,278
1,143,144,143.0,130
45,194,239,4.311111111111111,198
13,208,221,16.0,207
508,619,1127,1.218503937007874,632
22,499,521,22.681818181818183,515
408,143,551,0.35049019607843135,140
80,157,237,1.9625,161
21,354,375,16.857142857142858,373
240,270,510,1.125,281
38,671,709,17.657894736842106,682
34,141,175,4.147058823529412,143
12,596,608,49.666666666666664,614
811,180,991,0.2219482120838471,211
736,557,1293,0.7567934782608695,577
90,260,350,2.888888888888889,268
28,780,808,27.857142857142858,783
426,7,433,0.01643192488262911,1
7,210,217,30.0,213
27,246,273,9.11111111111111,254
294,855,1149,2.9081632653061225,867
388,225,613,0.5798969072164949,233
11,664,675,60.36363636363637,553
17,206,223,12.117647058823529,211
45,493,538,10.955555555555556,516
24,800,824,33.333333333333336,457
85,96,181,1.1294117647058823,90
46,295,341,6.413043478260869,387
372,379,751,1.0188172043010753,495
12,182,194,15.166666666666666,187
14,58,72,4.142857142857143,49
24,30,54,1.25,14
46,132,178,2.869565217391304,130
16,585,601,36.5625,606
22,445,467,20.227272727272727,463
22,688,710,31.272727272727273,703
8,407,415,50.875,425
258,55,313,0.2131782945736434,46
118,234,352,1.9830508474576272,243
1,10,11,10.0,1
6,25,31,4.166666666666667,14
6,296,302,49.333333333333336,307
346,342,688,0.9884393063583815,355
22,310,332,14.090909090909092,327
22,88,110,4.0,78
13,99,112,7.615384615384615,94
486,42,528,0.08641975308641975,30
1334,163,1497,0.12218890554722639,146
6,140,146,23.333333333333332,139
80,234,314,2.925,241
35,436,471,12.457142857142857,460
285,724,1009,2.5403508771929824,731
74,339,413,4.581081081081081,357
704,930,1634,1.3210227272727273,1006
13,590,603,45.38461538461539,608
8,229,237,28.625,238
20,286,306,14.3,300
435,47,482,0.10804597701149425,33
105,413,518,3.933333333333333,432
39,542,581,13.897435897435898,405
49,42,91,0.8571428571428571,23
23,672,695,29.217391304347824,687
374,431,805,1.1524064171122994,448
8,197,205,24.625,199
10,336,346,33.6,329
1354,45,1399,0.03323485967503693,37
284,119,403,0.41901408450704225,298
15,266,281,17.733333333333334,276
415,97,512,0.23373493975903614,92
23,279,302,12.130434782608695,300
9,999,1008,111.0,1006
34,326,360,9.588235294117647,342
40,95,135,2.375,91
125,680,805,5.44,865
6,561,567,93.5,582
384,464,848,1.2083333333333333,482
289,4,293,0.01384083044982699,1
9,67,76,7.444444444444445,58
15,301,316,20.066666666666666,317
27,442,469,16.37037037037037,460
10,313,323,31.3,328
29,10,39,0.3448275862068966,1
17,243,260,14.294117647058824,248
6,3,9,0.5,1
60,549,609,9.15,569
672,385,1057,0.5729166666666666,404
484,383,867,0.7913223140495868,404
2,53,55,26.5,43
38,426,464,11.210526315789474,448
146,399,545,2.732876712328767,330
117,55,172,0.4700854700854701,41
49,27,76,0.5510204081632653,13
2,55,57,27.5,44
8,147,155,18.375,149
1988,541,2529,0.2721327967806841,562
660,3,663,0.004545454545454545,1
20,227,247,11.35,233
3000,598,3598,0.19933333333333333,615
36,251,287,6.972222222222222,260
2011,213,2224,0.1059174540029836,219
8,307,315,38.375,325
24,21,45,0.875,14
226,7,233,0.030973451327433628,1
148,125,273,0.8445945945945946,125
11,172,183,15.636363636363637,179
1309,173,1482,0.13216195569136746,178
106,20,126,0.18867924528301888,2
38,84,122,2.210526315789474,78
441,390,831,0.8843537414965986,409
30,547,577,18.233333333333334,400
2705,468,3173,0.17301293900184844,493
1374,651,2025,0.4737991266375546,666
15,4,19,0.26666666666666666,1
49,330,379,6.73469387755102,344
13,849,862,65.3076923076923,855
11,267,278,24.272727272727273,279
43,360,403,8.372093023255815,280
14,347,361,24.785714285714285,365
2,11,13,5.5,1
5,273,278,54.6,284
101,255,356,2.5247524752475248,267
92,379,471,4.119565217391305,396
9,192,201,21.333333333333332,191
8,238,246,29.75,248
14,132,146,9.428571428571429,136
65,17,82,0.26153846153846155,43
359,629,988,1.7520891364902507,639
38,330,368,8.68421052631579,346
37,414,451,11.18918918918919,437
5,170,175,34.0,174
39,344,383,8.820512820512821,492
27,339,366,12.555555555555555,506
206,4,210,0.019417475728155338,808
264,1035,1299,3.9204545454545454,1006
58,421,479,7.258620689655173,443
39,376,415,9.64102564102564,392
445,274,719,0.6157303370786517,431
31,532,563,17.161290322580644,548
104,344,448,3.3076923076923075,359
7,378,385,54.0,401
22,238,260,10.818181818181818,246
1061,52,1113,0.049010367577756835,36
417,122,539,0.29256594724220625,119
13,23,36,1.7692307692307692,6
107,336,443,3.1401869158878504,383
13,154,167,11.846153846153847,192
36,475,511,13.194444444444445,456
111,304,415,2.7387387387387387,320
2735,235,2970,0.08592321755027423,252
8,181,189,22.625,186
38,405,443,10.657894736842104,428
17,261,278,15.352941176470589,274
9,476,485,52.888888888888886,495
11,846,857,76.9090909090909,852
368,254,622,0.6902173913043478,263
23,182,205,7.913043478260869,254
10,91,101,9.1,86
26,200,226,7.6923076923076925,208
45,408,453,9.066666666666666,425
33,520,553,15.757575757575758,538
7,192,199,27.428571428571427,149
9,543,552,60.333333333333336,560
507,99,606,0.1952662721893491,89
768,905,1673,1.1783854166666667,914
51,181,232,3.549019607843137,187
28,921,949,32.892857142857146,927
5,170,175,34.0,175
466,448,914,0.9613733905579399,469
15,279,294,18.6,293
349,76,425,0.2177650429799427,69
2230,143,2373,0.06412556053811659,146
1105,118,1223,0.10678733031674208,116
54,857,911,15.87037037037037,861
142,195,337,1.3732394366197183,201
294,7,301,0.023809523809523808,1
14,250,264,17.857142857142858,259
13,458,471,35.23076923076923,572
11,86,97,7.818181818181818,76
43,230,273,5.348837209302325,239
20,353,373,17.65,472
26,242,268,9.307692307692308,253
108,304,412,2.814814814814815,315
17,329,346,19.352941176470587,346
33,510,543,15.454545454545455,531
122,493,615,4.040983606557377,515
38,457,495,12.026315789473685,476
10,180,190,18.0,180
91,418,509,4.593406593406593,439
11,373,384,33.90909090909091,396
2161,698,2859,0.32299861175381767,709
16,509,525,31.8125,527
56,106,162,1.8928571428571428,555
36,207,243,5.75,212
1034,197,1231,0.19052224371373308,202
25,544,569,21.76,406
18,499,517,27.72222222222222,519
25,465,490,18.6,488
151,581,732,3.847682119205298,596
14,192,206,13.714285714285714,197
19,104,123,5.473684210526316,99
9,35,44,3.888888888888889,44
1483,7,1490,0.004720161834120027,1
47,365,412,7.76595744680851,382
15,232,247,15.466666666666667,240
18,39,57,2.1666666666666665,25
1837,174,2011,0.09471965160587915,179
8,193,201,24.125,195
56,1011,1067,18.053571428571427,460
1837,93,1930,0.05062602068590093,91
4,19,23,4.75,3
211,365,576,1.7298578199052133,393
86,442,528,5.1395348837209305,460
5,86,91,17.2,78
786,488,1274,0.6208651399491094,508
15,236,251,15.733333333333333,248
28,99,127,3.5357142857142856,95
229,380,609,1.6593886462882097,404
11,846,857,76.9090909090909,852
2488,150,2638,0.06028938906752412,151
24,684,708,28.5,697
29,301,330,10.379310344827585,319
2,251,253,125.5,266
28,559,587,19.964285714285715,581
136,515,651,3.786764705882353,535
124,1093,1217,8.814516129032258,328
90,93,183,1.0333333333333334,89
31,155,186,5.0,159
52,366,418,7.038461538461538,382
1201,494,1695,0.4113238967527061,512
6,34,40,5.666666666666667,21
143,170,313,1.1888111888111887,173
1,10,11,10.0,1
8,55,63,6.875,40
15,110,125,7.333333333333333,105
102,630,732,6.176470588235294,642
15,288,303,19.2,302
205,451,656,2.2,457
29,829,858,28.586206896551722,839
19,278,297,14.631578947368421,294
20,273,293,13.65,282
19,171,190,9.0,174
30,392,422,13.066666666666666,425
574,224,798,0.3902439024390244,230
294,358,652,1.217687074829932,375
9,335,344,37.22222222222222,356
297,658,955,2.2154882154882154,209
11,399,410,36.27272727272727,419
10,260,270,26.0,269
30,298,328,9.933333333333334,312
662,87,749,0.13141993957703926,80
31,938,969,30.258064516129032,964
252,185,437,0.7341269841269841,183
288,947,1235,3.2881944444444446,962
15,294,309,19.6,303
105,1048,1153,9.980952380952381,1006
19,296,315,15.578947368421053,308
10,630,640,63.0,647
113,780,893,6.902654867256637,781
107,66,173,0.616822429906542,89
252,304,556,1.2063492063492063,322
9,41,50,4.555555555555555,24
15,212,227,14.133333333333333,244
1161,821,1982,0.7071490094745909,819
3715,94,3809,0.025302826379542395,79
15,998,1013,66.53333333333333,1006
299,480,779,1.605351170568562,503
1312,227,1539,0.17301829268292682,239
30,338,368,11.266666666666667,353
11,125,136,11.363636363636363,126
54,246,300,4.555555555555555,255
77,127,204,1.6493506493506493,117
26,268,294,10.307692307692308,279
47,306,353,6.51063829787234,322
16,816,832,51.0,826
60,132,192,2.2,134
349,120,469,0.3438395415472779,115
9,392,401,43.55555555555556,415
37,164,201,4.4324324324324325,165
107,108,215,1.0093457943925233,89
70,339,409,4.8428571428571425,352
34,141,175,4.147058823529412,91
1374,386,1760,0.28093158660844253,407
507,47,554,0.09270216962524655,36
14,781,795,55.785714285714285,788
40,412,452,10.3,434
6,27,33,4.5,7
68,41,109,0.6029411764705882,26
18,341,359,18.944444444444443,356
34,799,833,23.5,801
23,881,904,38.30434782608695,889
488,176,664,0.36065573770491804,179
3480,192,3672,0.05517241379310345,276
51,218,269,4.2745098039215685,225
13,590,603,45.38461538461539,608
9,458,467,50.888888888888886,484
443,554,997,1.2505643340857788,568
25,878,903,35.12,394
199,986,1185,4.954773869346734,1006
6,159,165,26.5,161
19,164,183,8.631578947368421,371
10,511,521,51.1,523
76,667,743,8.776315789473685,680
1416,661,2077,0.4668079096045198,676
163,540,703,3.312883435582822,557
25,22,47,0.88,6
32,292,324,9.125,305
413,82,495,0.19854721549636803,77
14,116,130,8.285714285714286,118
47,39,86,0.8297872340425532,258
10,99,109,9.9,94
8,12,20,1.5,1
9,372,381,41.333333333333336,394
1743,78,1821,0.04475043029259897,52
910,495,1405,0.5439560439560439,504
44,184,228,4.181818181818182,189
9,280,289,31.11111111111111,251
1762,928,2690,0.5266742338251986,936
18,275,293,15.277777777777779,290
14,279,293,19.928571428571427,293
21,271,292,12.904761904761905,283
1072,83,1155,0.07742537313432836,76
15,4,19,0.26666666666666666,1
240,15,255,0.0625,2
11,338,349,30.727272727272727,354
35,64,99,1.8285714285714285,54
59,154,213,2.610169491525424,154
37,687,724,18.56756756756757,698
542,251,793,0.46309963099630996,680
36,272,308,7.555555555555555,284
21,117,138,5.571428571428571,111
170,156,326,0.9176470588235294,157
221,25,246,0.11312217194570136,10
69,479,548,6.942028985507246,498
16,324,340,20.25,340
10,188,198,18.8,196
25,522,547,20.88,542
19,296,315,15.578947368421053,314
99,196,295,1.97979797979798,204
8,308,316,38.5,323
197,308,505,1.5634517766497462,326
75,844,919,11.253333333333334,850
10,396,406,39.6,412
194,450,644,2.3195876288659796,468
37,502,539,13.567567567567568,521
225,298,523,1.3244444444444445,315
101,110,211,1.0891089108910892,107
3710,5,3715,0.0013477088948787063,1
20,192,212,9.6,197
512,104,616,0.203125,101
8,157,165,19.625,160
228,294,522,1.2894736842105263,308
2,10,12,5.0,1
38,174,212,4.578947368421052,175
8,102,110,12.75,99
12,176,188,14.666666666666666,177
51,39,90,0.7647058823529411,25
28,571,599,20.392857142857142,243
16,329,345,20.5625,343
65,464,529,7.138461538461539,485
49,633,682,12.918367346938776,642
117,134,251,1.1452991452991452,134
1647,293,1940,0.17789921068609593,309
32,378,410,11.8125,397
18,388,406,21.555555555555557,407
20,29,49,1.45,15
1425,230,1655,0.16140350877192983,236
45,62,107,1.3777777777777778,48
12,327,339,27.25,339
357,393,750,1.1008403361344539,407
33,388,421,11.757575757575758,404
659,843,1502,1.2792109256449165,850
337,993,1330,2.9465875370919883,1006
18,497,515,27.61111111111111,520
14,314,328,22.428571428571427,327
28,37,65,1.3214285714285714,22
5,87,92,17.4,691
9,629,638,69.88888888888889,497
34,534,568,15.705882352941176,551
7,116,123,16.571428571428573,111
1,11,12,11.0,5
380,491,871,1.2921052631578946,437
141,371,512,2.631205673758865,396
7,175,182,25.0,132
11,263,274,23.90909090909091,273
22,656,678,29.818181818181817,672
14,566,580,40.42857142857143,650
9,266,275,29.555555555555557,280
226,7,233,0.030973451327433628,1
31,235,266,7.580645161290323,531
2153,215,2368,0.09986065954482118,220
144,430,574,2.986111111111111,421
1225,488,1713,0.3983673469387755,508
44,426,470,9.681818181818182,444
13,367,380,28.23076923076923,387
9,180,189,20.0,184
94,353,447,3.75531914893617,369
13,156,169,12.0,158
23,475,498,20.652173913043477,498
21,380,401,18.095238095238095,400
36,226,262,6.277777777777778,236
85,263,348,3.0941176470588236,278
190,63,253,0.33157894736842103,55
15,320,335,21.333333333333332,343
26,228,254,8.76923076923077,237
83,824,907,9.927710843373495,436
91,568,659,6.241758241758242,318
55,3,58,0.05454545454545454,1
66,23,89,0.3484848484848485,10
349,530,879,1.518624641833811,546
16,196,212,12.25,205
12,155,167,12.916666666666666,157
444,432,876,0.972972972972973,452
18,96,114,5.333333333333333,94
22,319,341,14.5,334
708,518,1226,0.731638418079096,683
1,35,36,35.0,1
10,426,436,42.6,450
10,282,292,28.2,291
485,780,1265,1.6082474226804124,780
14,174,188,12.428571428571429,176
11,47,58,4.2727272727272725,37
12,279,291,23.25,295
56,192,248,3.4285714285714284,198
124,415,539,3.346774193548387,429
1225,488,1713,0.3983673469387755,508
34,50,84,1.4705882352941178,39
1336,24,1360,0.017964071856287425,9
0,26,26,1,126
116,337,453,2.9051724137931036,356
28,306,334,10.928571428571429,323
17,280,297,16.470588235294116,294
5,22,27,4.4,6
37,733,770,19.81081081081081,805
20,516,536,25.8,540
142,849,991,5.97887323943662,877
178,321,499,1.803370786516854,339
24,261,285,10.875,272
196,931,1127,4.75,932
22,73,95,3.3181818181818183,62
7,502,509,71.71428571428571,522
1783,990,2773,0.5552439708356702,1006
141,244,385,1.7304964539007093,254
40,278,318,6.95,289
36,822,858,22.833333333333332,830
40,599,639,14.975,619
26,288,314,11.076923076923077,296
48,507,555,10.5625,526
168,139,307,0.8273809523809523,138
15,132,147,8.8,129
45,742,787,16.488888888888887,750
25,44,69,1.76,30
93,93,186,1.0,88
23,224,247,9.73913043478261,230
60,147,207,2.45,147
236,136,372,0.576271186440678,135
912,762,1674,0.8355263157894737,764
31,395,426,12.741935483870968,414
1654,428,2082,0.2587666263603386,445
8,129,137,16.125,165
10,282,292,28.2,291
1567,304,1871,0.19400127632418634,327
250,377,627,1.508,395
234,306,540,1.3076923076923077,317
50,437,487,8.74,461
187,418,605,2.235294117647059,435
1942,7,1949,0.003604531410916581,1
10,314,324,31.4,332
444,999,1443,2.25,1006
100,259,359,2.59,273
310,267,577,0.8612903225806452,279
61,846,907,13.868852459016393,850
91,332,423,3.6483516483516483,352
24,250,274,10.416666666666666,261
182,509,691,2.7967032967032965,529
694,404,1098,0.5821325648414986,424
1292,474,1766,0.3668730650154799,898
60,270,330,4.5,278
224,476,700,2.125,502
20,486,506,24.3,509
275,348,623,1.2654545454545454,366
32,243,275,7.59375,252
10,187,197,18.7,191
40,452,492,11.3,474
9,459,468,51.0,486
15,461,476,30.733333333333334,481
8,365,373,45.625,386
9,302,311,33.55555555555556,317
45,193,238,4.288888888888889,199
964,708,1672,0.7344398340248963,714
21,377,398,17.952380952380953,399
14,188,202,13.428571428571429,191
9,111,120,12.333333333333334,102
116,569,685,4.905172413793103,591
127,115,242,0.905511811023622,111
11,141,152,12.818181818181818,143
76,270,346,3.5526315789473686,281
510,4,514,0.00784313725490196,1
2081,339,2420,0.16290245074483423,356
37,387,424,10.45945945945946,407
39,336,375,8.615384615384615,352
34,75,109,2.2058823529411766,69
23,25,48,1.0869565217391304,11
168,18,186,0.10714285714285714,3
469,147,616,0.31343283582089554,203
12,243,255,20.25,340
13,309,322,23.76923076923077,329
457,101,558,0.2210065645514223,98
107,330,437,3.0841121495327104,348
352,243,595,0.6903409090909091,257
43,381,424,8.86046511627907,398
44,395,439,8.977272727272727,416
26,155,181,5.961538461538462,155
909,112,1021,0.12321232123212321,108
15,567,582,37.8,583
16,157,173,9.8125,159
61,285,346,4.672131147540983,298
44,555,599,12.613636363636363,571
110,681,791,6.1909090909090905,698
638,553,1191,0.8667711598746082,575
2,10,12,5.0,1
84,279,363,3.3214285714285716,149
27,211,238,7.814814814814815,222
21,394,415,18.761904761904763,412
22,108,130,4.909090909090909,104
32,292,324,9.125,305
7,82,89,11.714285714285714,72
27,489,516,18.11111111111111,520
9,60,69,6.666666666666667,50
114,453,567,3.973684210526316,470
7,302,309,43.142857142857146,318
339,487,826,1.4365781710914454,503
16,216,232,13.5,283
15,109,124,7.266666666666667,365
11,312,323,28.363636363636363,321
925,594,1519,0.6421621621621622,611
30,122,152,4.066666666666666,122
13,143,156,11.0,147
101,247,348,2.4455445544554455,253
17,749,766,44.05882352941177,759
9,42,51,4.666666666666667,32
10,190,200,19.0,193
103,582,685,5.650485436893204,599
35,188,223,5.371428571428571,193
13,383,396,29.46153846153846,400
511,100,611,0.19569471624266144,95
54,311,365,5.7592592592592595,330
5,14,19,2.8,1
9,492,501,54.666666666666664,341
29,50,79,1.7241379310344827,38
139,861,1000,6.194244604316546,868
1297,1053,2350,0.8118735543562067,383
221,198,419,0.8959276018099548,206
203,556,759,2.7389162561576357,512
57,91,148,1.5964912280701755,84
19,720,739,37.89473684210526,658
27,393,420,14.555555555555555,416
13,319,332,24.53846153846154,334
35,1019,1054,29.114285714285714,1006
13,407,420,31.307692307692307,427
33,476,509,14.424242424242424,497
3,61,64,20.333333333333332,55
28,419,447,14.964285714285714,437
17,461,478,27.11764705882353,479
31,299,330,9.64516129032258,315
39,691,730,17.71794871794872,486
139,421,560,3.028776978417266,443
266,347,613,1.3045112781954886,364
1,10,11,10.0,1
162,210,372,1.2962962962962963,215
10,365,375,36.5,389
16,668,684,41.75,678
10,628,638,62.8,642
1000,89,1089,0.089,82
49,40,89,0.8163265306122449,11
32,386,418,12.0625,417
6,418,424,69.66666666666667,442
1279,729,2008,0.5699765441751369,734
1116,9,1125,0.008064516129032258,1
28,467,495,16.678571428571427,493
46,481,527,10.456521739130435,503
90,405,495,4.5,423
33,104,137,3.1515151515151514,493
67,359,426,5.358208955223881,381
14,518,532,37.0,537
9,432,441,48.0,453
508,156,664,0.30708661417322836,158
11,855,866,77.72727272727273,862
22,270,292,12.272727272727273,385
29,799,828,27.551724137931036,796
47,128,175,2.723404255319149,121
11,508,519,46.18181818181818,536
2748,356,3104,0.12954876273653565,442
34,293,327,8.617647058823529,303
2900,398,3298,0.13724137931034483,421
11,459,470,41.72727272727273,474
18,403,421,22.38888888888889,424
2597,386,2983,0.14863303812090875,408
7,105,112,15.0,322
589,621,1210,1.0543293718166384,640
96,382,478,3.9791666666666665,396
1392,383,1775,0.27514367816091956,405
17,287,304,16.88235294117647,304
104,407,511,3.9134615384615383,427
12,595,607,49.583333333333336,616
84,284,368,3.380952380952381,293
121,329,450,2.71900826446281,351
12,37,49,3.0833333333333335,26
18,308,326,17.11111111111111,419
1153,314,1467,0.2723330442324371,328
35,72,107,2.057142857142857,61
14,246,260,17.571428571428573,255
88,560,648,6.363636363636363,578
7,108,115,15.428571428571429,149
639,939,1578,1.4694835680751173,951
2031,8,2039,0.003938946331856229,1
166,101,267,0.608433734939759,97
11,320,331,29.09090909090909,336
77,169,246,2.1948051948051948,167
153,308,461,2.0130718954248366,326
29,546,575,18.82758620689655,564
49,301,350,6.142857142857143,314
51,246,297,4.823529411764706,256
46,949,995,20.630434782608695,959
25,379,404,15.16,395
7,10,17,1.4285714285714286,1
20,369,389,18.45,391
14,117,131,8.357142857142858,113
444,757,1201,1.704954954954955,759
8,152,160,19.0,151
40,242,282,6.05,251
23,591,614,25.695652173913043,613
72,305,377,4.236111111111111,321
11,271,282,24.636363636363637,285
91,302,393,3.318681318681319,317
35,411,446,11.742857142857142,435
16,31,47,1.9375,18
7,404,411,57.714285714285715,425
72,452,524,6.277777777777778,411
34,135,169,3.9705882352941178,133
59,378,437,6.406779661016949,395
14,270,284,19.285714285714285,288
4,468,472,117.0,486
43,335,378,7.790697674418604,356
22,230,252,10.454545454545455,269
120,249,369,2.075,260
9,67,76,7.444444444444445,58
17,322,339,18.941176470588236,235
15,84,99,5.6,81
75,266,341,3.546666666666667,278
73,472,545,6.465753424657534,492
7,152,159,21.714285714285715,153
13,168,181,12.923076923076923,170
10,461,471,46.1,484
148,196,344,1.3243243243243243,202
32,305,337,9.53125,319
376,385,761,1.023936170212766,405
13,209,222,16.076923076923077,157
24,179,203,7.458333333333333,183
57,441,498,7.7368421052631575,460
994,950,1944,0.9557344064386318,765
391,159,550,0.40664961636828645,159
436,145,581,0.33256880733944955,145
88,118,206,1.3409090909090908,116
24,156,180,6.5,155
12,239,251,19.916666666666668,247
10,276,286,27.6,290
14,48,62,3.4285714285714284,36
438,223,661,0.5091324200913242,231
14,507,521,36.214285714285715,530
15,72,87,4.8,65
249,597,846,2.397590361445783,608
25,347,372,13.88,365
14,36,50,2.5714285714285716,21
496,410,906,0.8266129032258065,436
86,401,487,4.662790697674419,417
49,121,170,2.4693877551020407,123
898,149,1047,0.16592427616926503,145
23,885,908,38.47826086956522,891
22,127,149,5.7727272727272725,124
262,28,290,0.10687022900763359,11
369,9,378,0.024390243902439025,518
306,467,773,1.526143790849673,512
371,89,460,0.2398921832884097,85
227,244,471,1.0748898678414096,253
151,359,510,2.377483443708609,378
9,257,266,28.555555555555557,267
49,645,694,13.16326530612245,428
119,211,330,1.773109243697479,217
104,737,841,7.086538461538462,745
15,237,252,15.8,244
669,16,685,0.02391629297458894,1
15,977,992,65.13333333333334,1006
39,611,650,15.666666666666666,626
8,301,309,37.625,317
58,335,393,5.775862068965517,354
13,39,52,3.0,26
222,34,256,0.15315315315315314,121
30,669,699,22.3,684
2,888,890,444.0,903
213,258,471,1.2112676056338028,787
28,116,144,4.142857142857143,114
5,337,342,67.4,354
124,415,539,3.346774193548387,429
2868,802,3670,0.2796373779637378,804
30,394,424,13.133333333333333,417
3,145,148,48.333333333333336,147
13,368,381,28.307692307692307,390
700,210,910,0.3,211
17,970,987,57.05882352941177,478
1820,346,2166,0.1901098901098901,365
17,577,594,33.94117647058823,601
246,363,609,1.475609756097561,378
739,54,793,0.07307171853856563,43
3,422,425,140.66666666666666,444
11,178,189,16.181818181818183,181
131,460,591,3.5114503816793894,478
13,15,28,1.1538461538461537,1
185,243,428,1.3135135135135134,252
14,319,333,22.785714285714285,339
39,611,650,15.666666666666666,626
83,214,297,2.5783132530120483,222
78,264,342,3.3846153846153846,272
124,546,670,4.403225806451613,563
79,823,902,10.417721518987342,773
83,345,428,4.156626506024097,359
790,251,1041,0.31772151898734174,262
4,958,962,239.5,975
91,471,562,5.175824175824176,493
11,35,46,3.1818181818181817,25
106,125,231,1.179245283018868,129
12,596,608,49.666666666666664,612
25,136,161,5.44,284
48,16,64,0.3333333333333333,1
18,64,82,3.5555555555555554,53
96,30,126,0.3125,27
76,99,175,1.3026315789473684,97
1,561,562,561.0,432
13,322,335,24.76923076923077,341
11,312,323,28.363636363636363,292
20,412,432,20.6,436
105,413,518,3.933333333333333,432
8,144,152,18.0,145
1902,4,1906,0.002103049421661409,5
405,604,1009,1.491358024691358,619
17,133,150,7.823529411764706,318
143,478,621,3.3426573426573425,494
18,130,148,7.222222222222222,129
11,36,47,3.272727272727273,24
45,318,363,7.066666666666666,334
20,486,506,24.3,509
27,248,275,9.185185185185185,259
1910,1017,2927,0.5324607329842932,1006
13,272,285,20.923076923076923,282
15,575,590,38.333333333333336,591
12,364,376,30.333333333333332,384
12,376,388,31.333333333333332,394
2,11,13,5.5,1
241,441,682,1.829875518672199,461
16,302,318,18.875,313
24,260,284,10.833333333333334,274
14,779,793,55.642857142857146,781
21,389,410,18.523809523809526,412
100,242,342,2.42,251
220,471,691,2.140909090909091,489
1,34,35,34.0,1
19,376,395,19.789473684210527,395
1212,949,2161,0.783003300330033,960
73,408,481,5.589041095890411,426
22,363,385,16.5,384
20,400,420,20.0,423
261,113,374,0.4329501915708812,114
24,635,659,26.458333333333332,649
366,503,869,1.3743169398907105,522
1164,357,1521,0.30670103092783507,374
111,5,116,0.04504504504504504,1
1552,389,1941,0.2506443298969072,413
42,261,303,6.214285714285714,273
48,394,442,8.208333333333334,421
246,523,769,2.1260162601626016,456
9,471,480,52.333333333333336,495
88,452,540,5.136363636363637,476
760,145,905,0.19078947368421054,198
66,238,304,3.606060606060606,249
1378,81,1459,0.05878084179970972,76
19,233,252,12.263157894736842,239
2179,211,2390,0.09683340982101882,215
135,11,146,0.08148148148148149,1
3286,438,3724,0.13329275715155203,455
63,383,446,6.079365079365079,406
23,48,71,2.0869565217391304,34
40,459,499,11.475,479
28,490,518,17.5,516
2281,435,2716,0.19070583077597544,454
16,267,283,16.6875,281
794,501,1295,0.6309823677581864,521
1,10,11,10.0,1
34,247,281,7.264705882352941,258
9,26,35,2.888888888888889,10
372,366,738,0.9838709677419355,183
15,475,490,31.666666666666668,494
23,281,304,12.217391304347826,295
29,884,913,30.482758620689655,886
30,180,210,6.0,38
203,153,356,0.7536945812807881,152
16,11,27,0.6875,1
17,446,463,26.235294117647058,477
27,279,306,10.333333333333334,294
20,463,483,23.15,489
139,536,675,3.856115107913669,560
11,271,282,24.636363636363637,285
6,172,178,28.666666666666668,177
1,10,11,10.0,1
64,548,612,8.5625,568
25,393,418,15.72,631
20,529,549,26.45,553
102,608,710,5.96078431372549,627
40,432,472,10.8,454
1505,443,1948,0.2943521594684385,466
1908,252,2160,0.1320754716981132,259
134,662,796,4.940298507462686,672
106,701,807,6.613207547169812,720
6,515,521,85.83333333333333,533
87,511,598,5.873563218390805,537
8,550,558,68.75,569
24,435,459,18.125,458
91,84,175,0.9230769230769231,74
5,36,41,7.2,19
8,88,96,11.0,81
39,673,712,17.256410256410255,689
19,302,321,15.894736842105264,325
5,103,108,20.6,96
26,195,221,7.5,203
16,320,336,20.0,335
331,79,410,0.23867069486404835,73
11,580,591,52.72727272727273,601
10,279,289,27.9,291
15,21,36,1.4,7
14,217,231,15.5,224
15,140,155,9.333333333333334,139
36,324,360,9.0,339
67,219,286,3.2686567164179103,229
7,227,234,32.42857142857143,149
10,251,261,25.1,265
35,565,600,16.142857142857142,583
2307,972,3279,0.4213263979193758,1006
18,279,297,15.5,294
76,498,574,6.552631578947368,578
10,277,287,27.7,295
459,391,850,0.8518518518518519,409
7,145,152,20.714285714285715,151
15,212,227,14.133333333333333,218
42,372,414,8.857142857142858,388
20,312,332,15.6,337
26,191,217,7.346153846153846,189
820,909,1729,1.1085365853658538,915
44,109,153,2.477272727272727,103
47,210,257,4.468085106382978,219
69,142,211,2.0579710144927534,140
1440,870,2310,0.6041666666666666,878
114,251,365,2.2017543859649122,152
9,416,425,46.22222222222222,441
1659,100,1759,0.06027727546714889,95
237,503,740,2.1223628691983123,521
17,309,326,18.176470588235293,323
42,47,89,1.119047619047619,35
208,126,334,0.6057692307692307,121
727,70,797,0.09628610729023383,61
162,253,415,1.5617283950617284,266
208,29,237,0.13942307692307693,6
80,157,237,1.9625,161
35,279,314,7.9714285714285715,294
738,5,743,0.006775067750677507,1
904,227,1131,0.25110619469026546,235
1052,162,1214,0.15399239543726237,308
63,296,359,4.698412698412699,311
19,388,407,20.42105263157895,404
408,383,791,0.9387254901960784,401
57,404,461,7.087719298245614,421
35,729,764,20.82857142857143,738
25,285,310,11.4,298
95,608,703,6.4,622
44,82,126,1.8636363636363635,75
34,216,250,6.352941176470588,374
44,414,458,9.409090909090908,821
6,119,125,19.833333333333332,115
10,155,165,15.5,156
12,902,914,75.16666666666667,914
25,222,247,8.88,233
8,291,299,36.375,303
7,229,236,32.714285714285715,237
211,224,435,1.061611374407583,233
598,579,1177,0.9682274247491639,207
17,565,582,33.23529411764706,585
55,280,335,5.090909090909091,296
108,290,398,2.685185185185185,300
16,175,191,10.9375,178
102,311,413,3.049019607843137,327
19,566,585,29.789473684210527,585
463,948,1411,2.0475161987041037,970
513,800,1313,1.5594541910331383,801
113,143,256,1.2654867256637168,74
565,425,990,0.7522123893805309,440
81,364,445,4.493827160493828,380
30,496,526,16.533333333333335,516
11,297,308,27.0,312
52,355,407,6.826923076923077,373
10,303,313,30.3,320
121,569,690,4.702479338842975,585
34,630,664,18.529411764705884,643
620,403,1023,0.65,398
10,167,177,16.7,173
21,369,390,17.571428571428573,386
28,1044,1072,37.285714285714285,1006
1,10,11,10.0,1
13,587,600,45.15384615384615,601
106,541,647,5.10377358490566,562
85,103,188,1.2117647058823529,102
23,99,122,4.304347826086956,364
143,32,175,0.22377622377622378,1
9,196,205,21.77777777777778,182
151,292,443,1.9337748344370862,305
17,190,207,11.176470588235293,190
77,34,111,0.44155844155844154,26
178,219,397,1.2303370786516854,226
4,10,14,2.5,1
27,878,905,32.51851851851852,888
1777,25,1802,0.014068655036578503,11
58,43,101,0.7413793103448276,31
21,340,361,16.19047619047619,356
18,150,168,8.333333333333334,153
22,298,320,13.545454545454545,314
34,655,689,19.264705882352942,669
59,504,563,8.542372881355933,521
13,257,270,19.76923076923077,267
11,118,129,10.727272727272727,113
8,20,28,2.5,3
1147,757,1904,0.6599825632083697,761
21,99,120,4.714285714285714,94
9,416,425,46.22222222222222,440
1,10,11,10.0,1
596,868,1464,1.4563758389261745,874
32,359,391,11.21875,380
11,115,126,10.454545454545455,111
7,44,51,6.285714285714286,34
691,417,1108,0.6034732272069464,436
17,336,353,19.764705882352942,354
107,236,343,2.205607476635514,246
30,146,176,4.866666666666666,147
31,312,343,10.064516129032258,327
28,173,201,6.178571428571429,177
59,448,507,7.593220338983051,470
1,10,11,10.0,1
27,152,179,5.62962962962963,154
539,280,819,0.5194805194805194,291
960,781,1741,0.8135416666666667,778
61,506,567,8.295081967213115,524
34,240,274,7.0588235294117645,348
46,49,95,1.065217391304348,35
6,342,348,57.0,365
113,32,145,0.2831858407079646,16
75,478,553,6.373333333333333,497
9,107,116,11.88888888888889,100
25,507,532,20.28,527
38,618,656,16.263157894736842,459
6,116,122,19.333333333333332,112
51,204,255,4.0,209
25,344,369,13.76,363
10,324,334,32.4,340
586,3,589,0.005119453924914676,68
2477,248,2725,0.10012111425111021,261
874,508,1382,0.5812356979405034,491
29,518,547,17.862068965517242,538
3325,81,3406,0.024360902255639097,76
1348,1087,2435,0.8063798219584569,1006
36,983,1019,27.305555555555557,383
656,51,707,0.07774390243902439,41
14,132,146,9.428571428571429,136
31,62,93,2.0,55
9,411,420,45.666666666666664,432
7,187,194,26.714285714285715,193
11,295,306,26.818181818181817,312
279,119,398,0.4265232974910394,114
8,838,846,104.75,844
12,484,496,40.333333333333336,506
211,409,620,1.938388625592417,427
36,673,709,18.694444444444443,688
20,108,128,5.4,104
10,349,359,34.9,367
32,829,861,25.90625,832
173,275,448,1.5895953757225434,285
96,28,124,0.2916666666666667,12
59,58,117,0.9830508474576272,50
13,385,398,29.615384615384617,411
17,198,215,11.647058823529411,199
12,192,204,16.0,192
133,274,407,2.0601503759398496,284
127,40,167,0.31496062992125984,30
1222,593,1815,0.48527004909983634,607
24,154,178,6.416666666666667,156
1008,987,1995,0.9791666666666666,1006
377,960,1337,2.546419098143236,960
22,218,240,9.909090909090908,217
7,128,135,18.285714285714285,149
21,73,94,3.4761904761904763,59
1477,293,1770,0.1983750846310088,309
2862,201,3063,0.07023060796645703,207
143,75,218,0.5244755244755245,65
138,248,386,1.7971014492753623,255
12,509,521,42.416666666666664,532
82,321,403,3.9146341463414633,331
17,499,516,29.352941176470587,517
413,552,965,1.3365617433414043,570
173,73,246,0.42196531791907516,58
34,254,288,7.470588235294118,467
8,478,486,59.75,502
23,346,369,15.043478260869565,360
11,107,118,9.727272727272727,103
10,251,261,25.1,265
795,5,800,0.006289308176100629,1
21,386,407,18.38095238095238,404
10,194,204,19.4,199
53,311,364,5.867924528301887,221
92,445,537,4.836956521739131,465
5,170,175,34.0,172
15,369,384,24.6,390
48,55,103,1.1458333333333333,41
21,218,239,10.380952380952381,225
829,154,983,0.18576598311218334,154
20,631,651,31.55,640
34,304,338,8.941176470588236,313
350,282,632,0.8057142857142857,294
691,352,1043,0.5094066570188133,365
45,165,210,3.6666666666666665,165
38,282,320,7.421052631578948,294
3,40,43,13.333333333333334,27
74,123,197,1.662162162162162,123
105,492,597,4.685714285714286,510
743,229,972,0.3082099596231494,238
171,297,468,1.736842105263158,308
613,798,1411,1.301794453507341,796
15,573,588,38.2,590
17,530,547,31.176470588235293,471
292,298,590,1.0205479452054795,311
18,195,213,10.833333333333334,199
429,364,793,0.8484848484848485,384
7,182,189,26.0,188
8,176,184,22.0,178
81,397,478,4.901234567901234,416
123,353,476,2.869918699186992,705
14,375,389,26.785714285714285,396
32,353,385,11.03125,368
10,383,393,38.3,406
12,537,549,44.75,560
1040,6,1046,0.0057692307692307696,1
41,558,599,13.609756097560975,574
169,96,265,0.5680473372781065,634
59,448,507,7.593220338983051,470
274,232,506,0.8467153284671532,241
46,303,349,6.586956521739131,322
661,369,1030,0.5582450832072617,385
1502,422,1924,0.2809587217043941,444
48,189,237,3.9375,191
31,507,538,16.35483870967742,530
10,213,223,21.3,217
8,84,92,10.5,74
104,558,662,5.365384615384615,336
103,144,247,1.3980582524271845,145
53,58,111,1.0943396226415094,48
2221,924,3145,0.4160288158487168,129
24,343,367,14.291666666666666,349
2,20,22,10.0,1
13,341,354,26.23076923076923,357
10,713,723,71.3,725
41,156,197,3.8048780487804876,171
28,956,984,34.142857142857146,972
100,453,553,4.53,472
44,543,587,12.340909090909092,566
9,178,187,19.77777777777778,175
22,277,299,12.590909090909092,292
74,111,185,1.5,108
300,154,454,0.5133333333333333,154
48,26,74,0.5416666666666666,11
44,706,750,16.045454545454547,718
490,254,744,0.5183673469387755,153
912,129,1041,0.14144736842105263,128
8,117,125,14.625,117
24,362,386,15.083333333333334,380
12,381,393,31.75,287
490,642,1132,1.310204081632653,501
19,390,409,20.526315789473685,418
25,145,170,5.8,148
447,427,874,0.9552572706935123,448
28,172,200,6.142857142857143,173
973,222,1195,0.22816032887975335,228
10,326,336,32.6,291
54,392,446,7.2592592592592595,424
790,179,969,0.22658227848101264,183
54,754,808,13.962962962962964,760
22,429,451,19.5,450
80,230,310,2.875,235
25,408,433,16.32,430
1,10,11,10.0,1
22,368,390,16.727272727272727,387
88,590,678,6.704545454545454,597
38,129,167,3.3947368421052633,128
24,362,386,15.083333333333334,380
7,309,316,44.142857142857146,325
17,233,250,13.705882352941176,241
16,137,153,8.5625,137
14,486,500,34.714285714285715,505
420,419,839,0.9976190476190476,704
47,377,424,8.02127659574468,392
93,385,478,4.139784946236559,408
1,10,11,10.0,1
24,298,322,12.416666666666666,313
72,698,770,9.694444444444445,708
23,570,593,24.782608695652176,585
162,129,291,0.7962962962962963,127
629,418,1047,0.6645468998410174,440
32,485,517,15.15625,507
1,10,11,10.0,1
3,222,225,74.0,227
101,193,294,1.9108910891089108,199
2184,331,2515,0.15155677655677655,179
11,405,416,36.81818181818182,436
17,115,132,6.764705882352941,236
11,326,337,29.636363636363637,342
6,189,195,31.5,193
16,123,139,7.6875,123
28,639,667,22.821428571428573,651
8,104,112,13.0,98
100,256,356,2.56,266
474,324,798,0.6835443037974683,338
1140,374,1514,0.3280701754385965,394
15,89,104,5.933333333333334,82
76,506,582,6.657894736842105,528
50,296,346,5.92,312
9,308,317,34.22222222222222,326
20,646,666,32.3,735
575,28,603,0.04869565217391304,15
14,356,370,25.428571428571427,373
14,122,136,8.714285714285714,124
10,405,415,40.5,427
70,30,100,0.42857142857142855,25
40,478,518,11.95,497
221,552,773,2.497737556561086,571
44,363,407,8.25,383
11,165,176,15.0,167
44,419,463,9.522727272727273,354
30,416,446,13.866666666666667,432
19,382,401,20.105263157894736,402
56,497,553,8.875,516
208,768,976,3.6923076923076925,771
2,10,12,5.0,1
151,248,399,1.6423841059602649,267
755,650,1405,0.8609271523178808,661
21,355,376,16.904761904761905,374
80,234,314,2.925,241
1,24,25,24.0,1
16,479,495,29.9375,502
1679,763,2442,0.45443716497915426,770
43,691,734,16.069767441860463,700
24,224,248,9.333333333333334,232
62,16,78,0.25806451612903225,1
75,964,1039,12.853333333333333,976
134,209,343,1.5597014925373134,220
229,25,254,0.1091703056768559,8
37,633,670,17.10810810810811,645
215,106,321,0.4930232558139535,105
4,855,859,213.75,862
91,276,367,3.032967032967033,668
9,50,59,5.555555555555555,39
12,645,657,53.75,660
25,250,275,10.0,261
105,41,146,0.3904761904761905,25
125,321,446,2.568,338
3,632,635,210.66666666666666,646
213,107,320,0.5023474178403756,103
805,60,865,0.07453416149068323,49
15,677,692,45.13333333333333,695
3910,6,3916,0.001534526854219949,1
238,105,343,0.4411764705882353,97
40,408,448,10.2,428
5,101,106,20.2,94
10,359,369,35.9,375
1028,410,1438,0.39883268482490275,429
44,386,430,8.772727272727273,404
22,662,684,30.09090909090909,391
88,37,125,0.42045454545454547,22
14,315,329,22.5,331
12,18,30,1.5,1
7,211,218,30.142857142857142,224
6,145,151,24.166666666666668,148
1579,192,1771,0.12159594680177327,193
38,732,770,19.263157894736842,744
12,139,151,11.583333333333334,140
66,1018,1084,15.424242424242424,1006
8,146,154,18.25,274
794,1000,1794,1.2594458438287153,1006
464,612,1076,1.3189655172413792,626
119,274,393,2.302521008403361,286
2081,23,2104,0.011052378664103796,18
82,581,663,7.085365853658536,597
15,389,404,25.933333333333334,407
674,537,1211,0.7967359050445104,554
19,253,272,13.31578947368421,408
2,50,52,25.0,1
37,419,456,11.324324324324325,441
22,420,442,19.09090909090909,439
1,38,39,38.0,5
71,30,101,0.4225352112676056,17
307,44,351,0.14332247557003258,35
11,436,447,39.63636363636363,457
142,472,614,3.323943661971831,490
422,475,897,1.1255924170616114,493
7,308,315,44.0,323
40,247,287,6.175,258
25,23,48,0.92,527
14,188,202,13.428571428571429,188
22,289,311,13.136363636363637,298
59,280,339,4.745762711864407,297
47,778,825,16.5531914893617,782
22,292,314,13.272727272727273,282
22,441,463,20.045454545454547,455
19,290,309,15.263157894736842,303
74,241,315,3.2567567567567566,257
2530,551,3081,0.21778656126482213,571
213,675,888,3.1690140845070425,684
1,10,11,10.0,1
75,309,384,4.12,321
27,600,627,22.22222222222222,617
55,703,758,12.781818181818181,720
4,135,139,33.75,134
10,430,440,43.0,449
66,469,535,7.106060606060606,463
8,211,219,26.375,219
13,94,107,7.230769230769231,90
1312,227,1539,0.17301829268292682,239
7,90,97,12.857142857142858,83
248,170,418,0.6854838709677419,354
23,388,411,16.869565217391305,410
9,543,552,60.333333333333336,560
117,104,221,0.8888888888888888,102
8,357,365,44.625,280
27,160,187,5.925925925925926,99
119,744,863,6.2521008403361344,748
104,374,478,3.5961538461538463,391
30,305,335,10.166666666666666,320
28,466,494,16.642857142857142,488
794,415,1209,0.5226700251889169,431
42,344,386,8.19047619047619,364
27,139,166,5.148148148148148,141
12,348,360,29.0,369
12,591,603,49.25,606
12,159,171,13.25,159
20,282,302,14.1,298
21,144,165,6.857142857142857,148
7,50,57,7.142857142857143,39
39,750,789,19.23076923076923,756
1144,262,1406,0.229020979020979,232
24,444,468,18.5,464
1478,893,2371,0.6041948579161028,896
1901,963,2864,0.5065754865860074,968
15,96,111,6.4,87
2,236,238,118.0,392
125,285,410,2.28,296
19,432,451,22.736842105263158,449
7,927,934,132.42857142857142,947
26,366,392,14.076923076923077,390
52,245,297,4.711538461538462,252
14,299,313,21.357142857142858,314
1504,168,1672,0.11170212765957446,174
11,304,315,27.636363636363637,320
30,195,225,6.5,200
2264,220,2484,0.09717314487632508,227
9,72,81,8.0,120
27,635,662,23.51851851851852,797
27,266,293,9.851851851851851,278
16,313,329,19.5625,327
16,321,337,20.0625,340
66,25,91,0.3787878787878788,12
20,29,49,1.45,14
100,10,110,0.1,1
7,247,254,35.285714285714285,149
32,378,410,11.8125,397
7,149,156,21.285714285714285,151
27,317,344,11.74074074074074,335
153,713,866,4.660130718954249,723
23,99,122,4.304347826086956,96
108,386,494,3.574074074074074,420
73,597,670,8.178082191780822,611
52,599,651,11.51923076923077,64
6,390,396,65.0,419
68,729,797,10.720588235294118,739
810,497,1307,0.6135802469135803,515
20,420,440,21.0,443
274,16,290,0.058394160583941604,2
166,646,812,3.891566265060241,654
68,835,903,12.279411764705882,841
6,72,78,12.0,62
29,155,184,5.344827586206897,156
16,360,376,22.5,376
24,178,202,7.416666666666667,180
14,191,205,13.642857142857142,194
1,36,37,36.0,5
1237,450,1687,0.36378334680679064,475
427,451,878,1.0562060889929743,561
13,407,420,31.307692307692307,420
48,32,80,0.6666666666666666,17
39,816,855,20.923076923076923,819
633,632,1265,0.9984202211690363,652
334,449,783,1.344311377245509,476
369,191,560,0.5176151761517616,195
490,110,600,0.22448979591836735,108
79,55,134,0.6962025316455697,18
2992,353,3345,0.11798128342245989,324
217,91,308,0.41935483870967744,107
2141,34,2175,0.015880429705744978,23
20,822,842,41.1,831
8,110,118,13.75,105
18,128,146,7.111111111111111,128
1288,277,1565,0.21506211180124224,289
51,297,348,5.823529411764706,313
68,690,758,10.147058823529411,705
16,503,519,31.4375,518
63,222,285,3.5238095238095237,231
29,901,930,31.06896551724138,470
40,407,447,10.175,420
562,589,1151,1.0480427046263345,603
12,333,345,27.75,355
9,315,324,35.0,335
18,124,142,6.888888888888889,122
31,406,437,13.096774193548388,427
13,477,490,36.69230769230769,497
14,249,263,17.785714285714285,220
10,308,318,30.8,321
382,305,687,0.7984293193717278,319
39,42,81,1.0769230769230769,29
61,820,881,13.442622950819672,481
16,10,26,0.625,1
112,263,375,2.3482142857142856,273
9,238,247,26.444444444444443,248
9,211,220,23.444444444444443,216
26,794,820,30.53846153846154,799
11,263,274,23.90909090909091,277
24,429,453,17.875,450
14,289,303,20.642857142857142,301
15,87,102,5.8,80
1038,716,1754,0.6897880539499036,717
49,581,630,11.857142857142858,599
6,211,217,35.166666666666664,219
118,234,352,1.9830508474576272,243
396,138,534,0.3484848484848485,137
18,256,274,14.222222222222221,266
41,918,959,22.390243902439025,918
5,74,79,14.8,65
113,323,436,2.8584070796460175,340
10,628,638,62.8,642
1,756,757,756.0,435
25,21,46,0.84,11
221,44,265,0.19909502262443438,33
1,10,11,10.0,1
11,447,458,40.63636363636363,470
2965,129,3094,0.04350758853288364,126
2173,137,2310,0.06304647952139898,136
251,156,407,0.6215139442231076,159
21,164,185,7.809523809523809,163
9,371,380,41.22222222222222,392
9,449,458,49.888888888888886,473
94,229,323,2.4361702127659575,239
57,180,237,3.1578947368421053,181
7,106,113,15.142857142857142,102
772,864,1636,1.1191709844559585,871
37,364,401,9.837837837837839,386
32,369,401,11.53125,388
100,191,291,1.91,198
1488,148,1636,0.09946236559139784,148
27,558,585,20.666666666666668,578
49,543,592,11.081632653061224,560
24,32,56,1.3333333333333333,14
10,362,372,36.2,383
79,213,292,2.6962025316455698,218
9,273,282,30.333333333333332,288
19,372,391,19.57894736842105,392
14,278,292,19.857142857142858,293
14,510,524,36.42857142857143,531
49,28,77,0.5714285714285714,23
57,456,513,8.0,475
52,420,472,8.076923076923077,336
17,499,516,29.352941176470587,517
14,196,210,14.0,234
7,118,125,16.857142857142858,149
16,261,277,16.3125,270
10,22,32,2.2,6
8,115,123,14.375,116
7,128,135,18.285714285714285,125
7,80,87,11.428571428571429,72
8,29,37,3.625,15
70,29,99,0.4142857142857143,16
15,212,227,14.133333333333333,219
198,94,292,0.47474747474747475,89
1211,283,1494,0.2336911643270025,297
98,475,573,4.846938775510204,374
614,157,771,0.255700325732899,135
28,141,169,5.035714285714286,141
33,251,284,7.606060606060606,259
9,129,138,14.333333333333334,125
216,1009,1225,4.671296296296297,1006
133,302,435,2.2706766917293235,318
31,661,692,21.322580645161292,674
68,41,109,0.6029411764705882,28
116,27,143,0.23275862068965517,449
54,190,244,3.5185185185185186,194
110,1059,1169,9.627272727272727,698
1,10,11,10.0,1
196,919,1115,4.688775510204081,925
253,559,812,2.2094861660079053,579
17,210,227,12.352941176470589,221
1984,7,1991,0.003528225806451613,1
2029,296,2325,0.14588467225234106,311
41,294,335,7.170731707317073,302
10,294,304,29.4,311
13,183,196,14.076923076923077,187
701,894,1595,1.275320970042796,884
203,216,419,1.064039408866995,222
673,786,1459,1.1679049034175335,795
1581,716,2297,0.45287792536369387,727
123,18,141,0.14634146341463414,2
7,763,770,109.0,742
6,423,429,70.5,445
541,492,1033,0.9094269870609981,511
756,24,780,0.031746031746031744,8
78,328,406,4.205128205128205,352
8,65,73,8.125,54
226,7,233,0.030973451327433628,1
84,567,651,6.75,582
22,361,383,16.40909090909091,377
110,107,217,0.9727272727272728,102
11,405,416,36.81818181818182,429
14,338,352,24.142857142857142,354
8,326,334,40.75,347
257,218,475,0.8482490272373541,456
18,279,297,15.5,290
77,564,641,7.324675324675325,582
17,77,94,4.529411764705882,69
14,298,312,21.285714285714285,315
21,340,361,16.19047619047619,356
1734,915,2649,0.527681660899654,365
48,286,334,5.958333333333333,297
37,99,136,2.675675675675676,296
808,950,1758,1.1757425742574257,958
1788,417,2205,0.2332214765100671,621
51,576,627,11.294117647058824,597
5,714,719,142.8,725
142,866,1008,6.098591549295775,877
2893,124,3017,0.04286208088489457,124
3,752,755,250.66666666666666,697
8,88,96,11.0,81
139,71,210,0.5107913669064749,62
49,688,737,14.040816326530612,698
18,431,449,23.944444444444443,456
7,520,527,74.28571428571429,544
73,257,330,3.5205479452054793,261
86,399,485,4.6395348837209305,417
44,114,158,2.590909090909091,111
15,147,162,9.8,151
488,65,553,0.13319672131147542,56
706,622,1328,0.8810198300283286,631
194,1343,1537,6.922680412371134,1006
7,92,99,13.142857142857142,149
22,423,445,19.227272727272727,441
79,400,479,5.063291139240507,418
653,147,800,0.225114854517611,68
14,314,328,22.428571428571427,328
154,843,997,5.474025974025974,860
86,444,530,5.162790697674419,463
776,17,793,0.02190721649484536,5
114,87,201,0.7631578947368421,84
41,345,386,8.414634146341463,361
43,948,991,22.046511627906977,963
90,372,462,4.133333333333334,391
1682,205,1887,0.12187871581450654,204
19,84,103,4.421052631578948,80
7,139,146,19.857142857142858,122
45,620,665,13.777777777777779,634
305,458,763,1.501639344262295,478
7,213,220,30.428571428571427,286
17,390,407,22.941176470588236,410
49,71,120,1.4489795918367347,60
8,763,771,95.375,767
4,169,173,42.25,171
24,209,233,8.708333333333334,212
105,584,689,5.561904761904762,598
24,457,481,19.041666666666668,645
20,181,201,9.05,184
21,137,158,6.523809523809524,136
10,356,366,35.6,380
3972,10,3982,0.0025176233635448137,1
7,9,16,1.2857142857142858,1
18,252,270,14.0,262
17,117,134,6.882352941176471,117
390,406,796,1.041025641025641,428
15,21,36,1.4,7
21,466,487,22.19047619047619,487
88,277,365,3.147727272727273,286
7,116,123,16.571428571428573,113
66,273,339,4.136363636363637,285
101,277,378,2.742574257425743,289
74,984,1058,13.297297297297296,1006
19,450,469,23.68421052631579,469
73,40,113,0.547945205479452,183
76,363,439,4.776315789473684,381
78,22,100,0.28205128205128205,8
151,200,351,1.3245033112582782,204
9,282,291,31.333333333333332,294
79,21,100,0.26582278481012656,6
7,284,291,40.57142857142857,297
166,332,498,2.0,203
17,718,735,42.23529411764706,725
34,59,93,1.7352941176470589,48
37,294,331,7.945945945945946,63
41,1028,1069,25.073170731707318,1006
45,217,262,4.822222222222222,225
176,157,333,0.8920454545454546,156
34,15,49,0.4411764705882353,1
36,353,389,9.805555555555555,366
24,550,574,22.916666666666668,572
10,906,916,90.6,932
44,566,610,12.863636363636363,583
16,553,569,34.5625,574
159,30,189,0.18867924528301888,20
7,135,142,19.285714285714285,149
19,337,356,17.736842105263158,346
30,433,463,14.433333333333334,450
2717,919,3636,0.3382407066617593,918
103,144,247,1.3980582524271845,145
16,511,527,31.9375,475
23,318,341,13.826086956521738,335
13,385,398,29.615384615384617,410
18,278,296,15.444444444444445,371
251,179,430,0.7131474103585658,185
8,255,263,31.875,264
13,209,222,16.076923076923077,215
9,64,73,7.111111111111111,54
15,444,459,29.6,393
114,518,632,4.543859649122807,536
6,260,266,43.333333333333336,271
19,286,305,15.052631578947368,301
61,406,467,6.655737704918033,328
24,38,62,1.5833333333333333,14
1384,255,1639,0.1842485549132948,262
20,541,561,27.05,562
32,364,396,11.375,395
22,589,611,26.772727272727273,607
70,105,175,1.5,106
32,99,131,3.09375,430
23,453,476,19.695652173913043,539
62,303,365,4.887096774193548,318
182,299,481,1.6428571428571428,314
45,7,52,0.15555555555555556,1
23,55,78,2.391304347826087,44
144,757,901,5.256944444444445,761
15,141,156,9.4,141
14,252,266,18.0,361
11,313,324,28.454545454545453,331
231,92,323,0.39826839826839827,85
14,87,101,6.214285714285714,81
1391,220,1611,0.15815959741193386,128
2648,79,2727,0.029833836858006044,72
19,181,200,9.526315789473685,186
6,408,414,68.0,442
12,280,292,23.333333333333332,295
102,615,717,6.029411764705882,633
155,509,664,3.2838709677419353,529
24,412,436,17.166666666666668,443
83,279,362,3.36144578313253,291
6,368,374,61.333333333333336,387
33,53,86,1.606060606060606,43
858,279,1137,0.32517482517482516,294
9,242,251,26.88888888888889,259
37,192,229,5.1891891891891895,195
8,300,308,37.5,317
3,107,110,35.666666666666664,103
11,327,338,29.727272727272727,347
88,590,678,6.704545454545454,602
53,58,111,1.0943396226415094,48
19,601,620,31.63157894736842,616
11,11,22,1.0,1
1505,418,1923,0.2777408637873754,611
6,10,16,1.6666666666666667,1
1581,716,2297,0.45287792536369387,727
31,290,321,9.35483870967742,304
10,543,553,54.3,568
12,304,316,25.333333333333332,263
7,182,189,26.0,186
89,48,137,0.5393258426966292,35
1265,575,1840,0.45454545454545453,595
10,392,402,39.2,329
20,858,878,42.9,864
23,160,183,6.956521739130435,163
76,806,882,10.605263157894736,817
76,112,188,1.4736842105263157,109
10,261,271,26.1,271
10,360,370,36.0,329
1,10,11,10.0,1
99,670,769,6.767676767676767,678
3453,574,4027,0.1662322618013322,318
13,477,490,36.69230769230769,495
6,232,238,38.666666666666664,241
31,178,209,5.741935483870968,257
14,515,529,36.785714285714285,536
19,380,399,20.0,401
21,524,545,24.952380952380953,546
18,150,168,8.333333333333334,148
97,110,207,1.134020618556701,105
23,938,961,40.78260869565217,939
532,304,836,0.5714285714285714,315
17,366,383,21.529411764705884,387
24,690,714,28.75,707
15,359,374,23.933333333333334,119
27,13,40,0.48148148148148145,1
15,239,254,15.933333333333334,167
68,67,135,0.9852941176470589,58
18,59,77,3.2777777777777777,51
18,330,348,18.333333333333332,344
317,119,436,0.3753943217665615,120
115,244,359,2.121739130434783,260
139,434,573,3.1223021582733814,452
28,154,182,5.5,157
2206,2,2208,0.0009066183136899365,1
7,152,159,21.714285714285715,153
815,158,973,0.19386503067484662,160
11,688,699,62.54545454545455,704
362,154,516,0.425414364640884,22
14,228,242,16.285714285714285,232
1,10,11,10.0,1
184,18,202,0.09782608695652174,5
145,414,559,2.8551724137931034,432
1,10,11,10.0,1
117,425,542,3.6324786324786325,446
352,243,595,0.6903409090909091,257
114,903,1017,7.921052631578948,911
30,119,149,3.966666666666667,117
26,55,81,2.1153846153846154,41
31,191,222,6.161290322580645,198
16,668,684,41.75,678
15,79,94,5.266666666666667,72
344,399,743,1.1598837209302326,400
66,32,98,0.48484848484848486,12
60,411,471,6.85,433
1597,944,2541,0.5911083281152161,961
7,80,87,11.428571428571429,70
1,10,11,10.0,1
56,687,743,12.267857142857142,700
16,496,512,31.0,518
705,465,1170,0.6595744680851063,884
32,464,496,14.5,485
2842,35,2877,0.012315270935960592,20
21,146,167,6.9523809523809526,147
252,780,1032,3.0952380952380953,782
446,837,1283,1.8766816143497758,850
33,314,347,9.515151515151516,330
17,565,582,33.23529411764706,586
58,7,65,0.1206896551724138,1
67,341,408,5.08955223880597,361
1,10,11,10.0,1
124,192,316,1.5483870967741935,196
9,244,253,27.11111111111111,182
1543,8,1551,0.005184705119896306,1
68,272,340,4.0,283
977,857,1834,0.8771750255885363,860
9,187,196,20.77777777777778,196
26,442,468,17.0,446
21,249,270,11.857142857142858,260
2550,406,2956,0.1592156862745098,426
17,465,482,27.352941176470587,486
10,395,405,39.5,414
22,142,164,6.454545454545454,146
39,184,223,4.717948717948718,186
13,95,108,7.3076923076923075,90
743,420,1163,0.5652759084791387,439
12,86,98,7.166666666666667,81
14,128,142,9.142857142857142,127
26,310,336,11.923076923076923,328
38,361,399,9.5,382
55,3,58,0.05454545454545454,1
3,240,243,80.0,248
6,261,267,43.5,275
44,41,85,0.9318181818181818,27
102,630,732,6.176470588235294,642
90,482,572,5.355555555555555,504
14,237,251,16.928571428571427,243
86,356,442,4.1395348837209305,378
18,189,207,10.5,191
13,732,745,56.30769230769231,736
190,671,861,3.531578947368421,679
1,438,439,438.0,435
15,360,375,24.0,376
337,917,1254,2.72106824925816,920
12,391,403,32.583333333333336,416
737,292,1029,0.39620081411126185,305
745,457,1202,0.6134228187919463,474
20,300,320,15.0,314
73,414,487,5.671232876712328,436
239,307,546,1.284518828451883,319
32,660,692,20.625,671
20,324,344,16.2,341
531,644,1175,1.2128060263653484,668
137,511,648,3.72992700729927,530
34,160,194,4.705882352941177,161
11,109,120,9.909090909090908,107
9,555,564,61.666666666666664,577
15,34,49,2.2666666666666666,20
25,3,28,0.12,1
24,248,272,10.333333333333334,257
17,80,97,4.705882352941177,73
25,52,77,2.08,41
319,366,685,1.1473354231974922,385
110,207,317,1.8818181818181818,213
15,329,344,21.933333333333334,344
1,10,11,10.0,1
784,193,977,0.2461734693877551,201
199,502,701,2.522613065326633,305
54,94,148,1.7407407407407407,88
16,435,451,27.1875,459
1478,13,1491,0.008795669824086604,1
16,348,364,21.75,365
29,556,585,19.17241379310345,580
10,147,157,14.7,145
160,48,208,0.3,37
1,561,562,561.0,432
26,37,63,1.4230769230769231,23
52,374,426,7.1923076923076925,398
17,366,383,21.529411764705884,387
42,97,139,2.3095238095238093,89
6,3,9,0.5,1
2,179,181,89.5,185
679,265,944,0.390279823269514,276
105,492,597,4.685714285714286,510
12,466,478,38.833333333333336,486
10,396,406,39.6,415
26,377,403,14.5,399
1774,18,1792,0.010146561443066516,2
295,637,932,2.159322033898305,647
11,321,332,29.181818181818183,342
94,253,347,2.6914893617021276,265
8,51,59,6.375,42
20,849,869,42.45,696
8,63,71,7.875,52
49,503,552,10.26530612244898,529
14,290,304,20.714285714285715,303
15,254,269,16.933333333333334,267
42,279,321,6.642857142857143,286
11,532,543,48.36363636363637,553
163,40,203,0.24539877300613497,31
7,47,54,6.714285714285714,34
938,170,1108,0.1812366737739872,174
18,174,192,9.666666666666666,133
26,331,357,12.73076923076923,345
9,24,33,2.6666666666666665,9
2,10,12,5.0,1
145,69,214,0.47586206896551725,59
16,248,264,15.5,261
225,4,229,0.017777777777777778,1
13,294,307,22.615384615384617,312
13,155,168,11.923076923076923,155
25,353,378,14.12,371
146,243,389,1.6643835616438356,360
666,288,954,0.43243243243243246,305
39,207,246,5.3076923076923075,210
16,543,559,33.9375,565
71,37,108,0.5211267605633803,20
26,394,420,15.153846153846153,413
8,192,200,24.0,200
124,44,168,0.3548387096774194,33
944,66,1010,0.06991525423728813,57
15,400,415,26.666666666666668,419
77,346,423,4.4935064935064934,363
14,261,275,18.642857142857142,273
7,90,97,12.857142857142858,86
1153,123,1276,0.10667823070251518,120
14,216,230,15.428571428571429,220
3681,20,3701,0.0054333061668024995,5
19,354,373,18.63157894736842,364
15,265,280,17.666666666666668,274
11,364,375,33.09090909090909,386
60,51,111,0.85,45
165,327,492,1.981818181818182,344
1176,357,1533,0.30357142857142855,376
14,453,467,32.357142857142854,471
25,208,233,8.32,213
21,117,138,5.571428571428571,111
19,931,950,49.0,943
18,441,459,24.5,467
106,517,623,4.877358490566038,654
6,104,110,17.333333333333332,100
70,503,573,7.185714285714286,314
21,265,286,12.619047619047619,278
35,253,288,7.228571428571429,261
80,248,328,3.1,255
52,31,83,0.5961538461538461,18
2,11,13,5.5,1
9,312,321,34.666666666666664,333
9,389,398,43.22222222222222,409
436,545,981,1.25,567
487,36,523,0.07392197125256673,22
34,537,571,15.794117647058824,558
5,292,297,58.4,301
291,372,663,1.2783505154639174,388
33,34,67,1.0303030303030303,18
37,510,547,13.783783783783784,532
588,219,807,0.37244897959183676,231
53,433,486,8.169811320754716,451
28,74,102,2.642857142857143,72
113,856,969,7.575221238938053,861
4,166,170,41.5,224
14,378,392,27.0,394
1045,171,1216,0.16363636363636364,175
1330,831,2161,0.6248120300751879,839
13,510,523,39.23076923076923,533
15,446,461,29.733333333333334,473
205,47,252,0.22926829268292684,17
192,285,477,1.484375,295
14,409,423,29.214285714285715,154
23,364,387,15.826086956521738,387
3409,184,3593,0.053974772660604284,188
38,405,443,10.657894736842104,428
53,432,485,8.150943396226415,349
96,815,911,8.489583333333334,818
10,873,883,87.3,727
83,214,297,2.5783132530120483,222
7,209,216,29.857142857142858,215
11,598,609,54.36363636363637,617
105,207,312,1.9714285714285715,212
37,3,40,0.08108108108108109,1
16,380,396,23.75,398
1025,235,1260,0.22926829268292684,245
10,9,19,0.9,1
209,262,471,1.2535885167464116,276
5,194,199,38.8,198
5,115,120,23.0,111
10,227,237,22.7,233
152,304,456,2.0,319
11,246,257,22.363636363636363,252
1,10,11,10.0,1
87,141,228,1.6206896551724137,146
46,130,176,2.8260869565217392,131
10,593,603,59.3,297
30,71,101,2.3666666666666667,61
149,808,957,5.422818791946309,817
1491,170,1661,0.11401743796109994,174
12,645,657,53.75,660
14,168,182,12.0,169
155,249,404,1.6064516129032258,262
3335,438,3773,0.1313343328335832,460
7,281,288,40.142857142857146,294
38,372,410,9.789473684210526,389
335,53,388,0.1582089552238806,42
24,477,501,19.875,496
56,109,165,1.9464285714285714,415
50,384,434,7.68,400
41,738,779,18.0,744
18,495,513,27.5,514
5,261,266,52.2,274
67,399,466,5.955223880597015,418
9,282,291,31.333333333333332,294
546,178,724,0.326007326007326,184
6,63,69,10.5,230
33,258,291,7.818181818181818,269
50,156,206,3.12,66
15,465,480,31.0,491
8,51,59,6.375,42
20,277,297,13.85,331
28,626,654,22.357142857142858,640
31,4,35,0.12903225806451613,1
10,273,283,27.3,285
4,57,61,14.25,50
5,482,487,96.4,504
306,846,1152,2.764705882352941,856
298,794,1092,2.664429530201342,791
41,756,797,18.4390243902439,763
338,597,935,1.7662721893491125,611
88,560,648,6.363636363636363,578
16,180,196,11.25,181
13,209,222,16.076923076923077,261
82,225,307,2.7439024390243905,231
1,416,417,416.0,435
40,175,215,4.375,176
26,674,700,25.923076923076923,685
29,727,756,25.06896551724138,738
73,585,658,8.013698630136986,602
11,133,144,12.090909090909092,135
4,218,222,54.5,225
66,16,82,0.24242424242424243,1
26,248,274,9.538461538461538,254
157,110,267,0.7006369426751592,110
25,388,413,15.52,408
12,506,518,42.166666666666664,529
51,927,978,18.176470588235293,938
13,243,256,18.692307692307693,255
10,224,234,22.4,233
40,1017,1057,25.425,1006
259,568,827,2.193050193050193,583
471,258,729,0.5477707006369427,269
7,96,103,13.714285714285714,149
1,10,11,10.0,1
457,680,1137,1.487964989059081,696
10,270,280,27.0,281
397,340,737,0.8564231738035264,363
15,849,864,56.6,862
96,683,779,7.114583333333333,701
675,607,1282,0.8992592592592593,621
9,389,398,43.22222222222222,409
43,376,419,8.744186046511627,396
44,543,587,12.340909090909092,566
31,756,787,24.387096774193548,759
8,109,117,13.625,102
37,592,629,16.0,604
397,33,430,0.08312342569269521,48
20,103,123,5.15,373
16,81,97,5.0625,75
31,316,347,10.193548387096774,334
844,544,1388,0.6445497630331753,63
14,169,183,12.071428571428571,171
2553,222,2775,0.08695652173913043,229
41,268,309,6.536585365853658,282
228,288,516,1.263157894736842,300
1269,9,1278,0.0070921985815602835,1
15,414,429,27.6,433
20,33,53,1.65,18
25,354,379,14.16,370
25,304,329,12.16,319
1101,543,1644,0.49318801089918257,561
39,271,310,6.948717948717949,283
15,389,404,25.933333333333334,407
32,485,517,15.15625,507
13,534,547,41.07692307692308,553
46,318,364,6.913043478260869,334
15,170,185,11.333333333333334,173
14,187,201,13.357142857142858,190
15,330,345,22.0,347
908,187,1095,0.20594713656387664,190
166,89,255,0.536144578313253,81
1069,216,1285,0.20205799812909261,221
14,303,317,21.642857142857142,321
28,281,309,10.035714285714286,292
81,325,406,4.012345679012346,341
65,28,93,0.4307692307692308,13
25,24,49,0.96,10
1164,786,1950,0.6752577319587629,684
35,109,144,3.1142857142857143,105
64,200,264,3.125,203
14,222,236,15.857142857142858,231
22,536,558,24.363636363636363,557
568,186,754,0.3274647887323944,246
434,122,556,0.28110599078341014,120
38,508,546,13.368421052631579,530
13,190,203,14.615384615384615,195
22,797,819,36.22727272727273,800
221,44,265,0.19909502262443438,33
19,336,355,17.68421052631579,354
8,110,118,13.75,108
144,413,557,2.8680555555555554,432
30,375,405,12.5,293
1692,778,2470,0.4598108747044917,777
1666,195,1861,0.117046818727491,204
2302,33,2335,0.014335360556038228,20
5,106,111,21.2,104
20,423,443,21.15,444
100,242,342,2.42,251
444,757,1201,1.704954954954955,759
100,518,618,5.18,491
58,29,87,0.5,17
7,206,213,29.428571428571427,212
74,31,105,0.4189189189189189,25
79,582,661,7.367088607594937,603
118,111,229,0.940677966101695,108
14,311,325,22.214285714285715,331
18,74,92,4.111111111111111,65
156,98,254,0.6282051282051282,92
15,362,377,24.133333333333333,382
16,289,305,18.0625,307
29,291,320,10.03448275862069,306
9,106,115,11.777777777777779,103
58,335,393,5.775862068965517,354
376,602,978,1.601063829787234,617
6,941,947,156.83333333333334,969
5,177,182,35.4,181
15,207,222,13.8,218
19,87,106,4.578947368421052,78
226,161,387,0.7123893805309734,165
72,729,801,10.125,733
20,273,293,13.65,282
14,124,138,8.857142857142858,120
83,351,434,4.228915662650603,373
17,512,529,30.11764705882353,541
910,324,1234,0.35604395604395606,340
49,486,535,9.918367346938776,507
97,598,695,6.164948453608248,617
15,87,102,5.8,80
11,117,128,10.636363636363637,115
5,96,101,19.2,91
10,855,865,85.5,867
36,264,300,7.333333333333333,276
11,227,238,20.636363636363637,237
67,288,355,4.298507462686567,300
79,453,532,5.734177215189874,471
21,693,714,33.0,705
105,41,146,0.3904761904761905,25
30,320,350,10.666666666666666,340
2710,75,2785,0.027675276752767528,64
68,469,537,6.897058823529412,491
245,422,667,1.7224489795918367,443
23,260,283,11.304347826086957,273
14,493,507,35.214285714285715,514
501,90,591,0.17964071856287425,83
1039,1059,2098,1.0192492781520692,1006
5,72,77,14.4,68
1,40,41,40.0,1
70,154,224,2.2,156
1131,187,1318,0.16534040671971706,194
77,633,710,8.220779220779221,649
48,280,328,5.833333333333333,293
59,43,102,0.7288135593220338,34
133,463,596,3.481203007518797,477
65,44,109,0.676923076923077,33
388,225,613,0.5798969072164949,233
20,417,437,20.85,438
85,501,586,5.894117647058824,519
80,522,602,6.525,546
16,495,511,30.9375,513
120,25,145,0.20833333333333334,10
4,28,32,7.0,9
151,246,397,1.6291390728476822,255
800,766,1566,0.9575,773
14,299,313,21.357142857142858,315
25,825,850,33.0,834
15,225,240,15.0,233
36,312,348,8.666666666666666,325
28,97,125,3.4642857142857144,93
1,10,11,10.0,1
805,518,1323,0.6434782608695652,541
85,60,145,0.7058823529411765,49
26,406,432,15.615384615384615,430
10,314,324,31.4,327
11,281,292,25.545454545454547,294
1386,665,2051,0.4797979797979798,679
2546,404,2950,0.1586802827965436,419
34,762,796,22.41176470588235,767
17,279,296,16.41176470588235,287
22,601,623,27.318181818181817,611
20,441,461,22.05,464
32,352,384,11.0,371
66,508,574,7.696969696969697,530
18,352,370,19.555555555555557,476
309,695,1004,2.249190938511327,699
12,117,129,9.75,112
767,590,1357,0.7692307692307693,603
16,180,196,11.25,182
11,327,338,29.727272727272727,341
12,291,303,24.25,304
22,263,285,11.954545454545455,275
1937,344,2281,0.17759421786267424,368
2503,950,3453,0.37954454654414704,963
203,428,631,2.1083743842364533,407
849,916,1765,1.0789163722025912,923
16,215,231,13.4375,223
11,171,182,15.545454545454545,171
1293,953,2246,0.737045630317092,1006
66,284,350,4.303030303030303,275
383,349,732,0.9112271540469974,399
57,132,189,2.3157894736842106,131
9,486,495,54.0,505
43,274,317,6.372093023255814,288
12,330,342,27.5,348
9,22,31,2.4444444444444446,7
31,507,538,16.35483870967742,530
180,132,312,0.7333333333333333,126
25,582,607,23.28,599
28,167,195,5.964285714285714,163
1549,16,1565,0.010329244673983214,4
24,235,259,9.791666666666666,240
313,250,563,0.7987220447284346,262
18,265,283,14.722222222222221,277
15,153,168,10.2,150
35,181,216,5.171428571428572,184
3507,43,3550,0.012261191901910464,29
1,40,41,40.0,1
11,518,529,47.09090909090909,542
11,558,569,50.72727272727273,575
116,415,531,3.5775862068965516,438
15,126,141,8.4,318
124,192,316,1.5483870967741935,196
9,152,161,16.88888888888889,154
19,449,468,23.63157894736842,470
6,119,125,19.833333333333332,115
7,397,404,56.714285714285715,423
30,892,922,29.733333333333334,899
9,131,140,14.555555555555555,134
20,247,267,12.35,192
14,487,501,34.785714285714285,508
23,201,224,8.73913043478261,209
125,791,916,6.328,801
12,461,473,38.416666666666664,483
30,356,386,11.866666666666667,375
351,953,1304,2.715099715099715,514
14,201,215,14.357142857142858,203
20,191,211,9.55,199
461,348,809,0.754880694143167,366
13,214,227,16.46153846153846,222
12,285,297,23.75,298
20,335,355,16.75,353
635,381,1016,0.6,397
16,86,102,5.375,80
10,397,407,39.7,277
13,152,165,11.692307692307692,154
48,220,268,4.583333333333333,224
13,758,771,58.30769230769231,765
23,220,243,9.565217391304348,227
518,375,893,0.7239382239382239,75
3512,93,3605,0.026480637813211846,86
1021,222,1243,0.21743388834476005,233
22,390,412,17.727272727272727,408
17,86,103,5.0588235294117645,357
28,52,80,1.8571428571428572,94
5,525,530,105.0,544
21,238,259,11.333333333333334,305
130,501,631,3.853846153846154,521
82,488,570,5.951219512195122,511
379,914,1293,2.411609498680739,959
817,654,1471,0.8004895960832313,666
64,46,110,0.71875,34
13,442,455,34.0,463
80,33,113,0.4125,18
15,359,374,23.933333333333334,377
15,271,286,18.066666666666666,284
8,269,277,33.625,285
8,238,246,29.75,248
13,332,345,25.53846153846154,350
760,365,1125,0.48026315789473684,198
15,154,169,10.266666666666667,159
38,17,55,0.4473684210526316,2
373,303,676,0.8123324396782842,314
261,164,425,0.6283524904214559,114
17,168,185,9.882352941176471,172
8,322,330,40.25,345
19,86,105,4.526315789473684,79
99,156,255,1.5757575757575757,159
71,80,151,1.1267605633802817,66
19,670,689,35.26315789473684,682
32,83,115,2.59375,75
10,172,182,17.2,178
20,412,432,20.6,436
7,16,23,2.2857142857142856,1
9,494,503,54.888888888888886,518
29,408,437,14.068965517241379,428
43,779,822,18.11627906976744,781
15,141,156,9.4,141
58,289,347,4.982758620689655,303
14,162,176,11.571428571428571,160
92,573,665,6.228260869565218,590
1,10,11,10.0,1
3,362,365,120.66666666666667,384
231,99,330,0.42857142857142855,91
283,18,301,0.0636042402826855,1
460,268,728,0.5826086956521739,279
312,238,550,0.7628205128205128,247
211,483,694,2.2890995260663507,499
18,246,264,13.666666666666666,258
9,53,62,5.888888888888889,39
29,13,42,0.4482758620689655,1
29,117,146,4.0344827586206895,105
10,444,454,44.4,466
15,191,206,12.733333333333333,189
34,399,433,11.735294117647058,421
59,554,613,9.389830508474576,575
1547,195,1742,0.12605042016806722,200
13,30,43,2.3076923076923075,14
15,43,58,2.8666666666666667,29
69,448,517,6.492753623188406,469
214,273,487,1.2757009345794392,285
11,261,272,23.727272727272727,271
14,4,18,0.2857142857142857,1
17,261,278,15.352941176470589,274
87,357,444,4.103448275862069,373
98,280,378,2.857142857142857,290
79,583,662,7.379746835443038,385
17,269,286,15.823529411764707,279
32,78,110,2.4375,74
31,375,406,12.096774193548388,394
3,45,48,15.0,34
17,320,337,18.823529411764707,343
1113,236,1349,0.21203953279424978,246
443,18,461,0.040632054176072234,11
339,462,801,1.3628318584070795,484
3,159,162,53.0,161
38,252,290,6.631578947368421,391
48,875,923,18.229166666666668,877
103,933,1036,9.058252427184467,941
1179,1022,2201,0.8668363019508057,1006
904,293,1197,0.3241150442477876,302
117,85,202,0.7264957264957265,78
15,634,649,42.266666666666666,648
119,165,284,1.3865546218487395,167
138,763,901,5.528985507246377,774
201,860,1061,4.278606965174129,869
7,819,826,117.0,819
100,10,110,0.1,1
1236,871,2107,0.7046925566343042,871
8,8,16,1.0,1
213,924,1137,4.338028169014085,853
34,825,859,24.264705882352942,611
37,411,448,11.108108108108109,429
10,328,338,32.8,347
219,5,224,0.0228310502283105,1
92,4,96,0.043478260869565216,1
37,359,396,9.702702702702704,387
984,276,1260,0.2804878048780488,255
45,185,230,4.111111111111111,417
34,272,306,8.0,283
72,494,566,6.861111111111111,510
16,68,84,4.25,58
2496,514,3010,0.20592948717948717,531
15,204,219,13.6,210
23,44,67,1.9130434782608696,32
1164,577,1741,0.4957044673539519,684
441,312,753,0.7074829931972789,325
6,142,148,23.666666666666668,140
74,325,399,4.391891891891892,341
95,76,171,0.8,67
106,279,385,2.6320754716981134,287
57,218,275,3.824561403508772,224
925,106,1031,0.11459459459459459,94
88,423,511,4.806818181818182,438
26,186,212,7.153846153846154,188
35,209,244,5.9714285714285715,218
177,543,720,3.0677966101694913,563
6,272,278,45.333333333333336,286
89,310,399,3.4831460674157304,325
2,6,8,3.0,1
19,184,203,9.68421052631579,185
39,364,403,9.333333333333334,382
16,162,178,10.125,164
272,209,481,0.7683823529411765,216
155,331,486,2.1354838709677417,346
7,494,501,70.57142857142857,508
702,712,1414,1.0142450142450143,721
107,126,233,1.1775700934579438,89
2040,1003,3043,0.49166666666666664,628
22,589,611,26.772727272727273,607
1196,309,1505,0.2583612040133779,323
7,319,326,45.57142857142857,338
1565,822,2387,0.5252396166134186,542
17,274,291,16.11764705882353,292
47,352,399,7.48936170212766,368
20,130,150,6.5,128
74,317,391,4.283783783783784,333
509,147,656,0.2888015717092338,146
46,281,327,6.108695652173913,291
7,163,170,23.285714285714285,149
646,38,684,0.058823529411764705,28
1547,15,1562,0.009696186166774402,1
254,222,476,0.8740157480314961,227
629,6,635,0.009538950715421303,1
26,482,508,18.53846153846154,499
21,80,101,3.8095238095238093,74
461,832,1293,1.8047722342733188,842
551,233,784,0.42286751361161523,243
13,356,369,27.384615384615383,375
11,387,398,35.18181818181818,408
13,303,316,23.307692307692307,324
90,24,114,0.26666666666666666,9
19,56,75,2.9473684210526314,46
9,211,220,23.444444444444443,217
24,432,456,18.0,447
55,729,784,13.254545454545454,461
76,728,804,9.578947368421053,736
14,1038,1052,74.14285714285714,1006
449,599,1048,1.334075723830735,616
8,342,350,42.75,362
6,173,179,28.833333333333332,174
413,146,559,0.35351089588377727,144
1575,968,2543,0.6146031746031746,1006
17,94,111,5.529411764705882,90
30,256,286,8.533333333333333,263
24,404,428,16.833333333333332,423
17,84,101,4.9411764705882355,76
2568,124,2692,0.048286604361370715,119
159,298,457,1.8742138364779874,545
5,41,46,8.2,28
927,772,1699,0.8327939590075513,775
1499,334,1833,0.2228152101400934,349
416,287,703,0.6899038461538461,302
1,10,11,10.0,1
13,286,299,22.0,302
11,260,271,23.636363636363637,105
1,10,11,10.0,1
24,116,140,4.833333333333333,112
74,327,401,4.418918918918919,344
24,659,683,27.458333333333332,664
825,99,924,0.12,94
117,967,1084,8.264957264957266,922
17,351,368,20.647058823529413,373
15,274,289,18.266666666666666,289
49,13,62,0.2653061224489796,1
8,374,382,46.75,394
670,3,673,0.004477611940298508,1
249,10,259,0.040160642570281124,1
18,381,399,21.166666666666668,405
193,147,340,0.7616580310880829,144
177,578,755,3.2655367231638417,602
1187,191,1378,0.16090985678180286,138
4,304,308,76.0,321
742,78,820,0.10512129380053908,74
5,250,255,50.0,295
139,421,560,3.028776978417266,443
25,230,255,9.2,238
12,459,471,38.25,481
11,223,234,20.272727272727273,235
26,158,184,6.076923076923077,158
215,271,486,1.2604651162790699,200
98,742,840,7.571428571428571,747
10,481,491,48.1,504
584,318,902,0.5445205479452054,332
17,20,37,1.1764705882352942,5
27,692,719,25.62962962962963,702
17,326,343,19.176470588235293,211
6,121,127,20.166666666666668,121
307,70,377,0.2280130293159609,61
141,264,405,1.872340425531915,279
2,125,127,62.5,124
6,941,947,156.83333333333334,969
6,186,192,31.0,183
17,234,251,13.764705882352942,243
731,332,1063,0.454172366621067,349
9,24,33,2.6666666666666665,14
12,103,115,8.583333333333334,98
25,472,497,18.88,491
81,374,455,4.617283950617284,659
28,419,447,14.964285714285714,437
20,163,183,8.15,166
5,278,283,55.6,287
21,36,57,1.7142857142857142,271
28,170,198,6.071428571428571,174
12,215,227,17.916666666666668,225
13,662,675,50.92307692307692,669
38,35,73,0.9210526315789473,18
176,772,948,4.386363636363637,769
22,373,395,16.954545454545453,393
37,353,390,9.54054054054054,373
22,450,472,20.454545454545453,472
16,641,657,40.0625,656
920,941,1861,1.0228260869565218,952
16,254,270,15.875,263
31,42,73,1.3548387096774193,29
61,324,385,5.311475409836065,342
768,34,802,0.044270833333333336,20
17,184,201,10.823529411764707,187
330,964,1294,2.9212121212121214,327
58,385,443,6.637931034482759,401
2087,22,2109,0.010541447053186392,6
132,385,517,2.9166666666666665,405
100,45,145,0.45,32
15,287,302,19.133333333333333,295
84,224,308,2.6666666666666665,229
90,35,125,0.3888888888888889,57
513,37,550,0.07212475633528265,28
18,407,425,22.61111111111111,426
423,314,737,0.7423167848699763,329
24,517,541,21.541666666666668,537
28,494,522,17.642857142857142,514
14,358,372,25.571428571428573,370
180,39,219,0.21666666666666667,31
73,83,156,1.1369863013698631,79
21,479,500,22.80952380952381,496
25,3,28,0.12,1
5,506,511,101.2,418
7,292,299,41.714285714285715,307
20,282,302,14.1,298
7,102,109,14.571428571428571,149
1,10,11,10.0,1
7,378,385,54.0,401
21,251,272,11.952380952380953,320
6,272,278,45.333333333333336,288
838,77,915,0.09188544152744631,70
2038,104,2142,0.05103042198233562,508
35,548,583,15.657142857142857,567
14,192,206,13.714285714285714,193
111,400,511,3.6036036036036037,422
47,162,209,3.4468085106382977,168
80,643,723,8.0375,655
38,174,212,4.578947368421052,175
136,990,1126,7.279411764705882,1006
2247,429,2676,0.1909212283044059,448
14,22,36,1.5714285714285714,7
1140,374,1514,0.3280701754385965,394
21,449,470,21.38095238095238,467
25,188,213,7.52,193
6,507,513,84.5,536
7,116,123,16.571428571428573,111
2,10,12,5.0,1
2476,278,2754,0.1122778675282714,291
83,857,940,10.325301204819278,850
55,574,629,10.436363636363636,593
49,478,527,9.755102040816327,500
307,282,589,0.9185667752442996,297
6,31,37,5.166666666666667,16
27,489,516,18.11111111111111,515
2,89,91,44.5,83
46,318,364,6.913043478260869,334
11,169,180,15.363636363636363,168
389,612,1001,1.5732647814910026,624
380,318,698,0.8368421052631579,330
45,217,262,4.822222222222222,225
110,191,301,1.7363636363636363,197
24,196,220,8.166666666666666,200
16,786,802,49.125,790
123,97,220,0.7886178861788617,94
36,384,420,10.666666666666666,408
8,368,376,46.0,392
17,27,44,1.588235294117647,115
155,530,685,3.4193548387096775,548
35,201,236,5.742857142857143,205
1,552,553,552.0,435
891,277,1168,0.3108866442199775,290
41,352,393,8.585365853658537,371
65,55,120,0.8461538461538461,48
170,140,310,0.8235294117647058,141
131,698,829,5.32824427480916,717
20,181,201,9.05,184
88,415,503,4.715909090909091,350
34,973,1007,28.61764705882353,440
520,441,961,0.8480769230769231,394
9,325,334,36.111111111111114,338
80,884,964,11.05,889
22,262,284,11.909090909090908,316
71,162,233,2.2816901408450705,165
3,11,14,3.6666666666666665,1
33,916,949,27.757575757575758,927
15,402,417,26.8,423
16,54,70,3.375,45
30,205,235,6.833333333333333,208
40,417,457,10.425,441
44,287,331,6.5227272727272725,301
24,391,415,16.291666666666668,407
410,901,1311,2.1975609756097563,902
1200,452,1652,0.37666666666666665,474
6,318,324,53.0,338
1,10,11,10.0,1
38,710,748,18.68421052631579,721
87,970,1057,11.149425287356323,1006
71,112,183,1.5774647887323943,108
57,581,638,10.192982456140351,599
16,340,356,21.25,480
14,107,121,7.642857142857143,100
1031,650,1681,0.6304558680892337,634
2,47,49,23.5,32
7,318,325,45.42857142857143,337
411,473,884,1.1508515815085159,483
23,366,389,15.91304347826087,388
7,331,338,47.285714285714285,350
408,275,683,0.6740196078431373,287
161,271,432,1.6832298136645962,284
14,180,194,12.857142857142858,185
6,35,41,5.833333333333333,22
30,384,414,12.8,400
66,119,185,1.803030303030303,173
33,237,270,7.181818181818182,244
2055,292,2347,0.14209245742092458,308
8,747,755,93.375,747
1283,856,2139,0.6671862821512081,867
70,124,194,1.7714285714285714,122
141,345,486,2.4468085106382977,366
34,59,93,1.7352941176470589,51
80,434,514,5.425,661
1101,543,1644,0.49318801089918257,561
1,37,38,37.0,5
22,98,120,4.454545454545454,91
12,57,69,4.75,50
82,55,137,0.6707317073170732,44
1768,176,1944,0.09954751131221719,184
539,280,819,0.5194805194805194,291
11,159,170,14.454545454545455,162
11,714,725,64.9090909090909,728
15,378,393,25.2,400
38,496,534,13.052631578947368,478
18,624,642,34.666666666666664,640
9,46,55,5.111111111111111,35
10,67,77,6.7,112
663,36,699,0.05429864253393665,25
7,638,645,91.14285714285714,187
10,617,627,61.7,631
231,79,310,0.341991341991342,70
36,799,835,22.194444444444443,797
32,660,692,20.625,671
1029,459,1488,0.446064139941691,482
48,341,389,7.104166666666667,360
18,38,56,2.111111111111111,25
24,298,322,12.416666666666666,313
15,357,372,23.8,429
881,46,927,0.05221339387060159,33
252,620,872,2.4603174603174605,629
514,191,705,0.3715953307392996,195
62,250,312,4.032258064516129,358
10,113,123,11.3,108
16,338,354,21.125,358
14,207,221,14.785714285714286,236
4,263,267,65.75,281
403,174,577,0.4317617866004963,179
156,108,264,0.6923076923076923,100
6,11,17,1.8333333333333333,1
23,428,451,18.608695652173914,425
49,608,657,12.408163265306122,623
11,237,248,21.545454545454547,246
18,64,82,3.5555555555555554,53
15,27,42,1.8,15
13,742,755,57.07692307692308,744
149,460,609,3.087248322147651,702
15,371,386,24.733333333333334,385
357,178,535,0.49859943977591037,181
42,306,348,7.285714285714286,320
25,441,466,17.64,460
21,228,249,10.857142857142858,239
6,308,314,51.333333333333336,322
14,518,532,37.0,537
245,107,352,0.43673469387755104,370
41,710,751,17.317073170731707,717
75,109,184,1.4533333333333334,105
12,187,199,15.583333333333334,187
19,255,274,13.421052631578947,266
160,107,267,0.66875,101
39,107,146,2.7435897435897436,104
8,104,112,13.0,100
3,5,8,1.6666666666666667,1
25,331,356,13.24,348
174,44,218,0.25287356321839083,33
1827,144,1971,0.07881773399014778,139
100,124,224,1.24,122
2327,218,2545,0.09368285345938977,233
75,63,138,0.84,53
139,148,287,1.064748201438849,366
37,102,139,2.7567567567567566,96
3,97,100,32.333333333333336,92
31,312,343,10.064516129032258,327
44,846,890,19.227272727272727,852
10,119,129,11.9,117
116,448,564,3.8620689655172415,463
347,4,351,0.011527377521613832,1
8,374,382,46.75,394
16,355,371,22.1875,373
42,496,538,11.80952380952381,517
4,301,305,75.25,317
10,473,483,47.3,491
666,288,954,0.43243243243243246,305
8,515,523,64.375,278
23,195,218,8.478260869565217,200
58,364,422,6.275862068965517,382
36,46,82,1.2777777777777777,36
21,634,655,30.19047619047619,646
16,647,663,40.4375,658
675,6,681,0.008888888888888889,1
78,42,120,0.5384615384615384,32
1821,34,1855,0.018671059857221308,22
12,35,47,2.9166666666666665,22
9,66,75,7.333333333333333,57
327,252,579,0.7706422018348624,262
142,849,991,5.97887323943662,877
1618,412,2030,0.2546353522867738,433
41,554,595,13.512195121951219,577
21,247,268,11.761904761904763,256
610,242,852,0.39672131147540984,251
9,192,201,21.333333333333332,96
18,650,668,36.111111111111114,665
6,213,219,35.5,206
6,226,232,37.666666666666664,235
683,236,919,0.34553440702781846,245
16,318,334,19.875,333
6,105,111,17.5,102
61,391,452,6.409836065573771,399
24,34,58,1.4166666666666667,14
16,260,276,16.25,274
2,11,13,5.5,1
51,181,232,3.549019607843137,187
43,208,251,4.837209302325581,299
220,929,1149,4.222727272727273,930
31,301,332,9.709677419354838,315
16,227,243,14.1875,236
19,304,323,16.0,319
2342,240,2582,0.10247651579846286,248
30,109,139,3.6333333333333333,107
9,200,209,22.22222222222222,208
84,84,168,1.0,344
258,55,313,0.2131782945736434,46
11,239,250,21.727272727272727,246
26,436,462,16.76923076923077,459
1451,841,2292,0.5796002756719504,851
753,121,874,0.16069057104913678,118
107,103,210,0.9626168224299065,89
52,1090,1142,20.96153846153846,1006
518,204,722,0.3938223938223938,207
756,601,1357,0.794973544973545,613
143,415,558,2.902097902097902,434
35,97,132,2.7714285714285714,93
19,171,190,9.0,175
21,305,326,14.523809523809524,197
30,115,145,3.8333333333333335,112
13,154,167,11.846153846153847,158
1065,316,1381,0.29671361502347415,332
1183,251,1434,0.2121724429416737,304
19,473,492,24.894736842105264,495
15,393,408,26.2,418
91,403,494,4.428571428571429,422
184,10,194,0.05434782608695652,1
93,60,153,0.6451612903225806,50
1,10,11,10.0,1
2077,88,2165,0.04236880115551276,197
10,125,135,12.5,122
62,479,541,7.725806451612903,498
65,933,998,14.353846153846154,941
387,423,810,1.0930232558139534,443
23,393,416,17.08695652173913,414
161,338,499,2.099378881987578,358
40,228,268,5.7,234
10,223,233,22.3,228
11,854,865,77.63636363636364,860
140,454,594,3.242857142857143,489
184,140,324,0.7608695652173914,138
22,537,559,24.40909090909091,561
7,60,67,8.571428571428571,46
231,79,310,0.341991341991342,70
11,39,50,3.5454545454545454,26
2460,245,2705,0.09959349593495935,257
58,335,393,5.775862068965517,354
8,238,246,29.75,248
37,545,582,14.72972972972973,571
4,98,102,24.5,91
30,459,489,15.3,414
266,155,421,0.5827067669172933,157
985,792,1777,0.8040609137055837,793
138,108,246,0.782608695652174,104
1462,267,1729,0.1826265389876881,279
73,246,319,3.3698630136986303,258
8,108,116,13.5,105
295,375,670,1.271186440677966,391
54,190,244,3.5185185185185186,194
13,273,286,21.0,284
221,44,265,0.19909502262443438,33
7,94,101,13.428571428571429,89
241,65,306,0.2697095435684647,22
3956,2,3958,0.0005055611729019212,1
4,138,142,34.5,136
16,190,206,11.875,199
1898,45,1943,0.02370916754478398,35
566,431,997,0.7614840989399293,454
12,323,335,26.916666666666668,340
3,314,317,104.66666666666667,142
62,306,368,4.935483870967742,318
8,65,73,8.125,53
287,79,366,0.27526132404181186,74
34,59,93,1.7352941176470589,48
318,489,807,1.5377358490566038,515
642,422,1064,0.6573208722741433,455
65,605,670,9.307692307692308,615
41,777,818,18.951219512195124,781
14,428,442,30.571428571428573,455
117,331,448,2.8290598290598292,346
14,293,307,20.928571428571427,305
236,197,433,0.8347457627118644,202
36,467,503,12.972222222222221,487
28,313,341,11.178571428571429,331
2174,189,2363,0.08693652253909843,193
43,27,70,0.627906976744186,10
64,107,171,1.671875,104
30,241,271,8.033333333333333,250
100,45,145,0.45,32
62,815,877,13.14516129032258,810
14,270,284,19.285714285714285,280
53,276,329,5.2075471698113205,287
14,142,156,10.142857142857142,143
15,219,234,14.6,225
11,383,394,34.81818181818182,405
35,279,314,7.9714285714285715,294
5,766,771,153.2,771
20,274,294,13.7,286
1,10,11,10.0,1
15,262,277,17.466666666666665,273
6,360,366,60.0,380
25,134,159,5.36,137
53,150,203,2.830188679245283,361
35,178,213,5.085714285714285,179
47,107,154,2.276595744680851,107
11,855,866,77.72727272727273,862
30,298,328,9.933333333333334,312
14,370,384,26.428571428571427,422
603,180,783,0.29850746268656714,181
115,7,122,0.06086956521739131,1
22,1021,1043,46.40909090909091,1006
49,275,324,5.612244897959184,285
7,225,232,32.142857142857146,232
2047,963,3010,0.4704445530043967,856
36,46,82,1.2777777777777777,36
8,105,113,13.125,102
17,1130,1147,66.47058823529412,1006
168,286,454,1.7023809523809523,304
822,552,1374,0.6715328467153284,577
37,191,228,5.162162162162162,190
795,159,954,0.2,162
65,471,536,7.246153846153846,493
12,285,297,23.75,302
650,514,1164,0.7907692307692308,534
126,345,471,2.738095238095238,362
28,251,279,8.964285714285714,261
13,98,111,7.538461538461538,94
14,365,379,26.071428571428573,386
795,5,800,0.006289308176100629,1
1537,914,2451,0.5946649316851008,927
10,352,362,35.2,456
17,396,413,23.294117647058822,420
8,1008,1016,126.0,1006
14,118,132,8.428571428571429,114
11,111,122,10.090909090909092,107
341,888,1229,2.6041055718475072,895
25,525,550,21.0,547
9,239,248,26.555555555555557,248
15,232,247,15.466666666666667,236
45,382,427,8.488888888888889,405
24,223,247,9.291666666666666,236
12,309,321,25.75,323
127,862,989,6.78740157480315,869
6,10,16,1.6666666666666667,1
5,75,80,15.0,279
12,269,281,22.416666666666668,283
104,216,320,2.076923076923077,225
7,410,417,58.57142857142857,430
56,760,816,13.571428571428571,768
19,155,174,8.157894736842104,155
6,344,350,57.333333333333336,362
29,746,775,25.724137931034484,757
116,270,386,2.3275862068965516,421
88,170,258,1.9318181818181819,172
7,113,120,16.142857142857142,258
91,13,104,0.14285714285714285,1
25,309,334,12.36,322
25,384,409,15.36,400
23,165,188,7.173913043478261,168
571,71,642,0.1243432574430823,56
171,193,364,1.128654970760234,207
27,283,310,10.481481481481481,298
12,488,500,40.666666666666664,502
35,548,583,15.657142857142857,567
65,62,127,0.9538461538461539,52
14,302,316,21.571428571428573,318
646,1734,2380,2.6842105263157894,1006
312,482,794,1.544871794871795,492
337,370,707,1.0979228486646884,389
3221,33,3254,0.010245265445513815,19
15,269,284,17.933333333333334,417
35,367,402,10.485714285714286,384
30,40,70,1.3333333333333333,35
628,789,1417,1.2563694267515924,793
13,287,300,22.076923076923077,302
52,298,350,5.730769230769231,319
75,29,104,0.38666666666666666,14
95,25,120,0.2631578947368421,10
8,359,367,44.875,385
24,229,253,9.541666666666666,237
2,6,8,3.0,1
24,429,453,17.875,450
35,244,279,6.9714285714285715,254
356,578,934,1.6235955056179776,590
121,355,476,2.9338842975206614,375
50,812,862,16.24,818
23,210,233,9.130434782608695,218
23,346,369,15.043478260869565,356
17,139,156,8.176470588235293,139
1021,902,1923,0.8834476003917727,907
4,8,12,2.0,1
69,454,523,6.579710144927536,474
99,475,574,4.797979797979798,496
5,11,16,2.2,1
98,340,438,3.4693877551020407,360
684,472,1156,0.6900584795321637,485
30,77,107,2.566666666666667,70
9,256,265,28.444444444444443,268
623,249,872,0.3996789727126806,390
1488,148,1636,0.09946236559139784,148
59,255,314,4.322033898305085,268
13,171,184,13.153846153846153,173
581,131,712,0.22547332185886404,130
7,212,219,30.285714285714285,217
91,13,104,0.14285714285714285,1
87,319,406,3.6666666666666665,338
20,326,346,16.3,339
41,582,623,14.195121951219512,458
741,32,773,0.043184885290148446,18
27,136,163,5.037037037037037,173
419,526,945,1.2553699284009547,549
72,257,329,3.5694444444444446,270
236,356,592,1.5084745762711864,374
53,521,574,9.830188679245284,542
10,113,123,11.3,108
529,169,698,0.31947069943289225,173
38,313,351,8.236842105263158,349
2,13,15,6.5,1
7,24,31,3.4285714285714284,9
49,243,292,4.959183673469388,252
38,153,191,4.026315789473684,156
1925,665,2590,0.34545454545454546,674
1051,944,1995,0.8981921979067554,985
15,429,444,28.6,817
9,202,211,22.444444444444443,209
43,672,715,15.627906976744185,351
842,766,1608,0.9097387173396675,772
2016,142,2158,0.07043650793650794,139
12,478,490,39.833333333333336,502
22,263,285,11.954545454545455,273
35,419,454,11.971428571428572,523
1987,186,2173,0.09360845495722195,197
25,306,331,12.24,314
181,213,394,1.1767955801104972,220
11,240,251,21.818181818181817,247
1273,587,1860,0.46111547525530244,599
32,485,517,15.15625,496
23,267,290,11.608695652173912,282
13,48,61,3.6923076923076925,34
59,255,314,4.322033898305085,268
13,273,286,21.0,284
16,597,613,37.3125,618
10,152,162,15.2,156
135,443,578,3.2814814814814817,464
41,389,430,9.487804878048781,403
13,295,308,22.692307692307693,311
23,446,469,19.391304347826086,469
114,201,315,1.763157894736842,205
10,379,389,37.9,402
19,260,279,13.68421052631579,272
0,31,31,1,126
4,28,32,7.0,9
15,212,227,14.133333333333333,219
18,88,106,4.888888888888889,85
11,47,58,4.2727272727272725,36
7,158,165,22.571428571428573,162
25,385,410,15.4,402
36,102,138,2.8333333333333335,97
7,217,224,31.0,224
14,51,65,3.642857142857143,39
7,92,99,13.142857142857142,149
7,102,109,14.571428571428571,122
12,574,586,47.833333333333336,596
5,239,244,47.8,252
131,90,221,0.6870229007633588,83
23,346,369,15.043478260869565,363
22,211,233,9.590909090909092,216
74,48,122,0.6486486486486487,32
79,813,892,10.291139240506329,479
37,264,301,7.135135135135135,273
85,192,277,2.2588235294117647,62
4,1153,1157,288.25,28
14,428,442,30.571428571428573,455
833,444,1277,0.5330132052821128,481
12,532,544,44.333333333333336,178
22,52,74,2.3636363636363638,38
9,155,164,17.22222222222222,160
10,114,124,11.4,145
19,345,364,18.157894736842106,364
95,760,855,8.0,767
82,147,229,1.7926829268292683,148
575,7,582,0.01217391304347826,1
42,544,586,12.952380952380953,563
11,327,338,29.727272727272727,341
25,83,108,3.32,81
51,257,308,5.03921568627451,267
17,333,350,19.58823529411765,350
16,68,84,4.25,58
1043,41,1084,0.039309683604985615,29
12,491,503,40.916666666666664,513
9,948,957,105.33333333333333,959
61,506,567,8.295081967213115,524
155,122,277,0.7870967741935484,119
1189,257,1446,0.216148023549201,271
24,232,256,9.666666666666666,239
101,972,1073,9.623762376237623,984
9,278,287,30.88888888888889,294
7,261,268,37.285714285714285,276
5,445,450,89.0,469
28,340,368,12.142857142857142,356
1,10,11,10.0,1
26,269,295,10.346153846153847,277
2,358,360,179.0,375
19,45,64,2.3684210526315788,33
34,403,437,11.852941176470589,424
10,706,716,70.6,302
98,948,1046,9.673469387755102,953
29,424,453,14.620689655172415,444
97,109,206,1.1237113402061856,37
117,145,262,1.2393162393162394,145
13,690,703,53.07692307692308,699
14,185,199,13.214285714285714,188
424,921,1345,2.172169811320755,960
43,680,723,15.813953488372093,695
18,218,236,12.11111111111111,222
114,453,567,3.973684210526316,470
158,495,653,3.132911392405063,517
2766,478,3244,0.17281272595806219,496
14,105,119,7.5,280
22,774,796,35.18181818181818,773
1261,1036,2297,0.8215701823949246,1006
15,262,277,17.466666666666665,273
20,109,129,5.45,104
75,246,321,3.28,257
320,14,334,0.04375,1
151,63,214,0.41721854304635764,62
76,716,792,9.421052631578947,723
5,183,188,36.6,186
634,353,987,0.556782334384858,375
21,418,439,19.904761904761905,438
5,716,721,143.2,724
28,347,375,12.392857142857142,370
19,174,193,9.157894736842104,177
112,466,578,4.160714285714286,487
40,246,286,6.15,471
24,337,361,14.041666666666666,352
188,395,583,2.101063829787234,414
5,199,204,39.8,209
1122,4,1126,0.0035650623885918,1
6,415,421,69.16666666666667,439
1885,298,2183,0.15809018567639258,308
214,458,672,2.1401869158878504,13
11,302,313,27.454545454545453,318
349,423,772,1.2120343839541547,445
15,256,271,17.066666666666666,270
8,149,157,18.625,149
196,151,347,0.7704081632653061,148
30,250,280,8.333333333333334,259
7,243,250,34.714285714285715,251
105,460,565,4.380952380952381,475
18,373,391,20.72222222222222,392
673,1012,1685,1.5037147102526003,195
817,684,1501,0.8372093023255814,698
1224,291,1515,0.23774509803921567,306
43,358,401,8.325581395348838,372
7,8,15,1.1428571428571428,1
21,780,801,37.142857142857146,783
280,3,283,0.010714285714285714,1
13,326,339,25.076923076923077,344
25,233,258,9.32,333
47,63,110,1.3404255319148937,53
20,268,288,13.4,280
53,59,112,1.1132075471698113,54
20,367,387,18.35,381
23,25,48,1.0869565217391304,10
31,189,220,6.096774193548387,193
5,255,260,51.0,270
9,544,553,60.44444444444444,595
10,96,106,9.6,90
26,431,457,16.576923076923077,452
91,227,318,2.4945054945054945,412
147,559,706,3.802721088435374,576
43,606,649,14.093023255813954,622
9,346,355,38.44444444444444,363
8,448,456,56.0,471
1244,176,1420,0.1414790996784566,597
4,938,942,234.5,954
17,355,372,20.88235294117647,424
91,424,515,4.65934065934066,443
3,89,92,29.666666666666668,59
9,514,523,57.111111111111114,535
122,34,156,0.2786885245901639,24
16,205,221,12.8125,209
20,114,134,5.7,106
15,203,218,13.533333333333333,210
9,367,376,40.77777777777778,388
4,285,289,71.25,299
512,436,948,0.8515625,458
837,865,1702,1.033452807646356,870
4,28,32,7.0,14
72,311,383,4.319444444444445,330
98,243,341,2.479591836734694,253
2605,87,2692,0.033397312859884835,79
10,501,511,50.1,524
2015,767,2782,0.38064516129032255,775
65,295,360,4.538461538461538,387
23,563,586,24.47826086956522,581
5,505,510,101.0,526
10,206,216,20.6,205
24,346,370,14.416666666666666,366
631,556,1187,0.8811410459587956,574
644,196,840,0.30434782608695654,230
6,272,278,45.333333333333336,286
718,207,925,0.2883008356545961,215
272,270,542,0.9926470588235294,276
223,318,541,1.4260089686098654,335
25,222,247,8.88,235
27,614,641,22.74074074074074,628
14,344,358,24.571428571428573,362
5,120,125,24.0,117
29,85,114,2.9310344827586206,77
26,990,1016,38.07692307692308,441
1,10,11,10.0,1
11,323,334,29.363636363636363,337
8,102,110,12.75,99
34,272,306,8.0,286
11,133,144,12.090909090909092,135
94,109,203,1.1595744680851063,155
20,223,243,11.15,76
23,343,366,14.91304347826087,360
85,495,580,5.823529411764706,514
41,245,286,5.975609756097561,257
3,49,52,16.333333333333332,89
20,631,651,31.55,640
788,208,996,0.2639593908629442,212
203,588,791,2.896551724137931,606
36,658,694,18.27777777777778,606
13,526,539,40.46153846153846,309
228,1025,1253,4.495614035087719,1006
17,305,322,17.941176470588236,318
13,403,416,31.0,424
216,134,350,0.6203703703703703,132
43,275,318,6.395348837209302,288
31,316,347,10.193548387096774,334
40,599,639,14.975,619
25,35,60,1.4,20
96,209,305,2.1770833333333335,215
21,153,174,7.285714285714286,156
87,310,397,3.5632183908045976,325
7,242,249,34.57142857142857,251
36,921,957,25.583333333333332,938
18,385,403,21.38888888888889,404
10,333,343,33.3,354
24,749,773,31.208333333333332,756
49,191,240,3.8979591836734695,194
16,816,832,51.0,826
8,272,280,34.0,286
212,409,621,1.929245283018868,427
5,424,429,84.8,449
29,458,487,15.793103448275861,478
19,152,171,8.0,154
72,561,633,7.791666666666667,581
43,61,104,1.4186046511627908,48
382,363,745,0.9502617801047121,383
864,176,1040,0.2037037037037037,180
11,382,393,34.72727272727273,402
927,293,1220,0.31607335490830635,307
19,247,266,13.0,254
80,610,690,7.625,621
10,543,553,54.3,568
15,36,51,2.4,22
85,11,96,0.12941176470588237,1
25,3,28,0.12,1
444,5,449,0.01126126126126126,1
19,233,252,12.263157894736842,243
748,413,1161,0.5521390374331551,432
12,416,428,34.666666666666664,438
615,8,623,0.013008130081300813,1
1284,363,1647,0.2827102803738318,296
19,569,588,29.94736842105263,586
10,367,377,36.7,329
42,237,279,5.642857142857143,243
23,111,134,4.826086956521739,110
124,223,347,1.7983870967741935,229
7,103,110,14.714285714285714,97
3403,209,3612,0.061416397296503084,217
122,719,841,5.89344262295082,686
15,342,357,22.8,358
21,155,176,7.380952380952381,152
303,152,455,0.5016501650165016,154
5,13,18,2.6,1
29,161,190,5.551724137931035,163
171,190,361,1.1111111111111112,472
344,197,541,0.5726744186046512,200
30,255,285,8.5,268
68,463,531,6.8088235294117645,484
26,115,141,4.423076923076923,115
11,230,241,20.90909090909091,152
54,284,338,5.2592592592592595,295
25,337,362,13.48,468
29,26,55,0.896551724137931,14
25,522,547,20.88,542
10,194,204,19.4,590
1,11,12,11.0,1
20,406,426,20.3,430
11,354,365,32.18181818181818,372
83,333,416,4.0120481927710845,347
34,453,487,13.323529411764707,474
767,590,1357,0.7692307692307693,603
13,897,910,69.0,899
516,27,543,0.05232558139534884,14
416,910,1326,2.1875,923
40,401,441,10.025,417
34,433,467,12.735294117647058,455
10,169,179,16.9,170
71,169,240,2.380281690140845,174
362,782,1144,2.160220994475138,775
12,101,113,8.416666666666666,98
19,523,542,27.526315789473685,540
2,46,48,23.0,34
1476,265,1741,0.17953929539295393,277
117,328,445,2.8034188034188032,346
67,298,365,4.447761194029851,313
10,736,746,73.6,739
37,53,90,1.4324324324324325,58
67,366,433,5.462686567164179,387
412,22,434,0.05339805825242718,6
110,927,1037,8.427272727272728,588
11,297,308,27.0,318
46,274,320,5.956521739130435,288
30,524,554,17.466666666666665,543
870,339,1209,0.3896551724137931,353
199,930,1129,4.673366834170854,949
33,418,451,12.666666666666666,200
203,52,255,0.2561576354679803,40
960,778,1738,0.8104166666666667,772
142,218,360,1.5352112676056338,214
18,96,114,5.333333333333333,90
517,608,1125,1.1760154738878144,796
10,254,264,25.4,267
10,122,132,12.2,121
5,234,239,46.8,241
21,53,74,2.5238095238095237,43
58,439,497,7.568965517241379,457
47,177,224,3.765957446808511,180
28,251,279,8.964285714285714,261
11,107,118,9.727272727272727,100
21,15,36,0.7142857142857143,2
146,243,389,1.6643835616438356,360
8,315,323,39.375,333
16,140,156,8.75,141
2488,150,2638,0.06028938906752412,151
969,491,1460,0.5067079463364293,510
9,313,322,34.77777777777778,110
523,397,920,0.7590822179732314,418
35,4,39,0.11428571428571428,1
35,184,219,5.257142857142857,185
212,14,226,0.0660377358490566,1
159,612,771,3.849056603773585,624
47,530,577,11.27659574468085,554
37,286,323,7.72972972972973,301
30,236,266,7.866666666666666,247
27,769,796,28.48148148148148,445
466,954,1420,2.0472103004291844,978
9,205,214,22.77777777777778,210
24,924,948,38.5,930
8,763,771,95.375,767
2037,13,2050,0.006381934216985763,1
44,295,339,6.704545454545454,307
10,119,129,11.9,118
15,295,310,19.666666666666668,310
1356,115,1471,0.08480825958702065,111
338,256,594,0.757396449704142,268
539,115,654,0.21335807050092764,112
1880,219,2099,0.11648936170212766,224
133,300,433,2.255639097744361,320
17,602,619,35.411764705882355,618
15,27,42,1.8,14
1924,459,2383,0.23856548856548856,475
1,11,12,11.0,5
33,452,485,13.696969696969697,472
12,24,36,2.0,8
9,20,29,2.2222222222222223,8
103,707,810,6.864077669902913,723
2173,137,2310,0.06304647952139898,136
68,798,866,11.735294117647058,797
54,116,170,2.1481481481481484,115
14,173,187,12.357142857142858,176
1318,75,1393,0.05690440060698027,273
28,687,715,24.535714285714285,700
2,25,27,12.5,5
34,427,461,12.558823529411764,734
12,93,105,7.75,84
13,319,332,24.53846153846154,329
660,3,663,0.004545454545454545,1
240,210,450,0.875,216
15,259,274,17.266666666666666,267
18,272,290,15.11111111111111,285
42,171,213,4.071428571428571,174
454,525,979,1.1563876651982379,543
7,226,233,32.285714285714285,233
2029,296,2325,0.14588467225234106,311
24,526,550,21.916666666666668,546
19,256,275,13.473684210526315,311
117,188,305,1.606837606837607,230
198,483,681,2.4393939393939394,526
79,371,450,4.69620253164557,392
5,189,194,37.8,192
20,420,440,21.0,443
15,385,400,25.666666666666668,407
35,668,703,19.085714285714285,679
25,333,358,13.32,350
15,417,432,27.8,441
948,854,1802,0.9008438818565401,861
10,201,211,20.1,201
31,529,560,17.06451612903226,554
37,615,652,16.62162162162162,630
495,478,973,0.9656565656565657,505
5,17,22,3.4,1
179,79,258,0.441340782122905,74
55,228,283,4.1454545454545455,241
15,328,343,21.866666666666667,342
13,131,144,10.076923076923077,130
344,385,729,1.119186046511628,404
15,253,268,16.866666666666667,257
84,260,344,3.0952380952380953,269
34,47,81,1.3823529411764706,34
11,293,304,26.636363636363637,308
3403,209,3612,0.061416397296503084,217
20,738,758,36.9,744
31,364,395,11.741935483870968,387
71,981,1052,13.816901408450704,1006
9,26,35,2.888888888888889,8
43,843,886,19.6046511627907,848
48,452,500,9.416666666666666,475
34,403,437,11.852941176470589,424
199,463,662,2.3266331658291457,483
19,494,513,26.0,520
261,116,377,0.4444444444444444,114
13,81,94,6.230769230769231,76
9,410,419,45.55555555555556,438
1263,511,1774,0.40459224069675376,535
1594,857,2451,0.5376411543287327,863
49,40,89,0.8163265306122449,11
18,504,522,28.0,525
40,491,531,12.275,517
112,253,365,2.2589285714285716,263
106,20,126,0.18867924528301888,2
20,396,416,19.8,421
71,1005,1076,14.154929577464788,1006
17,481,498,28.294117647058822,382
199,463,662,2.3266331658291457,483
144,931,1075,6.465277777777778,936
3572,7,3579,0.001959686450167973,1
112,253,365,2.2589285714285716,263
3354,235,3589,0.07006559332140727,244
400,66,466,0.165,57
118,324,442,2.7457627118644066,340
17,359,376,21.11764705882353,300
16,677,693,42.3125,686
7,176,183,25.142857142857142,149
83,135,218,1.6265060240963856,136
9,196,205,21.77777777777778,204
213,11,224,0.051643192488262914,1
9,119,128,13.222222222222221,120
14,300,314,21.428571428571427,315
16,392,408,24.5,418
14,453,467,32.357142857142854,471
183,7,190,0.03825136612021858,1
4,22,26,5.5,9
89,239,328,2.6853932584269664,247
30,414,444,13.8,457
25,241,266,9.64,244
15,340,355,22.666666666666668,356
2185,582,2767,0.26636155606407325,600
126,37,163,0.29365079365079366,25
15,282,297,18.8,297
10,124,134,12.4,122
21,106,127,5.0476190476190474,103
2965,114,3079,0.038448566610455315,318
16,618,634,38.625,632
2057,128,2185,0.06222654350996597,128
96,405,501,4.21875,430
17,274,291,16.11764705882353,286
43,960,1003,22.325581395348838,988
122,193,315,1.5819672131147542,196
405,124,529,0.30617283950617286,123
99,521,620,5.262626262626263,545
25,145,170,5.8,148
14,279,293,19.928571428571427,296
14,944,958,67.42857142857143,956
7,15,22,2.142857142857143,149
6,33,39,5.5,19
42,27,69,0.6428571428571429,15
1357,854,2211,0.6293294030950627,861
88,5,93,0.056818181818181816,1
21,462,483,22.0,478
53,521,574,9.830188679245284,542
124,563,687,4.540322580645161,580
17,472,489,27.764705882352942,492
6,391,397,65.16666666666667,416
17,390,407,22.941176470588236,410
31,82,113,2.6451612903225805,77
1195,929,2124,0.7774058577405858,934
16,436,452,27.25,457
13,490,503,37.69230769230769,509
26,414,440,15.923076923076923,441
52,918,970,17.653846153846153,926
1106,494,1600,0.44665461121157324,513
67,576,643,8.597014925373134,596
105,361,466,3.4380952380952383,378
6,131,137,21.833333333333332,131
19,551,570,29.0,573
238,276,514,1.1596638655462186,288
11,261,272,23.727272727272727,271
1207,78,1285,0.06462303231151616,70
9,659,668,73.22222222222223,667
90,11,101,0.12222222222222222,1
9,319,328,35.44444444444444,329
21,349,370,16.61904761904762,366
2,10,12,5.0,1
80,288,368,3.6,300
19,638,657,33.578947368421055,647
76,896,972,11.789473684210526,651
22,230,252,10.454545454545455,237
13,144,157,11.076923076923077,146
42,474,516,11.285714285714286,495
16,321,337,20.0625,335
129,227,356,1.7596899224806202,237
5,44,49,8.8,32
3015,28,3043,0.009286898839137645,14
340,189,529,0.5558823529411765,195
8,407,415,50.875,425
8,99,107,12.375,91
24,22,46,0.9166666666666666,14
26,463,489,17.807692307692307,487
373,696,1069,1.8659517426273458,706
311,179,490,0.5755627009646302,187
17,77,94,4.529411764705882,318
21,350,371,16.666666666666668,366
127,761,888,5.9921259842519685,767
20,400,420,20.0,427
17,154,171,9.058823529411764,156
16,302,318,18.875,313
185,312,497,1.6864864864864866,327
13,257,270,19.76923076923077,267
15,99,114,6.6,89
164,309,473,1.8841463414634145,387
1256,4,1260,0.0031847133757961785,1
1038,210,1248,0.2023121387283237,215
1109,199,1308,0.17944093778178538,205
29,232,261,8.0,239
37,377,414,10.18918918918919,398
14,89,103,6.357142857142857,78
16,65,81,4.0625,53
5,28,33,5.6,11
53,885,938,16.69811320754717,887
11,223,234,20.272727272727273,232
1059,267,1326,0.2521246458923513,278
35,697,732,19.914285714285715,699
2349,459,2808,0.19540229885057472,489
1039,1059,2098,1.0192492781520692,1006
21,137,158,6.523809523809524,136
45,30,75,0.6666666666666666,15
111,630,741,5.675675675675675,639
1705,17,1722,0.00997067448680352,2
328,391,719,1.1920731707317074,407
545,566,1111,1.038532110091743,580
51,341,392,6.686274509803922,358
19,170,189,8.947368421052632,175
134,956,1090,7.134328358208955,962
140,355,495,2.5357142857142856,369
345,41,386,0.11884057971014493,32
5,141,146,28.2,141
536,1058,1594,1.9738805970149254,1006
342,822,1164,2.4035087719298245,831
51,74,125,1.4509803921568627,67
43,919,962,21.372093023255815,927
24,45,69,1.875,32
1244,600,1844,0.48231511254019294,614
13,366,379,28.153846153846153,389
59,282,341,4.779661016949152,301
1,10,11,10.0,1
3299,141,3440,0.04274022431039709,138
1028,350,1378,0.3404669260700389,369
38,637,675,16.763157894736842,656
10,492,502,49.2,510
23,401,424,17.434782608695652,420
382,221,603,0.5785340314136126,243
38,548,586,14.421052631578947,572
10,36,46,3.6,26
518,799,1317,1.5424710424710424,802
7,336,343,48.0,353
20,102,122,5.1,98
28,407,435,14.535714285714286,428
755,115,870,0.152317880794702,112
143,378,521,2.6433566433566433,399
108,76,184,0.7037037037037037,70
12,323,335,26.916666666666668,341
77,475,552,6.1688311688311686,649
302,489,791,1.619205298013245,1006
1,253,254,253.0,435
141,393,534,2.7872340425531914,413
10,172,182,17.2,178
7,181,188,25.857142857142858,184
278,463,741,1.6654676258992807,484
10,299,309,29.9,329
44,28,72,0.6363636363636364,15
714,469,1183,0.6568627450980392,487
21,229,250,10.904761904761905,237
574,224,798,0.3902439024390244,230
31,215,246,6.935483870967742,222
260,214,474,0.823076923076923,220
25,52,77,2.08,40
37,438,475,11.837837837837839,461
2202,139,2341,0.0631244323342416,140
75,98,173,1.3066666666666666,93
1,15,16,15.0,1
94,338,432,3.595744680851064,379
20,167,187,8.35,170
8,127,135,15.875,127
103,70,173,0.6796116504854369,62
24,608,632,25.333333333333332,624
9,187,196,20.77777777777778,188
14,128,142,9.142857142857142,128
198,527,725,2.6616161616161618,526
11,333,344,30.272727272727273,351
44,846,890,19.227272727272727,852
2503,950,3453,0.37954454654414704,963
37,419,456,11.324324324324325,441
298,351,649,1.1778523489932886,366
16,42,58,2.625,55
46,281,327,6.108695652173913,291
23,439,462,19.08695652173913,460
1,10,11,10.0,1
11,180,191,16.363636363636363,186
38,256,294,6.7368421052631575,267
15,138,153,9.2,138
259,304,563,1.1737451737451738,316
6,566,572,94.33333333333333,216
34,321,355,9.441176470588236,339
26,438,464,16.846153846153847,456
468,348,816,0.7435897435897436,199
34,403,437,11.852941176470589,424
197,582,779,2.954314720812183,526
276,108,384,0.391304347826087,105
64,668,732,10.4375,681
743,420,1163,0.5652759084791387,439
6,408,414,68.0,442
822,601,1423,0.7311435523114356,616
8,277,285,34.625,293
1721,918,2639,0.5334108076699593,933
11,546,557,49.63636363636363,569
13,140,153,10.76923076923077,143
298,85,383,0.28523489932885904,77
43,314,357,7.3023255813953485,331
15,242,257,16.133333333333333,249
161,291,452,1.8074534161490683,303
33,406,439,12.303030303030303,405
76,104,180,1.368421052631579,99
6,232,238,38.666666666666664,240
32,393,425,12.28125,409
68,383,451,5.632352941176471,404
22,109,131,4.954545454545454,105
17,487,504,28.647058823529413,507
32,21,53,0.65625,7
27,617,644,22.85185185185185,632
15,277,292,18.466666666666665,288
10,621,631,62.1,635
57,525,582,9.210526315789474,596
62,119,181,1.9193548387096775,115
11,240,251,21.818181818181817,247
35,685,720,19.571428571428573,694
21,340,361,16.19047619047619,356
8,338,346,42.25,427
84,682,766,8.119047619047619,690
48,402,450,8.375,425
108,197,305,1.8240740740740742,201
203,903,1106,4.448275862068965,899
10,98,108,9.8,92
307,179,486,0.5830618892508144,183
39,700,739,17.94871794871795,707
119,717,836,6.025210084033613,728
171,119,290,0.695906432748538,117
13,317,330,24.384615384615383,336
7,75,82,10.714285714285714,71
21,169,190,8.047619047619047,149
22,39,61,1.7727272727272727,27
8,394,402,49.25,387
31,48,79,1.5483870967741935,36
261,95,356,0.36398467432950193,114
35,116,151,3.3142857142857145,114
42,553,595,13.166666666666666,575
6,74,80,12.333333333333334,65
209,470,679,2.248803827751196,489
829,47,876,0.05669481302774427,38
193,406,599,2.1036269430051813,526
104,729,833,7.009615384615385,738
29,605,634,20.862068965517242,619
223,20,243,0.08968609865470852,3
159,82,241,0.5157232704402516,74
17,373,390,21.941176470588236,391
324,388,712,1.1975308641975309,420
338,17,355,0.05029585798816568,3
137,497,634,3.627737226277372,516
9,149,158,16.555555555555557,151
2435,1057,3492,0.43408624229979464,1006
20,849,869,42.45,696
18,442,460,24.555555555555557,464
21,178,199,8.476190476190476,181
23,349,372,15.173913043478262,365
14,625,639,44.642857142857146,642
279,378,657,1.3548387096774193,412
381,316,697,0.8293963254593176,331
242,464,706,1.9173553719008265,485
23,344,367,14.956521739130435,363
21,380,401,18.095238095238095,400
15,567,582,37.8,583
3182,478,3660,0.15021998742928974,503
19,14,33,0.7368421052631579,1
9,34,43,3.7777777777777777,72
3831,7,3838,0.0018271991647089533,1
36,499,535,13.86111111111111,686
25,183,208,7.32,182
14,4,18,0.2857142857142857,1
13,86,99,6.615384615384615,81
9,189,198,21.0,194
1158,228,1386,0.19689119170984457,237
11,134,145,12.181818181818182,133
23,565,588,24.565217391304348,583
69,285,354,4.130434782608695,292
8,315,323,39.375,333
20,306,326,15.3,319
1,10,11,10.0,1
462,175,637,0.3787878787878788,175
145,288,433,1.986206896551724,307
16,356,372,22.25,381
23,498,521,21.652173913043477,525
519,465,984,0.8959537572254336,485
5,174,179,34.8,178
21,52,73,2.4761904761904763,39
363,440,803,1.2121212121212122,457
363,536,899,1.4765840220385675,559
425,655,1080,1.5411764705882354,662
12,397,409,33.083333333333336,420
870,74,944,0.08505747126436781,65
177,956,1133,5.401129943502825,964
10,110,120,11.0,107
52,614,666,11.807692307692308,628
40,599,639,14.975,619
1122,419,1541,0.37344028520499106,441
3,99,102,33.0,96
13,43,56,3.3076923076923075,31
24,397,421,16.541666666666668,418
3,274,277,91.33333333333333,287
11,22,33,2.0,7
8,105,113,13.125,102
7,362,369,51.714285714285715,372
11,307,318,27.90909090909091,322
104,243,347,2.3365384615384617,259
10,182,192,18.2,187
25,49,74,1.96,37
127,511,638,4.0236220472440944,471
34,31,65,0.9117647058823529,16
9,562,571,62.44444444444444,582
286,354,640,1.2377622377622377,367
37,60,97,1.6216216216216217,51
82,190,272,2.317073170731707,189
94,220,314,2.3404255319148937,225
191,552,743,2.8900523560209423,572
570,168,738,0.29473684210526313,171
145,42,187,0.2896551724137931,36
421,7,428,0.0166270783847981,1
9,120,129,13.333333333333334,118
108,286,394,2.6481481481481484,302
601,150,751,0.24958402662229617,148
176,638,814,3.625,659
50,21,71,0.42,4
16,433,449,27.0625,456
1062,146,1208,0.1374764595103578,297
12,225,237,18.75,229
69,120,189,1.7391304347826086,118
1151,7,1158,0.006081668114682885,1
19,127,146,6.684210526315789,127
49,402,451,8.204081632653061,211
32,485,517,15.15625,510
202,417,619,2.0643564356435644,435
68,67,135,0.9852941176470589,58
970,246,1216,0.2536082474226804,256
2898,388,3286,0.13388543823326432,408
16,231,247,14.4375,239
9,233,242,25.88888888888889,240
7,14,21,2.0,1
538,551,1089,1.0241635687732342,569
26,876,902,33.69230769230769,596
11,83,94,7.545454545454546,74
49,271,320,5.530612244897959,284
53,36,89,0.6792452830188679,119
11,206,217,18.727272727272727,212
977,187,1164,0.19140225179119755,194
9,174,183,19.333333333333332,177
14,283,297,20.214285714285715,281
29,535,564,18.448275862068964,557
291,12,303,0.041237113402061855,1
8,321,329,40.125,337
58,251,309,4.327586206896552,262
2171,372,2543,0.171349608475357,393
15,311,326,20.733333333333334,295
15,1004,1019,66.93333333333334,1006
1601,162,1763,0.10118675827607745,163
11,640,651,58.18181818181818,405
73,94,167,1.2876712328767124,88
12,146,158,12.166666666666666,146
14,360,374,25.714285714285715,375
8,800,808,100.0,800
3,279,282,93.0,292
1,10,11,10.0,1
7,340,347,48.57142857142857,356
11,909,920,82.63636363636364,927
100,10,110,0.1,1
19,24,43,1.263157894736842,10
11,372,383,33.81818181818182,391
15,298,313,19.866666666666667,313
16,3,19,0.1875,1
1,10,11,10.0,1
36,193,229,5.361111111111111,196
34,272,306,8.0,286
437,116,553,0.2654462242562929,112
17,542,559,31.88235294117647,318
97,380,477,3.917525773195876,401
32,632,664,19.75,648
13,92,105,7.076923076923077,81
2440,34,2474,0.013934426229508197,20
68,326,394,4.794117647058823,342
13,238,251,18.307692307692307,298
16,17,33,1.0625,1
77,320,397,4.1558441558441555,336
31,342,373,11.03225806451613,194
49,254,303,5.183673469387755,266
22,439,461,19.954545454545453,461
9,266,275,29.555555555555557,280
130,124,254,0.9538461538461539,123
25,334,359,13.36,353
1343,36,1379,0.02680565897244974,23
9,338,347,37.55555555555556,351
22,368,390,16.727272727272727,387
114,342,456,3.0,360
62,743,805,11.983870967741936,748
14,206,220,14.714285714285714,213
352,299,651,0.8494318181818182,316
1357,854,2211,0.6293294030950627,861
77,346,423,4.4935064935064934,363
6,417,423,69.5,441
26,216,242,8.307692307692308,224
11,17,28,1.5454545454545454,3
9,397,406,44.111111111111114,418
15,267,282,17.8,276
43,779,822,18.11627906976744,781
2156,195,2351,0.09044526901669758,202
201,6,207,0.029850746268656716,1
15,30,45,2.0,16
164,92,256,0.5609756097560976,85
117,147,264,1.2564102564102564,146
102,282,384,2.764705882352941,293
32,292,324,9.125,305
12,174,186,14.5,179
19,262,281,13.789473684210526,273
11,511,522,46.45454545454545,337
70,414,484,5.914285714285715,426
25,273,298,10.92,284
11,965,976,87.72727272727273,1006
109,366,475,3.3577981651376145,386
349,423,772,1.2120343839541547,445
1002,761,1763,0.7594810379241517,763
197,854,1051,4.33502538071066,856
673,457,1130,0.6790490341753344,711
16,156,172,9.75,161
75,103,178,1.3733333333333333,105
174,958,1132,5.505747126436781,981
8,161,169,20.125,448
6,353,359,58.833333333333336,374
11,206,217,18.727272727272727,211
3,474,477,158.0,495
5,703,708,140.6,714
21,277,298,13.19047619047619,293
18,40,58,2.2222222222222223,24
279,808,1087,2.8960573476702507,811
46,202,248,4.391304347826087,205
15,29,44,1.9333333333333333,18
154,885,1039,5.746753246753247,860
11,244,255,22.181818181818183,253
7,138,145,19.714285714285715,149
4,11,15,2.75,1
3,11,14,3.6666666666666665,1
8,55,63,6.875,44
51,232,283,4.549019607843137,238
11,512,523,46.54545454545455,531
18,145,163,8.055555555555555,148
51,582,633,11.411764705882353,597
78,160,238,2.051282051282051,161
126,853,979,6.76984126984127,860
14,541,555,38.642857142857146,221
33,410,443,12.424242424242424,431
34,442,476,13.0,464
15,327,342,21.8,344
18,51,69,2.8333333333333335,40
92,83,175,0.9021739130434783,79
28,81,109,2.892857142857143,74
71,641,712,9.028169014084508,648
14,268,282,19.142857142857142,320
20,300,320,15.0,321
80,278,358,3.475,291
809,262,1071,0.3238566131025958,272
48,402,450,8.375,425
4,360,364,90.0,382
18,723,741,40.166666666666664,732
167,171,338,1.0239520958083832,173
820,104,924,0.12682926829268293,94
9,280,289,31.11111111111111,291
50,61,111,1.22,56
841,990,1831,1.1771700356718193,1006
22,111,133,5.045454545454546,107
122,34,156,0.2786885245901639,24
3259,259,3518,0.0794722307456275,265
10,394,404,39.4,416
22,368,390,16.727272727272727,387
2284,142,2426,0.06217162872154115,141
33,510,543,15.454545454545455,531
15,461,476,30.733333333333334,482
1186,889,2075,0.7495784148397976,907
341,115,456,0.33724340175953077,117
35,226,261,6.457142857142857,233
13,168,181,12.923076923076923,169
19,156,175,8.210526315789474,159
223,369,592,1.654708520179372,393
14,53,67,3.7857142857142856,43
175,440,615,2.5142857142857142,457
44,426,470,9.681818181818182,444
681,130,811,0.19089574155653452,131
52,331,383,6.365384615384615,465
16,276,292,17.25,289
61,398,459,6.524590163934426,416
226,425,651,1.8805309734513274,449
95,135,230,1.4210526315789473,133
570,80,650,0.14035087719298245,72
153,131,284,0.8562091503267973,129
2057,383,2440,0.1861934856587263,403
55,441,496,8.018181818181818,462
64,740,804,11.5625,753
22,439,461,19.954545454545453,461
24,538,562,22.416666666666668,563
8,105,113,13.125,102
26,87,113,3.3461538461538463,80
24,865,889,36.041666666666664,873
24,304,328,12.666666666666666,318
34,747,781,21.970588235294116,753
23,146,169,6.3478260869565215,148
274,295,569,1.0766423357664234,308
23,229,252,9.956521739130435,237
34,392,426,11.529411764705882,409
9,144,153,16.0,147
32,383,415,11.96875,399
529,469,998,0.8865784499054821,487
19,327,346,17.210526315789473,337
303,298,601,0.9834983498349835,315
561,805,1366,1.4349376114081998,689
78,491,569,6.294871794871795,511
14,55,69,3.9285714285714284,44
1,10,11,10.0,1
226,425,651,1.8805309734513274,449
90,817,907,9.077777777777778,827
18,404,422,22.444444444444443,425
95,326,421,3.431578947368421,339
8,238,246,29.75,249
794,74,868,0.09319899244332494,66
23,769,792,33.43478260869565,752
34,323,357,9.5,338
91,241,332,2.6483516483516483,248
95,26,121,0.2736842105263158,11
22,39,61,1.7727272727272727,27
32,748,780,23.375,756
329,998,1327,3.033434650455927,1006
66,838,904,12.696969696969697,842
119,306,425,2.5714285714285716,319
561,807,1368,1.4385026737967914,806
24,46,70,1.9166666666666667,17
87,424,511,4.873563218390805,442
109,366,475,3.3577981651376145,386
2981,884,3865,0.2965447836296545,898
7,101,108,14.428571428571429,92
27,529,556,19.59259259259259,557
9,325,334,36.111111111111114,338
550,687,1237,1.249090909090909,696
10,331,341,33.1,329
250,193,443,0.772,200
9,22,31,2.4444444444444446,7
10,129,139,12.9,128
41,258,299,6.2926829268292686,270
54,138,192,2.5555555555555554,139
7,101,108,14.428571428571429,156
36,664,700,18.444444444444443,357
32,212,244,6.625,181
140,22,162,0.15714285714285714,5
90,320,410,3.5555555555555554,335
20,181,201,9.05,184
839,7,846,0.00834326579261025,1
31,282,313,9.096774193548388,298
100,400,500,4.0,423
7,194,201,27.714285714285715,149
14,454,468,32.42857142857143,479
24,204,228,8.5,448
187,346,533,1.8502673796791445,363
42,757,799,18.023809523809526,760
19,335,354,17.63157894736842,356
8,191,199,23.875,199
38,696,734,18.31578947368421,715
8,31,39,3.875,16
19,303,322,15.947368421052632,318
75,14,89,0.18666666666666668,1
44,132,176,3.0,131
1,10,11,10.0,1
116,338,454,2.913793103448276,357
5,40,45,8.0,19
56,318,374,5.678571428571429,333
19,90,109,4.7368421052631575,40
22,321,343,14.590909090909092,338
13,318,331,24.46153846153846,334
25,342,367,13.68,361
2263,217,2480,0.0958904109589041,223
61,337,398,5.524590163934426,349
42,373,415,8.880952380952381,394
56,68,124,1.2142857142857142,56
7,278,285,39.714285714285715,291
11,947,958,86.0909090909091,960
3,149,152,49.666666666666664,150
40,230,270,5.75,241
32,269,301,8.40625,285
13,426,439,32.76923076923077,453
2,31,33,15.5,15
248,176,424,0.7096774193548387,180
444,5,449,0.01126126126126126,1
506,217,723,0.4288537549407115,226
6,368,374,61.333333333333336,387
6,71,77,11.833333333333334,66
12,175,187,14.583333333333334,180
62,303,365,4.887096774193548,318
17,216,233,12.705882352941176,223
56,140,196,2.5,142
1955,271,2226,0.13861892583120206,283
15,279,294,18.6,296
20,357,377,17.85,375
50,124,174,2.48,93
1141,257,1398,0.2252410166520596,273
559,53,612,0.09481216457960644,42
15,227,242,15.133333333333333,237
32,344,376,10.75,362
16,304,320,19.0,409
11,440,451,40.0,464
71,546,617,7.690140845070423,569
1920,115,2035,0.059895833333333336,112
104,324,428,3.1153846153846154,342
10,152,162,15.2,90
10,287,297,28.7,300
12,310,322,25.833333333333332,324
1,10,11,10.0,1
2,4,6,2.0,1
30,524,554,17.466666666666665,543
134,179,313,1.335820895522388,182
296,544,840,1.837837837837838,564
923,223,1146,0.24160346695557963,400
50,367,417,7.34,390
113,315,428,2.7876106194690267,330
145,365,510,2.5172413793103448,382
49,178,227,3.63265306122449,182
32,962,994,30.0625,997
2292,149,2441,0.0650087260034904,147
23,260,283,11.304347826086957,273
7,90,97,12.857142857142858,83
23,236,259,10.26086956521739,243
5,261,266,52.2,274
5,703,708,140.6,714
2128,36,2164,0.016917293233082706,197
48,372,420,7.75,389
4,766,770,191.5,426
31,109,140,3.5161290322580645,107
8,14,22,1.75,1
371,110,481,0.29649595687331537,106
12,279,291,23.25,294
7,182,189,26.0,186
102,82,184,0.803921568627451,71
1574,425,1999,0.27001270648030495,448
376,397,773,1.0558510638297873,411
9,135,144,15.0,134
19,277,296,14.578947368421053,290
128,284,412,2.21875,295
2546,404,2950,0.1586802827965436,419
30,116,146,3.8666666666666667,126
202,243,445,1.202970297029703,241
281,572,853,2.0355871886120998,593
133,436,569,3.2781954887218046,456
11,373,384,33.90909090909091,399
25,992,1017,39.68,1006
6,352,358,58.666666666666664,372
14,256,270,18.285714285714285,266
768,5,773,0.006510416666666667,1
78,210,288,2.6923076923076925,215
109,36,145,0.3302752293577982,21
533,425,958,0.797373358348968,448
16,311,327,19.4375,330
45,106,151,2.3555555555555556,102
197,854,1051,4.33502538071066,856
125,45,170,0.36,33
54,392,446,7.2592592592592595,416
16,306,322,19.125,324
11,284,295,25.818181818181817,537
764,509,1273,0.6662303664921466,529
646,1734,2380,2.6842105263157894,1006
15,147,162,9.8,147
995,13,1008,0.01306532663316583,1
2,11,13,5.5,1
14,111,125,7.928571428571429,111
20,181,201,9.05,184
9,184,193,20.444444444444443,187
117,431,548,3.6837606837606836,451
20,98,118,4.9,94
12,239,251,19.916666666666668,250
154,456,610,2.961038961038961,474
417,138,555,0.33093525179856115,138
416,910,1326,2.1875,923
35,477,512,13.628571428571428,495
13,167,180,12.846153846153847,169
122,304,426,2.4918032786885247,320
38,967,1005,25.44736842105263,976
109,490,599,4.495412844036697,511
19,167,186,8.789473684210526,168
3,48,51,16.0,39
81,360,441,4.444444444444445,381
21,513,534,24.428571428571427,531
86,437,523,5.0813953488372094,459
149,864,1013,5.798657718120805,847
14,261,275,18.642857142857142,271
52,877,929,16.865384615384617,878
93,379,472,4.075268817204301,396
26,216,242,8.307692307692308,224
134,232,366,1.7313432835820894,237
1184,76,1260,0.06418918918918919,72
5,354,359,70.8,372
382,179,561,0.468586387434555,182
25,95,120,3.8,90
60,270,330,4.5,283
136,7,143,0.051470588235294115,1
74,51,125,0.6891891891891891,39
32,128,160,4.0,127
45,7,52,0.15555555555555556,1
60,458,518,7.633333333333334,478
31,23,54,0.7419354838709677,10
119,274,393,2.302521008403361,291
14,293,307,20.928571428571427,305
91,344,435,3.78021978021978,365
411,255,666,0.6204379562043796,267
227,534,761,2.352422907488987,484
53,166,219,3.1320754716981134,168
91,238,329,2.6153846153846154,252
113,122,235,1.079646017699115,362
15,259,274,17.266666666666666,265
66,26,92,0.3939393939393939,11
533,411,944,0.7711069418386491,431
144,71,215,0.4930555555555556,60
50,36,86,0.72,27
31,461,492,14.870967741935484,482
417,138,555,0.33093525179856115,138
1427,522,1949,0.365802382620883,543
19,841,860,44.26315789473684,853
486,668,1154,1.374485596707819,681
768,34,802,0.044270833333333336,20
63,260,323,4.126984126984127,270
55,295,350,5.363636363636363,307
25,458,483,18.32,483
7,94,101,13.428571428571429,89
45,158,203,3.511111111111111,159
112,542,654,4.839285714285714,562
1765,73,1838,0.041359773371104816,64
1,35,36,35.0,1
369,367,736,0.994579945799458,385
9,32,41,3.5555555555555554,18
38,7,45,0.18421052631578946,1
111,400,511,3.6036036036036037,422
48,591,639,12.3125,608
73,73,146,1.0,69
737,252,989,0.3419267299864315,262
767,590,1357,0.7692307692307693,603
3478,167,3645,0.04801610120759057,12
14,259,273,18.5,270
48,377,425,7.854166666666667,460
5,574,579,114.8,597
25,424,449,16.96,443
10,20,30,2.0,4
246,282,528,1.146341463414634,292
129,227,356,1.7596899224806202,237
9,156,165,17.333333333333332,155
49,30,79,0.6122448979591837,18
14,164,178,11.714285714285714,167
25,248,273,9.92,255
37,426,463,11.513513513513514,443
37,512,549,13.837837837837839,106
18,435,453,24.166666666666668,463
19,64,83,3.3684210526315788,56
4,244,248,61.0,258
18,100,118,5.555555555555555,93
1320,564,1884,0.42727272727272725,580
1099,530,1629,0.4822565969062784,551
38,277,315,7.2894736842105265,283
45,318,363,7.066666666666666,334
14,87,101,6.214285714285714,81
35,36,71,1.0285714285714285,22
17,428,445,25.176470588235293,449
19,982,1001,51.68421052631579,1006
24,31,55,1.2916666666666667,14
482,334,816,0.6929460580912863,811
274,51,325,0.18613138686131386,40
5,115,120,23.0,111
24,91,115,3.7916666666666665,86
12,24,36,2.0,984
20,252,272,12.6,255
48,522,570,10.875,546
430,430,860,1.0,453
497,340,837,0.6841046277665996,355
10,135,145,13.5,139
318,489,807,1.5377358490566038,515
48,460,508,9.583333333333334,482
17,378,395,22.235294117647058,395
18,252,270,14.0,262
30,56,86,1.8666666666666667,45
67,406,473,6.059701492537314,422
144,931,1075,6.465277777777778,936
13,327,340,25.153846153846153,339
266,24,290,0.09022556390977443,7
1392,748,2140,0.5373563218390804,756
3027,165,3192,0.05450941526263627,129
3,30,33,10.0,5
7,336,343,48.0,353
9,366,375,40.666666666666664,385
5,138,143,27.6,142
105,775,880,7.380952380952381,780
2774,92,2866,0.03316510454217736,86
20,420,440,21.0,441
26,357,383,13.73076923076923,373
1335,782,2117,0.5857677902621723,780
641,477,1118,0.7441497659906396,307
8,423,431,52.875,444
177,200,377,1.1299435028248588,483
39,76,115,1.9487179487179487,69
12,158,170,13.166666666666666,160
332,261,593,0.786144578313253,268
328,529,857,1.6128048780487805,544
8,179,187,22.375,182
52,962,1014,18.5,982
1607,376,1983,0.23397635345364032,397
22,27,49,1.2272727272727273,14
15,441,456,29.4,465
95,653,748,6.873684210526315,667
15,237,252,15.8,244
13,327,340,25.153846153846153,349
25,322,347,12.88,339
459,33,492,0.0718954248366013,19
14,237,251,16.928571428571427,243
1,327,328,327.0,302
124,39,163,0.31451612903225806,31
19,253,272,13.31578947368421,408
95,701,796,7.378947368421053,715
1230,168,1398,0.13658536585365855,170
26,454,480,17.46153846153846,474
13,295,308,22.692307692307693,311
1,216,217,216.0,432
14,491,505,35.07142857142857,134
15,429,444,28.6,452
554,380,934,0.6859205776173285,402
84,33,117,0.39285714285714285,21
5,227,232,45.4,237
1,24,25,24.0,7
31,319,350,10.290322580645162,342
226,317,543,1.4026548672566372,327
291,291,582,1.0,302
39,42,81,1.0769230769230769,31
15,243,258,16.2,254
208,315,523,1.5144230769230769,323
26,330,356,12.692307692307692,349
6,11,17,1.8333333333333333,1
293,8,301,0.027303754266211604,1
45,162,207,3.6,162
2,10,12,5.0,1
81,411,492,5.074074074074074,431
790,179,969,0.22658227848101264,183
53,117,170,2.207547169811321,114
421,7,428,0.0166270783847981,1
123,419,542,3.4065040650406506,437
49,279,328,5.6938775510204085,197
4,304,308,76.0,321
43,305,348,7.093023255813954,508
1256,729,1985,0.5804140127388535,736
3972,10,3982,0.0025176233635448137,1
250,936,1186,3.744,944
12,328,340,27.333333333333332,1
429,364,793,0.8484848484848485,384
83,70,153,0.8433734939759037,59
350,282,632,0.8057142857142857,294
1558,160,1718,0.10269576379974327,163
10,386,396,38.6,410
3216,188,3404,0.05845771144278607,168
646,669,1315,1.0356037151702786,681
131,464,595,3.5419847328244276,486
15,452,467,30.133333333333333,472
1125,170,1295,0.1511111111111111,171
63,583,646,9.253968253968255,597
94,539,633,5.73404255319149,558
8,356,364,44.5,384
15,374,389,24.933333333333334,394
22,373,395,16.954545454545453,393
18,353,371,19.61111111111111,369
43,202,245,4.6976744186046515,204
1348,27,1375,0.020029673590504452,12
4,10,14,2.5,1
29,610,639,21.03448275862069,624
661,396,1057,0.5990922844175491,417
576,826,1402,1.4340277777777777,425
17,311,328,18.294117647058822,328
2159,136,2295,0.06299212598425197,133
1,10,11,10.0,1
10,308,318,30.8,321
12,277,289,23.083333333333332,292
71,439,510,6.183098591549296,460
331,18,349,0.054380664652567974,3
282,344,626,1.2198581560283688,360
705,738,1443,1.0468085106382978,743
141,501,642,3.5531914893617023,523
80,1613,1693,20.1625,1006
117,331,448,2.8290598290598292,346
9,209,218,23.22222222222222,218
17,259,276,15.235294117647058,318
17,158,175,9.294117647058824,156
4,26,30,6.5,10
105,97,202,0.9238095238095239,89
27,59,86,2.185185185185185,51
28,313,341,11.178571428571429,326
46,949,995,20.630434782608695,959
1014,499,1513,0.4921104536489152,519
72,501,573,6.958333333333333,523
12,27,39,2.25,12
23,131,154,5.695652173913044,132
960,244,1204,0.25416666666666665,252
13,303,316,23.307692307692307,318
1,10,11,10.0,1
19,105,124,5.526315789473684,104
61,408,469,6.688524590163935,427
100,242,342,2.42,251
1,10,11,10.0,1
58,332,390,5.724137931034483,351
5,32,37,6.4,17
43,131,174,3.046511627906977,130
39,240,279,6.153846153846154,251
12,747,759,62.25,754
1113,236,1349,0.21203953279424978,246
59,853,912,14.457627118644067,864
172,473,645,2.75,496
128,333,461,2.6015625,354
28,462,490,16.5,485
60,170,230,2.8333333333333335,304
103,150,253,1.4563106796116505,153
483,904,1387,1.8716356107660455,901
205,313,518,1.526829268292683,328
3,89,92,29.666666666666668,59
15,608,623,40.53333333333333,359
25,273,298,10.92,284
1487,3,1490,0.0020174848688634837,1
569,977,1546,1.7170474516695957,1006
52,738,790,14.192307692307692,743
3,310,313,103.33333333333333,333
15,358,373,23.866666666666667,213
46,272,318,5.913043478260869,273
93,111,204,1.1935483870967742,107
7,115,122,16.428571428571427,149
1,37,38,37.0,1
36,85,121,2.361111111111111,130
61,168,229,2.7540983606557377,175
3049,217,3266,0.07117087569694983,226
11,488,499,44.36363636363637,506
153,157,310,1.026143790849673,159
103,701,804,6.805825242718447,713
144,724,868,5.027777777777778,734
6,282,288,47.0,298
21,19,40,0.9047619047619048,3
65,605,670,9.307692307692308,615
313,873,1186,2.7891373801916934,584
1,10,11,10.0,1
30,604,634,20.133333333333333,625
18,417,435,23.166666666666668,440
215,287,502,1.3348837209302327,297
38,114,152,3.0,113
18,770,788,42.77777777777778,774
679,265,944,0.390279823269514,276
20,803,823,40.15,804
66,138,204,2.090909090909091,135
58,412,470,7.103448275862069,431
17,310,327,18.235294117647058,360
2017,18,2035,0.008924144769459593,2
56,346,402,6.178571428571429,363
67,25,92,0.373134328358209,10
30,248,278,8.266666666666667,257
205,212,417,1.0341463414634147,216
2,661,663,330.5,433
17,20,37,1.1764705882352942,5
814,226,1040,0.27764127764127766,232
135,350,485,2.5925925925925926,261
33,157,190,4.757575757575758,370
6,515,521,85.83333333333333,533
736,146,882,0.1983695652173913,152
66,951,1017,14.409090909090908,958
322,418,740,1.2981366459627328,436
1097,919,2016,0.837739288969918,915
22,791,813,35.95454545454545,791
169,203,372,1.2011834319526626,212
20,164,184,8.2,168
55,156,211,2.8363636363636364,159
42,335,377,7.976190476190476,419
51,150,201,2.9411764705882355,135
44,775,819,17.613636363636363,777
760,365,1125,0.48026315789473684,198
23,786,809,34.17391304347826,791
874,224,1098,0.2562929061784897,231
142,772,914,5.436619718309859,776
21,294,315,14.0,310
699,72,771,0.10300429184549356,175
29,344,373,11.862068965517242,306
15,265,280,17.666666666666668,278
32,156,188,4.875,267
135,11,146,0.08148148148148149,1
34,655,689,19.264705882352942,669
93,114,207,1.2258064516129032,183
11,333,344,30.272727272727273,351
17,607,624,35.705882352941174,624
1538,179,1717,0.11638491547464239,183
23,444,467,19.304347826086957,464
9,115,124,12.777777777777779,111
3,105,108,35.0,101
18,218,236,12.11111111111111,225
455,176,631,0.3868131868131868,177
1870,74,1944,0.039572192513368985,69
925,204,1129,0.22054054054054054,212
927,432,1359,0.46601941747572817,455
12,270,282,22.5,286
130,275,405,2.1153846153846154,287
10,501,511,50.1,524
25,266,291,10.64,244
8,423,431,52.875,445
22,309,331,14.045454545454545,323
11,36,47,3.272727272727273,24
113,33,146,0.2920353982300885,19
42,371,413,8.833333333333334,394
5,108,113,21.6,107
9,174,183,19.333333333333332,177
106,592,698,5.584905660377358,608
2,10,12,5.0,1
542,838,1380,1.5461254612546125,843
51,213,264,4.176470588235294,219
983,198,1181,0.20142421159715157,384
24,523,547,21.791666666666668,542
11,347,358,31.545454545454547,363
50,159,209,3.18,161
12,534,546,44.5,553
27,365,392,13.518518518518519,369
86,710,796,8.255813953488373,730
21,629,650,29.952380952380953,406
38,934,972,24.57894736842105,948
16,495,511,30.9375,513
2,41,43,20.5,29
34,339,373,9.970588235294118,353
558,405,963,0.7258064516129032,422
1368,138,1506,0.10087719298245613,138
1151,810,1961,0.7037358818418766,813
84,613,697,7.2976190476190474,626
6,557,563,92.83333333333333,585
43,496,539,11.534883720930232,516
12,281,293,23.416666666666668,290
156,424,580,2.717948717948718,442
7,145,152,20.714285714285715,149
25,220,245,8.8,244
293,554,847,1.8907849829351535,574
4,624,628,156.0,629
40,247,287,6.175,258
18,317,335,17.61111111111111,334
7,273,280,39.0,285
21,469,490,22.333333333333332,493
20,275,295,13.75,288
152,309,461,2.0328947368421053,320
8,387,395,48.375,405
1140,714,1854,0.6263157894736842,722
15,127,142,8.466666666666667,121
80,4,84,0.05,1
760,365,1125,0.48026315789473684,198
88,495,583,5.625,514
55,712,767,12.945454545454545,724
35,137,172,3.914285714285714,134
10,277,287,27.7,290
27,375,402,13.88888888888889,397
3,574,577,191.33333333333334,595
13,161,174,12.384615384615385,161
108,317,425,2.935185185185185,335
82,511,593,6.2317073170731705,530
732,145,877,0.19808743169398907,145
23,125,148,5.434782608695652,124
3,9,12,3.0,1
12,25,37,2.0833333333333335,12
124,415,539,3.346774193548387,429
1478,13,1491,0.008795669824086604,1
724,352,1076,0.4861878453038674,367
51,69,120,1.3529411764705883,54
72,42,114,0.5833333333333334,29
15,599,614,39.93333333333333,620
12,401,413,33.416666666666664,421
33,352,385,10.666666666666666,385
5,214,219,42.8,219
192,215,407,1.1197916666666667,226
13,393,406,30.23076923076923,416
1,10,11,10.0,1
8,161,169,20.125,164
38,119,157,3.1315789473684212,114
139,421,560,3.028776978417266,443
173,161,334,0.930635838150289,165
14,384,398,27.428571428571427,403
8,443,451,55.375,606
107,379,486,3.542056074766355,303
46,321,367,6.978260869565218,341
1055,423,1478,0.4009478672985782,687
4,250,254,62.5,259
7,30,37,4.285714285714286,14
21,768,789,36.57142857142857,775
143,99,242,0.6923076923076923,92
7,310,317,44.285714285714285,149
195,84,279,0.4307692307692308,74
48,55,103,1.1458333333333333,41
584,949,1533,1.625,978
518,392,910,0.7567567567567568,409
12,378,390,31.5,395
8,293,301,36.625,304
103,304,407,2.9514563106796117,317
12,103,115,8.583333333333334,99
6,79,85,13.166666666666666,68
66,326,392,4.9393939393939394,344
15,330,345,22.0,348
16,666,682,41.625,673
346,64,410,0.18497109826589594,56
10,94,104,9.4,89
38,397,435,10.447368421052632,478
495,131,626,0.26464646464646463,129
16,385,401,24.0625,358
16,420,436,26.25,443
100,140,240,1.4,138
424,791,1215,1.865566037735849,793
250,174,424,0.696,180
47,333,380,7.085106382978723,349
15,79,94,5.266666666666667,344
71,794,865,11.183098591549296,796
390,470,860,1.205128205128205,488
29,423,452,14.586206896551724,450
17,226,243,13.294117647058824,291
82,989,1071,12.060975609756097,1006
34,403,437,11.852941176470589,424
870,850,1720,0.9770114942528736,860
15,566,581,37.733333333333334,584
11,92,103,8.363636363636363,90
11,368,379,33.45454545454545,390
16,306,322,19.125,320
25,434,459,17.36,460
15,288,303,19.2,302
309,451,760,1.4595469255663431,467
2950,179,3129,0.060677966101694916,108
842,435,1277,0.5166270783847982,459
9,221,230,24.555555555555557,232
6,210,216,35.0,214
147,7,154,0.047619047619047616,1
82,27,109,0.32926829268292684,9
733,327,1060,0.4461118690313779,126
26,261,287,10.038461538461538,274
10,367,377,36.7,329
50,224,274,4.48,230
9,221,230,24.555555555555557,232
21,137,158,6.523809523809524,136
37,311,348,8.405405405405405,326
17,284,301,16.705882352941178,301
25,398,423,15.92,419
70,748,818,10.685714285714285,760
12,377,389,31.416666666666668,393
7,95,102,13.571428571428571,89
9,125,134,13.88888888888889,122
328,361,689,1.100609756097561,380
26,335,361,12.884615384615385,353
768,5,773,0.006510416666666667,1
52,51,103,0.9807692307692307,37
13,142,155,10.923076923076923,144
1491,345,1836,0.23138832997987926,365
124,272,396,2.193548387096774,284
150,346,496,2.3066666666666666,358
41,558,599,13.609756097560975,576
55,529,584,9.618181818181819,547
209,91,300,0.4354066985645933,429
1501,125,1626,0.0832778147901399,122
11,84,95,7.636363636363637,78
14,878,892,62.714285714285715,889
20,456,476,22.8,477
58,325,383,5.603448275862069,344
714,258,972,0.36134453781512604,283
25,441,466,17.64,460
6,23,29,3.8333333333333335,9
19,33,52,1.736842105263158,82
148,782,930,5.283783783783784,785
133,302,435,2.2706766917293235,318
43,80,123,1.8604651162790697,73
16,341,357,21.3125,360
81,312,393,3.8518518518518516,329
44,15,59,0.3409090909090909,1
22,743,765,33.77272727272727,752
7,133,140,19.0,135
259,568,827,2.193050193050193,583
8,140,148,17.5,143
397,99,496,0.24937027707808565,94
17,567,584,33.35294117647059,589
22,213,235,9.681818181818182,216
89,48,137,0.5393258426966292,35
327,1163,1490,3.5565749235474007,1006
90,136,226,1.511111111111111,96
569,132,701,0.23198594024604569,134
27,382,409,14.148148148148149,402
9,319,328,35.44444444444444,332
1,11,12,11.0,1
81,364,445,4.493827160493828,380
297,735,1032,2.474747474747475,739
13,163,176,12.538461538461538,167
49,839,888,17.122448979591837,852
14,128,142,9.142857142857142,128
9,438,447,48.666666666666664,454
6,450,456,75.0,472
24,449,473,18.708333333333332,478
19,183,202,9.631578947368421,187
45,1000,1045,22.22222222222222,1006
5,20,25,4.0,3
54,392,446,7.2592592592592595,424
163,85,248,0.5214723926380368,77
102,27,129,0.2647058823529412,11
1389,535,1924,0.3851691864650828,557
49,515,564,10.510204081632653,538
14,766,780,54.714285714285715,766
9,196,205,21.77777777777778,182
27,189,216,7.0,283
22,579,601,26.318181818181817,597
74,199,273,2.689189189189189,203
17,371,388,21.823529411764707,391
89,347,436,3.898876404494382,371
19,601,620,31.63157894736842,616
9,14,23,1.5555555555555556,397
384,380,764,0.9895833333333334,399
36,233,269,6.472222222222222,242
2676,200,2876,0.07473841554559044,333
57,574,631,10.070175438596491,590
20,363,383,18.15,386
34,144,178,4.235294117647059,47
11,393,404,35.72727272727273,479
242,508,750,2.0991735537190084,530
42,102,144,2.4285714285714284,103
6,17,23,2.8333333333333335,4
66,358,424,5.424242424242424,373
15,194,209,12.933333333333334,196
34,240,274,7.0588235294117645,249
28,127,155,4.535714285714286,124
45,980,1025,21.77777777777778,1006
13,283,296,21.76923076923077,301
42,463,505,11.023809523809524,405
18,802,820,44.55555555555556,819
155,612,767,3.9483870967741934,628
16,470,486,29.375,489
1327,117,1444,0.08816880180859081,114
1518,547,2065,0.3603425559947299,565
18,353,371,19.61111111111111,377
66,304,370,4.606060606060606,321
39,322,361,8.256410256410257,338
9,35,44,3.888888888888889,143
13,220,233,16.923076923076923,229
515,143,658,0.27766990291262134,140
18,325,343,18.055555555555557,342
671,35,706,0.05216095380029806,25
20,231,251,11.55,404
1118,771,1889,0.6896243291592129,774
3030,37,3067,0.01221122112211221,25
2624,7,2631,0.0026676829268292685,1
23,31,54,1.3478260869565217,19
76,782,858,10.289473684210526,784
8,105,113,13.125,102
136,88,224,0.6470588235294118,82
12,509,521,42.416666666666664,529
492,554,1046,1.1260162601626016,576
7,29,36,4.142857142857143,12
144,931,1075,6.465277777777778,936
487,787,1274,1.6160164271047228,785
59,20,79,0.3389830508474576,6
7,235,242,33.57142857142857,245
30,287,317,9.566666666666666,439
95,273,368,2.873684210526316,289
17,408,425,24.0,434
69,256,325,3.710144927536232,235
44,358,402,8.136363636363637,375
787,76,863,0.096569250317662,66
1126,574,1700,0.5097690941385435,590
10,779,789,77.9,787
589,266,855,0.45161290322580644,276
19,22,41,1.1578947368421053,7
161,341,502,2.1180124223602483,360
1249,552,1801,0.4419535628502802,565
14,327,341,23.357142857142858,343
2389,1042,3431,0.4361657597321055,1006
3286,111,3397,0.03377967133292757,107
111,67,178,0.6036036036036037,58
601,380,981,0.632279534109817,394
10,690,700,69.0,702
361,268,629,0.7423822714681441,279
62,421,483,6.790322580645161,440
42,237,279,5.642857142857143,243
10,288,298,28.8,329
43,237,280,5.511627906976744,246
55,48,103,0.8727272727272727,38
19,78,97,4.105263157894737,73
1411,860,2271,0.6094968107725017,864
14,140,154,10.0,143
25,77,102,3.08,69
31,24,55,0.7741935483870968,11
648,444,1092,0.6851851851851852,464
447,153,600,0.3422818791946309,156
22,258,280,11.727272727272727,269
1804,402,2206,0.22283813747228381,425
21,103,124,4.904761904761905,99
17,291,308,17.11764705882353,304
22,207,229,9.409090909090908,352
432,260,692,0.6018518518518519,271
2214,122,2336,0.05510388437217705,123
6,112,118,18.666666666666668,108
20,631,651,31.55,640
28,362,390,12.928571428571429,351
22,161,183,7.318181818181818,162
9,485,494,53.888888888888886,505
627,284,911,0.4529505582137161,297
7,355,362,50.714285714285715,376
26,168,194,6.461538461538462,245
109,9,118,0.08256880733944955,1
1762,456,2218,0.25879682179341656,386
66,27,93,0.4090909090909091,8
17,456,473,26.823529411764707,478
25,468,493,18.72,488
938,12,950,0.01279317697228145,1
336,298,634,0.8869047619047619,311
141,345,486,2.4468085106382977,366
41,845,886,20.609756097560975,855
23,163,186,7.086956521739131,164
18,25,43,1.3888888888888888,9
26,44,70,1.6923076923076923,34
10,425,435,42.5,445
17,116,133,6.823529411764706,111
25,552,577,22.08,574
685,614,1299,0.8963503649635036,631
9,11,20,1.2222222222222223,1
789,3,792,0.0038022813688212928,1
14,510,524,36.42857142857143,531
11,385,396,35.0,403
1011,465,1476,0.4599406528189911,483
52,312,364,6.0,237
26,141,167,5.423076923076923,141
338,265,603,0.7840236686390533,278
10,109,119,10.9,134
51,213,264,4.176470588235294,219
227,244,471,1.0748898678414096,253
12,167,179,13.916666666666666,169
11,855,866,77.72727272727273,862
160,395,555,2.46875,413
1667,484,2151,0.2903419316136773,507
43,480,523,11.162790697674419,503
41,357,398,8.707317073170731,381
937,500,1437,0.5336179295624333,518
216,396,612,1.8333333333333333,413
257,417,674,1.622568093385214,440
984,987,1971,1.0030487804878048,1006
737,252,989,0.3419267299864315,262
11,600,611,54.54545454545455,615
15,256,271,17.066666666666666,270
10,67,77,6.7,54
240,763,1003,3.1791666666666667,765
20,308,328,15.4,323
149,500,649,3.3557046979865772,519
2423,134,2557,0.05530334296326868,132
12,360,372,30.0,378
5,187,192,37.4,191
16,24,40,1.5,6
36,429,465,11.916666666666666,449
50,57,107,1.14,48
20,449,469,22.45,448
28,841,869,30.035714285714285,851
15,687,702,45.8,701
6,318,324,53.0,333
251,265,516,1.0557768924302788,258
42,241,283,5.738095238095238,246
622,493,1115,0.792604501607717,513
33,339,372,10.272727272727273,359
743,229,972,0.3082099596231494,238
4,278,282,69.5,290
13,470,483,36.15384615384615,491
10,297,307,29.7,309
2,10,12,5.0,1
16,44,60,2.75,28
8,205,213,25.625,209
267,414,681,1.550561797752809,435
278,974,1252,3.5035971223021583,1006
175,456,631,2.605714285714286,478
39,451,490,11.564102564102564,475
70,252,322,3.6,261
12,257,269,21.416666666666668,266
4,444,448,111.0,465
8,529,537,66.125,551
9,87,96,9.666666666666666,79
193,406,599,2.1036269430051813,526
124,563,687,4.540322580645161,580
97,219,316,2.2577319587628866,228
10,486,496,48.6,510
401,153,554,0.38154613466334164,153
1902,4,1906,0.002103049421661409,5
248,30,278,0.12096774193548387,17
16,313,329,19.5625,327
28,296,324,10.571428571428571,311
45,473,518,10.511111111111111,187
736,146,882,0.1983695652173913,152
48,328,376,6.833333333333333,347
52,258,310,4.961538461538462,274
19,381,400,20.05263157894737,336
52,560,612,10.76923076923077,577
49,500,549,10.204081632653061,521
25,258,283,10.32,271
2809,848,3657,0.3018867924528302,856
242,410,652,1.6942148760330578,429
60,97,157,1.6166666666666667,94
3710,179,3889,0.04824797843665768,186
56,267,323,4.767857142857143,280
15,250,265,16.666666666666668,258
10,324,334,32.4,338
34,59,93,1.7352941176470589,51
14,205,219,14.642857142857142,211
1772,957,2729,0.5400677200902935,982
5,183,188,36.6,186
123,273,396,2.2195121951219514,287
188,381,569,2.026595744680851,399
240,305,545,1.2708333333333333,323
341,792,1133,2.3225806451612905,794
2209,584,2793,0.26437301946582165,599
12,244,256,20.333333333333332,253
21,590,611,28.095238095238095,609
13,374,387,28.76923076923077,394
11,405,416,36.81818181818182,436
13,161,174,12.384615384615385,413
16,20,36,1.25,5
458,31,489,0.06768558951965066,8
13,103,116,7.923076923076923,95
10,422,432,42.2,446
84,355,439,4.226190476190476,362
133,126,259,0.9473684210526315,125
38,98,136,2.5789473684210527,95
39,209,248,5.358974358974359,231
82,55,137,0.6707317073170732,44
68,504,572,7.411764705882353,528
2,27,29,13.5,10
139,30,169,0.2158273381294964,12
2,329,331,164.5,346
14,360,374,25.714285714285715,375
18,65,83,3.611111111111111,41
44,270,314,6.136363636363637,280
52,210,262,4.038461538461538,217
11,714,725,64.9090909090909,728
9,138,147,15.333333333333334,140
15,342,357,22.8,364
57,26,83,0.45614035087719296,14
27,244,271,9.037037037037036,255
663,36,699,0.05429864253393665,25
1,35,36,35.0,1
1413,163,1576,0.11535739561217269,170
413,138,551,0.3341404358353511,132
21,21,42,1.0,5
345,104,449,0.30144927536231886,97
21,58,79,2.761904761904762,47
8,37,45,4.625,22
70,611,681,8.728571428571428,625
675,6,681,0.008888888888888889,1
14,283,297,20.214285714285715,296
20,276,296,13.8,290
1800,880,2680,0.4888888888888889,892
180,386,566,2.1444444444444444,371
21,517,538,24.61904761904762,538
24,562,586,23.416666666666668,581
17,69,86,4.0588235294117645,318
5,921,926,184.2,940
555,123,678,0.22162162162162163,121
216,71,287,0.3287037037037037,58
21,303,324,14.428571428571429,319
128,284,412,2.21875,295
6,35,41,5.833333333333333,22
35,287,322,8.2,303
16,816,832,51.0,826
13,314,327,24.153846153846153,330
20,307,327,15.35,419
29,346,375,11.931034482758621,363
696,391,1087,0.5617816091954023,410
7,238,245,34.0,252
91,605,696,6.648351648351649,424
36,289,325,8.027777777777779,302
793,778,1571,0.9810844892812106,779
2,10,12,5.0,1
14,457,471,32.642857142857146,480
7,284,291,40.57142857142857,300
8,282,290,35.25,297
48,73,121,1.5208333333333333,64
144,547,691,3.798611111111111,570
4,148,152,37.0,279
68,326,394,4.794117647058823,342
1054,612,1666,0.5806451612903226,626
18,597,615,33.166666666666664,613
130,3,133,0.023076923076923078,1
93,835,928,8.978494623655914,829
183,142,325,0.7759562841530054,108
6,23,29,3.8333333333333335,9
8,54,62,6.75,40
35,250,285,7.142857142857143,260
81,250,331,3.0864197530864197,262
13,138,151,10.615384615384615,379
10,313,323,31.3,329
73,597,670,8.178082191780822,611
35,265,300,7.571428571428571,410
408,382,790,0.9362745098039216,405
234,468,702,2.0,492
50,95,145,1.9,139
34,630,664,18.529411764705884,643
43,245,288,5.6976744186046515,249
1364,396,1760,0.2903225806451613,134
71,222,293,3.1267605633802815,229
20,888,908,44.4,892
255,370,625,1.4509803921568627,174
57,720,777,12.631578947368421,779
117,145,262,1.2393162393162394,145
1264,105,1369,0.08306962025316456,99
1,10,11,10.0,1
9,13,22,1.4444444444444444,1
48,255,303,5.3125,268
30,237,267,7.9,247
12,167,179,13.916666666666666,169
18,402,420,22.333333333333332,422
153,249,402,1.6274509803921569,261
112,95,207,0.8482142857142857,94
273,689,962,2.5238095238095237,626
289,4,293,0.01384083044982699,1
31,141,172,4.548387096774194,140
35,181,216,5.171428571428572,184
549,509,1058,0.9271402550091075,528
772,323,1095,0.4183937823834197,336
117,12,129,0.10256410256410256,1
15,414,429,27.6,437
253,619,872,2.4466403162055337,629
31,344,375,11.096774193548388,362
5,47,52,9.4,37
46,280,326,6.086956521739131,292
62,788,850,12.709677419354838,786
75,282,357,3.76,297
80,610,690,7.625,621
23,353,376,15.347826086956522,362
92,232,324,2.5217391304347827,240
75,984,1059,13.12,1006
16,628,644,39.25,644
1502,453,1955,0.3015978695073236,476
9,323,332,35.888888888888886,339
33,361,394,10.93939393939394,384
661,466,1127,0.7049924357034796,488
31,196,227,6.32258064516129,202
2666,281,2947,0.1054013503375844,290
454,494,948,1.0881057268722467,512
17,266,283,15.647058823529411,281
53,36,89,0.6792452830188679,24
104,233,337,2.2403846153846154,241
15,374,389,24.933333333333334,390
119,717,836,6.025210084033613,728
162,211,373,1.3024691358024691,218
25,344,369,13.76,364
9,52,61,5.777777777777778,40
26,30,56,1.1538461538461537,16
5,337,342,67.4,354
9,248,257,27.555555555555557,254
11,297,308,27.0,318
27,134,161,4.962962962962963,134
2391,305,2696,0.1275616896695943,363
89,586,675,6.584269662921348,824
19,151,170,7.947368421052632,150
76,17,93,0.2236842105263158,15
635,404,1039,0.6362204724409449,423
28,366,394,13.071428571428571,378
23,57,80,2.4782608695652173,46
10,377,387,37.7,165
66,124,190,1.878787878787879,117
21,680,701,32.38095238095238,689
33,249,282,7.545454545454546,258
1635,942,2577,0.5761467889908257,949
7,145,152,20.714285714285715,149
160,48,208,0.3,37
5,3,8,0.6,1
13,168,181,12.923076923076923,170
9,57,66,6.333333333333333,46
8,614,622,76.75,631
91,766,857,8.417582417582418,770
6,230,236,38.333333333333336,239
186,519,705,2.7903225806451615,543
220,741,961,3.368181818181818,747
21,199,220,9.476190476190476,228
1220,310,1530,0.2540983606557377,437
23,280,303,12.173913043478262,294
2141,34,2175,0.015880429705744978,23
47,126,173,2.6808510638297873,124
30,892,922,29.733333333333334,899
30,206,236,6.866666666666666,214
36,46,82,1.2777777777777777,36
176,74,250,0.42045454545454547,164
14,211,225,15.071428571428571,219
321,403,724,1.2554517133956387,420
72,268,340,3.7222222222222223,280
9,414,423,46.0,379
26,393,419,15.115384615384615,414
5,33,38,6.6,18
604,399,1003,0.6605960264900662,407
125,208,333,1.664,213
8,201,209,25.125,209
73,476,549,6.52054794520548,496
38,213,251,5.605263157894737,220
84,119,203,1.4166666666666667,281
391,242,633,0.618925831202046,248
12,385,397,32.083333333333336,407
11,574,585,52.18181818181818,596
10,231,241,23.1,67
9,549,558,61.0,572
94,86,180,0.9148936170212766,72
22,59,81,2.6818181818181817,409
53,155,208,2.9245283018867925,14
124,41,165,0.33064516129032256,32
19,416,435,21.894736842105264,438
183,455,638,2.4863387978142075,478
1550,694,2244,0.447741935483871,692
1934,654,2588,0.33815925542916236,667
25,418,443,16.72,442
447,165,612,0.3691275167785235,169
386,285,671,0.7383419689119171,299
123,292,415,2.3739837398373984,308
1307,573,1880,0.4384085692425402,591
754,102,856,0.13527851458885942,95
31,239,270,7.709677419354839,247
16,420,436,26.25,443
14,346,360,24.714285714285715,363
46,218,264,4.739130434782608,222
36,467,503,12.972222222222221,487
2735,235,2970,0.08592321755027423,252
380,491,871,1.2921052631578946,437
152,419,571,2.7565789473684212,439
1103,244,1347,0.22121486854034453,257
18,161,179,8.944444444444445,161
19,33,52,1.736842105263158,17
2945,935,3880,0.3174872665534805,941
149,500,649,3.3557046979865772,519
11,127,138,11.545454545454545,127
300,471,771,1.57,492
80,420,500,5.25,443
42,550,592,13.095238095238095,568
355,187,542,0.5267605633802817,191
13,97,110,7.461538461538462,284
66,838,904,12.696969696969697,842
7,362,369,51.714285714285715,372
130,29,159,0.2230769230769231,15
35,178,213,5.085714285714285,179
10,126,136,12.6,127
927,325,1252,0.3505933117583603,327
1,10,11,10.0,1
56,394,450,7.035714285714286,415
43,543,586,12.627906976744185,563
687,806,1493,1.173216885007278,810
119,471,590,3.957983193277311,491
7,213,220,30.428571428571427,149
125,162,287,1.296,161
15,23,38,1.5333333333333334,8
32,411,443,12.84375,430
17,230,247,13.529411764705882,241
314,432,746,1.375796178343949,450
142,109,251,0.7676056338028169,106
6,33,39,5.5,15
61,101,162,1.6557377049180328,97
73,43,116,0.589041095890411,30
1853,429,2282,0.23151645979492713,450
76,934,1010,12.289473684210526,945
35,201,236,5.742857142857143,205
20,273,293,13.65,288
35,360,395,10.285714285714286,375
46,146,192,3.1739130434782608,142
646,244,890,0.37770897832817335,258
1254,38,1292,0.030303030303030304,30
119,29,148,0.24369747899159663,20
24,692,716,28.833333333333332,709
9,494,503,54.888888888888886,518
4,36,40,9.0,23
7,89,96,12.714285714285714,103
861,127,988,0.14750290360046459,128
101,786,887,7.782178217821782,791
473,645,1118,1.3636363636363635,656
45,7,52,0.15555555555555556,1
49,124,173,2.5306122448979593,121
21,274,295,13.047619047619047,285
31,527,558,17.0,539
376,385,761,1.023936170212766,405
17,281,298,16.529411764705884,318
17,96,113,5.647058823529412,91
20,72,92,3.6,64
3,10,13,3.3333333333333335,1
1,36,37,36.0,1
139,71,210,0.5107913669064749,62
1,10,11,10.0,1
1,39,40,39.0,1
470,590,1060,1.2553191489361701,603
312,1093,1405,3.503205128205128,1006
9,429,438,47.666666666666664,452
8,407,415,50.875,425
8,94,102,11.75,86
16,497,513,31.0625,520
7,210,217,30.0,217
67,311,378,4.641791044776119,325
13,160,173,12.307692307692308,163
70,143,213,2.0428571428571427,144
13,533,546,41.0,552
126,164,290,1.3015873015873016,171
23,35,58,1.5217391304347827,12
89,467,556,5.247191011235955,486
27,134,161,4.962962962962963,134
104,478,582,4.596153846153846,500
22,179,201,8.136363636363637,179
307,101,408,0.3289902280130293,95
19,686,705,36.10526315789474,697
17,922,939,54.23529411764706,951
39,344,383,8.820512820512821,358
1577,1041,2618,0.6601141407736208,1006
12,315,327,26.25,333
30,456,486,15.2,480
57,132,189,2.3157894736842106,131
127,230,357,1.811023622047244,240
3,500,503,166.66666666666666,522
789,288,1077,0.3650190114068441,299
10,373,383,37.3,329
15,505,520,33.666666666666664,529
187,450,637,2.406417112299465,469
463,148,611,0.31965442764578833,149
308,122,430,0.3961038961038961,121
112,248,360,2.2142857142857144,25
22,93,115,4.2272727272727275,87
344,399,743,1.1598837209302326,400
3,64,67,21.333333333333332,60
2,288,290,144.0,83
13,495,508,38.07692307692308,510
272,547,819,2.011029411764706,658
11,37,48,3.3636363636363638,24
41,235,276,5.7317073170731705,244
359,176,535,0.49025069637883006,182
20,161,181,8.05,334
5,183,188,36.6,186
614,671,1285,1.0928338762214984,705
139,391,530,2.8129496402877696,411
7,80,87,11.428571428571429,76
317,165,482,0.5205047318611987,167
11,237,248,21.545454545454547,216
503,22,525,0.0437375745526839,7
25,449,474,17.96,473
20,185,205,9.25,189
42,769,811,18.30952380952381,770
10,273,283,27.3,286
1612,776,2388,0.4813895781637717,775
494,139,633,0.2813765182186235,139
21,262,283,12.476190476190476,274
1,10,11,10.0,1
104,336,440,3.230769230769231,356
25,390,415,15.6,295
490,187,677,0.3816326530612245,196
15,90,105,6.0,86
13,207,220,15.923076923076923,212
126,443,569,3.515873015873016,462
3875,98,3973,0.02529032258064516,79
147,531,678,3.6122448979591835,552
1,10,11,10.0,1
213,846,1059,3.971830985915493,853
13,186,199,14.307692307692308,192
12,569,581,47.416666666666664,588
121,163,284,1.3471074380165289,168
5,29,34,5.8,14
44,245,289,5.568181818181818,259
16,232,248,14.5,239
203,52,255,0.2561576354679803,40
904,121,1025,0.1338495575221239,120
124,563,687,4.540322580645161,580
1155,378,1533,0.32727272727272727,396
54,407,461,7.537037037037037,428
169,524,693,3.100591715976331,544
7,28,35,4.0,3
9,238,247,26.444444444444443,244
14,38,52,2.7142857142857144,26
15,241,256,16.066666666666666,247
2843,56,2899,0.01969750263805839,45
333,374,707,1.1231231231231231,183
6,11,17,1.8333333333333333,1
17,607,624,35.705882352941174,624
224,25,249,0.11160714285714286,443
53,395,448,7.452830188679245,413
20,41,61,2.05,26
9,485,494,53.888888888888886,505
48,226,274,4.708333333333333,236
37,355,392,9.594594594594595,374
708,395,1103,0.557909604519774,417
8,180,188,22.5,155
1054,4,1058,0.003795066413662239,115
1360,531,1891,0.39044117647058824,544
329,375,704,1.1398176291793314,197
110,681,791,6.1909090909090905,698
1410,348,1758,0.24680851063829787,368
8,88,96,11.0,200
20,705,725,35.25,717
1151,209,1360,0.18158123370981755,59
203,368,571,1.812807881773399,386
50,778,828,15.56,782
12,333,345,27.75,349
68,137,205,2.014705882352941,408
20,245,265,12.25,255
258,353,611,1.3682170542635659,368
34,747,781,21.970588235294116,753
20,298,318,14.9,182
1176,11,1187,0.00935374149659864,1
1111,588,1699,0.5292529252925292,133
1016,180,1196,0.17716535433070865,185
8,394,402,49.25,415
23,567,590,24.652173913043477,249
1,10,11,10.0,1
781,303,1084,0.3879641485275288,322
42,50,92,1.1904761904761905,39
11,225,236,20.454545454545453,232
1869,404,2273,0.21615837346174424,424
265,311,576,1.1735849056603773,227
7,183,190,26.142857142857142,185
109,9,118,0.08256880733944955,1
28,352,380,12.571428571428571,351
284,381,665,1.341549295774648,398
8,110,118,13.75,108
11,373,384,33.90909090909091,395
21,277,298,13.19047619047619,293
18,379,397,21.055555555555557,392
121,479,600,3.958677685950413,502
54,799,853,14.796296296296296,801
16,246,262,15.375,392
507,722,1229,1.4240631163708086,730
95,437,532,4.6,461
61,29,90,0.47540983606557374,8
33,410,443,12.424242424242424,431
32,674,706,21.0625,438
43,471,514,10.953488372093023,493
20,258,278,12.9,270
15,577,592,38.46666666666667,593
7,259,266,37.0,277
8,15,23,1.875,1
37,419,456,11.324324324324325,441
5,478,483,95.6,498
11,260,271,23.636363636363637,211
5,81,86,16.2,413
44,270,314,6.136363636363637,280
12,582,594,48.5,488
1,10,11,10.0,1
2748,356,3104,0.12954876273653565,442
88,404,492,4.590909090909091,423
3250,8,3258,0.0024615384615384616,1
61,166,227,2.721311475409836,171
48,941,989,19.604166666666668,951
9,24,33,2.6666666666666665,103
6,486,492,81.0,510
594,596,1190,1.0033670033670035,609
31,314,345,10.129032258064516,326
60,148,208,2.466666666666667,148
97,993,1090,10.237113402061855,1006
33,327,360,9.909090909090908,343
11,219,230,19.90909090909091,239
254,749,1003,2.9488188976377954,757
5,1122,1127,224.4,364
393,48,441,0.12213740458015267,38
948,1010,1958,1.0654008438818565,1006
9,904,913,100.44444444444444,915
19,25,44,1.3157894736842106,10
72,570,642,7.916666666666667,589
1256,729,1985,0.5804140127388535,736
1540,740,2280,0.4805194805194805,754
16,188,204,11.75,195
28,414,442,14.785714285714286,435
35,447,482,12.771428571428572,470
442,244,686,0.5520361990950227,208
47,488,535,10.382978723404255,508
20,625,645,31.25,233
53,433,486,8.169811320754716,451
35,718,753,20.514285714285716,725
45,719,764,15.977777777777778,731
2698,174,2872,0.06449221645663454,180
21,96,117,4.571428571428571,93
17,567,584,33.35294117647059,586
131,464,595,3.5419847328244276,486
552,559,1111,1.0126811594202898,576
43,691,734,16.069767441860463,700
80,777,857,9.7125,731
40,481,521,12.025,499
11,486,497,44.18181818181818,506
2756,93,2849,0.03374455732946299,82
59,124,183,2.1016949152542375,122
30,21,51,0.7,8
308,640,948,2.0779220779220777,643
988,33,1021,0.03340080971659919,21
16,218,234,13.625,222
6,70,76,11.666666666666666,166
15,169,184,11.266666666666667,169
28,342,370,12.214285714285714,359
7,26,33,3.7142857142857144,12
924,463,1387,0.5010822510822511,484
59,166,225,2.8135593220338984,168
42,27,69,0.6428571428571429,23
15,391,406,26.066666666666666,416
19,351,370,18.473684210526315,368
1069,914,1983,0.8550046772684752,915
17,309,326,18.176470588235293,323
14,723,737,51.642857142857146,732
11,167,178,15.181818181818182,170
252,352,604,1.3968253968253967,369
826,232,1058,0.28087167070217917,239
26,277,303,10.653846153846153,290
1326,175,1501,0.13197586726998492,178
1,25,26,25.0,7
350,427,777,1.22,446
30,32,62,1.0666666666666667,20
9,298,307,33.111111111111114,339
16,391,407,24.4375,447
87,109,196,1.2528735632183907,106
100,107,207,1.07,107
21,472,493,22.476190476190474,491
25,214,239,8.56,108
37,352,389,9.513513513513514,368
55,356,411,6.472727272727273,379
219,992,1211,4.529680365296803,1006
10,87,97,8.7,81
372,659,1031,1.771505376344086,671
57,191,248,3.3508771929824563,200
20,348,368,17.4,448
9,280,289,31.11111111111111,294
8,798,806,99.75,800
328,391,719,1.1920731707317074,407
24,375,399,15.625,386
323,546,869,1.6904024767801857,563
644,4,648,0.006211180124223602,1
120,683,803,5.691666666666666,691
32,756,788,23.625,764
1330,344,1674,0.2586466165413534,361
6,267,273,44.5,86
235,95,330,0.40425531914893614,87
16,26,42,1.625,13
318,358,676,1.1257861635220126,374
3119,137,3256,0.04392433472266752,137
9,143,152,15.88888888888889,141
100,506,606,5.06,524
1,13,14,13.0,1
10,216,226,21.6,179
21,634,655,30.19047619047619,646
14,291,305,20.785714285714285,302
201,728,929,3.6218905472636815,736
34,46,80,1.3529411764705883,34
1769,3,1772,0.0016958733747880158,1
12,133,145,11.083333333333334,136
27,425,452,15.74074074074074,446
21,548,569,26.095238095238095,568
633,33,666,0.052132701421800945,17
16,786,802,49.125,790
12,285,297,23.75,300
45,497,542,11.044444444444444,518
3,574,577,191.33333333333334,595
8,219,227,27.375,228
4,40,44,10.0,29
7,202,209,28.857142857142858,149
204,229,433,1.1225490196078431,240
9,202,211,22.444444444444443,209
11,244,255,22.181818181818183,253
83,495,578,5.963855421686747,509
21,395,416,18.80952380952381,417
1039,141,1180,0.13570741097208855,141
39,39,78,1.0,25
27,398,425,14.74074074074074,415
15,331,346,22.066666666666666,105
50,21,71,0.42,9
26,227,253,8.73076923076923,235
5,386,391,77.2,403
15,72,87,4.8,63
111,773,884,6.963963963963964,781
20,354,374,17.7,372
48,305,353,6.354166666666667,325
9,398,407,44.22222222222222,426
77,433,510,5.623376623376624,450
173,220,393,1.2716763005780347,227
22,310,332,14.090909090909092,327
198,215,413,1.0858585858585859,212
28,434,462,15.5,454
117,284,401,2.427350427350427,299
58,472,530,8.137931034482758,497
490,107,597,0.21836734693877552,105
12,467,479,38.916666666666664,487
