num_prefill_tokens,num_decode_tokens,num_total_tokens,pd_ratio
4808,10,4818,0.9979244499792445
3180,8,3188,0.9974905897114178
110,27,137,0.8029197080291971
7433,14,7447,0.998120048341614
34,12,46,0.7391304347826086
374,14,388,0.9639175257731959
6985,9,6994,0.9987131827280527
34,23,57,0.5964912280701754
1145,7,1152,0.9939236111111112
201,24,225,0.8933333333333333
137,9,146,0.9383561643835616
7427,8,7435,0.9989240080699395
1555,19,1574,0.9879288437102922
3893,19,3912,0.9951431492842536
1827,10,1837,0.994556341861731
394,17,411,0.9586374695863747
675,6,681,0.9911894273127754
7436,9,7445,0.9987911349899261
158,26,184,0.8586956521739131
6587,18,6605,0.9972747918243755
763,8,771,0.9896238651102465
1556,18,1574,0.98856416772554
5108,12,5120,0.99765625
159,127,286,0.5559440559440559
458,67,525,0.8723809523809524
2464,30,2494,0.9879711307137129
4009,51,4060,0.9874384236453202
1632,9,1641,0.9945155393053017
2567,45,2612,0.9827718223583461
730,36,766,0.9530026109660574
5108,10,5118,0.9980461117624072
2569,7,2576,0.9972826086956522
1832,7,1839,0.9961935834692768
1630,9,1639,0.9945088468578401
6587,13,6600,0.998030303030303
7436,6,7442,0.999193765116904
1044,16,1060,0.9849056603773585
327,124,451,0.7250554323725056
1630,9,1639,0.9945088468578401
3351,9,3360,0.9973214285714286
1562,18,1580,0.9886075949367089
3724,9,3733,0.9975890704527189
328,43,371,0.8840970350404312
965,8,973,0.9917780061664954
6586,11,6597,0.9983325754130665
2366,7,2373,0.9970501474926253
328,40,368,0.8913043478260869
1513,29,1542,0.9811932555123216
328,9,337,0.973293768545994
2025,9,2034,0.995575221238938
2169,13,2182,0.9940421631530706
74,14,88,0.8409090909090909
771,142,913,0.8444687842278203
76,18,94,0.8085106382978723
75,16,91,0.8241758241758241
527,27,554,0.9512635379061372
2024,97,2121,0.9542668552569543
197,7,204,0.9656862745098039
109,12,121,0.9008264462809917
432,10,442,0.9773755656108597
2025,19,2044,0.9907045009784736
6586,9,6595,0.9986353297952995
7435,9,7444,0.9987909725953789
2648,15,2663,0.9943672549755914
2564,9,2573,0.9965021375825884
3245,15,3260,0.995398773006135
2144,9,2153,0.9958197863446354
2128,13,2141,0.9939280709948622
7436,8,7444,0.99892530897367
250,6,256,0.9765625
1177,23,1200,0.9808333333333333
2743,38,2781,0.9863358504135203
144,18,162,0.8888888888888888
88,19,107,0.822429906542056
6819,82,6901,0.9881176641066513
1179,13,1192,0.9890939597315436
3154,9,3163,0.9971546000632311
7435,13,7448,0.9982545649838883
2656,11,2667,0.995875515560555
236,226,462,0.5108225108225108
90,25,115,0.782608695652174
3631,15,3646,0.9958859023587493
1901,20,1921,0.9895887558563248
318,9,327,0.9724770642201835
4556,16,4572,0.9965004374453194
5925,52,5977,0.9912999832691985
43,33,76,0.5657894736842105
134,18,152,0.881578947368421
163,13,176,0.9261363636363636
3286,15,3301,0.9954559224477431
522,14,536,0.9738805970149254
583,6,589,0.9898132427843803
318,7,325,0.9784615384615385
147,17,164,0.8963414634146342
5025,17,5042,0.996628322094407
4557,9,4566,0.9980289093298291
1468,6,1474,0.9959294436906377
164,18,182,0.9010989010989011
584,24,608,0.9605263157894737
523,9,532,0.9830827067669173
61,9,70,0.8714285714285714
1724,11,1735,0.9936599423631124
1891,16,1907,0.9916098584163607
2507,6,2513,0.9976124154397135
2147,22,2169,0.9898570769940065
3066,6,3072,0.998046875
118,9,127,0.9291338582677166
2657,11,2668,0.9958770614692654
4556,25,4581,0.9945426762715565
5926,121,6047,0.9799900777244915
7435,6,7441,0.9991936567665637
149,20,169,0.8816568047337278
3658,6,3664,0.9983624454148472
3397,7,3404,0.9979435957696827
5927,21,5948,0.9964694014794889
1894,7,1901,0.9963177275118359
2647,6,2653,0.997738409347908
169,25,194,0.8711340206185567
138,29,167,0.8263473053892215
5928,6,5934,0.9989888776541962
154,7,161,0.9565217391304348
1107,13,1120,0.9883928571428572
1894,19,1913,0.9900679560899112
2647,12,2659,0.9954870251974427
1182,18,1200,0.985
1650,11,1661,0.9933774834437086
5538,697,6235,0.8882117080994386
526,7,533,0.9868667917448405
152,15,167,0.9101796407185628
4566,20,4586,0.9956389010030527
7419,6,7425,0.9991919191919192
46,25,71,0.647887323943662
2862,13,2875,0.9954782608695653
1724,32,1756,0.9817767653758542
1724,16,1740,0.9908045977011494
155,30,185,0.8378378378378378
81,15,96,0.84375
1650,13,1663,0.9921828021647625
1364,9,1373,0.9934450109249818
1908,22,1930,0.9886010362694301
123,15,138,0.8913043478260869
81,7,88,0.9204545454545454
1724,15,1739,0.9913743530764807
247,84,331,0.7462235649546828
3854,10,3864,0.9974120082815735
83,6,89,0.9325842696629213
156,21,177,0.8813559322033898
247,71,318,0.7767295597484277
3066,12,3078,0.9961013645224172
3517,11,3528,0.9968820861678005
2081,6,2087,0.9971250598945856
143,12,155,0.9225806451612903
2649,20,2669,0.9925065567628325
2655,9,2664,0.9966216216216216
1724,18,1742,0.9896670493685419
2128,13,2141,0.9939280709948622
3067,9,3076,0.997074122236671
2926,12,2938,0.9959155888359428
1900,46,1946,0.9763617677286742
2047,106,2153,0.9507663725034835
5923,55,5978,0.9907995985279358
2971,9,2980,0.9969798657718121
2156,13,2169,0.9940064545873675
573,6,579,0.9896373056994818
14,10,24,0.5833333333333334
232,6,238,0.9747899159663865
3284,7,3291,0.9978729869340626
1364,9,1373,0.9934450109249818
161,16,177,0.9096045197740112
316,23,339,0.9321533923303835
2084,16,2100,0.9923809523809524
2068,11,2079,0.9947089947089947
1180,39,1219,0.9680065627563577
2654,17,2671,0.9936353425683264
146,16,162,0.9012345679012346
318,11,329,0.9665653495440729
3288,10,3298,0.9969678593086719
252,17,269,0.9368029739776952
35,14,49,0.7142857142857143
337,13,350,0.9628571428571429
109,6,115,0.9478260869565217
148,43,191,0.774869109947644
985,27,1012,0.9733201581027668
2136,8,2144,0.996268656716418
2657,7,2664,0.9973723723723724
3289,15,3304,0.9954600484261501
2136,12,2148,0.994413407821229
135,6,141,0.9574468085106383
181,105,286,0.6328671328671329
3399,10,3409,0.9970665884423585
1067,9,1076,0.991635687732342
5831,11,5842,0.9981170831906881
153,15,168,0.9107142857142857
527,7,534,0.9868913857677902
1905,17,1922,0.9911550468262227
1293,25,1318,0.9810318664643399
1180,6,1186,0.9949409780775716
61,21,82,0.7439024390243902
1278,9,1287,0.993006993006993
65,10,75,0.8666666666666667
217,9,226,0.9601769911504425
287,9,296,0.9695945945945946
3064,15,3079,0.9951282884053264
116,10,126,0.9206349206349206
1638,9,1647,0.994535519125683
3396,7,3403,0.9979429914781075
2077,15,2092,0.9928298279158699
4629,6,4635,0.998705501618123
1084,6,1090,0.9944954128440368
1259,8,1267,0.9936858721389108
7332,26,7358,0.9964664310954063
4081,29,4110,0.9929440389294404
1137,58,1195,0.9514644351464435
1430,12,1442,0.9916782246879334
596,6,602,0.9900332225913622
174,18,192,0.90625
2969,25,2994,0.9916499665998664
2157,7,2164,0.9967652495378928
596,67,663,0.8989441930618401
175,18,193,0.9067357512953368
108,11,119,0.907563025210084
161,11,172,0.936046511627907
3399,19,3418,0.9944411936805149
1278,9,1287,0.993006993006993
296,6,302,0.9801324503311258
4629,6,4635,0.998705501618123
842,7,849,0.9917550058892816
220,6,226,0.9734513274336283
4771,16,4787,0.9966576143722582
1059,9,1068,0.9915730337078652
1087,6,1093,0.9945105215004575
14,9,23,0.6086956521739131
1326,6,1332,0.9954954954954955
627,48,675,0.9288888888888889
4769,9,4778,0.9981163666806195
1326,6,1332,0.9954954954954955
1195,9,1204,0.9925249169435216
40,16,56,0.7142857142857143
2187,13,2200,0.9940909090909091
4083,41,4124,0.9900581959262852
846,12,858,0.986013986013986
1260,19,1279,0.9851446442533229
1197,6,1203,0.9950124688279302
7435,13,7448,0.9982545649838883
6051,13,6064,0.9978562005277045
1196,18,1214,0.985172981878089
847,32,879,0.9635949943117179
7436,11,7447,0.9985228951255539
1257,9,1266,0.9928909952606635
4770,39,4809,0.991890205864005
847,26,873,0.9702176403207331
848,8,856,0.9906542056074766
694,155,849,0.817432273262662
7435,13,7448,0.9982545649838883
847,8,855,0.9906432748538012
1748,15,1763,0.9914917753828701
7335,11,7346,0.9985025864416008
4803,13,4816,0.9973006644518272
1200,6,1206,0.9950248756218906
694,16,710,0.9774647887323944
1490,6,1496,0.9959893048128342
6054,6,6060,0.999009900990099
847,13,860,0.9848837209302326
1201,12,1213,0.9901071723000825
1141,22,1163,0.9810834049871023
377,11,388,0.9716494845360825
7421,13,7434,0.9982512779122948
389,12,401,0.970074812967581
1144,10,1154,0.9913344887348353
3640,14,3654,0.9961685823754789
968,16,984,0.983739837398374
3376,118,3494,0.9662278191184889
2436,7,2443,0.997134670487106
481,11,492,0.9776422764227642
2165,10,2175,0.9954022988505747
103,13,116,0.8879310344827587
3548,15,3563,0.9957900645523435
483,9,492,0.9817073170731707
2113,145,2258,0.9357838795394154
2436,14,2450,0.9942857142857143
2437,13,2450,0.9946938775510205
1292,70,1362,0.9486049926578561
7429,9,7438,0.9987899973111052
7408,12,7420,0.9983827493261456
484,10,494,0.979757085020243
2575,16,2591,0.9938247780779622
2113,123,2236,0.9449910554561717
1282,15,1297,0.9884348496530455
2595,186,2781,0.9331175836030206
1852,12,1864,0.9935622317596566
878,17,895,0.9810055865921787
945,9,954,0.9905660377358491
7419,8,7427,0.9989228490642251
1148,39,1187,0.9671440606571188
55,6,61,0.9016393442622951
239,10,249,0.9598393574297188
55,8,63,0.873015873015873
56,9,65,0.8615384615384616
486,16,502,0.9681274900398407
176,88,264,0.6666666666666666
881,12,893,0.986562150055991
1156,17,1173,0.9855072463768116
971,40,1011,0.960435212660732
1006,7,1013,0.9930898321816387
2860,239,3099,0.9228783478541465
5219,8,5227,0.9984694853644538
1922,6,1928,0.9968879668049793
3378,8,3386,0.997637330183107
2872,20,2892,0.9930843706777317
1175,9,1184,0.9923986486486487
6606,11,6617,0.9983376152334895
2005,13,2018,0.9935579781962339
882,11,893,0.9876819708846585
881,8,889,0.9910011248593926
1292,70,1362,0.9486049926578561
387,10,397,0.9748110831234257
2172,14,2186,0.9935956084172004
2001,6,2007,0.9970104633781763
387,9,396,0.9772727272727273
5423,9,5432,0.9983431516936672
35,17,52,0.6730769230769231
879,14,893,0.9843225083986562
917,11,928,0.9881465517241379
4028,218,4246,0.9486575600565238
3379,7,3386,0.9979326639102185
3945,26,3971,0.9934525308486527
89,8,97,0.9175257731958762
1202,7,1209,0.9942100909842845
6607,11,6618,0.9983378664249017
1294,6,1300,0.9953846153846154
6906,302,7208,0.9581021087680355
917,11,928,0.9881465517241379
1096,16,1112,0.9856115107913669
1291,22,1313,0.9832444782939832
50,66,116,0.43103448275862066
1847,8,1855,0.9956873315363881
736,21,757,0.9722589167767504
5431,12,5443,0.9977953334558148
1575,28,1603,0.982532751091703
727,7,734,0.9904632152588556
45,16,61,0.7377049180327869
2353,12,2365,0.9949260042283298
194,6,200,0.97
5881,6,5887,0.9989808051639205
3253,73,3326,0.9780517137702947
194,6,200,0.97
1233,153,1386,0.8896103896103896
195,13,208,0.9375
195,14,209,0.9330143540669856
2596,13,2609,0.9950172479877347
1258,16,1274,0.9874411302982732
5697,19,5716,0.9966759972008398
1031,9,1040,0.9913461538461539
5699,7,5706,0.9987732211706976
1648,10,1658,0.9939686369119421
552,12,564,0.9787234042553191
1861,9,1870,0.9951871657754011
4681,58,4739,0.9877611310403038
5801,7,5808,0.9987947658402204
729,17,746,0.9772117962466488
879,8,887,0.9909808342728298
5886,8,5894,0.998642687478792
3765,9,3774,0.9976152623211447
3760,13,3773,0.9965544659422211
53,42,95,0.5578947368421052
108,15,123,0.8780487804878049
134,6,140,0.9571428571428572
7436,10,7446,0.9986569970453935
58,13,71,0.8169014084507042
63,8,71,0.8873239436619719
1863,15,1878,0.9920127795527156
65,16,81,0.8024691358024691
2670,6,2676,0.9977578475336323
5801,91,5892,0.9845553292600135
5801,37,5838,0.9936622130866736
52,18,70,0.7428571428571429
92,15,107,0.8598130841121495
1291,48,1339,0.964152352501867
1916,9,1925,0.9953246753246753
4030,72,4102,0.9824475865431497
2555,11,2566,0.9957131722525331
130,13,143,0.9090909090909091
768,11,779,0.9858793324775353
1469,10,1479,0.993238674780257
1879,18,1897,0.9905113336847654
2241,10,2251,0.9955575299866726
2976,16,2992,0.9946524064171123
201,121,322,0.6242236024844721
945,9,954,0.9905660377358491
111,23,134,0.8283582089552238
53,44,97,0.5463917525773195
2174,8,2182,0.9963336388634281
2215,16,2231,0.9928283281039892
6611,10,6621,0.9984896541307959
1747,9,1756,0.994874715261959
6919,16,6935,0.9976928622927181
6646,14,6660,0.9978978978978978
2608,33,2641,0.9875047330556608
2553,11,2564,0.9957098283931357
5442,11,5453,0.997982761782505
110,12,122,0.9016393442622951
324,10,334,0.9700598802395209
883,10,893,0.9888017917133258
928,6,934,0.9935760171306209
1292,12,1304,0.99079754601227
2608,34,2642,0.9871309613928841
2123,21,2144,0.9902052238805971
2116,33,2149,0.9846440204746394
2287,10,2297,0.9956464954288202
882,11,893,0.9876819708846585
45,11,56,0.8035714285714286
738,21,759,0.9723320158102767
859,14,873,0.983963344788087
5452,10,5462,0.9981691688026364
6478,41,6519,0.9937106918238994
266,52,318,0.8364779874213837
859,22,881,0.9750283768444948
4035,25,4060,0.9938423645320197
4684,6,4690,0.9987206823027719
94,14,108,0.8703703703703703
6918,49,6967,0.9929668436916894
50,20,70,0.7142857142857143
6608,11,6619,0.9983381175404139
46,21,67,0.6865671641791045
97,10,107,0.9065420560747663
46,13,59,0.7796610169491526
5461,13,5474,0.9976251370113263
4991,9,5000,0.9982
1969,100,2069,0.9516674722087965
4821,23,4844,0.9952518579686209
2979,11,2990,0.9963210702341138
1034,12,1046,0.988527724665392
736,12,748,0.983957219251337
5801,61,5862,0.9895939952234732
2979,19,2998,0.9936624416277519
2242,17,2259,0.9924745462594068
163,53,216,0.7546296296296297
2679,222,2901,0.9234746639089969
1469,10,1479,0.993238674780257
193,11,204,0.946078431372549
313,26,339,0.9233038348082596
5803,6,5809,0.9989671199862282
4685,6,4691,0.9987209550202516
1038,9,1047,0.9914040114613181
72,9,81,0.8888888888888888
1469,10,1479,0.993238674780257
4530,11,4541,0.997577626073552
1650,39,1689,0.9769094138543517
46,9,55,0.8363636363636363
47,12,59,0.7966101694915254
94,13,107,0.8785046728971962
5473,7,5480,0.9987226277372263
661,22,683,0.9677891654465594
5473,7,5480,0.9987226277372263
3330,21,3351,0.9937332139659804
661,12,673,0.9821693907875185
1980,9,1989,0.995475113122172
3286,37,3323,0.9888654829972916
94,8,102,0.9215686274509803
3286,19,3305,0.9942511346444781
863,16,879,0.981797497155859
865,16,881,0.981838819523269
3287,9,3296,0.9972694174757282
5590,76,5666,0.9865866572537946
1981,7,1988,0.9964788732394366
97,8,105,0.9238095238095239
2124,13,2137,0.9939167056621432
5479,13,5492,0.997632920611799
50,9,59,0.847457627118644
3325,12,3337,0.9964039556487864
429,9,438,0.9794520547945206
10,7,17,0.5882352941176471
863,15,878,0.9829157175398633
5503,9,5512,0.9983671988388969
1338,11,1349,0.9918458117123795
3324,6,3330,0.9981981981981982
5491,13,5504,0.9976380813953488
1397,9,1406,0.9935988620199147
10,16,26,0.38461538461538464
2130,12,2142,0.9943977591036415
4829,16,4845,0.9966976264189886
98,12,110,0.8909090909090909
863,9,872,0.9896788990825688
1802,15,1817,0.9917446340121079
3326,11,3337,0.9967036260113875
5511,12,5523,0.997827267789245
100,6,106,0.9433962264150944
866,18,884,0.9796380090497737
103,10,113,0.911504424778761
2130,8,2138,0.9962581852198317
5480,22,5502,0.9960014540167212
7435,21,7456,0.9971834763948498
2130,10,2140,0.9953271028037384
50,53,103,0.4854368932038835
14,89,103,0.13592233009708737
3287,70,3357,0.9791480488531427
7436,25,7461,0.9966492427288567
2956,116,3072,0.9622395833333334
866,33,899,0.9632925472747497
866,14,880,0.9840909090909091
175,361,536,0.32649253731343286
6922,300,7222,0.958460260315702
60,19,79,0.759493670886076
15,85,100,0.15
5522,12,5534,0.9978315865558366
876,33,909,0.9636963696369637
1397,9,1406,0.9935988620199147
5213,16,5229,0.9969401415184548
74,18,92,0.8043478260869565
1001,12,1013,0.9881539980256664
5533,6,5539,0.9989167719805019
15,188,203,0.07389162561576355
6490,7,6497,0.9989225796521471
301,12,313,0.9616613418530351
876,59,935,0.9368983957219251
3898,6,3904,0.9984631147540983
1125,14,1139,0.9877085162423178
3251,27,3278,0.9917632702867603
3738,65,3803,0.982908230344465
3330,9,3339,0.9973045822102425
5214,9,5223,0.9982768523836876
4057,12,4069,0.9970508724502335
1264,9,1273,0.992930086410055
1027,27,1054,0.9743833017077799
137,15,152,0.9013157894736842
4057,24,4081,0.9941190884587111
15,10,25,0.6
81,10,91,0.8901098901098901
4990,12,5002,0.9976009596161536
1026,17,1043,0.9837008628954937
17,88,105,0.1619047619047619
2653,7,2660,0.9973684210526316
430,28,458,0.9388646288209607
2653,8,2661,0.9969936114242766
497,16,513,0.9688109161793372
7434,12,7446,0.9983883964544722
1421,25,1446,0.9827109266943291
1264,9,1273,0.992930086410055
2654,7,2661,0.997369409996242
17,206,223,0.07623318385650224
15,248,263,0.057034220532319393
408,7,415,0.983132530120482
17,43,60,0.2833333333333333
5806,43,5849,0.9926483159514446
4685,6,4691,0.9987209550202516
3315,28,3343,0.9916242895602752
5803,87,5890,0.9852292020373514
409,56,465,0.8795698924731182
143,9,152,0.9407894736842105
2284,11,2295,0.9952069716775599
1469,10,1479,0.993238674780257
1059,10,1069,0.990645463049579
406,14,420,0.9666666666666667
75,19,94,0.7978723404255319
2963,79,3042,0.9740302432610125
7433,12,7445,0.9983881799865681
1496,23,1519,0.9848584595128373
3320,27,3347,0.9919330743949806
1471,8,1479,0.9945909398242055
145,12,157,0.9235668789808917
18,55,73,0.2465753424657534
3268,14,3282,0.9957343083485679
7436,14,7450,0.9981208053691275
200,12,212,0.9433962264150944
1495,6,1501,0.9960026648900733
1473,14,1487,0.9905850706119704
196,6,202,0.9702970297029703
5538,13,5551,0.9976580796252927
1880,13,1893,0.9931325937665082
76,17,93,0.8172043010752689
4688,52,4740,0.9890295358649789
1037,9,1046,0.9913957934990439
1498,8,1506,0.9946879150066401
997,638,1635,0.6097859327217126
146,8,154,0.948051948051948
6,12,18,0.3333333333333333
5806,51,5857,0.9912924705480621
198,11,209,0.9473684210526315
3616,18,3634,0.9950467804072647
1472,9,1481,0.9939230249831195
1498,9,1507,0.9940278699402787
80,9,89,0.898876404494382
1053,9,1062,0.9915254237288136
881,10,891,0.9887766554433222
1042,10,1052,0.9904942965779467
4695,48,4743,0.9898798228969007
52,17,69,0.7536231884057971
1497,9,1506,0.9940239043824701
79,9,88,0.8977272727272727
504,10,514,0.980544747081712
896,14,910,0.9846153846153847
202,6,208,0.9711538461538461
100,18,118,0.847457627118644
145,12,157,0.9235668789808917
1164,18,1182,0.9847715736040609
2546,11,2557,0.9956980836918263
2132,71,2203,0.9677712210621879
1205,12,1217,0.990139687756779
3738,10,3748,0.9973319103521878
3634,7,3641,0.9980774512496566
1542,8,1550,0.9948387096774194
3296,24,3320,0.9927710843373494
2616,18,2634,0.9931662870159453
4662,10,4672,0.9978595890410958
675,7,682,0.9897360703812317
101,12,113,0.8938053097345132
1456,13,1469,0.9911504424778761
1875,7,1882,0.9962805526036131
2615,22,2637,0.9916571861964354
3634,6,3640,0.9983516483516484
2547,6,2553,0.9976498237367802
1087,11,1098,0.9899817850637522
6055,10,6065,0.998351195383347
248,9,257,0.9649805447470817
1165,42,1207,0.9652029826014913
2822,56,2878,0.980542043085476
678,16,694,0.9769452449567724
2615,24,2639,0.9909056460780599
120,17,137,0.8759124087591241
100,13,113,0.8849557522123894
7436,12,7448,0.9983888292158969
965,9,974,0.9907597535934292
2547,11,2558,0.9956997654417513
2616,19,2635,0.9927893738140418
1549,67,1616,0.9585396039603961
6056,8,6064,0.9986807387862797
1201,6,1207,0.9950289975144988
924,13,937,0.9861259338313767
251,49,300,0.8366666666666667
3297,12,3309,0.9963735267452403
2132,43,2175,0.9802298850574712
2096,7,2103,0.9966714217784118
264,8,272,0.9705882352941176
2133,33,2166,0.9847645429362881
1872,19,1891,0.9899524061343205
7436,13,7449,0.9982547993019197
1163,16,1179,0.9864291772688719
56,18,74,0.7567567567567568
599,6,605,0.9900826446280991
264,14,278,0.9496402877697842
908,23,931,0.9752953813104189
1163,10,1173,0.9914748508098892
2755,9,2764,0.9967438494934877
3014,6,3020,0.9980132450331126
337,66,403,0.8362282878411911
2545,7,2552,0.997257053291536
143,6,149,0.959731543624161
349,13,362,0.9640883977900553
5901,7,5908,0.9988151658767772
174,10,184,0.9456521739130435
4078,12,4090,0.9970660146699266
7435,10,7445,0.9986568166554735
229,15,244,0.9385245901639344
173,11,184,0.9402173913043478
1432,25,1457,0.9828414550446122
2386,148,2534,0.941594317284925
840,10,850,0.9882352941176471
5957,13,5970,0.9978224455611391
3511,45,3556,0.9873453318335208
3014,13,3027,0.9957053187974892
172,14,186,0.9247311827956989
4078,13,4091,0.9968222928379369
5902,21,5923,0.9964544994090833
2605,792,3397,0.7668531056814837
7435,9,7444,0.9987909725953789
3513,14,3527,0.9960306209242983
172,21,193,0.8911917098445595
2504,16,2520,0.9936507936507937
1433,14,1447,0.9903248099516241
338,7,345,0.9797101449275363
2504,17,2521,0.993256644188814
1094,10,1104,0.9909420289855072
3768,41,3809,0.9892360199527435
1433,16,1449,0.9889579020013802
2867,6,2873,0.9979115906717717
5804,61,5865,0.9895993179880648
173,16,189,0.9153439153439153
4075,10,4085,0.9975520195838433
2867,7,2874,0.9975643702157272
5961,11,5972,0.9981580709979906
7412,14,7426,0.9981147320226232
2506,10,2516,0.9960254372019078
144,6,150,0.96
2559,53,2612,0.9797090352220521
3514,87,3601,0.9758400444321021
41,8,49,0.8367346938775511
1263,30,1293,0.9767981438515081
2507,6,2513,0.9976124154397135
2390,6,2396,0.9974958263772955
2093,9,2102,0.9957183634633682
2868,14,2882,0.9951422623178349
174,9,183,0.9508196721311475
200,10,210,0.9523809523809523
718,6,724,0.9917127071823204
3514,49,3563,0.9862475442043221
3777,15,3792,0.9960443037974683
2868,17,2885,0.994107452339688
201,8,209,0.9617224880382775
5963,7,5970,0.9988274706867671
1951,48,1999,0.9759879939969985
178,8,186,0.956989247311828
1698,6,1704,0.9964788732394366
173,15,188,0.9202127659574468
7435,139,7574,0.9816477422762081
363,8,371,0.9784366576819407
1953,15,1968,0.9923780487804879
292,15,307,0.9511400651465798
3385,22,3407,0.9935427061931318
3515,54,3569,0.9848697114037546
41,36,77,0.5324675324675324
204,63,267,0.7640449438202247
336,9,345,0.9739130434782609
4075,24,4099,0.9941449133935106
179,11,190,0.9421052631578948
1434,18,1452,0.987603305785124
224,12,236,0.9491525423728814
2403,37,2440,0.9848360655737705
127,71,198,0.6414141414141414
3265,7,3272,0.9978606356968215
55,777,832,0.06610576923076923
146,35,181,0.8066298342541437
3480,13,3493,0.996278270827369
2003,46,2049,0.9775500244021474
148,10,158,0.9367088607594937
3480,12,3492,0.9965635738831615
4750,19,4769,0.9960159362549801
3480,10,3490,0.997134670487106
148,32,180,0.8222222222222222
3482,10,3492,0.9971363115693013
7436,14,7450,0.9981208053691275
247,13,260,0.95
741,18,759,0.9762845849802372
7435,10,7445,0.9986568166554735
243,9,252,0.9642857142857143
4749,39,4788,0.9918546365914787
3630,9,3639,0.9975267930750206
3281,6,3287,0.9981746273197445
6499,19,6518,0.9970849953973612
198,70,268,0.7388059701492538
2689,22,2711,0.9918849133161195
747,8,755,0.9894039735099338
1165,15,1180,0.9872881355932204
40,55,95,0.42105263157894735
2330,8,2338,0.9965782720273738
356,8,364,0.978021978021978
298,60,358,0.8324022346368715
767,35,802,0.956359102244389
767,11,778,0.9858611825192802
747,9,756,0.9880952380952381
356,7,363,0.9807162534435262
7435,8,7443,0.998925164584173
4675,14,4689,0.9970142887609298
2821,12,2833,0.9957642075538299
770,14,784,0.9821428571428571
298,100,398,0.7487437185929648
2331,6,2337,0.9974326059050064
1085,9,1094,0.9917733089579525
358,17,375,0.9546666666666667
4656,9,4665,0.9980707395498393
2692,7,2699,0.9974064468321601
299,46,345,0.8666666666666667
2462,11,2473,0.9955519611807522
900,841,1741,0.5169442848937392
36,49,85,0.4235294117647059
19,10,29,0.6551724137931034
853,7,860,0.9918604651162791
2825,7,2832,0.9975282485875706
348,16,364,0.9560439560439561
774,16,790,0.979746835443038
854,8,862,0.9907192575406032
2825,295,3120,0.905448717948718
349,34,383,0.9112271540469974
298,115,413,0.7215496368038741
261,6,267,0.9775280898876404
37,34,71,0.5211267605633803
854,16,870,0.9816091954022989
261,6,267,0.9775280898876404
6735,34,6769,0.9949771014920963
3026,17,3043,0.994413407821229
3165,26,3191,0.9918520839862112
1985,19,2004,0.9905189620758483
1708,42,1750,0.976
2171,19,2190,0.991324200913242
2135,9,2144,0.9958022388059702
4423,13,4436,0.9970694319206492
2389,19,2408,0.992109634551495
7436,7,7443,0.9990595190111514
1297,16,1313,0.9878141660319878
462,9,471,0.9808917197452229
3026,11,3037,0.9963780046098123
390,16,406,0.9605911330049262
2173,27,2200,0.9877272727272727
1042,20,1062,0.9811676082862524
821,34,855,0.960233918128655
2136,52,2188,0.9762340036563071
341,16,357,0.9551820728291317
4425,94,4519,0.9791989378181013
3364,6,3370,0.9982195845697329
2137,54,2191,0.9753537197626655
2644,18,2662,0.9932381667918858
1695,48,1743,0.9724612736660929
211,6,217,0.9723502304147466
1500,60,1560,0.9615384615384616
1779,16,1795,0.9910863509749304
396,18,414,0.9565217391304348
888,9,897,0.9899665551839465
2103,7,2110,0.9966824644549763
7436,17,7453,0.9977190393130283
220,14,234,0.9401709401709402
3028,17,3045,0.9944170771756978
2103,7,2110,0.9966824644549763
3967,10,3977,0.9974855418657279
4642,10,4652,0.9978503869303526
399,7,406,0.9827586206896551
1164,97,1261,0.9230769230769231
1984,253,2237,0.8869021010281627
3601,9,3610,0.9975069252077562
1948,22,1970,0.9888324873096447
1463,51,1514,0.9663143989431968
1195,54,1249,0.9567654123298639
5538,21,5559,0.9962223421478683
3601,9,3610,0.9975069252077562
4634,10,4644,0.9978466838931955
2108,7,2115,0.9966903073286052
2149,46,2195,0.9790432801822323
1154,67,1221,0.9451269451269452
7436,8,7444,0.99892530897367
2157,6,2163,0.9972260748959778
401,12,413,0.9709443099273608
3372,12,3384,0.9964539007092199
471,17,488,0.9651639344262295
942,69,1011,0.9317507418397626
253,16,269,0.9405204460966543
2393,28,2421,0.9884345311854605
1198,7,1205,0.9941908713692946
253,6,259,0.9768339768339769
5469,21,5490,0.9961748633879781
401,13,414,0.9685990338164251
1200,6,1206,0.9950248756218906
392,6,398,0.9849246231155779
1295,17,1312,0.9870426829268293
2169,11,2180,0.994954128440367
2823,15,2838,0.9947145877378436
820,16,836,0.9808612440191388
2169,21,2190,0.9904109589041096
1698,46,1744,0.9736238532110092
868,7,875,0.992
4451,97,4548,0.9786719437115216
2941,6,2947,0.997964031218188
477,12,489,0.9754601226993865
2075,10,2085,0.9952038369304557
2171,26,2197,0.9881656804733728
4454,6,4460,0.9986547085201793
1957,10,1967,0.9949161159125572
4454,13,4467,0.9970897694201926
4360,11,4371,0.9974834134065431
1586,15,1601,0.9906308557151781
3383,79,3462,0.9771808203350665
825,12,837,0.985663082437276
2174,28,2202,0.9872842870118075
3616,42,3658,0.9885183160196829
825,19,844,0.9774881516587678
10,10,20,0.5
2297,31,2328,0.9866838487972509
405,7,412,0.9830097087378641
4631,433,5064,0.9144944707740916
7436,56,7492,0.9925253603844101
6965,7,6972,0.998995983935743
4610,6,4616,0.9987001733102253
706,10,716,0.9860335195530726
406,7,413,0.9830508474576272
2158,26,2184,0.9880952380952381
1002,26,1028,0.9747081712062257
196,14,210,0.9333333333333333
11,19,30,0.36666666666666664
2248,23,2271,0.9898723029502422
3230,23,3253,0.9929296034429758
4063,8,4071,0.9980348808646524
1738,10,1748,0.994279176201373
7435,34,7469,0.9954478511179542
2144,22,2166,0.989843028624192
2253,18,2271,0.9920739762219286
16,7,23,0.6956521739130435
7435,6,7441,0.9991936567665637
5479,12,5491,0.9978146057184484
6965,12,6977,0.9982800630643544
2145,14,2159,0.9935155164427976
1131,9,1140,0.9921052631578947
1131,7,1138,0.9938488576449912
3231,26,3257,0.9920171937365674
12,17,29,0.41379310344827586
2076,58,2134,0.9728209934395501
7435,15,7450,0.9979865771812081
1130,20,1150,0.9826086956521739
775,8,783,0.9897828863346104
775,8,783,0.9897828863346104
15,9,24,0.625
3247,25,3272,0.992359413202934
2117,8,2125,0.9962352941176471
7435,7,7442,0.9990593926363881
1131,9,1140,0.9921052631578947
30,20,50,0.6
253,30,283,0.8939929328621908
3262,19,3281,0.9942090825967693
1976,69,2045,0.9662591687041565
209,9,218,0.9587155963302753
890,13,903,0.9856035437430787
364,31,395,0.9215189873417722
2750,6,2756,0.997822931785196
4947,14,4961,0.9971779883088087
5480,19,5499,0.9965448263320604
255,46,301,0.8471760797342193
1428,13,1441,0.9909784871616932
1616,11,1627,0.9932390903503381
235,12,247,0.951417004048583
992,9,1001,0.991008991008991
2043,9,2052,0.9956140350877193
73,31,104,0.7019230769230769
548,11,559,0.9803220035778175
257,13,270,0.9518518518518518
4630,19,4649,0.9959130995913099
1428,10,1438,0.9930458970792768
2022,23,2045,0.9887530562347189
3622,6,3628,0.9983461962513782
761,27,788,0.9657360406091371
5850,17,5867,0.9971024373615136
409,15,424,0.964622641509434
121,11,132,0.9166666666666666
1042,15,1057,0.9858088930936613
792,9,801,0.9887640449438202
2441,11,2452,0.9955138662316476
2847,6,2853,0.9978969505783386
37,8,45,0.8222222222222222
694,9,703,0.9871977240398293
16,11,27,0.5925925925925926
152,19,171,0.8888888888888888
1292,19,1311,0.9855072463768116
267,8,275,0.9709090909090909
699,58,757,0.9233817701453104
413,28,441,0.9365079365079365
4486,31,4517,0.9931370378569847
2524,18,2542,0.992918961447679
136,17,153,0.8888888888888888
1293,93,1386,0.9329004329004329
561,48,609,0.9211822660098522
701,31,732,0.9576502732240437
2783,26,2809,0.9907440370238519
994,9,1003,0.9910269192422732
1486,8,1494,0.9946452476572959
38,7,45,0.8444444444444444
2444,12,2456,0.995114006514658
17,12,29,0.5862068965517241
43,7,50,0.86
41,14,55,0.7454545454545455
703,25,728,0.9656593406593407
1172,11,1183,0.9907016060862215
2784,25,2809,0.9911000355998576
701,75,776,0.9033505154639175
42,12,54,0.7777777777777778
3157,6,3163,0.9981030667088208
41,16,57,0.7192982456140351
631,9,640,0.9859375
1329,9,1338,0.9932735426008968
1615,6,1621,0.9962985811227637
1363,12,1375,0.9912727272727273
1486,17,1503,0.9886892880904857
2784,47,2831,0.9833980925468032
4489,16,4505,0.9964483906770255
1307,15,1322,0.9886535552193646
1016,7,1023,0.9931573802541545
512,14,526,0.973384030418251
2451,6,2457,0.9975579975579976
5035,14,5049,0.9972271736977619
988,10,998,0.9899799599198397
2018,15,2033,0.9926217412690606
94,18,112,0.8392857142857143
1311,7,1318,0.9946889226100152
990,14,1004,0.9860557768924303
1543,10,1553,0.9935608499678042
397,28,425,0.9341176470588235
1882,13,1895,0.9931398416886543
1046,7,1053,0.99335232668566
7436,17,7453,0.9977190393130283
2960,283,3243,0.9127351218008017
7436,13,7449,0.9982547993019197
1018,6,1024,0.994140625
2488,20,2508,0.9920255183413078
1050,10,1060,0.9905660377358491
399,16,415,0.9614457831325302
4393,12,4405,0.9972758229284904
94,7,101,0.9306930693069307
2546,8,2554,0.9968676585747847
1885,10,1895,0.9947229551451188
1050,11,1061,0.9896324222431668
376,19,395,0.9518987341772152
997,7,1004,0.9930278884462151
377,9,386,0.9766839378238342
4981,6,4987,0.9987968718668538
999,26,1025,0.9746341463414634
94,54,148,0.6351351351351351
1052,20,1072,0.9813432835820896
551,7,558,0.9874551971326165
2048,9,2057,0.9956246961594555
5004,15,5019,0.9970113568439928
1841,8,1849,0.9956733369388859
4486,35,4521,0.9922583499225835
920,82,1002,0.9181636726546906
491,180,671,0.7317436661698957
312,16,328,0.9512195121951219
2275,7,2282,0.9969325153374233
7436,12,7448,0.9983888292158969
7436,11,7447,0.9985228951255539
851,16,867,0.9815455594002307
2364,42,2406,0.9825436408977556
2275,13,2288,0.9943181818181818
636,210,846,0.75177304964539
920,70,990,0.9292929292929293
73,14,87,0.8390804597701149
126,19,145,0.8689655172413793
7436,8,7444,0.99892530897367
2450,97,2547,0.9619159795838241
2274,36,2310,0.9844155844155844
491,31,522,0.9406130268199234
4432,15,4447,0.9966269395097819
2275,8,2283,0.9964958388085852
636,22,658,0.9665653495440729
64,44,108,0.5925925925925926
491,58,549,0.8943533697632058
491,116,607,0.8088962108731467
492,30,522,0.9425287356321839
2276,15,2291,0.9934526407682235
1101,108,1209,0.9106699751861043
3980,9,3989,0.997743795437453
5744,13,5757,0.997741879451103
775,13,788,0.983502538071066
2364,157,2521,0.9377231257437525
956,6,962,0.9937629937629938
181,9,190,0.9526315789473684
782,7,789,0.991128010139417
926,52,978,0.9468302658486708
7437,7,7444,0.9990596453519613
3985,6,3991,0.9984966173891255
18,12,30,0.6
181,8,189,0.9576719576719577
493,25,518,0.9517374517374517
7435,11,7446,0.9985226967499329
353,14,367,0.9618528610354223
3381,16,3397,0.9952899617309391
7270,10,7280,0.9986263736263736
1155,30,1185,0.9746835443037974
7382,51,7433,0.9931387057715593
494,35,529,0.9338374291115312
7435,61,7496,0.9918623265741728
2222,21,2243,0.9906375390102541
4120,19,4139,0.9954095192075381
581,18,599,0.9699499165275459
693,7,700,0.99
1100,8,1108,0.9927797833935018
4175,14,4189,0.9966579135831941
679,149,828,0.8200483091787439
492,130,622,0.7909967845659164
1726,16,1742,0.9908151549942594
43,24,67,0.6417910447761194
1156,8,1164,0.993127147766323
3381,10,3391,0.9970510173989974
4703,9,4712,0.9980899830220713
131,7,138,0.9492753623188406
3926,22,3948,0.9944275582573455
637,403,1040,0.6125
2964,11,2975,0.9963025210084033
5504,35,5539,0.9936811698862611
966,10,976,0.9897540983606558
1156,25,1181,0.97883149872989
514,28,542,0.948339483394834
715,17,732,0.976775956284153
1157,11,1168,0.990582191780822
363,25,388,0.9355670103092784
695,7,702,0.99002849002849
1105,56,1161,0.9517657192075797
130,7,137,0.948905109489051
495,37,532,0.9304511278195489
496,55,551,0.9001814882032668
879,11,890,0.9876404494382023
36,14,50,0.72
355,54,409,0.8679706601466992
1556,21,1577,0.9866835764109068
2409,25,2434,0.9897288414133114
496,76,572,0.8671328671328671
455,29,484,0.9400826446280992
879,22,901,0.9755826859045506
11,14,25,0.44
1108,6,1114,0.9946140035906643
668,22,690,0.9681159420289855
1370,12,1382,0.9913169319826338
47,23,70,0.6714285714285714
37,21,58,0.6379310344827587
355,60,415,0.8554216867469879
456,18,474,0.9620253164556962
2280,21,2301,0.9908735332464146
932,57,989,0.942366026289181
1702,23,1725,0.9866666666666667
2771,9,2780,0.9967625899280576
132,11,143,0.9230769230769231
1030,41,1071,0.96171802054155
1608,12,1620,0.9925925925925926
2747,10,2757,0.9963728690605731
2280,11,2291,0.9951986032300305
771,6,777,0.9922779922779923
355,58,413,0.8595641646489104
495,211,706,0.7011331444759207
2748,7,2755,0.997459165154265
456,16,472,0.9661016949152542
1352,9,1361,0.9933872152828802
2411,12,2423,0.9950474618241849
1108,27,1135,0.9762114537444934
1692,9,1701,0.9947089947089947
699,49,748,0.9344919786096256
2411,8,2419,0.9966928482844151
356,48,404,0.8811881188118812
781,93,874,0.8935926773455377
1108,13,1121,0.9884032114183765
597,13,610,0.978688524590164
7384,24,7408,0.9967602591792657
7435,41,7476,0.9945157838416265
11,14,25,0.44
1876,6,1882,0.9968119022316685
2411,47,2458,0.9808787632221319
28,14,42,0.6666666666666666
4262,127,4389,0.9710640236956026
595,64,659,0.9028831562974203
1650,11,1661,0.9933774834437086
596,6,602,0.9900332225913622
140,17,157,0.89171974522293
1112,103,1215,0.9152263374485596
2969,24,2993,0.9919812896759105
7436,10,7446,0.9986569970453935
772,6,778,0.9922879177377892
5804,10,5814,0.99828001375989
2412,103,2515,0.9590457256461232
336,16,352,0.9545454545454546
261,10,271,0.9630996309963099
3328,14,3342,0.9958108916816277
496,69,565,0.8778761061946903
7384,12,7396,0.9983775013520823
364,28,392,0.9285714285714286
203,28,231,0.8787878787878788
2293,30,2323,0.9870856650882479
2086,61,2147,0.9715882626921285
1502,11,1513,0.992729676140119
1896,10,1906,0.9947534102833159
259,8,267,0.9700374531835206
2748,7,2755,0.997459165154265
100,25,125,0.8
38,23,61,0.6229508196721312
1357,12,1369,0.9912344777209642
144,11,155,0.9290322580645162
100,16,116,0.8620689655172413
1115,14,1129,0.9875996457041629
203,19,222,0.9144144144144144
2640,8,2648,0.9969788519637462
5405,21,5426,0.9961297456690011
1357,14,1371,0.9897884755652808
2297,30,2327,0.9871078642028362
705,231,936,0.7532051282051282
456,180,636,0.7169811320754716
261,12,273,0.9560439560439561
7390,34,7424,0.9954202586206896
2640,16,2656,0.9939759036144579
75,18,93,0.8064516129032258
1563,10,1573,0.9936427209154481
16,14,30,0.5333333333333333
2772,6,2778,0.9978401727861771
1881,25,1906,0.9868835257082896
2298,16,2314,0.993085566119274
2434,9,2443,0.9963160049119935
93,63,156,0.5961538461538461
2987,9,2996,0.996995994659546
3811,9,3820,0.9976439790575916
1596,15,1611,0.9906890130353817
960,7,967,0.9927611168562565
1017,20,1037,0.9807135969141755
18,10,28,0.6428571428571429
100,60,160,0.625
2508,6,2514,0.9976133651551312
203,28,231,0.8787878787878788
340,14,354,0.96045197740113
782,8,790,0.9898734177215189
1803,12,1815,0.9933884297520661
773,8,781,0.9897567221510883
1454,172,1626,0.8942189421894219
1035,52,1087,0.952161913523459
92,7,99,0.9292929292929293
1208,10,1218,0.9917898193760263
2992,9,3001,0.9970009996667777
1112,26,1138,0.9771528998242531
5546,18,5564,0.996764917325665
2639,10,2649,0.9962249905624764
4176,10,4186,0.9976110845676063
1115,9,1124,0.9919928825622776
1112,9,1121,0.991971454058876
2302,8,2310,0.9965367965367965
2020,25,2045,0.9877750611246944
225,13,238,0.9453781512605042
1819,8,1827,0.9956212370005474
3132,6,3138,0.9980879541108987
146,13,159,0.9182389937106918
29,24,53,0.5471698113207547
6692,19,6711,0.9971688272984652
3775,18,3793,0.9952544160295281
2437,8,2445,0.9967280163599181
673,17,690,0.9753623188405797
853,11,864,0.9872685185185185
2302,12,2314,0.9948141745894555
98,12,110,0.8909090909090909
2228,10,2238,0.9955317247542449
2387,24,2411,0.9900456242223143
7427,8,7435,0.9989240080699395
631,11,642,0.9828660436137072
23,21,44,0.5227272727272727
69,16,85,0.8117647058823529
5547,17,5564,0.9969446441409058
220,13,233,0.944206008583691
2457,8,2465,0.9967545638945233
498,249,747,0.6666666666666666
2942,55,2997,0.9816483149816483
1589,22,1611,0.9863438857852266
2460,13,2473,0.9947432268499797
2458,6,2464,0.997564935064935
4179,14,4193,0.996661101836394
2988,12,3000,0.996
1145,11,1156,0.990484429065744
2462,8,2470,0.9967611336032388
1806,15,1821,0.9917627677100495
1589,22,1611,0.9863438857852266
1392,9,1401,0.9935760171306209
2641,14,2655,0.9947269303201507
1884,6,1890,0.9968253968253968
3811,7,3818,0.9981665793609219
6483,7,6490,0.9989214175654854
241,11,252,0.9563492063492064
4585,9,4594,0.9980409229429691
1884,6,1890,0.9968253968253968
1598,32,1630,0.9803680981595092
673,11,684,0.9839181286549707
26,19,45,0.5777777777777777
2302,13,2315,0.9943844492440604
2437,8,2445,0.9967280163599181
1039,55,1094,0.9497257769652651
1510,11,1521,0.9927679158448389
1431,9,1440,0.99375
3710,7,3717,0.9981167608286252
711,57,768,0.92578125
1897,55,1952,0.9718237704918032
1023,13,1036,0.9874517374517374
2981,15,2996,0.9949933244325768
3126,9,3135,0.9971291866028709
819,7,826,0.9915254237288136
1032,6,1038,0.9942196531791907
454,11,465,0.9763440860215054
7436,6,7442,0.999193765116904
2168,10,2178,0.9954086317722681
7436,30,7466,0.995981784087865
757,85,842,0.8990498812351544
782,17,799,0.9787234042553191
259,11,270,0.9592592592592593
2302,52,2354,0.9779099405267629
2981,7,2988,0.9976572958500669
944,13,957,0.9864158829676071
1112,70,1182,0.9407783417935702
2430,8,2438,0.9967186218211649
1114,14,1128,0.9875886524822695
336,10,346,0.9710982658959537
1038,55,1093,0.94967978042086
2982,6,2988,0.9979919678714859
1893,6,1899,0.9968404423380727
2430,12,2442,0.995085995085995
1465,11,1476,0.9925474254742548
1160,15,1175,0.9872340425531915
7435,9,7444,0.9987909725953789
633,202,835,0.7580838323353294
7430,16,7446,0.9978511952726296
1219,19,1238,0.9846526655896607
2430,6,2436,0.9975369458128078
752,9,761,0.988173455978975
890,26,916,0.9716157205240175
1615,50,1665,0.96996996996997
2168,10,2178,0.9954086317722681
1370,7,1377,0.9949164851125636
2216,10,2226,0.995507637017071
6695,9,6704,0.9986575178997613
2152,153,2305,0.9336225596529284
912,7,919,0.9923830250272034
131,7,138,0.9492753623188406
7436,13,7449,0.9982547993019197
2306,7,2313,0.9969736273238219
3816,9,3825,0.9976470588235294
334,13,347,0.962536023054755
2305,8,2313,0.9965412883700822
1281,31,1312,0.9763719512195121
2948,60,3008,0.9800531914893617
1318,29,1347,0.9784706755753526
742,37,779,0.9525032092426188
2307,10,2317,0.9956840742339231
2428,11,2439,0.995489954899549
905,11,916,0.9879912663755459
1111,9,1120,0.9919642857142857
2308,24,2332,0.9897084048027445
702,279,981,0.7155963302752294
336,10,346,0.9710982658959537
909,9,918,0.9901960784313726
808,24,832,0.9711538461538461
3711,6,3717,0.9983857949959645
7429,12,7441,0.9983873135331273
729,65,794,0.9181360201511335
890,12,902,0.9866962305986696
74,30,104,0.7115384615384616
456,17,473,0.9640591966173362
261,15,276,0.9456521739130435
2305,8,2313,0.9965412883700822
3659,6,3665,0.9983628922237381
261,14,275,0.9490909090909091
3659,6,3665,0.9983628922237381
3659,6,3665,0.9983628922237381
2430,6,2436,0.9975369458128078
2433,6,2439,0.997539975399754
2431,20,2451,0.9918400652794778
864,13,877,0.9851767388825542
710,157,867,0.8189158016147635
1039,9,1048,0.9914122137404581
2433,28,2461,0.9886225111743194
1355,11,1366,0.9919472913616398
2435,7,2442,0.9971334971334971
2302,92,2394,0.9615705931495405
868,16,884,0.9819004524886877
3713,12,3725,0.9967785234899329
223,15,238,0.9369747899159664
1926,9,1935,0.9953488372093023
870,11,881,0.9875141884222475
11,8,19,0.5789473684210527
890,7,897,0.992196209587514
1833,15,1848,0.9918831168831169
1339,26,1365,0.9809523809523809
935,10,945,0.9894179894179894
2049,13,2062,0.9936954413191077
1833,12,1845,0.9934959349593496
3714,11,3725,0.9970469798657718
730,75,805,0.906832298136646
2727,15,2742,0.9945295404814004
2437,6,2443,0.9975440032746623
1347,7,1354,0.9948301329394387
2457,13,2470,0.9947368421052631
5545,18,5563,0.9967643357900413
251,7,258,0.9728682170542635
129,13,142,0.9084507042253521
1147,15,1162,0.9870912220309811
7436,12,7448,0.9983888292158969
2256,9,2265,0.9960264900662251
1008,23,1031,0.9776915615906887
7435,6,7441,0.9991936567665637
1347,6,1353,0.9955654101995566
893,10,903,0.9889258028792912
1429,9,1438,0.9937413073713491
1019,6,1025,0.9941463414634146
954,10,964,0.9896265560165975
6633,10,6643,0.9984946560289026
7435,15,7450,0.9979865771812081
6694,9,6703,0.9986573176189766
1125,9,1134,0.9920634920634921
1020,6,1026,0.9941520467836257
1119,9,1128,0.9920212765957447
3001,8,3009,0.997341309405118
3652,24,3676,0.9934711643090316
1150,6,1156,0.9948096885813149
2307,20,2327,0.9914052428018908
2439,9,2448,0.9963235294117647
4524,12,4536,0.9973544973544973
2736,6,2742,0.9978118161925602
131,7,138,0.9492753623188406
2728,15,2743,0.994531534815895
1093,14,1107,0.987353206865402
122,6,128,0.953125
3338,9,3347,0.9973110247983269
128,11,139,0.920863309352518
1119,27,1146,0.9764397905759162
2733,12,2745,0.9956284153005465
936,16,952,0.9831932773109243
875,18,893,0.9798432250839866
82,6,88,0.9318181818181818
3122,14,3136,0.9955357142857143
2448,106,2554,0.9584964761158966
1009,12,1021,0.9882468168462292
1125,18,1143,0.984251968503937
1281,10,1291,0.9922540666150271
1931,6,1937,0.9969024264326277
2135,20,2155,0.9907192575406032
1150,25,1175,0.9787234042553191
2186,40,2226,0.9820305480682839
2244,14,2258,0.9937998228520815
109,9,118,0.923728813559322
3002,17,3019,0.9943689963564094
135,9,144,0.9375
895,6,901,0.9933407325194229
1586,55,1641,0.9664838513101767
1093,11,1104,0.990036231884058
2729,15,2744,0.994533527696793
476,14,490,0.9714285714285714
83,6,89,0.9325842696629213
715,252,967,0.7394002068252327
5630,13,5643,0.9976962608541556
4597,65,4662,0.9860574860574861
1281,21,1302,0.9838709677419355
476,7,483,0.9855072463768116
1932,9,1941,0.9953632148377125
5607,9,5616,0.9983974358974359
6699,10,6709,0.9985094648978984
2466,9,2475,0.9963636363636363
2439,44,2483,0.982279500604108
5544,12,5556,0.9978401727861771
4393,11,4404,0.9975022706630337
3977,13,3990,0.9967418546365915
6877,20,6897,0.9971001884877483
732,10,742,0.9865229110512129
352,319,671,0.5245901639344263
897,52,949,0.9452054794520548
3000,201,3201,0.9372071227741331
29,8,37,0.7837837837837838
1019,10,1029,0.9902818270165209
5608,13,5621,0.9976872442625867
1429,7,1436,0.995125348189415
2310,16,2326,0.9931212381771282
920,7,927,0.9924487594390508
1095,19,1114,0.9829443447037702
1119,15,1134,0.9867724867724867
7436,10,7446,0.9986569970453935
126,13,139,0.9064748201438849
87,15,102,0.8529411764705882
2309,7,2316,0.9969775474956822
2294,28,2322,0.9879414298018949
1363,20,1383,0.9855386840202458
3452,6,3458,0.9982648930017352
1014,11,1025,0.9892682926829268
1109,42,1151,0.9635099913119027
4141,12,4153,0.9971105225138455
125,14,139,0.8992805755395683
223,8,231,0.9653679653679653
1818,7,1825,0.9961643835616438
1119,17,1136,0.9850352112676056
2456,10,2466,0.9959448499594485
349,9,358,0.9748603351955307
14,37,51,0.27450980392156865
1469,15,1484,0.9898921832884097
483,17,500,0.966
5184,6,5190,0.9988439306358381
30,36,66,0.45454545454545453
1199,87,1286,0.932348367029549
2983,9,2992,0.9969919786096256
345,10,355,0.971830985915493
7436,6,7442,0.999193765116904
1021,16,1037,0.9845708775313404
358,15,373,0.9597855227882037
929,8,937,0.991462113127001
2297,6,2303,0.9973947025618758
1020,6,1026,0.9941520467836257
1125,7,1132,0.9938162544169611
2455,12,2467,0.9951357924604783
1035,31,1066,0.9709193245778611
7436,15,7451,0.9979868474030331
1818,9,1827,0.9950738916256158
2128,9,2137,0.9957884885353299
1114,11,1125,0.9902222222222222
2253,9,2262,0.9960212201591512
346,6,352,0.9829545454545454
1135,27,1162,0.9767641996557659
3816,17,3833,0.9955648317244978
47,7,54,0.8703703703703703
5543,13,5556,0.9976601871850252
230,14,244,0.9426229508196722
1044,52,1096,0.9525547445255474
2254,6,2260,0.9973451327433628
2830,9,2839,0.9968298696724198
1125,14,1139,0.9877085162423178
392,82,474,0.8270042194092827
1266,13,1279,0.9898358092259578
3478,15,3493,0.9957056971085028
3402,7,3409,0.997946611909651
2775,12,2787,0.9956942949407965
3242,18,3260,0.994478527607362
676,6,682,0.9912023460410557
1387,27,1414,0.9809052333804809
1269,15,1284,0.9883177570093458
6,9,15,0.4
4074,12,4086,0.9970631424375918
2070,7,2077,0.9966297544535387
819,24,843,0.9715302491103203
3634,21,3655,0.9942544459644322
1270,9,1279,0.9929632525410477
985,13,998,0.9869739478957916
279,15,294,0.9489795918367347
3531,9,3540,0.997457627118644
1186,16,1202,0.9866888519134775
1609,10,1619,0.993823347745522
1057,7,1064,0.993421052631579
2128,60,2188,0.9725776965265083
1186,13,1199,0.9891576313594662
3536,20,3556,0.9943757030371203
2577,94,2671,0.9648071883189816
1386,61,1447,0.9578438147892191
1539,15,1554,0.9903474903474904
386,7,393,0.9821882951653944
3489,18,3507,0.9948674080410608
318,91,409,0.7775061124694377
1767,11,1778,0.9938132733408324
1058,20,1078,0.9814471243042672
1779,9,1788,0.9949664429530202
1539,14,1553,0.9909851899549259
1749,9,1758,0.9948805460750854
1692,14,1706,0.9917936694021102
589,6,595,0.9899159663865547
3835,294,4129,0.92879631872124
1439,22,1461,0.9849418206707734
385,10,395,0.9746835443037974
1168,7,1175,0.9940425531914894
3244,20,3264,0.9938725490196079
1272,66,1338,0.9506726457399103
5391,17,5408,0.9968565088757396
2780,10,2790,0.996415770609319
269,25,294,0.9149659863945578
318,18,336,0.9464285714285714
1059,19,1078,0.9823747680890538
7436,13,7449,0.9982547993019197
1184,19,1203,0.9842061512884456
1762,22,1784,0.9876681614349776
51,37,88,0.5795454545454546
386,9,395,0.9772151898734177
965,31,996,0.9688755020080321
2595,193,2788,0.9307747489239598
821,15,836,0.9820574162679426
319,90,409,0.7799511002444988
151,11,162,0.9320987654320988
388,17,405,0.9580246913580247
3481,6,3487,0.9982793232004589
156,9,165,0.9454545454545454
1803,12,1815,0.9933884297520661
554,9,563,0.9840142095914742
438,37,475,0.9221052631578948
924,10,934,0.9892933618843683
3573,201,3774,0.9467408585055644
1328,7,1335,0.9947565543071161
1677,172,1849,0.9069767441860465
840,9,849,0.9893992932862191
908,8,916,0.9912663755458515
386,9,395,0.9772151898734177
1618,10,1628,0.9938574938574939
742,19,761,0.9750328515111695
768,8,776,0.9896907216494846
821,25,846,0.9704491725768322
1328,6,1334,0.9955022488755623
431,15,446,0.9663677130044843
604,8,612,0.9869281045751634
175,7,182,0.9615384615384616
2129,12,2141,0.9943951424567959
559,7,566,0.9876325088339223
1371,10,1381,0.9927588703837799
175,13,188,0.9308510638297872
2129,13,2142,0.9939309056956116
925,7,932,0.9924892703862661
3639,23,3662,0.9937192790824686
1676,29,1705,0.9829912023460411
1454,13,1467,0.9911383776414451
162,7,169,0.9585798816568047
472,9,481,0.9812889812889813
2784,43,2827,0.9847895295366113
3577,7,3584,0.998046875
577,25,602,0.9584717607973422
925,9,934,0.9903640256959315
1373,7,1380,0.994927536231884
3690,8,3698,0.997836668469443
908,11,919,0.9880304678998912
3640,14,3654,0.9961685823754789
925,6,931,0.9935553168635876
2263,32,2295,0.9860566448801743
1638,43,1681,0.97441998810232
901,7,908,0.9922907488986784
321,28,349,0.9197707736389685
907,11,918,0.9880174291938998
3578,9,3587,0.9974909395037636
1373,9,1382,0.9934876989869754
4574,20,4594,0.9956464954288202
393,21,414,0.9492753623188406
1721,7,1728,0.9959490740740741
7435,9,7444,0.9987909725953789
4343,21,4364,0.9951879010082493
1345,22,1367,0.9839063643013899
1730,24,1754,0.9863169897377423
3562,14,3576,0.9960850111856824
1454,83,1537,0.9459986987638256
2786,37,2823,0.9868933758413035
11,87,98,0.11224489795918367
577,114,691,0.8350217076700435
1722,11,1733,0.9936526255049047
321,111,432,0.7430555555555556
304,11,315,0.9650793650793651
1275,15,1290,0.9883720930232558
2786,49,2835,0.9827160493827161
474,8,482,0.983402489626556
1538,18,1556,0.9884318766066839
2705,76,2781,0.9726717008270407
4174,19,4193,0.9954686382065348
353,57,410,0.8609756097560975
770,17,787,0.9783989834815756
4587,8,4595,0.9982589771490751
3579,11,3590,0.9969359331476323
1722,31,1753,0.9823160296634341
1864,37,1901,0.9805365597054182
474,11,485,0.977319587628866
442,15,457,0.9671772428884027
1262,19,1281,0.985167837626854
1862,9,1871,0.9951897381079636
1175,89,1264,0.9295886075949367
3579,7,3586,0.998047964305633
2273,7,2280,0.9969298245614036
1075,58,1133,0.9488084730803178
3580,6,3586,0.9983268265476855
7436,22,7458,0.9970501474926253
1705,8,1713,0.9953298307063632
2106,57,2163,0.9736477115117892
1680,21,1701,0.9876543209876543
3014,9,3023,0.9970228250082699
384,9,393,0.9770992366412213
972,165,1137,0.8548812664907651
1728,6,1734,0.9965397923875432
2277,52,2329,0.9776728209531989
647,153,800,0.80875
3666,8,3674,0.9978225367446925
1500,719,2219,0.67598017124831
2705,7,2712,0.9974188790560472
1481,822,2303,0.6430742509769866
2378,7,2385,0.9970649895178197
1037,13,1050,0.9876190476190476
4174,20,4194,0.9952312827849309
1728,15,1743,0.9913941480206541
2378,9,2387,0.9962295768747381
7435,16,7451,0.997852637229902
3908,9,3917,0.9977023232065356
1262,18,1280,0.9859375
2152,16,2168,0.992619926199262
1280,52,1332,0.960960960960961
2601,13,2614,0.995026778882938
182,7,189,0.9629629629629629
1141,25,1166,0.9785591766723842
459,24,483,0.9503105590062112
562,12,574,0.9790940766550522
3932,14,3946,0.9964521033958439
1693,9,1702,0.9947121034077556
89,7,96,0.9270833333333334
156,25,181,0.861878453038674
7437,24,7461,0.9967832730197025
7436,6,7442,0.999193765116904
1280,26,1306,0.9800918836140888
3688,9,3697,0.9975655937246416
1375,19,1394,0.9863701578192252
2269,7,2276,0.9969244288224957
89,7,96,0.9270833333333334
1280,8,1288,0.9937888198757764
941,27,968,0.9721074380165289
2601,125,2726,0.9541452677916361
354,24,378,0.9365079365079365
2793,64,2857,0.9775988799439972
2277,40,2317,0.9827362969356928
1143,43,1186,0.9637436762225969
1693,9,1702,0.9947121034077556
2782,10,2792,0.9964183381088825
2157,8,2165,0.9963048498845266
2269,12,2281,0.9947391494958352
1693,9,1702,0.9947121034077556
1597,7,1604,0.9956359102244389
3569,12,3581,0.9966489807316392
184,15,199,0.9246231155778895
51,8,59,0.864406779661017
1703,13,1716,0.9924242424242424
90,6,96,0.9375
4795,9,4804,0.9981265611990008
2159,6,2165,0.997228637413395
1723,10,1733,0.9942296595499135
13,30,43,0.3023255813953488
1145,44,1189,0.9629941126997477
2271,10,2281,0.995615957913196
776,10,786,0.9872773536895675
2633,70,2703,0.9741028486866444
6422,14,6436,0.9978247358607831
1376,13,1389,0.9906407487401008
1763,51,1814,0.9718853362734289
1047,28,1075,0.9739534883720931
90,6,96,0.9375
1478,145,1623,0.9106592729513248
4301,7,4308,0.9983751160631383
2111,343,2454,0.8602281988590057
6424,13,6437,0.9979804256641293
90,6,96,0.9375
166,9,175,0.9485714285714286
2792,196,2988,0.9344042838018741
185,9,194,0.9536082474226805
2775,11,2786,0.9960516870064609
1048,55,1103,0.9501359927470535
15,29,44,0.3409090909090909
2642,11,2653,0.9958537504711648
168,11,179,0.9385474860335196
2522,15,2537,0.9940875049270792
1345,15,1360,0.9889705882352942
1950,6,1956,0.9969325153374233
6426,12,6438,0.9981360671015843
2775,12,2787,0.9956942949407965
17,18,35,0.4857142857142857
1124,19,1143,0.9833770778652668
137,1899,2036,0.06728880157170923
1050,11,1061,0.9896324222431668
430,6,436,0.9862385321100917
771,55,826,0.9334140435835351
2284,40,2324,0.9827882960413081
2523,9,2532,0.9964454976303317
1406,9,1415,0.9936395759717315
2652,55,2707,0.9796823051348356
7436,11,7447,0.9985228951255539
391,9,400,0.9775
440,23,463,0.9503239740820735
1375,13,1388,0.9906340057636888
1780,36,1816,0.9801762114537445
819,6,825,0.9927272727272727
172,9,181,0.9502762430939227
1276,9,1285,0.9929961089494164
61,8,69,0.8840579710144928
464,6,470,0.9872340425531915
676,7,683,0.9897510980966325
772,167,939,0.8221512247071352
924,8,932,0.9914163090128756
2663,21,2684,0.9921758569299552
1782,15,1797,0.991652754590985
1174,9,1183,0.9923922231614539
1376,9,1385,0.9935018050541516
679,10,689,0.9854862119013063
4299,9,4308,0.9979108635097493
19,15,34,0.5588235294117647
925,9,934,0.9903640256959315
62,6,68,0.9117647058823529
1938,12,1950,0.9938461538461538
1297,232,1529,0.8482668410725964
165,13,178,0.9269662921348315
772,20,792,0.9747474747474747
456,15,471,0.9681528662420382
922,6,928,0.9935344827586207
320,34,354,0.903954802259887
1035,10,1045,0.9904306220095693
679,14,693,0.9797979797979798
92,60,152,0.6052631578947368
1706,13,1719,0.9924374636416521
1195,11,1206,0.9908789386401327
178,9,187,0.9518716577540107
166,58,224,0.7410714285714286
2683,55,2738,0.9799123447772097
63,6,69,0.9130434782608695
22,9,31,0.7096774193548387
1940,20,1960,0.9897959183673469
1049,18,1067,0.9831302717900656
178,9,187,0.9518716577540107
1346,15,1361,0.9889786921381337
1193,7,1200,0.9941666666666666
1057,13,1070,0.9878504672897196
1279,6,1285,0.9953307392996109
4339,15,4354,0.9965548920532843
679,12,691,0.9826338639652678
773,61,834,0.9268585131894485
476,14,490,0.9714285714285714
1940,6,1946,0.9969167523124358
442,17,459,0.9629629629629629
276,22,298,0.9261744966442953
2093,12,2105,0.9942992874109263
4340,14,4354,0.9967845659163987
1279,21,1300,0.9838461538461538
64,6,70,0.9142857142857143
1050,17,1067,0.9840674789128397
681,10,691,0.9855282199710564
5411,10,5421,0.998155321896329
26,15,41,0.6341463414634146
578,13,591,0.9780033840947546
773,63,836,0.9246411483253588
1205,58,1263,0.9540775930324624
3577,23,3600,0.9936111111111111
454,12,466,0.9742489270386266
2022,15,2037,0.9926362297496318
922,42,964,0.9564315352697096
3335,16,3351,0.9952253058788422
28,15,43,0.6511627906976745
5411,10,5421,0.998155321896329
2385,7,2392,0.9970735785953178
1050,15,1065,0.9859154929577465
2707,58,2765,0.9790235081374322
3335,20,3355,0.9940387481371088
7,19,26,0.2692307692307692
1468,10,1478,0.993234100135318
2687,19,2706,0.9929785661492978
1050,15,1065,0.9859154929577465
2528,20,2548,0.9921507064364207
3444,379,3823,0.9008631964425844
94,12,106,0.8867924528301887
1380,52,1432,0.9636871508379888
5412,25,5437,0.9954018760345779
7,18,25,0.28
269,49,318,0.8459119496855346
4800,7,4807,0.9985437903058041
5047,202,5249,0.9615164793293961
145,7,152,0.9539473684210527
934,33,967,0.9658738366080661
89,45,134,0.664179104477612
2628,10,2638,0.9962092494313874
842,61,903,0.9324473975636767
3143,6,3149,0.9980946332168943
2025,871,2896,0.6992403314917127
146,26,172,0.8488372093023255
1641,9,1650,0.9945454545454545
1101,9,1110,0.9918918918918919
2752,40,2792,0.9856733524355301
1101,9,1110,0.9918918918918919
2026,287,2313,0.8759187202766969
1101,9,1110,0.9918918918918919
402,34,436,0.9220183486238532
895,6,901,0.9933407325194229
3853,7,3860,0.9981865284974093
6044,7,6051,0.9988431664187738
1964,9,1973,0.9954384186517993
2755,7,2762,0.997465604634323
402,10,412,0.9757281553398058
847,49,896,0.9453125
4456,16,4472,0.9964221824686941
1115,6,1121,0.9946476360392507
1115,12,1127,0.9893522626441881
896,35,931,0.9624060150375939
4886,6,4892,0.9987735077677842
943,16,959,0.9833159541188738
1103,12,1115,0.989237668161435
3245,32,3277,0.9902349710100702
714,25,739,0.9661705006765899
147,15,162,0.9074074074074074
4885,6,4891,0.998773257002658
3852,9,3861,0.9976689976689976
3660,14,3674,0.9961894393032118
714,10,724,0.9861878453038674
896,19,915,0.9792349726775956
214,15,229,0.9344978165938864
715,7,722,0.9903047091412742
1104,11,1115,0.9901345291479821
1116,16,1132,0.9858657243816255
1116,8,1124,0.9928825622775801
3144,133,3277,0.9594140982606042
501,9,510,0.9823529411764705
179,51,230,0.7782608695652173
405,56,461,0.8785249457700651
3853,9,3862,0.9976696012428793
897,29,926,0.968682505399568
854,16,870,0.9816091954022989
782,77,859,0.910360884749709
180,6,186,0.967741935483871
1115,6,1121,0.9946476360392507
154,13,167,0.9221556886227545
3653,15,3668,0.9959105779716467
505,13,518,0.974903474903475
765,10,775,0.9870967741935484
148,19,167,0.8862275449101796
1473,175,1648,0.8938106796116505
181,57,238,0.7605042016806722
1000,19,1019,0.9813542688910697
3852,9,3861,0.9976689976689976
2628,22,2650,0.9916981132075472
1041,10,1051,0.9904852521408183
766,19,785,0.975796178343949
896,38,934,0.9593147751605996
1116,6,1122,0.9946524064171123
506,25,531,0.9529190207156308
1477,26,1503,0.9827012641383899
2931,14,2945,0.9952461799660441
767,19,786,0.9758269720101781
4883,128,5011,0.9744561963679904
2029,61,2090,0.9708133971291866
183,39,222,0.8243243243243243
185,22,207,0.893719806763285
781,114,895,0.8726256983240224
2529,8,2537,0.9968466692944422
216,11,227,0.9515418502202643
1076,8,1084,0.992619926199262
24,18,42,0.5714285714285714
1518,11,1529,0.9928057553956835
1285,61,1346,0.9546805349182764
3865,73,3938,0.9814626714068054
749,32,781,0.9590268886043534
24,14,38,0.631578947368421
6028,6,6034,0.9990056347364932
220,11,231,0.9523809523809523
1252,18,1270,0.9858267716535433
24,17,41,0.5853658536585366
390,7,397,0.982367758186398
25,9,34,0.7352941176470589
390,10,400,0.975
77,63,140,0.55
129,9,138,0.9347826086956522
1277,7,1284,0.9945482866043613
1468,10,1478,0.993234100135318
389,43,432,0.9004629629629629
1759,55,1814,0.9696802646085998
52,20,72,0.7222222222222222
2203,27,2230,0.9878923766816143
7436,8,7444,0.99892530897367
1334,22,1356,0.9837758112094396
517,13,530,0.9754716981132076
601,19,620,0.9693548387096774
444,8,452,0.9823008849557522
518,16,534,0.9700374531835206
1734,9,1743,0.9948364888123924
866,6,872,0.9931192660550459
7436,8,7444,0.99892530897367
925,214,1139,0.8121158911325724
7435,20,7455,0.9973172367538564
42,64,106,0.39622641509433965
158,25,183,0.8633879781420765
2797,6,2803,0.9978594363182305
158,20,178,0.8876404494382022
835,294,1129,0.7395925597874224
158,12,170,0.9294117647058824
601,11,612,0.9820261437908496
1583,7,1590,0.9955974842767296
158,6,164,0.9634146341463414
867,13,880,0.9852272727272727
2802,13,2815,0.9953818827708704
58,22,80,0.725
164,64,228,0.7192982456140351
1078,29,1107,0.973803071364047
59,30,89,0.6629213483146067
2702,7,2709,0.9974160206718347
1759,69,1828,0.962253829321663
602,19,621,0.9694041867954911
1759,6,1765,0.996600566572238
2702,12,2714,0.9955784819454679
487,10,497,0.9798792756539235
867,25,892,0.9719730941704036
928,17,945,0.982010582010582
4844,11,4855,0.9977342945417096
603,16,619,0.9741518578352181
1567,13,1580,0.9917721518987341
1571,23,1594,0.9855708908406524
174,91,265,0.6566037735849056
1763,9,1772,0.994920993227991
486,11,497,0.9778672032193159
6281,7,6288,0.9988867684478372
274,9,283,0.9681978798586572
65,52,117,0.5555555555555556
4844,39,4883,0.9920131066967028
500,18,518,0.9652509652509652
1081,17,1098,0.9845173041894353
111,9,120,0.925
6282,12,6294,0.998093422306959
493,7,500,0.986
195,40,235,0.8297872340425532
499,6,505,0.9881188118811881
2044,10,2054,0.9951314508276533
869,10,879,0.9886234357224118
2912,20,2932,0.9931787175989086
498,11,509,0.9783889980353635
2151,17,2168,0.9921586715867159
327,6,333,0.9819819819819819
1031,15,1046,0.98565965583174
1526,43,1569,0.9725940089228808
3318,8,3326,0.9975947083583885
7436,13,7449,0.9982547993019197
1599,16,1615,0.990092879256966
1179,15,1194,0.9874371859296482
1907,9,1916,0.9953027139874739
6498,7,6505,0.998923904688701
1583,13,1596,0.9918546365914787
1039,6,1045,0.9942583732057416
2325,12,2337,0.9948652118100129
142,57,199,0.7135678391959799
1488,9,1497,0.9939879759519038
480,9,489,0.9815950920245399
1606,27,1633,0.9834660134721371
4189,9,4198,0.9978561219628395
1817,6,1823,0.9967087218869994
2303,25,2328,0.9892611683848798
585,35,620,0.9435483870967742
4226,9,4235,0.9978748524203069
790,16,806,0.9801488833746899
5025,15,5040,0.9970238095238095
528,13,541,0.9759704251386322
1375,7,1382,0.9949348769898697
2046,9,2055,0.9956204379562044
7404,6,7410,0.9991902834008097
89,15,104,0.8557692307692307
6209,16,6225,0.997429718875502
6110,24,6134,0.9960873818063254
2326,9,2335,0.9961456102783726
1377,6,1383,0.9956616052060737
2327,8,2335,0.9965738758029978
1697,36,1733,0.9792267743796884
68,7,75,0.9066666666666666
7437,8,7445,0.9989254533243788
1256,8,1264,0.9936708860759493
123,17,140,0.8785714285714286
1792,13,1805,0.992797783933518
641,11,652,0.9831288343558282
682,12,694,0.9827089337175793
67,15,82,0.8170731707317073
1526,56,1582,0.9646017699115044
3541,25,3566,0.99298934380258
6555,15,6570,0.997716894977169
996,6,1002,0.9940119760479041
1795,16,1811,0.9911651021535064
620,94,714,0.8683473389355743
5146,33,5179,0.9936281135354316
1528,70,1598,0.9561952440550688
997,7,1004,0.9930278884462151
1377,13,1390,0.9906474820143885
998,6,1004,0.9940239043824701
805,7,812,0.9913793103448276
1054,6,1060,0.9943396226415094
1782,12,1794,0.9933110367892977
2414,12,2426,0.9950535861500412
1188,6,1194,0.9949748743718593
699,20,719,0.972183588317107
3712,9,3721,0.9975812953507122
1053,13,1066,0.9878048780487805
300,7,307,0.9771986970684039
1025,7,1032,0.9932170542635659
1260,13,1273,0.9897879025923016
2433,6,2439,0.997539975399754
1050,25,1075,0.9767441860465116
60,6,66,0.9090909090909091
1025,7,1032,0.9932170542635659
824,40,864,0.9537037037037037
1039,6,1045,0.9942583732057416
2315,8,2323,0.9965561773568661
1829,6,1835,0.9967302452316076
1878,14,1892,0.992600422832981
7437,9,7446,0.9987912973408541
1273,27,1300,0.9792307692307692
998,6,1004,0.9940239043824701
7411,7,7418,0.999056349420329
1699,7,1706,0.9958968347010551
2832,14,2846,0.9950808151791989
2887,6,2893,0.9979260283442793
1378,19,1397,0.9863994273443092
88,11,99,0.8888888888888888
1797,16,1813,0.9911748483177054
7409,28,7437,0.9962350410111604
1798,9,1807,0.9950193691200886
4235,6,4241,0.9985852393303466
2492,11,2503,0.9956052736715941
126,32,158,0.7974683544303798
700,12,712,0.9831460674157303
1733,7,1740,0.9959770114942529
894,9,903,0.9900332225913622
1561,219,1780,0.8769662921348315
1797,14,1811,0.9922694643843181
5186,7,5193,0.9986520315809744
4434,10,4444,0.9977497749774977
7436,7,7443,0.9990595190111514
6593,7,6600,0.9989393939393939
6183,15,6198,0.9975798644724104
1601,67,1668,0.959832134292566
7154,13,7167,0.9981861308776336
1510,6,1516,0.996042216358839
61,8,69,0.8840579710144928
1587,9,1596,0.9943609022556391
100,33,133,0.7518796992481203
122,15,137,0.8905109489051095
621,154,775,0.8012903225806451
178,35,213,0.8356807511737089
700,14,714,0.9803921568627451
995,15,1010,0.9851485148514851
1393,34,1427,0.9761737911702874
1783,15,1798,0.9916573971078977
977,11,988,0.9888663967611336
1701,15,1716,0.9912587412587412
1799,11,1810,0.9939226519337017
2347,9,2356,0.9961799660441426
945,6,951,0.9936908517350158
7436,9,7445,0.9987911349899261
1604,55,1659,0.9668474984930681
349,6,355,0.9830985915492958
1352,13,1365,0.9904761904761905
7411,8,7419,0.9989216875589703
2380,36,2416,0.9850993377483444
2892,57,2949,0.9806714140386572
404,23,427,0.9461358313817331
7436,6,7442,0.999193765116904
2347,9,2356,0.9961799660441426
1054,8,1062,0.992467043314501
5105,8,5113,0.9984353608449051
2968,9,2977,0.9969768223043333
1177,19,1196,0.9841137123745819
3538,11,3549,0.9969005353620738
2433,6,2439,0.997539975399754
208,8,216,0.9629629629629629
700,14,714,0.9803921568627451
882,77,959,0.9197080291970803
184,9,193,0.9533678756476683
1041,13,1054,0.9876660341555977
5735,7,5742,0.998780912574016
945,7,952,0.9926470588235294
123,16,139,0.8848920863309353
6594,12,6606,0.9981834695731153
1847,70,1917,0.9634846113719353
945,10,955,0.9895287958115183
2968,9,2977,0.9969768223043333
885,6,891,0.9932659932659933
1000,64,1064,0.9398496240601504
1041,24,1065,0.9774647887323944
1849,6,1855,0.9967654986522911
184,9,193,0.9533678756476683
620,81,701,0.884450784593438
1374,10,1384,0.9927745664739884
2893,19,2912,0.9934752747252747
1843,9,1852,0.9951403887688985
430,18,448,0.9598214285714286
5510,9,5519,0.9983692697952528
485,55,540,0.8981481481481481
186,13,199,0.9346733668341709
2101,10,2111,0.9952629085741355
2989,7,2996,0.9976635514018691
949,6,955,0.993717277486911
1833,13,1846,0.9929577464788732
1197,7,1204,0.9941860465116279
1403,7,1410,0.9950354609929078
895,20,915,0.9781420765027322
1692,30,1722,0.9825783972125436
2968,9,2977,0.9969768223043333
892,42,934,0.9550321199143469
1014,45,1059,0.9575070821529745
131,15,146,0.8972602739726028
985,9,994,0.9909456740442656
1042,13,1055,0.9876777251184834
349,15,364,0.9587912087912088
4232,33,4265,0.9922626025791325
751,20,771,0.9740596627756161
1943,24,1967,0.9877986781901372
2311,12,2323,0.9948342660352992
299,7,306,0.9771241830065359
238,10,248,0.9596774193548387
4102,6,4108,0.998539435248296
7435,46,7481,0.9938510894265472
4056,32,4088,0.9921722113502935
897,12,909,0.9867986798679867
6185,15,6200,0.9975806451612903
2310,30,2340,0.9871794871794872
7434,40,7474,0.9946481134599946
2410,16,2426,0.9934047815333883
6596,26,6622,0.9960736937481124
1402,6,1408,0.9957386363636364
909,19,928,0.9795258620689655
3147,7,3154,0.9977805960684845
237,6,243,0.9753086419753086
1003,13,1016,0.9872047244094488
2169,16,2185,0.9926773455377574
1059,10,1069,0.990645463049579
2571,7,2578,0.9972847168347556
2882,6,2888,0.9979224376731302
3053,9,3062,0.9970607446113651
1701,13,1714,0.9924154025670945
3543,11,3554,0.9969048958919527
899,6,905,0.9933701657458563
1403,6,1409,0.9957416607523066
900,9,909,0.9900990099009901
1261,13,1274,0.9897959183673469
3053,9,3062,0.9970607446113651
1510,11,1521,0.9927679158448389
1056,15,1071,0.9859943977591037
1584,12,1596,0.9924812030075187
6191,11,6202,0.9982263785875524
1852,110,1962,0.9439347604485219
7436,17,7453,0.9977190393130283
2481,7,2488,0.9971864951768489
674,7,681,0.9897209985315712
431,29,460,0.9369565217391305
3493,8,3501,0.9977149385889745
2410,20,2430,0.9917695473251029
1060,28,1088,0.9742647058823529
1700,22,1722,0.9872241579558653
1413,11,1424,0.9922752808988764
900,9,909,0.9900990099009901
542,30,572,0.9475524475524476
67,9,76,0.881578947368421
3148,106,3254,0.9674247080516287
4235,12,4247,0.997174476100777
900,23,923,0.9750812567713976
474,14,488,0.9713114754098361
7436,9,7445,0.9987911349899261
7408,46,7454,0.9938288167426885
1031,53,1084,0.9511070110701108
1731,13,1744,0.992545871559633
111,27,138,0.8043478260869565
979,7,986,0.9929006085192698
2852,7,2859,0.9975515914655474
2386,6,2392,0.9974916387959866
2591,7,2598,0.9973056197074672
5031,9,5040,0.9982142857142857
910,16,926,0.9827213822894169
1968,10,1978,0.9949443882709808
2077,10,2087,0.9952084331576425
7436,14,7450,0.9981208053691275
3632,11,3643,0.996980510568213
1351,6,1357,0.9955784819454679
523,22,545,0.9596330275229358
2590,12,2602,0.9953881629515757
5040,53,5093,0.9895935597879443
4046,6,4052,0.9985192497532083
140,7,147,0.9523809523809523
2572,7,2579,0.9972857696781698
1061,13,1074,0.9878957169459963
276,174,450,0.6133333333333333
6599,81,6680,0.987874251497006
1955,27,1982,0.986377396569122
1846,7,1853,0.9962223421478683
2316,11,2327,0.9952728835410399
2572,37,2609,0.9858183211958604
7265,11,7276,0.9984881803188566
4926,10,4936,0.9979740680713128
302,40,342,0.8830409356725146
1695,20,1715,0.9883381924198251
7436,60,7496,0.9919957310565635
2673,6,2679,0.9977603583426652
2190,155,2345,0.9339019189765458
831,15,846,0.9822695035460993
1007,6,1013,0.9940769990128332
1013,14,1027,0.9863680623174295
1018,6,1024,0.994140625
66,42,108,0.6111111111111112
832,9,841,0.9892984542211652
2410,13,2423,0.9946347503095336
341,6,347,0.9827089337175793
1968,11,1979,0.9944416371905003
4240,71,4311,0.9835305033634888
2228,7,2235,0.9968680089485459
832,14,846,0.983451536643026
342,15,357,0.957983193277311
66,17,83,0.7951807228915663
1778,51,1829,0.9721159103335156
2228,7,2235,0.9968680089485459
2139,13,2152,0.9939591078066915
3760,9,3769,0.9976120986999204
2228,7,2235,0.9968680089485459
1559,6,1565,0.9961661341853035
2494,7,2501,0.9972011195521792
1705,30,1735,0.9827089337175793
2218,103,2321,0.9556225764756571
2554,31,2585,0.9880077369439072
1779,7,1786,0.996080627099664
127,23,150,0.8466666666666667
1738,15,1753,0.9914432401597262
1705,25,1730,0.9855491329479769
1559,9,1568,0.9942602040816326
615,177,792,0.7765151515151515
2136,19,2155,0.9911832946635731
1739,7,1746,0.9959908361970218
135,13,148,0.9121621621621622
902,12,914,0.986870897155361
2099,12,2111,0.9943154902889626
875,82,957,0.9143155694879833
527,42,569,0.9261862917398945
1798,45,1843,0.9755832881172002
570,9,579,0.9844559585492227
342,12,354,0.9661016949152542
67,10,77,0.8701298701298701
620,22,642,0.9657320872274143
675,6,681,0.9911894273127754
2488,10,2498,0.9959967974379503
4756,9,4765,0.9981112277019937
1960,74,2034,0.9636184857423795
675,16,691,0.9768451519536903
1262,7,1269,0.9944838455476753
4928,11,4939,0.9977728285077951
2319,157,2476,0.9365912762520194
7435,11,7446,0.9985226967499329
1513,6,1519,0.9960500329163924
1385,19,1404,0.9864672364672364
1263,9,1272,0.9929245283018868
68,9,77,0.8831168831168831
1021,62,1083,0.9427516158818098
2556,11,2567,0.995714842228282
2230,6,2236,0.9973166368515206
7435,17,7452,0.9977187332259796
2487,6,2493,0.9975932611311673
276,10,286,0.965034965034965
2559,12,2571,0.9953325554259043
6556,23,6579,0.9965040279677763
152,6,158,0.9620253164556962
1743,24,1767,0.9864176570458404
2164,6,2170,0.9972350230414746
1705,76,1781,0.9573273441886581
142,30,172,0.8255813953488372
125,14,139,0.8992805755395683
571,8,579,0.9861830742659758
1622,9,1631,0.9944819129368485
903,416,1319,0.6846095526914329
2559,23,2582,0.9910921766072812
2044,16,2060,0.9922330097087378
877,76,953,0.9202518363064008
2317,19,2336,0.9918664383561644
1111,6,1117,0.9946284691136974
887,9,896,0.9899553571428571
1237,10,1247,0.991980753809142
1263,26,1289,0.9798293250581847
2163,14,2177,0.9935691318327974
2484,16,2500,0.9936
2314,112,2426,0.953833470733718
1673,11,1684,0.9934679334916865
4114,6,4120,0.9985436893203884
2314,23,2337,0.9901583226358579
279,9,288,0.96875
2512,6,2518,0.9976171564733916
530,130,660,0.803030303030303
3781,14,3795,0.9963109354413702
621,10,631,0.9841521394611727
1512,7,1519,0.9953917050691244
4682,11,4693,0.9976560835286598
1053,20,1073,0.9813606710158435
1187,8,1195,0.9933054393305439
1264,9,1273,0.992930086410055
877,12,889,0.9865016872890888
1508,11,1519,0.9927583936800527
2750,19,2769,0.9931383170819791
475,23,498,0.9538152610441767
1265,8,1273,0.9937156323644933
2493,51,2544,0.9799528301886793
2316,28,2344,0.9880546075085325
7418,6,7424,0.9991918103448276
1386,40,1426,0.9719495091164095
1919,17,1936,0.9912190082644629
89,18,107,0.8317757009345794
6108,16,6124,0.9973873285434357
1566,97,1663,0.94167167769092
622,28,650,0.9569230769230769
205,6,211,0.9715639810426541
1001,16,1017,0.984267453294002
622,16,638,0.9749216300940439
1054,11,1065,0.9896713615023475
5177,11,5188,0.9978797224363917
700,8,708,0.9887005649717514
3689,27,3716,0.9927341227125942
2315,10,2325,0.9956989247311828
530,19,549,0.9653916211293261
1566,70,1636,0.9572127139364304
2983,20,3003,0.9933399933399933
7435,6,7441,0.9991936567665637
1051,9,1060,0.9915094339622641
1428,13,1441,0.9909784871616932
2513,6,2519,0.9976181024215959
4434,8,4442,0.9981990094552003
122,19,141,0.8652482269503546
187,15,202,0.9257425742574258
1267,8,1275,0.9937254901960785
2982,19,3001,0.9936687770743086
475,176,651,0.7296466973886329
1546,8,1554,0.9948519948519948
1566,28,1594,0.9824341279799247
1783,8,1791,0.9955332216638749
3782,8,3790,0.9978891820580474
1385,14,1399,0.9899928520371694
130,18,148,0.8783783783783784
2169,58,2227,0.9739559946115851
528,26,554,0.9530685920577617
1672,7,1679,0.9958308516974389
911,16,927,0.982740021574973
4121,8,4129,0.998062484863163
7436,405,7841,0.9483484249457977
2135,11,2146,0.9948741845293569
7422,21,7443,0.9971785570334543
622,35,657,0.9467275494672754
1267,17,1284,0.9867601246105919
4107,6,4113,0.9985412107950401
1672,10,1682,0.9940546967895363
550,15,565,0.9734513274336283
3165,23,3188,0.9927854454203262
894,11,905,0.9878453038674033
534,58,592,0.902027027027027
532,52,584,0.910958904109589
625,53,678,0.9218289085545722
1385,32,1417,0.9774170783345095
1441,6,1447,0.9958534899792675
579,9,588,0.9846938775510204
3004,32,3036,0.9894598155467721
1097,12,1109,0.9891794409377818
2317,21,2338,0.9910179640718563
3314,59,3373,0.9825081529795434
1800,10,1810,0.994475138121547
615,16,631,0.9746434231378764
4771,11,4782,0.9976997072354663
143,11,154,0.9285714285714286
4022,12,4034,0.9970252850768468
2317,7,2324,0.9969879518072289
887,10,897,0.9888517279821628
887,16,903,0.982281284606866
854,60,914,0.9343544857768052
1867,20,1887,0.9894011658717541
996,8,1004,0.9920318725099602
152,6,158,0.9620253164556962
1800,7,1807,0.9961261759822911
2936,17,2953,0.9942431425668812
2331,136,2467,0.9448723145520875
3695,19,3714,0.9948842218632202
1162,28,1190,0.9764705882352941
1111,12,1123,0.9893143365983972
2220,8,2228,0.9964093357271095
997,6,1003,0.9940179461615155
962,34,996,0.9658634538152611
2222,15,2237,0.9932945909700491
2332,37,2369,0.984381595609962
2322,28,2350,0.9880851063829788
2316,8,2324,0.9965576592082617
2990,16,3006,0.9946773120425815
1674,14,1688,0.9917061611374408
278,46,324,0.8580246913580247
132,17,149,0.8859060402684564
997,41,1038,0.9605009633911368
578,9,587,0.9846678023850085
1021,15,1036,0.9855212355212355
4243,7,4250,0.9983529411764706
4995,14,5009,0.9972050309443002
2766,13,2779,0.9953220582943505
2511,12,2523,0.995243757431629
6097,129,6226,0.97928043687761
997,16,1013,0.9842053307008884
748,9,757,0.988110964332893
1745,9,1754,0.9948688711516533
2322,120,2442,0.9508599508599509
997,22,1019,0.9784102060843964
22,52,74,0.2972972972972973
1016,89,1105,0.9194570135746606
2322,27,2349,0.9885057471264368
4682,22,4704,0.9953231292517006
4133,39,4172,0.9906519654841802
3651,58,3709,0.9843623618225937
1890,9,1899,0.995260663507109
4994,20,5014,0.9960111687275628
156,57,213,0.7323943661971831
3033,9,3042,0.9970414201183432
4592,30,4622,0.9935093033318909
186,11,197,0.9441624365482234
1755,9,1764,0.9948979591836735
1915,90,2005,0.9551122194513716
748,12,760,0.9842105263157894
586,19,605,0.968595041322314
750,7,757,0.9907529722589168
6559,16,6575,0.9975665399239544
1387,84,1471,0.9428959891230455
7436,6,7442,0.999193765116904
1506,79,1585,0.9501577287066246
1728,43,1771,0.9757199322416714
535,18,553,0.9674502712477396
218,21,239,0.9121338912133892
2283,9,2292,0.9960732984293194
550,7,557,0.9874326750448833
7436,12,7448,0.9983888292158969
92,19,111,0.8288288288288288
6560,12,6572,0.9981740718198417
3788,13,3801,0.9965798474085766
1444,14,1458,0.99039780521262
1813,9,1822,0.9950603732162459
536,76,612,0.8758169934640523
1079,16,1095,0.9853881278538813
6561,17,6578,0.9974156278504105
1504,20,1524,0.9868766404199475
636,14,650,0.9784615384615385
3026,84,3110,0.9729903536977492
219,6,225,0.9733333333333334
1079,6,1085,0.9944700460829493
536,10,546,0.9816849816849816
3758,6,3764,0.9984059511158342
1079,16,1095,0.9853881278538813
536,18,554,0.9675090252707581
637,14,651,0.978494623655914
1763,6,1769,0.996608253250424
1377,28,1405,0.9800711743772242
3758,6,3764,0.9984059511158342
189,12,201,0.9402985074626866
7435,13,7448,0.9982545649838883
547,11,558,0.9802867383512545
1652,10,1662,0.9939831528279182
1815,52,1867,0.9721478307445099
3757,6,3763,0.9984055275046505
6357,6,6363,0.9990570485619991
753,7,760,0.9907894736842106
538,11,549,0.9799635701275046
95,9,104,0.9134615384615384
1445,13,1458,0.9910836762688614
7009,10,7019,0.9985752956261575
64,12,76,0.8421052631578947
638,19,657,0.9710806697108066
1506,169,1675,0.8991044776119403
958,162,1120,0.8553571428571428
65,10,75,0.8666666666666667
7435,16,7451,0.997852637229902
231,7,238,0.9705882352941176
1508,61,1569,0.9611217335882728
3227,34,3261,0.989573750383318
2316,8,2324,0.9965576592082617
1816,72,1888,0.961864406779661
1378,6,1384,0.9956647398843931
232,6,238,0.9747899159663865
924,13,937,0.9861259338313767
6190,225,6415,0.9649259547934529
4593,7,4600,0.9984782608695653
7435,17,7452,0.9977187332259796
639,37,676,0.9452662721893491
2512,6,2518,0.9976171564733916
960,8,968,0.9917355371900827
4084,12,4096,0.9970703125
7435,12,7447,0.9983886128642406
3553,10,3563,0.997193376368229
7010,11,7021,0.9984332716137302
1511,184,1695,0.8914454277286136
640,28,668,0.9580838323353293
4135,895,5030,0.8220675944333996
149,9,158,0.9430379746835443
1669,9,1678,0.9946364719904648
1669,23,1692,0.9864066193853428
940,10,950,0.9894736842105263
2321,19,2340,0.9918803418803419
1570,6,1576,0.9961928934010152
1352,11,1363,0.991929567131328
1290,8,1298,0.9938366718027735
1781,25,1806,0.9861572535991141
1380,14,1394,0.9899569583931134
1506,6,1512,0.996031746031746
1816,43,1859,0.9768692845615923
539,37,576,0.9357638888888888
104,7,111,0.9369369369369369
192,7,199,0.964824120603015
1292,11,1303,0.9915579432079816
1818,7,1825,0.9961643835616438
4366,9,4375,0.9979428571428571
193,11,204,0.946078431372549
19,6,25,0.76
229,9,238,0.9621848739495799
1817,6,1823,0.9967087218869994
107,15,122,0.8770491803278688
2711,82,2793,0.9706408879341211
1147,12,1159,0.9896462467644521
1090,6,1096,0.9945255474452555
278,22,300,0.9266666666666666
16,76,92,0.17391304347826086
1952,8,1960,0.9959183673469387
3344,16,3360,0.9952380952380953
5520,10,5530,0.9981916817359855
842,14,856,0.9836448598130841
842,103,945,0.891005291005291
3347,15,3362,0.9955383700178465
1338,49,1387,0.9646719538572458
188,6,194,0.9690721649484536
1053,69,1122,0.9385026737967914
1217,13,1230,0.989430894308943
737,35,772,0.9546632124352331
2888,11,2899,0.9962055881338393
6169,6,6175,0.9990283400809716
842,31,873,0.9644902634593356
2919,9,2928,0.9969262295081968
2638,16,2654,0.9939713639788997
188,13,201,0.9353233830845771
210,15,225,0.9333333333333333
1342,120,1462,0.9179206566347469
1278,172,1450,0.8813793103448276
6166,12,6178,0.9980576238264811
2087,15,2102,0.9928639391056137
368,11,379,0.9709762532981531
5690,10,5700,0.9982456140350877
842,84,926,0.9092872570194385
1153,37,1190,0.9689075630252101
189,15,204,0.9264705882352942
1219,11,1230,0.9910569105691057
788,11,799,0.986232790988736
2889,32,2921,0.9890448476549127
1342,106,1448,0.9267955801104972
1221,13,1234,0.9894651539708266
1155,6,1161,0.9948320413436692
1697,100,1797,0.9443516972732332
2290,10,2300,0.9956521739130435
1697,13,1710,0.9923976608187135
189,17,206,0.9174757281553398
4653,10,4663,0.9978554578597469
844,109,953,0.8856243441762854
1196,18,1214,0.985172981878089
287,7,294,0.9761904761904762
2920,18,2938,0.9938733832539143
190,32,222,0.8558558558558559
288,26,314,0.9171974522292994
844,112,956,0.8828451882845189
5691,14,5705,0.9975460122699387
2932,10,2942,0.9966009517335146
2437,9,2446,0.9963205233033524
192,7,199,0.964824120603015
2085,11,2096,0.9947519083969466
372,12,384,0.96875
2928,10,2938,0.9965963240299524
1662,16,1678,0.9904648390941597
6178,25,6203,0.9959696920844753
54,40,94,0.574468085106383
2290,10,2300,0.9956521739130435
1343,10,1353,0.9926090169992609
373,9,382,0.9764397905759162
7436,10,7446,0.9986569970453935
1082,9,1091,0.9917506874427131
193,13,206,0.9368932038834952
81,15,96,0.84375
1065,18,1083,0.9833795013850416
2928,11,2939,0.9962572303504593
291,21,312,0.9326923076923077
1342,57,1399,0.9592566118656183
288,10,298,0.9664429530201343
1908,14,1922,0.9927159209157128
291,6,297,0.9797979797979798
1744,9,1753,0.9948659440958357
1342,10,1352,0.992603550295858
2612,290,2902,0.9000689179875948
1187,10,1197,0.9916457811194653
79,73,152,0.5197368421052632
1342,22,1364,0.9838709677419355
2892,9,2901,0.9968976215098242
292,22,314,0.9299363057324841
2088,16,2104,0.9923954372623575
1465,10,1475,0.9932203389830508
2324,6,2330,0.9974248927038627
6082,12,6094,0.9980308500164096
2357,8,2365,0.9966173361522199
4195,12,4207,0.9971476111243166
682,16,698,0.9770773638968482
2920,8,2928,0.9972677595628415
172,11,183,0.9398907103825137
640,14,654,0.9785932721712538
1065,10,1075,0.9906976744186047
682,8,690,0.9884057971014493
800,20,820,0.975609756097561
3083,13,3096,0.9958010335917312
2672,8,2680,0.9970149253731343
2089,11,2100,0.9947619047619047
2505,75,2580,0.9709302325581395
2356,10,2366,0.9957734573119188
682,8,690,0.9884057971014493
3083,13,3096,0.9958010335917312
2187,20,2207,0.9909379247847757
643,6,649,0.9907550077041603
403,18,421,0.9572446555819477
682,13,695,0.981294964028777
2951,11,2962,0.9962862930452397
798,39,837,0.953405017921147
3088,9,3097,0.9970939618986115
2921,24,2945,0.9918505942275042
1064,10,1074,0.9906890130353817
2338,12,2350,0.9948936170212765
2357,13,2370,0.9945147679324895
2087,7,2094,0.9966571155682904
685,11,696,0.9841954022988506
230,76,306,0.7516339869281046
4512,9,4521,0.9980092899800929
236,7,243,0.9711934156378601
3216,9,3225,0.9972093023255814
684,9,693,0.987012987012987
3089,13,3102,0.9958091553836235
713,11,724,0.9848066298342542
1064,10,1074,0.9906890130353817
2340,10,2350,0.9957446808510638
539,11,550,0.98
37,7,44,0.8409090909090909
713,13,726,0.9820936639118457
404,27,431,0.9373549883990719
2341,7,2348,0.9970187393526405
2417,16,2433,0.9934237566789971
231,42,273,0.8461538461538461
2952,10,2962,0.9966239027683997
3219,6,3225,0.998139534883721
418,6,424,0.9858490566037735
2434,7,2441,0.997132322818517
1983,27,2010,0.9865671641791045
6081,11,6092,0.9981943532501641
944,24,968,0.9752066115702479
2952,26,2978,0.9912693082605776
3222,7,3229,0.9978321461752865
2434,7,2441,0.997132322818517
3140,13,3153,0.9958769425943546
2343,10,2353,0.9957501062473438
2432,34,2466,0.986212489862125
2087,14,2101,0.9933365064255116
1599,9,1608,0.9944029850746269
2087,12,2099,0.9942829919009052
661,14,675,0.9792592592592593
2191,7,2198,0.9968152866242038
6191,7,6198,0.9988706034204582
2417,9,2426,0.9962901896125309
6083,9,6092,0.9985226526592252
935,45,980,0.9540816326530612
1183,13,1196,0.9891304347826086
3105,9,3114,0.9971098265895953
1683,9,1692,0.9946808510638298
3219,21,3240,0.9935185185185185
2087,7,2094,0.9966571155682904
3839,48,3887,0.9876511448417803
5536,39,5575,0.9930044843049327
228,29,257,0.8871595330739299
4017,14,4031,0.9965269163979161
229,28,257,0.8910505836575876
2417,9,2426,0.9962901896125309
1227,15,1242,0.9879227053140096
1736,9,1745,0.9948424068767908
1861,18,1879,0.9904204364023417
3560,14,3574,0.996082820369334
1764,57,1821,0.9686985172981878
1789,9,1798,0.9949944382647385
2194,13,2207,0.9941096511101042
3307,50,3357,0.9851057491808162
2454,8,2462,0.9967506092607636
2086,7,2093,0.9966555183946488
7436,12,7448,0.9983888292158969
303,13,316,0.9588607594936709
820,274,1094,0.7495429616087751
1864,190,2054,0.9074975657254138
2417,9,2426,0.9962901896125309
1739,46,1785,0.9742296918767507
772,9,781,0.9884763124199744
3841,6,3847,0.9984403431245126
1033,6,1039,0.9942252165543792
1738,9,1747,0.994848311390956
3054,14,3068,0.9954367666232073
2454,8,2462,0.9967506092607636
2150,19,2169,0.9912402028584602
2687,13,2700,0.9951851851851852
1690,58,1748,0.9668192219679634
101,9,110,0.9181818181818182
772,7,779,0.9910141206675225
3220,52,3272,0.9841075794621027
2086,7,2093,0.9966555183946488
2037,9,2046,0.9956011730205279
718,8,726,0.9889807162534435
1967,361,2328,0.8449312714776632
772,9,781,0.9884763124199744
1791,8,1799,0.9955530850472485
2980,7,2987,0.9976565115500502
2975,6,2981,0.9979872525997987
2358,8,2366,0.9966187658495351
2445,14,2459,0.9943066287108581
2687,13,2700,0.9951851851851852
189,9,198,0.9545454545454546
2980,7,2987,0.9976565115500502
1206,14,1220,0.9885245901639345
4019,6,4025,0.9985093167701863
2357,7,2364,0.9970389170896785
2548,9,2557,0.9964802502933124
1379,126,1505,0.9162790697674419
398,10,408,0.9754901960784313
1241,19,1260,0.984920634920635
5591,37,5628,0.9934257285003554
1865,12,1877,0.9936068193926478
2385,23,2408,0.9904485049833887
1740,14,1754,0.992018244013683
950,22,972,0.977366255144033
2345,13,2358,0.9944868532654793
2687,23,2710,0.9915129151291513
1865,14,1879,0.9925492283129325
1693,6,1699,0.9964685108887581
2039,7,2046,0.9965786901270772
1740,7,1747,0.9959931310818546
2603,6,2609,0.9977002683020314
2087,13,2100,0.9938095238095238
2361,8,2369,0.9966230476994512
1473,10,1483,0.9932569116655429
688,28,716,0.9608938547486033
992,12,1004,0.9880478087649402
4420,20,4440,0.9954954954954955
840,16,856,0.9813084112149533
719,10,729,0.9862825788751715
1986,6,1992,0.9969879518072289
2088,13,2101,0.9938124702522608
2563,6,2569,0.9976644608797197
2687,54,2741,0.9802991608901861
104,76,180,0.5777777777777777
1064,10,1074,0.9906890130353817
244,16,260,0.9384615384615385
1792,6,1798,0.996662958843159
15,21,36,0.4166666666666667
228,11,239,0.9539748953974896
720,8,728,0.989010989010989
1105,25,1130,0.9778761061946902
1609,15,1624,0.9907635467980296
132,37,169,0.7810650887573964
244,6,250,0.976
2689,13,2702,0.9951887490747594
103,74,177,0.5819209039548022
4820,39,4859,0.991973657131097
1834,25,1859,0.9865519096288327
1793,10,1803,0.9944536882972823
2189,9,2198,0.9959053685168335
941,9,950,0.9905263157894737
189,109,298,0.6342281879194631
720,9,729,0.9876543209876543
2363,6,2369,0.9974672857745884
1697,11,1708,0.9935597189695551
690,17,707,0.9759547383309759
2091,10,2101,0.9952403617325083
106,7,113,0.9380530973451328
492,8,500,0.984
692,11,703,0.984352773826458
2418,27,2445,0.9889570552147239
992,25,1017,0.9754178957718781
1108,6,1114,0.9946140035906643
250,15,265,0.9433962264150944
2924,7,2931,0.997611736608666
3712,12,3724,0.9967776584317938
944,20,964,0.979253112033195
800,15,815,0.9815950920245399
693,13,706,0.9815864022662889
1742,12,1754,0.9931584948688712
1675,20,1695,0.9882005899705014
106,7,113,0.9380530973451328
1688,10,1698,0.9941107184923439
3224,45,3269,0.9862343224227592
1295,10,1305,0.9923371647509579
694,18,712,0.9747191011235955
3380,29,3409,0.9914931064828395
1742,9,1751,0.9948600799543118
1934,15,1949,0.9923037455105183
1181,9,1190,0.992436974789916
2389,15,2404,0.9937603993344426
694,13,707,0.9816124469589816
3909,928,4837,0.8081455447591482
172,15,187,0.9197860962566845
994,19,1013,0.981243830207305
7428,13,7441,0.9982529229942212
4207,14,4221,0.9966832504145937
1183,9,1192,0.9924496644295302
7428,7,7435,0.999058507061197
1743,10,1753,0.9942954934398175
2195,6,2201,0.9972739663789186
4209,7,4216,0.9983396584440227
2947,7,2954,0.9976303317535545
245,77,322,0.7608695652173914
360,9,369,0.975609756097561
1679,6,1685,0.9964391691394658
1002,9,1011,0.9910979228486647
2673,18,2691,0.9933110367892977
1185,14,1199,0.9883236030025021
1062,10,1072,0.9906716417910447
1679,9,1688,0.9946682464454977
952,10,962,0.9896049896049897
7423,17,7440,0.9977150537634408
699,11,710,0.9845070422535211
3380,9,3389,0.9973443493655946
50,9,59,0.847457627118644
1060,10,1070,0.9906542056074766
699,6,705,0.9914893617021276
953,17,970,0.9824742268041237
699,15,714,0.9789915966386554
469,7,476,0.9852941176470589
2539,16,2555,0.9937377690802348
50,9,59,0.847457627118644
699,25,724,0.9654696132596685
539,15,554,0.9729241877256317
3227,45,3272,0.9862469437652812
1060,9,1069,0.9915809167446211
3058,246,3304,0.9255447941888619
369,43,412,0.8956310679611651
616,134,750,0.8213333333333334
799,9,808,0.9888613861386139
227,6,233,0.9742489270386266
2398,11,2409,0.9954337899543378
235,8,243,0.9670781893004116
2951,11,2962,0.9962862930452397
799,11,810,0.9864197530864197
698,25,723,0.9654218533886584
2539,10,2549,0.9960768928991761
1942,45,1987,0.9773527931555108
3384,9,3393,0.9973474801061007
1229,18,1247,0.9855653568564555
2399,24,2423,0.9900949236483698
3647,94,3741,0.9748730286019781
368,32,400,0.92
1231,15,1246,0.9879614767255217
1554,46,1600,0.97125
1725,9,1734,0.9948096885813149
109,19,128,0.8515625
2674,6,2680,0.9977611940298508
237,42,279,0.8494623655913979
233,6,239,0.9748953974895398
1060,10,1070,0.9906542056074766
238,6,244,0.9754098360655737
1185,19,1204,0.9842192691029901
2718,8,2726,0.9970652971386648
2402,14,2416,0.9942052980132451
1030,10,1040,0.9903846153846154
1060,10,1070,0.9906542056074766
1235,15,1250,0.988
370,131,501,0.7385229540918163
2399,15,2414,0.9937862468931234
2270,6,2276,0.9973637961335676
7435,9,7444,0.9987909725953789
1338,8,1346,0.9940564635958395
1855,15,1870,0.9919786096256684
3598,13,3611,0.9963998892273609
1178,27,1205,0.9775933609958506
572,9,581,0.9845094664371773
51,8,59,0.864406779661017
4181,19,4200,0.9954761904761905
147,12,159,0.9245283018867925
1749,11,1760,0.99375
1339,10,1349,0.9925871015567087
574,7,581,0.9879518072289156
3601,42,3643,0.9884710403513588
2001,13,2014,0.993545183714002
1336,12,1348,0.9910979228486647
3600,13,3613,0.996401882092444
5459,79,5538,0.9857349223546407
51,10,61,0.8360655737704918
1590,24,1614,0.9851301115241635
1337,22,1359,0.9838116261957321
1704,9,1713,0.9947460595446584
1601,59,1660,0.9644578313253012
6143,6,6149,0.9990242315823711
4314,12,4326,0.9972260748959778
199,6,205,0.9707317073170731
6191,19,6210,0.9969404186795491
56,8,64,0.875
156,13,169,0.9230769230769231
3602,22,3624,0.9939293598233996
56,9,65,0.8615384615384616
56,12,68,0.8235294117647058
851,7,858,0.9918414918414918
3604,16,3620,0.9955801104972376
6189,16,6205,0.9974214343271555
6542,9,6551,0.9986261639444359
573,6,579,0.9896373056994818
57,9,66,0.8636363636363636
1179,31,1210,0.9743801652892562
1349,9,1358,0.9933726067746687
2003,10,2013,0.9950322901142573
157,12,169,0.9289940828402367
2375,16,2391,0.9933082392304475
1225,29,1254,0.9768740031897927
3866,31,3897,0.9920451629458558
7435,60,7495,0.9919946631087392
851,10,861,0.9883855981416957
248,16,264,0.9393939393939394
574,6,580,0.9896551724137931
1092,19,1111,0.9828982898289829
852,11,863,0.9872537659327926
250,8,258,0.9689922480620154
3866,81,3947,0.9794780846212313
229,13,242,0.9462809917355371
1091,14,1105,0.9873303167420815
1179,22,1201,0.9816819317235637
2339,104,2443,0.9574293900941465
852,9,861,0.9895470383275261
238,19,257,0.9260700389105059
1735,49,1784,0.9725336322869955
7436,27,7463,0.9963821519496181
228,14,242,0.9421487603305785
7436,20,7456,0.9973175965665236
852,10,862,0.988399071925754
2006,18,2024,0.991106719367589
1092,25,1117,0.9776186213070726
1177,16,1193,0.9865884325230512
6192,12,6204,0.9980657640232108
1459,18,1477,0.987813134732566
852,8,860,0.9906976744186047
1349,12,1361,0.991182953710507
3606,220,3826,0.9424986931521171
240,6,246,0.975609756097561
3539,20,3559,0.9943804439449283
7289,13,7302,0.998219665844974
2009,11,2020,0.9945544554455445
3542,9,3551,0.9974655026753028
1417,40,1457,0.9725463280713795
6149,6,6155,0.999025182778229
851,12,863,0.9860950173812283
6193,10,6203,0.9983878768337902
1092,15,1107,0.986449864498645
564,20,584,0.9657534246575342
7294,6,7300,0.9991780821917808
5459,147,5606,0.9737780948983232
3136,14,3150,0.9955555555555555
3540,6,3546,0.9983079526226735
840,19,859,0.9778812572759022
238,8,246,0.967479674796748
1179,36,1215,0.9703703703703703
1460,17,1477,0.988490182802979
6193,8,6201,0.9987098855023383
1225,14,1239,0.9887005649717514
1349,12,1361,0.991182953710507
65,14,79,0.8227848101265823
7436,24,7460,0.9967828418230563
3139,14,3153,0.9955597843323819
6194,10,6204,0.998388136686009
1036,18,1054,0.9829222011385199
3607,109,3716,0.9706673842841765
68,6,74,0.918918918918919
2715,8,2723,0.9970620639001102
2037,12,2049,0.9941434846266471
846,9,855,0.9894736842105263
3540,28,3568,0.992152466367713
7436,41,7477,0.9945165173197806
74,18,92,0.8043478260869565
2718,11,2729,0.9959692194943203
3540,27,3567,0.992430613961312
5460,19,5479,0.9965322139076473
2791,24,2815,0.9914742451154529
1815,7,1822,0.9961580680570802
2037,16,2053,0.9922065270336093
74,39,113,0.6548672566371682
5460,39,5499,0.9929078014184397
69,10,79,0.8734177215189873
298,61,359,0.83008356545961
1349,19,1368,0.9861111111111112
814,34,848,0.9599056603773585
5899,14,5913,0.9976323355318789
1032,48,1080,0.9555555555555556
2484,12,2496,0.9951923076923077
70,9,79,0.8860759493670886
7435,41,7476,0.9945157838416265
2720,7,2727,0.9974330766409975
75,17,92,0.8152173913043478
84,49,133,0.631578947368421
1819,10,1829,0.9945325314379442
1038,35,1073,0.967381174277726
2037,12,2049,0.9941434846266471
246,9,255,0.9647058823529412
76,35,111,0.6846846846846847
84,19,103,0.8155339805825242
5462,19,5481,0.9965334792921
244,10,254,0.9606299212598425
1711,9,1720,0.9947674418604651
2721,10,2731,0.9963383376052728
1605,9,1614,0.9944237918215614
7436,28,7464,0.9962486602357985
7302,22,7324,0.996996176952485
7436,10,7446,0.9986569970453935
7433,13,7446,0.9982540961590115
88,20,108,0.8148148148148148
68,13,81,0.8395061728395061
77,14,91,0.8461538461538461
1036,9,1045,0.9913875598086125
89,8,97,0.9175257731958762
825,31,856,0.9637850467289719
7436,12,7448,0.9983888292158969
7436,17,7453,0.9977190393130283
90,14,104,0.8653846153846154
3081,74,3155,0.9765451664025356
2610,82,2692,0.9695393759286776
1383,14,1397,0.9899785254115963
7436,22,7458,0.9970501474926253
1037,15,1052,0.9857414448669202
3862,6,3868,0.9984488107549121
2227,12,2239,0.9946404644930773
829,7,836,0.9916267942583732
90,6,96,0.9375
76,46,122,0.6229508196721312
1717,28,1745,0.9839541547277937
5457,103,5560,0.9814748201438849
1911,15,1926,0.9922118380062306
249,16,265,0.939622641509434
2039,13,2052,0.9936647173489279
1207,14,1221,0.9885339885339886
71,11,82,0.8658536585365854
89,6,95,0.9368421052631579
829,8,837,0.9904420549581839
1038,19,1057,0.9820245979186376
3569,6,3575,0.9983216783216783
90,8,98,0.9183673469387755
78,9,87,0.896551724137931
885,25,910,0.9725274725274725
5462,46,5508,0.9916485112563544
3193,21,3214,0.9934660858743
351,148,499,0.7034068136272545
7437,34,7471,0.9954490697363138
5461,9,5470,0.9983546617915905
305,10,315,0.9682539682539683
89,14,103,0.8640776699029126
76,26,102,0.7450980392156863
3193,6,3199,0.9981244138793373
1465,22,1487,0.9852051109616677
1037,7,1044,0.9932950191570882
2086,9,2095,0.9957040572792363
6284,37,6321,0.9941464958076254
1909,10,1919,0.9947889525794684
1741,9,1750,0.9948571428571429
88,20,108,0.8148148148148148
1211,10,1221,0.9918099918099919
1465,10,1475,0.9932203389830508
886,70,956,0.9267782426778243
5756,15,5771,0.9974007970888927
1582,25,1607,0.984443061605476
306,8,314,0.9745222929936306
3593,7,3600,0.9980555555555556
1211,10,1221,0.9918099918099919
1910,10,1920,0.9947916666666666
1382,7,1389,0.9949604031677466
1745,16,1761,0.9909142532651902
5461,43,5504,0.9921875
308,9,317,0.9716088328075709
68,8,76,0.8947368421052632
5898,10,5908,0.9983073798239676
1383,11,1394,0.9921090387374462
1474,21,1495,0.9859531772575251
81,13,94,0.8617021276595744
2622,6,2628,0.997716894977169
7434,14,7448,0.9981203007518797
1911,9,1920,0.9953125
81,9,90,0.9
68,7,75,0.9066666666666666
7437,34,7471,0.9954490697363138
2478,6,2484,0.9975845410628019
1585,17,1602,0.9893882646691635
3653,17,3670,0.9953678474114441
7434,11,7445,0.9985224983210208
1338,8,1346,0.9940564635958395
1385,13,1398,0.9907010014306151
3614,8,3622,0.9977912755383765
3195,89,3284,0.9728989037758831
1338,8,1346,0.9940564635958395
7434,12,7446,0.9983883964544722
84,10,94,0.8936170212765957
6287,37,6324,0.9941492726122707
219,66,285,0.7684210526315789
3615,8,3623,0.9977918851780293
3195,45,3240,0.9861111111111112
282,8,290,0.9724137931034482
2065,108,2173,0.9502991256327658
1601,59,1660,0.9644578313253012
220,27,247,0.8906882591093117
241,10,251,0.9601593625498008
1592,12,1604,0.9925187032418953
543,6,549,0.9890710382513661
221,14,235,0.9404255319148936
1052,14,1066,0.9868667917448405
309,10,319,0.9686520376175548
7436,35,7471,0.9953152188462053
220,15,235,0.9361702127659575
3196,11,3207,0.996570003118179
4437,7,4444,0.9984248424842485
86,13,99,0.8686868686868687
63,9,72,0.875
310,7,317,0.9779179810725552
5461,109,5570,0.9804308797127469
283,28,311,0.909967845659164
63,6,69,0.9130434782608695
3197,8,3205,0.9975039001560062
370,23,393,0.9414758269720102
220,46,266,0.8270676691729323
2471,13,2484,0.9947665056360708
241,17,258,0.9341085271317829
1774,7,1781,0.99606962380685
3198,13,3211,0.9959514170040485
65,11,76,0.8552631578947368
372,17,389,0.9562982005141388
310,15,325,0.9538461538461539
1621,32,1653,0.9806412583182094
1117,11,1128,0.9902482269503546
50,10,60,0.8333333333333334
3198,10,3208,0.9968827930174564
7418,94,7512,0.9874866879659212
1726,8,1734,0.9953863898500577
50,10,60,0.8333333333333334
7436,24,7460,0.9967828418230563
1039,7,1046,0.9933078393881453
1774,10,1784,0.9943946188340808
380,21,401,0.9476309226932669
7434,8,7442,0.998925020155872
311,10,321,0.9688473520249221
7435,39,7474,0.9947819106234947
1727,23,1750,0.9868571428571429
1117,33,1150,0.971304347826087
1040,6,1046,0.994263862332696
62,21,83,0.7469879518072289
227,53,280,0.8107142857142857
6,12,18,0.3333333333333333
7421,7,7428,0.999057619816909
50,10,60,0.8333333333333334
7,18,25,0.28
3200,7,3207,0.9978172747115684
1045,14,1059,0.9867799811142587
65,17,82,0.7926829268292683
395,25,420,0.9404761904761905
1617,632,2249,0.7189862160960427
7434,22,7456,0.9970493562231759
10,8,18,0.5555555555555556
133,9,142,0.9366197183098591
10,8,18,0.5555555555555556
1623,25,1648,0.9848300970873787
1040,11,1051,0.9895337773549001
1346,48,1394,0.9655667144906743
44,14,58,0.7586206896551724
1644,21,1665,0.9873873873873874
785,17,802,0.9788029925187033
1524,6,1530,0.996078431372549
2592,26,2618,0.9900687547746372
241,17,258,0.9341085271317829
3319,69,3388,0.9796340023612751
3121,7,3128,0.9977621483375959
93,17,110,0.8454545454545455
2691,14,2705,0.9948243992606285
59,7,66,0.8939393939393939
1073,6,1079,0.9944392956441149
3543,8,3551,0.997747113489158
786,7,793,0.9911727616645649
538,9,547,0.9835466179159049
96,6,102,0.9411764705882353
1645,19,1664,0.9885817307692307
6541,14,6555,0.997864225781846
539,11,550,0.98
2056,10,2066,0.995159728944821
786,14,800,0.9825
4397,6,4403,0.9986372927549398
573,33,606,0.9455445544554455
3052,7,3059,0.9977116704805492
3181,10,3191,0.9968661861485427
1166,6,1172,0.9948805460750854
6542,15,6557,0.9977123684611865
108,11,119,0.907563025210084
835,301,1136,0.7350352112676056
1453,73,1526,0.9521625163826999
1704,84,1788,0.9530201342281879
1648,13,1661,0.9921733895243829
45,13,58,0.7758620689655172
251,17,268,0.9365671641791045
6542,11,6553,0.9983213795208301
1680,31,1711,0.9818819403857393
1411,8,1419,0.9943622269203665
100,32,132,0.7575757575757576
1897,13,1910,0.993193717277487
701,7,708,0.9901129943502824
3075,8,3083,0.9974051248783652
1707,8,1715,0.99533527696793
108,9,117,0.9230769230769231
55,7,62,0.8870967741935484
4504,192,4696,0.959114139693356
1682,6,1688,0.9964454976303317
251,25,276,0.9094202898550725
1084,9,1093,0.9917657822506862
2377,6,2383,0.9974821653378095
3324,9,3333,0.9972997299729973
5866,13,5879,0.9977887395815614
735,21,756,0.9722222222222222
702,27,729,0.9629629629629629
695,6,701,0.9914407988587732
1323,10,1333,0.9924981245311327
93,9,102,0.9117647058823529
3009,7,3016,0.9976790450928382
548,19,567,0.9664902998236331
2039,9,2048,0.99560546875
1806,12,1818,0.9933993399339934
696,6,702,0.9914529914529915
555,15,570,0.9736842105263158
7436,11,7447,0.9985228951255539
2775,15,2790,0.9946236559139785
175,13,188,0.9308510638297872
1060,9,1069,0.9915809167446211
2412,12,2424,0.995049504950495
880,12,892,0.9865470852017937
2039,18,2057,0.9912493923189111
340,19,359,0.947075208913649
4747,11,4758,0.9976881042454813
2772,14,2786,0.9949748743718593
2524,37,2561,0.9855525185474424
2484,6,2490,0.9975903614457832
77,14,91,0.8461538461538461
1343,6,1349,0.9955522609340252
57,9,66,0.8636363636363636
281,7,288,0.9756944444444444
176,13,189,0.9312169312169312
2096,8,2104,0.9961977186311787
2039,8,2047,0.9960918417195896
3051,20,3071,0.9934874633669815
2957,36,2993,0.9879719345138657
281,7,288,0.9756944444444444
3009,15,3024,0.9950396825396826
1807,13,1820,0.9928571428571429
41,14,55,0.7454545454545455
3318,7,3325,0.9978947368421053
193,17,210,0.919047619047619
176,97,273,0.6446886446886447
1205,40,1245,0.9678714859437751
44,12,56,0.7857142857142857
59,6,65,0.9076923076923077
1210,7,1217,0.9942481511914544
332,262,594,0.5589225589225589
1529,19,1548,0.9877260981912145
695,8,703,0.9886201991465149
7436,130,7566,0.9828178694158075
85,76,161,0.5279503105590062
7437,21,7458,0.997184231697506
196,12,208,0.9423076923076923
2704,22,2726,0.991929567131328
739,18,757,0.9762219286657859
1901,14,1915,0.9926892950391645
3004,8,3012,0.99734395750332
770,28,798,0.9649122807017544
7436,14,7450,0.9981208053691275
1344,13,1357,0.9904200442151806
1512,16,1528,0.9895287958115183
78,11,89,0.8764044943820225
99,12,111,0.8918918918918919
1323,10,1333,0.9924981245311327
488,9,497,0.9818913480885312
491,12,503,0.9761431411530815
1414,7,1421,0.9950738916256158
1903,20,1923,0.9895995839833593
4748,65,4813,0.9864949096197798
397,73,470,0.8446808510638298
48,18,66,0.7272727272727273
774,13,787,0.9834815756035579
2097,8,2105,0.9961995249406176
1622,18,1640,0.9890243902439024
913,20,933,0.9785637727759914
3585,24,3609,0.9933499584372403
963,7,970,0.9927835051546392
959,26,985,0.9736040609137055
2848,9,2857,0.9968498424921246
7436,115,7551,0.9847702291087274
2067,9,2076,0.9956647398843931
2960,31,2991,0.9896355733868272
495,11,506,0.9782608695652174
2117,8,2125,0.9962352941176471
1370,17,1387,0.9877433309300648
3640,9,3649,0.9975335708413264
2485,95,2580,0.9631782945736435
2048,135,2183,0.9381584974805314
2116,8,2124,0.9962335216572504
2047,99,2146,0.9538676607642125
555,15,570,0.9736842105263158
754,9,763,0.9882044560943644
493,67,560,0.8803571428571428
4942,10,4952,0.9979806138933764
1058,155,1213,0.8722176422093982
884,27,911,0.9703622392974753
85,11,96,0.8854166666666666
2116,14,2130,0.9934272300469483
1323,16,1339,0.988050784167289
2486,15,2501,0.9940023990403839
2850,9,2859,0.9968520461699895
7436,145,7581,0.9808732357208811
963,23,986,0.9766734279918864
1324,21,1345,0.9843866171003718
493,67,560,0.8803571428571428
993,8,1001,0.9920079920079921
966,23,989,0.9767441860465116
62,14,76,0.8157894736842105
901,7,908,0.9922907488986784
3544,14,3558,0.9960652051714446
76,9,85,0.8941176470588236
589,36,625,0.9424
778,38,816,0.9534313725490197
904,7,911,0.9923161361141603
1664,10,1674,0.994026284348865
2503,12,2515,0.9952286282306163
7436,12,7448,0.9983888292158969
960,9,969,0.9907120743034056
76,16,92,0.8260869565217391
6159,12,6171,0.9980554205153136
1632,12,1644,0.9927007299270073
1042,10,1052,0.9904942965779467
904,16,920,0.9826086956521739
500,40,540,0.9259259259259259
308,8,316,0.9746835443037974
331,13,344,0.9622093023255814
334,61,395,0.8455696202531645
348,12,360,0.9666666666666667
1544,7,1551,0.9954867827208252
1155,14,1169,0.9880239520958084
956,175,1131,0.8452696728558797
3495,10,3505,0.9971469329529244
3543,13,3556,0.9963442069741283
591,51,642,0.9205607476635514
92,14,106,0.8679245283018868
81,32,113,0.7168141592920354
2090,54,2144,0.9748134328358209
1860,9,1869,0.9951845906902087
2400,6,2406,0.9975062344139651
2806,6,2812,0.9978662873399715
843,36,879,0.9590443686006825
1663,72,1735,0.9585014409221903
2800,6,2806,0.9978617248752673
1745,9,1754,0.9948688711516533
2527,15,2542,0.9940991345397325
1161,8,1169,0.9931565440547476
1633,27,1660,0.9837349397590361
2805,7,2812,0.9975106685633002
2071,8,2079,0.9961519961519961
1746,23,1769,0.9869983041266253
1633,13,1646,0.9921020656136087
336,11,347,0.968299711815562
3360,130,3490,0.9627507163323782
7427,13,7440,0.998252688172043
1036,18,1054,0.9829222011385199
68,10,78,0.8717948717948718
2072,7,2079,0.9966329966329966
1203,15,1218,0.9876847290640394
2072,14,2086,0.9932885906040269
2733,14,2747,0.9949035311248635
1864,7,1871,0.9962586851950829
3414,52,3466,0.9849971148297749
81,24,105,0.7714285714285715
1793,13,1806,0.9928017718715393
596,33,629,0.9475357710651828
7429,15,7444,0.9979849543256314
2131,18,2149,0.9916240111679852
1043,7,1050,0.9933333333333333
7436,9,7445,0.9987911349899261
2407,13,2420,0.9946280991735538
1021,16,1037,0.9845708775313404
4648,10,4658,0.9978531558608845
2810,32,2842,0.9887403237156932
190,13,203,0.9359605911330049
2762,9,2771,0.9967520750631541
1039,11,1050,0.9895238095238095
1146,6,1152,0.9947916666666666
442,10,452,0.9778761061946902
601,26,627,0.9585326953748007
910,61,971,0.937178166838311
169,9,178,0.949438202247191
3910,19,3929,0.9951641639093917
4317,10,4327,0.9976889299745783
1210,18,1228,0.9853420195439739
6743,15,6758,0.9977804084048535
1142,22,1164,0.9810996563573883
7436,6,7442,0.999193765116904
1260,8,1268,0.9936908517350158
912,8,920,0.991304347826087
5844,12,5856,0.9979508196721312
448,12,460,0.9739130434782609
592,6,598,0.9899665551839465
1691,7,1698,0.9958775029446407
88,20,108,0.8148148148148148
175,132,307,0.5700325732899023
1699,17,1716,0.9900932400932401
4244,55,4299,0.987206327052803
1943,7,1950,0.9964102564102564
2093,62,2155,0.97122969837587
1142,22,1164,0.9810996563573883
190,100,290,0.6551724137931034
6320,20,6340,0.9968454258675079
380,16,396,0.9595959595959596
1635,34,1669,0.9796285200718994
3910,19,3929,0.9951641639093917
2808,121,2929,0.9586889723455104
1254,13,1267,0.98973954222573
2764,11,2775,0.9960360360360361
1261,7,1268,0.9944794952681388
536,8,544,0.9852941176470589
3409,72,3481,0.979316288422867
6646,30,6676,0.9955062911923307
914,7,921,0.992399565689468
4675,6,4681,0.9987182226020082
2410,10,2420,0.9958677685950413
93,33,126,0.7380952380952381
7436,21,7457,0.9971838540968218
2734,14,2748,0.99490538573508
914,7,921,0.992399565689468
1143,22,1165,0.9811158798283262
2501,15,2516,0.9940381558028617
2141,7,2148,0.9967411545623837
4625,9,4634,0.9980578334052654
2141,8,2149,0.9962773382968823
592,6,598,0.9899665551839465
745,21,766,0.9725848563968669
4675,7,4682,0.9985049124305853
1261,11,1272,0.9913522012578616
805,25,830,0.9698795180722891
6040,14,6054,0.9976874793524942
190,46,236,0.8050847457627118
1255,7,1262,0.9944532488114105
439,11,450,0.9755555555555555
819,11,830,0.9867469879518073
1765,13,1778,0.9926884139482565
276,16,292,0.9452054794520548
1145,37,1182,0.9686971235194586
191,57,248,0.7701612903225806
4244,124,4368,0.9716117216117216
1765,16,1781,0.9910162829870859
23,15,38,0.6052631578947368
222,11,233,0.9527896995708155
1262,7,1269,0.9944838455476753
591,6,597,0.9899497487437185
821,6,827,0.992744860943168
7436,9,7445,0.9987911349899261
1636,39,1675,0.9767164179104477
191,20,211,0.9052132701421801
5921,28,5949,0.9952933266095142
4624,6,4630,0.9987041036717063
4023,14,4037,0.9965320782759475
4319,13,4332,0.9969990766389658
4141,26,4167,0.9937604991600671
4677,7,4684,0.9985055508112725
2699,12,2711,0.9955735890815197
1586,6,1592,0.9962311557788944
836,7,843,0.9916963226571768
191,31,222,0.8603603603603603
753,8,761,0.9894875164257556
4141,6,4147,0.998553170966964
4026,19,4045,0.9953028430160692
2229,8,2237,0.9964237818506929
6041,14,6055,0.9976878612716763
391,52,443,0.8826185101580135
23,30,53,0.4339622641509434
819,7,826,0.9915254237288136
7435,26,7461,0.996515212438011
1261,11,1272,0.9913522012578616
1460,33,1493,0.9778968519758875
4678,6,4684,0.9987190435525192
1761,43,1804,0.9761640798226164
4026,8,4034,0.9980168567178979
192,55,247,0.7773279352226721
383,7,390,0.982051282051282
820,6,826,0.9927360774818402
5636,13,5649,0.9976987077358824
847,15,862,0.9825986078886311
4320,7,4327,0.9983822509822048
834,7,841,0.9916765755053508
1636,15,1651,0.9909145972138098
4677,8,4685,0.9982924226254002
71,9,80,0.8875
4028,7,4035,0.9982651796778191
593,6,599,0.989983305509182
4572,16,4588,0.9965126416739319
446,7,453,0.9845474613686535
880,47,927,0.9492988133764833
4428,31,4459,0.9930477685579726
1460,16,1476,0.989159891598916
627,13,640,0.9796875
4319,8,4327,0.9981511439796625
2704,22,2726,0.991929567131328
288,8,296,0.972972972972973
1262,10,1272,0.9921383647798742
6040,28,6068,0.995385629531971
592,9,601,0.9850249584026622
2415,666,3081,0.7838364167478091
835,6,841,0.9928656361474435
71,7,78,0.9102564102564102
44,10,54,0.8148148148148148
3295,6,3301,0.9981823689790973
4320,7,4327,0.9983822509822048
627,17,644,0.9736024844720497
447,12,459,0.9738562091503268
4628,59,4687,0.987411990612332
72,11,83,0.8674698795180723
1462,7,1469,0.9952348536419333
290,7,297,0.9764309764309764
1766,52,1818,0.9713971397139713
4247,25,4272,0.9941479400749064
293,12,305,0.9606557377049181
4679,10,4689,0.9978673491149499
885,28,913,0.9693318729463308
743,7,750,0.9906666666666667
44,7,51,0.8627450980392157
1635,7,1642,0.9957369062119367
2714,9,2723,0.9966948218876239
4679,13,4692,0.9972293265132139
869,7,876,0.9920091324200914
5847,7,5854,0.9988042364195422
169,8,177,0.9548022598870056
5881,15,5896,0.9974559023066486
177,8,185,0.9567567567567568
1623,16,1639,0.9902379499694935
4034,13,4047,0.996787744007907
751,7,758,0.9907651715039578
5847,9,5856,0.9984631147540983
45,11,56,0.8035714285714286
67,13,80,0.8375
1463,52,1515,0.9656765676567657
821,13,834,0.9844124700239808
72,13,85,0.8470588235294118
291,22,313,0.9297124600638977
4320,31,4351,0.9928752011031947
4679,9,4688,0.998080204778157
2016,13,2029,0.9935929029078364
7437,28,7465,0.9962491627595446
593,6,599,0.989983305509182
1638,26,1664,0.984375
821,9,830,0.9891566265060241
4680,9,4689,0.9980806142034548
293,11,304,0.9638157894736842
4036,13,4049,0.996789330698938
155,11,166,0.9337349397590361
234,94,328,0.7134146341463414
114,106,220,0.5181818181818182
228,10,238,0.957983193277311
170,9,179,0.9497206703910615
941,7,948,0.9926160337552743
494,9,503,0.9821073558648111
4683,10,4693,0.9978691668442361
1879,12,1891,0.9936541512427287
143,56,199,0.7185929648241206
629,17,646,0.9736842105263158
228,6,234,0.9743589743589743
940,8,948,0.9915611814345991
4682,7,4689,0.998507144380465
2016,18,2034,0.9911504424778761
4251,93,4344,0.9785911602209945
754,22,776,0.9716494845360825
822,14,836,0.9832535885167464
447,9,456,0.9802631578947368
1771,235,2006,0.882851445663011
4572,13,4585,0.997164667393675
4681,12,4693,0.9974430002130833
887,47,934,0.949678800856531
195,13,208,0.9375
719,86,805,0.893167701863354
1644,9,1653,0.9945553539019963
609,87,696,0.875
2468,30,2498,0.9879903923138511
4574,10,4584,0.9978184991273996
195,47,242,0.8057851239669421
1363,12,1375,0.9912727272727273
4680,11,4691,0.9976550842037945
82,15,97,0.845360824742268
195,25,220,0.8863636363636364
2854,7,2861,0.9975533030408948
5578,27,5605,0.9951828724353255
292,18,310,0.9419354838709677
634,12,646,0.9814241486068112
2085,10,2095,0.9952267303102625
2056,6,2062,0.997090203685742
2915,31,2946,0.9894772572980313
2354,9,2363,0.996191282268303
7436,8,7444,0.99892530897367
6072,74,6146,0.9879596485519037
2388,12,2400,0.995
1095,11,1106,0.9900542495479204
2056,24,2080,0.9884615384615385
940,6,946,0.9936575052854123
457,14,471,0.970276008492569
751,9,760,0.9881578947368421
2554,27,2581,0.9895389383959705
907,16,923,0.9826652221018418
6077,39,6116,0.9936232831916285
7435,10,7445,0.9986568166554735
370,27,397,0.9319899244332494
965,11,976,0.9887295081967213
4992,14,5006,0.9972033559728326
4992,15,5007,0.9970041941282205
909,8,917,0.9912758996728462
210,16,226,0.9292035398230089
686,11,697,0.9842180774748924
59,23,82,0.7195121951219512
2018,11,2029,0.9945786101527846
871,13,884,0.9852941176470589
2461,15,2476,0.9939418416801292
2570,18,2588,0.9930448222565688
1912,7,1919,0.9963522668056279
59,52,111,0.5315315315315315
116,103,219,0.5296803652968036
87,6,93,0.9354838709677419
1912,14,1926,0.9927310488058152
2558,11,2569,0.9957181782794862
6077,37,6114,0.9939483153418384
2570,12,2582,0.9953524399690162
859,16,875,0.9817142857142858
908,25,933,0.9732047159699893
325,12,337,0.9643916913946587
908,21,929,0.9773950484391819
1907,16,1923,0.9916796671866874
907,16,923,0.9826652221018418
6078,26,6104,0.995740498034076
59,18,77,0.7662337662337663
909,18,927,0.9805825242718447
1897,16,1913,0.9916361735493988
857,6,863,0.9930475086906141
4995,44,5039,0.9912681087517364
62,103,165,0.37575757575757573
2235,8,2243,0.9964333481943826
4332,9,4341,0.9979267449896337
7429,23,7452,0.9969135802469136
2177,11,2188,0.9949725776965265
6362,43,6405,0.9932864949258392
172,14,186,0.9247311827956989
545,29,574,0.9494773519163763
909,7,916,0.99235807860262
1897,13,1910,0.993193717277487
3767,224,3991,0.9438737158606866
6077,6,6083,0.9990136445832648
541,41,582,0.929553264604811
1690,28,1718,0.9837019790454016
7427,20,7447,0.9973143547737344
681,12,693,0.9826839826839827
402,51,453,0.8874172185430463
2468,10,2478,0.9959644874899112
691,10,701,0.985734664764622
1820,9,1829,0.9950792782941498
957,43,1000,0.957
6078,31,6109,0.9949255197249959
1690,15,1705,0.9912023460410557
545,20,565,0.9646017699115044
1544,27,1571,0.9828134945894335
7435,13,7448,0.9982545649838883
68,14,82,0.8292682926829268
1542,16,1558,0.9897304236200257
2271,12,2283,0.9947437582128777
1248,69,1317,0.9476082004555809
545,20,565,0.9646017699115044
688,12,700,0.9828571428571429
6078,27,6105,0.9955773955773956
32,9,41,0.7804878048780488
1540,8,1548,0.9948320413436692
1839,43,1882,0.9771519659936238
1205,6,1211,0.9950454170107349
310,16,326,0.950920245398773
1917,7,1924,0.9963617463617463
908,32,940,0.9659574468085106
1694,18,1712,0.9894859813084113
99,7,106,0.9339622641509434
1855,13,1868,0.9930406852248393
7435,11,7446,0.9985226967499329
1456,8,1464,0.994535519125683
32,9,41,0.7804878048780488
6364,53,6417,0.9917406887953872
2178,10,2188,0.9954296160877514
680,13,693,0.9812409812409812
2469,13,2482,0.9947622884770346
2768,11,2779,0.9960417416336812
4338,142,4480,0.9683035714285714
548,21,569,0.9630931458699473
7315,15,7330,0.9979536152796725
3833,37,3870,0.9904392764857881
2876,9,2885,0.9968804159445407
550,29,579,0.9499136442141624
748,22,770,0.9714285714285714
2271,31,2302,0.9865334491746307
7421,15,7436,0.9979827864443249
2180,13,2193,0.9940720474236207
7315,28,7343,0.996186844613918
552,12,564,0.9787234042553191
1921,41,1962,0.9791029561671764
2273,11,2284,0.9951838879159369
802,18,820,0.9780487804878049
555,22,577,0.9618717504332756
4338,310,4648,0.9333046471600689
801,9,810,0.9888888888888889
3872,24,3896,0.9938398357289527
1801,19,1820,0.9895604395604396
7437,6,7443,0.9991938734381298
2622,32,2654,0.9879427279577996
3835,186,4021,0.9537428500373042
1695,22,1717,0.9871869539895166
5292,9,5301,0.99830220713073
803,16,819,0.9804639804639804
839,91,930,0.9021505376344086
812,8,820,0.9902439024390244
1601,9,1610,0.9944099378881988
1595,9,1604,0.9943890274314214
46,14,60,0.7666666666666667
2165,7,2172,0.9967771639042358
864,15,879,0.9829351535836177
421,18,439,0.958997722095672
7429,7,7436,0.9990586336740183
1828,73,1901,0.961599158337717
1601,12,1613,0.9925604463732176
74,67,141,0.524822695035461
2260,9,2269,0.996033494931688
2188,38,2226,0.9829290206648698
1000,13,1013,0.9871668311944719
1618,129,1747,0.9261591299370349
812,16,828,0.9806763285024155
2260,13,2273,0.9942806863176419
2814,69,2883,0.9760665972944849
192,28,220,0.8727272727272727
1637,27,1664,0.9837740384615384
2816,8,2824,0.9971671388101983
2260,17,2277,0.9925340360122968
1863,6,1869,0.9967897271268058
1370,9,1379,0.9934735315445975
7436,6,7442,0.999193765116904
1002,67,1069,0.9373246024321796
423,23,446,0.9484304932735426
1371,9,1380,0.9934782608695653
2260,17,2277,0.9925340360122968
1984,16,2000,0.992
2168,17,2185,0.9922196796338673
540,14,554,0.9747292418772563
1594,10,1604,0.9937655860349127
7412,11,7423,0.9985181193587498
2898,12,2910,0.9958762886597938
1984,16,2000,0.992
1865,20,1885,0.9893899204244032
5981,11,5992,0.9981642189586115
7436,13,7449,0.9982547993019197
1637,142,1779,0.9201798763350196
2784,55,2839,0.9806269813314548
5721,29,5750,0.9949565217391304
1372,8,1380,0.9942028985507246
84,180,264,0.3181818181818182
543,12,555,0.9783783783783784
1531,10,1541,0.9935107073329007
2168,8,2176,0.9963235294117647
1373,9,1382,0.9934876989869754
1867,21,1888,0.9888771186440678
1598,94,1692,0.9444444444444444
1024,9,1033,0.9912875121006777
7412,50,7462,0.993299383543286
1373,7,1380,0.994927536231884
6426,14,6440,0.9978260869565218
1306,8,1314,0.9939117199391172
2782,13,2795,0.9953488372093023
698,18,716,0.9748603351955307
1599,37,1636,0.9773838630806846
2623,36,2659,0.986461075592328
970,10,980,0.9897959183673469
1547,9,1556,0.9942159383033419
2234,69,2303,0.9700390794615719
5981,12,5993,0.9979976639412648
1547,9,1556,0.9942159383033419
1373,7,1380,0.994927536231884
7436,19,7455,0.9974513749161636
2236,17,2253,0.9924545051043053
2172,14,2186,0.9935956084172004
416,9,425,0.9788235294117648
2147,8,2155,0.9962877030162413
2657,12,2669,0.9955039340576995
675,47,722,0.9349030470914127
2148,14,2162,0.9935245143385754
7435,31,7466,0.9958478435574605
548,13,561,0.9768270944741533
1306,10,1316,0.9924012158054711
6164,12,6176,0.9980569948186528
22,7,29,0.7586206896551724
301,13,314,0.9585987261146497
2160,14,2174,0.9935602575896965
144,12,156,0.9230769230769231
1175,175,1350,0.8703703703703703
3337,14,3351,0.9958221426439868
22,17,39,0.5641025641025641
2575,19,2594,0.9926754047802622
1070,15,1085,0.9861751152073732
1911,14,1925,0.9927272727272727
558,29,587,0.9505962521294719
1611,9,1620,0.9944444444444445
965,21,986,0.9787018255578094
303,10,313,0.9680511182108626
448,9,457,0.9803063457330415
7436,6,7442,0.999193765116904
2578,9,2587,0.9965210668728257
149,9,158,0.9430379746835443
224,22,246,0.9105691056910569
1619,14,1633,0.9914268218003675
24,8,32,0.75
450,6,456,0.9868421052631579
2171,33,2204,0.98502722323049
152,17,169,0.8994082840236687
1128,11,1139,0.990342405618964
1891,6,1897,0.9968371112282551
1129,15,1144,0.9868881118881119
3964,20,3984,0.9949799196787149
7394,79,7473,0.9894286096614479
1632,7,1639,0.9957291031116534
575,7,582,0.9879725085910653
2031,55,2086,0.9736337488015341
2184,8,2192,0.9963503649635036
416,75,491,0.8472505091649695
1915,12,1927,0.9937727036844837
7436,9,7445,0.9987911349899261
7394,22,7416,0.9970334412081985
1130,12,1142,0.989492119089317
2533,6,2539,0.9976368649074439
1896,55,1951,0.9718093285494618
1471,15,1486,0.9899057873485868
2985,7,2992,0.9976604278074866
188,9,197,0.9543147208121827
3106,60,3166,0.9810486418193304
1105,8,1113,0.9928122192273136
1912,12,1924,0.9937629937629938
1111,10,1121,0.9910793933987511
1912,26,1938,0.9865841073271414
189,9,198,0.9545454545454546
173,12,185,0.9351351351351351
2519,8,2527,0.9968341907400079
2979,25,3004,0.9916777629826897
1105,8,1113,0.9928122192273136
191,7,198,0.9646464646464646
7390,72,7462,0.9903511123023319
174,12,186,0.9354838709677419
1105,7,1112,0.9937050359712231
708,51,759,0.932806324110672
1866,18,1884,0.9904458598726115
7436,7,7443,0.9990595190111514
175,9,184,0.9510869565217391
7435,9,7444,0.9987909725953789
1105,11,1116,0.9901433691756273
658,16,674,0.9762611275964391
51,13,64,0.796875
2977,53,3030,0.9825082508250825
7435,8,7443,0.998925164584173
4270,6,4276,0.9985968194574368
1106,11,1117,0.990152193375112
7436,9,7445,0.9987911349899261
7390,46,7436,0.993813878429263
2193,15,2208,0.9932065217391305
244,24,268,0.9104477611940298
51,7,58,0.8793103448275862
7436,12,7448,0.9983888292158969
1191,27,1218,0.9778325123152709
7390,41,7431,0.9944825730049791
969,9,978,0.99079754601227
116,7,123,0.943089430894309
2195,9,2204,0.9959165154264973
53,6,59,0.8983050847457628
243,23,266,0.9135338345864662
96,9,105,0.9142857142857143
1908,58,1966,0.970498474059003
147,8,155,0.9483870967741935
7436,12,7448,0.9983888292158969
579,22,601,0.9633943427620633
97,10,107,0.9065420560747663
147,16,163,0.901840490797546
2311,17,2328,0.9926975945017182
7435,12,7447,0.9983886128642406
1196,26,1222,0.9787234042553191
1053,13,1066,0.9878048780487805
7435,11,7446,0.9985226967499329
727,12,739,0.9837618403247632
57,14,71,0.8028169014084507
579,11,590,0.9813559322033898
188,9,197,0.9543147208121827
4113,6,4119,0.9985433357611071
471,31,502,0.9382470119521913
7436,11,7447,0.9985228951255539
3415,6,3421,0.9982461268634902
578,6,584,0.9897260273972602
560,26,586,0.9556313993174061
4329,15,4344,0.9965469613259669
2204,17,2221,0.9923457901846016
4113,25,4138,0.9939584340260995
1399,29,1428,0.9796918767507002
1508,151,1659,0.9089813140446051
577,7,584,0.988013698630137
1135,12,1147,0.9895379250217959
2356,12,2368,0.9949324324324325
349,7,356,0.9803370786516854
575,7,582,0.9879725085910653
2206,13,2219,0.9941415051825147
2356,6,2362,0.9974597798475868
3413,7,3420,0.997953216374269
1913,94,2007,0.9531639262580966
994,21,1015,0.9793103448275862
1105,11,1116,0.9901433691756273
7436,9,7445,0.9987911349899261
7436,8,7444,0.99892530897367
349,34,383,0.9112271540469974
4114,21,4135,0.9949214026602177
2356,11,2367,0.9953527672158851
3818,12,3830,0.9968668407310705
4115,6,4121,0.9985440427080806
350,9,359,0.9749303621169917
4116,20,4136,0.995164410058027
7436,7,7443,0.9990595190111514
2530,8,2538,0.9968479117415288
1918,58,1976,0.9706477732793523
638,12,650,0.9815384615384616
352,31,383,0.9190600522193212
456,72,528,0.8636363636363636
581,153,734,0.7915531335149864
2215,27,2242,0.987957181088314
22,10,32,0.6875
1484,6,1490,0.9959731543624161
1484,6,1490,0.9959731543624161
2224,9,2233,0.9959695476936856
2530,35,2565,0.98635477582846
7436,9,7445,0.9987911349899261
7435,12,7447,0.9983886128642406
2115,15,2130,0.9929577464788732
1169,297,1466,0.7974079126875853
2224,21,2245,0.9906458797327394
2128,15,2143,0.9930004666355576
7436,9,7445,0.9987911349899261
352,29,381,0.9238845144356955
7436,8,7444,0.99892530897367
2129,49,2178,0.9775022956841138
1351,22,1373,0.9839766933721777
1469,16,1485,0.9892255892255892
2226,19,2245,0.9915367483296214
1444,18,1462,0.987688098495212
240,9,249,0.963855421686747
651,10,661,0.9848714069591528
3251,10,3261,0.9969334559950935
2766,8,2774,0.9971160778658976
1775,6,1781,0.9966311061201573
7412,68,7480,0.990909090909091
125,6,131,0.9541984732824428
2731,12,2743,0.995625227852716
3324,15,3339,0.995507637017071
3600,7,3607,0.9980593290823399
4256,21,4277,0.9950900163666121
1061,30,1091,0.9725022914757103
1680,73,1753,0.9583571021106674
1447,17,1464,0.9883879781420765
125,6,131,0.9541984732824428
1137,20,1157,0.982713915298185
126,19,145,0.8689655172413793
1683,11,1694,0.9935064935064936
2765,9,2774,0.9967555875991349
2764,10,2774,0.996395097332372
430,9,439,0.979498861047836
2454,13,2467,0.9947304418321848
3651,14,3665,0.9961800818553889
81,12,93,0.8709677419354839
1685,9,1694,0.9946871310507674
3115,10,3125,0.9968
1684,10,1694,0.9940968122786304
1234,10,1244,0.9919614147909968
982,9,991,0.9909182643794148
431,9,440,0.9795454545454545
3035,18,3053,0.9941041598427776
1234,10,1244,0.9919614147909968
3113,12,3125,0.99616
155,6,161,0.9627329192546584
3600,9,3609,0.9975062344139651
1139,16,1155,0.9861471861471861
1235,7,1242,0.9943639291465378
1235,9,1244,0.9927652733118971
155,13,168,0.9226190476190477
7411,58,7469,0.9922345695541572
1638,6,1644,0.9963503649635036
3600,9,3609,0.9975062344139651
1639,6,1645,0.9963525835866262
3600,16,3616,0.995575221238938
1075,7,1082,0.9935304990757856
1074,6,1080,0.9944444444444445
431,8,439,0.9817767653758542
2431,76,2507,0.9696848823294775
1753,88,1841,0.9521998913633895
7436,13,7449,0.9982547993019197
430,9,439,0.979498861047836
3041,16,3057,0.9947661105659142
1667,9,1676,0.9946300715990454
431,8,439,0.9817767653758542
7436,12,7448,0.9983888292158969
126,26,152,0.8289473684210527
7416,67,7483,0.9910463717760256
1075,6,1081,0.9944495837187789
166,22,188,0.8829787234042553
85,19,104,0.8173076923076923
7406,10,7416,0.9986515641855448
7423,67,7490,0.9910547396528705
2448,940,3388,0.7225501770956316
2436,28,2464,0.9886363636363636
127,12,139,0.9136690647482014
166,9,175,0.9485714285714286
1122,12,1134,0.9894179894179894
1638,6,1644,0.9963503649635036
2389,21,2410,0.9912863070539419
129,22,151,0.8543046357615894
167,17,184,0.907608695652174
7415,64,7479,0.9914427062441503
3360,584,3944,0.8519269776876268
7413,79,7492,0.9894554191137213
112,29,141,0.7943262411347518
1139,13,1152,0.9887152777777778
52,19,71,0.7323943661971831
1642,6,1648,0.9963592233009708
1208,9,1217,0.9926047658175843
128,10,138,0.927536231884058
7436,11,7447,0.9985228951255539
7396,18,7414,0.9975721607769086
123,20,143,0.8601398601398601
87,8,95,0.9157894736842105
7416,37,7453,0.9950355561518851
51,13,64,0.796875
1797,43,1840,0.9766304347826087
89,9,98,0.9081632653061225
3469,18,3487,0.9948379696013765
999,11,1010,0.9891089108910891
6114,9,6123,0.9985301322880941
2529,13,2542,0.9948859166011015
225,12,237,0.9493670886075949
225,16,241,0.9336099585062241
256,39,295,0.8677966101694915
1671,130,1801,0.9278178789561354
7375,11,7386,0.9985106959111834
1208,22,1230,0.9821138211382113
742,24,766,0.9686684073107049
1124,19,1143,0.9833770778652668
1001,11,1012,0.9891304347826086
948,13,961,0.9864724245577523
2985,12,2997,0.995995995995996
91,11,102,0.8921568627450981
2436,15,2451,0.9938800489596084
629,9,638,0.9858934169278997
1797,72,1869,0.9614767255216693
1526,31,1557,0.9800899165061014
2042,32,2074,0.9845708775313404
289,11,300,0.9633333333333334
1124,14,1138,0.9876977152899824
950,18,968,0.981404958677686
1234,13,1247,0.9895749799518845
628,27,655,0.9587786259541985
1671,41,1712,0.9760514018691588
1260,8,1268,0.9936908517350158
62,44,106,0.5849056603773585
1126,19,1145,0.9834061135371179
2551,7,2558,0.9972634870992964
2045,10,2055,0.9951338199513382
950,15,965,0.9844559585492227
7239,10,7249,0.9986204993792247
1838,11,1849,0.9940508382909681
226,9,235,0.9617021276595744
1666,35,1701,0.9794238683127572
65,11,76,0.8552631578947368
1338,22,1360,0.9838235294117647
2813,24,2837,0.9915403595347198
630,13,643,0.9797822706065319
1909,7,1916,0.9963465553235908
7436,76,7512,0.9898828541001065
5011,16,5027,0.9968171871891784
4464,19,4483,0.9957617666741022
1694,8,1702,0.9952996474735605
1124,12,1136,0.9894366197183099
631,14,645,0.9782945736434109
3177,11,3188,0.9965495608531995
950,11,961,0.9885535900104059
226,9,235,0.9617021276595744
1804,17,1821,0.9906644700713894
70,40,110,0.6363636363636364
3486,18,3504,0.9948630136986302
5722,6,5728,0.9989525139664804
754,24,778,0.9691516709511568
1693,18,1711,0.98947983635301
5009,23,5032,0.995429252782194
2815,40,2855,0.9859894921190894
5722,6,5728,0.9989525139664804
1703,8,1711,0.9953243717124488
905,19,924,0.9794372294372294
3181,25,3206,0.9922021210230817
1914,12,1926,0.9937694704049844
631,18,649,0.9722650231124808
1914,14,1928,0.9927385892116183
1693,55,1748,0.9685354691075515
1226,127,1353,0.9061345158906134
2464,13,2477,0.994751715785224
1118,12,1130,0.9893805309734514
2837,14,2851,0.9950894423009471
1914,14,1928,0.9927385892116183
632,9,641,0.9859594383775351
1693,22,1715,0.9871720116618076
76,76,152,0.5
1382,11,1393,0.9921033740129217
763,63,826,0.923728813559322
632,12,644,0.9813664596273292
1118,15,1133,0.9867608120035305
1924,15,1939,0.9922640536358948
7436,6,7442,0.999193765116904
3474,34,3508,0.9903078677309008
2207,9,2216,0.9959386281588448
1694,31,1725,0.9820289855072464
1913,12,1925,0.9937662337662337
1914,11,1925,0.9942857142857143
1117,8,1125,0.9928888888888889
630,7,637,0.989010989010989
1780,18,1798,0.9899888765294772
1694,30,1724,0.9825986078886311
6376,7,6383,0.9989033369888767
2465,12,2477,0.9951554299555915
1915,10,1925,0.9948051948051948
3050,9,3059,0.9970578620464204
1117,15,1132,0.9867491166077739
2420,13,2433,0.9946568023016852
632,12,644,0.9813664596273292
90,131,221,0.4072398190045249
2207,8,2215,0.9963882618510158
3050,9,3059,0.9970578620464204
6376,15,6391,0.9976529494601784
1819,9,1828,0.9950765864332604
1914,8,1922,0.9958376690946931
2420,13,2433,0.9946568023016852
7421,6,7427,0.9991921367981689
2951,9,2960,0.9969594594594594
522,8,530,0.9849056603773585
2330,8,2338,0.9965782720273738
1785,10,1795,0.9944289693593314
7436,66,7502,0.9912023460410557
176,9,185,0.9513513513513514
329,79,408,0.8063725490196079
243,9,252,0.9642857142857143
173,8,181,0.9558011049723757
3022,7,3029,0.9976890062726973
3937,11,3948,0.9972137791286727
2950,9,2959,0.9969584319026699
1888,7,1895,0.9963060686015831
7435,10,7445,0.9986568166554735
680,7,687,0.9898107714701602
2040,73,2113,0.9654519640321817
7436,9,7445,0.9987911349899261
331,12,343,0.9650145772594753
7436,7,7443,0.9990595190111514
128,12,140,0.9142857142857143
539,54,593,0.9089376053962901
5754,6,5760,0.9989583333333333
304,18,322,0.9440993788819876
1479,53,1532,0.9654046997389034
1626,49,1675,0.9707462686567164
1785,8,1793,0.9955382041271612
6121,14,6135,0.997718011409943
2403,12,2415,0.9950310559006211
331,7,338,0.9792899408284024
4112,7,4119,0.9983005583879583
248,9,257,0.9649805447470817
7412,8,7420,0.9989218328840971
260,18,278,0.935251798561151
349,253,602,0.579734219269103
485,19,504,0.9623015873015873
343,8,351,0.9772079772079773
345,7,352,0.9801136363636364
146,19,165,0.8848484848484849
759,11,770,0.9857142857142858
3744,21,3765,0.9944223107569721
343,8,351,0.9772079772079773
161,6,167,0.9640718562874252
4355,7,4362,0.9983952315451627
2752,21,2773,0.9924269743959611
3745,12,3757,0.9968059622038861
6289,9,6298,0.9985709749126707
351,6,357,0.9831932773109243
145,24,169,0.8579881656804734
6289,10,6299,0.9984124464200667
1230,36,1266,0.9715639810426541
238,65,303,0.7854785478547854
3745,17,3762,0.9954811270600744
1910,6,1916,0.9968684759916493
4037,14,4051,0.996544063194273
238,13,251,0.9482071713147411
1157,11,1168,0.990582191780822
99,11,110,0.9
260,18,278,0.935251798561151
13,38,51,0.2549019607843137
7412,15,7427,0.9979803419954221
195,6,201,0.9701492537313433
3030,8,3038,0.9973666886109283
530,12,542,0.977859778597786
2597,9,2606,0.9965464313123561
326,11,337,0.9673590504451038
1607,30,1637,0.9816737935247404
167,60,227,0.73568281938326
146,10,156,0.9358974358974359
6289,16,6305,0.99746233148295
180,9,189,0.9523809523809523
981,6,987,0.993920972644377
98,14,112,0.875
257,43,300,0.8566666666666667
1981,6,1987,0.9969803724207348
12,48,60,0.2
855,48,903,0.946843853820598
1913,20,1933,0.9896533885152613
1609,21,1630,0.9871165644171779
117,6,123,0.9512195121951219
97,8,105,0.9238095238095239
4279,11,4290,0.9974358974358974
4467,15,4482,0.9966532797858099
1774,27,1801,0.9850083287062743
938,8,946,0.9915433403805497
67,9,76,0.881578947368421
506,16,522,0.9693486590038314
174,7,181,0.9613259668508287
136,32,168,0.8095238095238095
1499,24,1523,0.9842416283650689
117,6,123,0.9512195121951219
2720,45,2765,0.9837251356238698
167,70,237,0.7046413502109705
2758,7,2765,0.9974683544303797
180,8,188,0.9574468085106383
98,14,112,0.875
181,30,211,0.8578199052132701
3569,17,3586,0.9952593418851088
331,12,343,0.9650145772594753
260,23,283,0.9187279151943463
4118,11,4129,0.9973359166868491
1158,10,1168,0.9914383561643836
1785,9,1794,0.9949832775919732
3747,31,3778,0.9917946003176283
1910,10,1920,0.9947916666666666
4139,14,4153,0.9966289429328197
98,6,104,0.9423076923076923
1478,31,1509,0.979456593770709
4970,37,5007,0.9926103455162772
1159,9,1168,0.9922945205479452
50,20,70,0.7142857142857143
342,7,349,0.9799426934097422
1830,82,1912,0.9571129707112971
2758,18,2776,0.9935158501440923
2824,18,2842,0.9936664320900774
4094,9,4103,0.9978064830611747
3120,13,3133,0.995850622406639
1777,18,1795,0.9899721448467966
147,12,159,0.9245283018867925
261,15,276,0.9456521739130435
1778,6,1784,0.9966367713004485
117,9,126,0.9285714285714286
195,31,226,0.8628318584070797
2824,21,2845,0.9926186291739895
1159,8,1167,0.9931448157669237
181,16,197,0.9187817258883249
1478,18,1496,0.9879679144385026
7436,41,7477,0.9945165173197806
351,7,358,0.9804469273743017
342,7,349,0.9799426934097422
506,13,519,0.9749518304431599
867,16,883,0.9818799546998868
67,15,82,0.8170731707317073
175,40,215,0.813953488372093
1482,31,1513,0.9795109054857898
7436,15,7451,0.9979868474030331
504,24,528,0.9545454545454546
2446,46,2492,0.9815409309791332
354,11,365,0.9698630136986301
4090,11,4101,0.997317727383565
351,9,360,0.975
7436,10,7446,0.9986569970453935
7435,64,7499,0.991465528737165
1480,6,1486,0.9959623149394348
2841,37,2878,0.987143849895761
259,22,281,0.9217081850533808
343,72,415,0.8265060240963855
4559,30,4589,0.9934626280235346
33,6,39,0.8461538461538461
1485,14,1499,0.9906604402935291
3073,781,3854,0.7973533990659055
1481,16,1497,0.9893119572478289
330,31,361,0.9141274238227147
2599,55,2654,0.979276563677468
507,16,523,0.9694072657743786
4290,127,4417,0.9712474530224134
2959,21,2980,0.9929530201342281
816,8,824,0.9902912621359223
357,18,375,0.952
4973,40,5013,0.9920207460602434
294,19,313,0.939297124600639
4559,37,4596,0.9919495213228895
5051,52,5103,0.9898099157358416
289,19,308,0.9383116883116883
2824,19,2843,0.9933169187478016
369,45,414,0.8913043478260869
1778,20,1798,0.9888765294771968
7436,10,7446,0.9986569970453935
2945,6,2951,0.9979667909183327
1476,8,1484,0.9946091644204852
1633,25,1658,0.9849215922798552
331,61,392,0.8443877551020408
200,42,242,0.8264462809917356
1491,9,1500,0.994
343,97,440,0.7795454545454545
297,9,306,0.9705882352941176
3569,12,3581,0.9966489807316392
814,10,824,0.9878640776699029
15,6,21,0.7142857142857143
2132,13,2145,0.9939393939393939
202,10,212,0.9528301886792453
7436,10,7446,0.9986569970453935
7435,93,7528,0.9876461211477152
1777,20,1797,0.9888703394546466
4972,286,5258,0.9456066945606695
1609,20,1629,0.9877225291589933
241,6,247,0.9757085020242915
2366,10,2376,0.9957912457912458
1486,13,1499,0.9913275517011341
2828,35,2863,0.9877750611246944
203,58,261,0.7777777777777778
2365,10,2375,0.9957894736842106
14,7,21,0.6666666666666666
363,12,375,0.968
509,6,515,0.9883495145631068
509,77,586,0.8686006825938567
1611,6,1617,0.9962894248608535
371,9,380,0.9763157894736842
371,11,382,0.9712041884816754
7435,138,7573,0.981777366961574
509,43,552,0.9221014492753623
7437,17,7454,0.9977193453179501
1046,22,1068,0.9794007490636704
1490,9,1499,0.9939959973315544
529,27,556,0.9514388489208633
768,6,774,0.9922480620155039
30,14,44,0.6818181818181818
4375,74,4449,0.9833670487750056
518,10,528,0.9810606060606061
2108,14,2122,0.9934024505183789
1041,7,1048,0.9933206106870229
486,30,516,0.9418604651162791
1033,6,1039,0.9942252165543792
1075,14,1089,0.9871441689623508
4439,15,4454,0.9966322406825325
2533,12,2545,0.9952848722986247
1492,7,1499,0.9953302201467645
911,76,987,0.922998986828774
1708,8,1716,0.9953379953379954
28,6,34,0.8235294117647058
1493,8,1501,0.9946702198534311
1887,11,1898,0.994204425711275
1708,8,1716,0.9953379953379954
6156,12,6168,0.9980544747081712
1075,19,1094,0.9826325411334552
169,18,187,0.9037433155080213
1121,9,1130,0.9920353982300885
1888,7,1895,0.9963060686015831
359,6,365,0.9835616438356164
1568,125,1693,0.926166568222091
29,15,44,0.6590909090909091
1075,27,1102,0.9754990925589837
1494,9,1503,0.9940119760479041
1047,8,1055,0.9924170616113744
1049,9,1058,0.9914933837429112
766,63,829,0.9240048250904704
913,8,921,0.991313789359392
506,208,714,0.7086834733893558
6162,16,6178,0.9974101651019748
1710,14,1724,0.9918793503480279
4623,92,4715,0.9804878048780488
1495,9,1504,0.9940159574468085
913,14,927,0.9848975188781014
1495,7,1502,0.9953395472703063
240,12,252,0.9523809523809523
505,45,550,0.9181818181818182
1122,8,1130,0.9929203539823008
2534,10,2544,0.9960691823899371
1076,7,1083,0.9935364727608494
7437,21,7458,0.997184231697506
1037,49,1086,0.9548802946593001
1712,7,1719,0.9959278650378127
7436,7,7443,0.9990595190111514
2536,66,2602,0.9746348962336664
1077,8,1085,0.992626728110599
914,9,923,0.9902491874322861
1888,7,1895,0.9963060686015831
4050,18,4068,0.995575221238938
1723,19,1742,0.9890929965556832
505,26,531,0.9510357815442562
175,11,186,0.9408602150537635
4623,115,4738,0.9757281553398058
914,6,920,0.9934782608695653
2927,9,2936,0.9969346049046321
1077,10,1087,0.9908003679852806
1050,18,1068,0.9831460674157303
535,6,541,0.988909426987061
1568,53,1621,0.9673041332510796
914,9,923,0.9902491874322861
768,8,776,0.9896907216494846
133,15,148,0.8986486486486487
1882,55,1937,0.9716055756324212
4496,9,4505,0.9980022197558268
987,7,994,0.9929577464788732
2127,73,2200,0.9668181818181818
1727,17,1744,0.9902522935779816
7436,11,7447,0.9985228951255539
602,62,664,0.9066265060240963
1714,6,1720,0.9965116279069768
7435,9,7444,0.9987909725953789
987,8,995,0.9919597989949749
2643,20,2663,0.9924896733007886
1897,7,1904,0.9963235294117647
351,6,357,0.9831932773109243
1417,33,1450,0.9772413793103448
508,44,552,0.9202898550724637
1078,37,1115,0.9668161434977578
1714,6,1720,0.9965116279069768
1896,8,1904,0.9957983193277311
1049,7,1056,0.9933712121212122
7436,9,7445,0.9987911349899261
1081,12,1093,0.9890210430009149
2844,36,2880,0.9875
1359,10,1369,0.9926953981008035
1419,6,1425,0.9957894736842106
7435,10,7445,0.9986568166554735
1232,14,1246,0.9887640449438202
2773,28,2801,0.9900035701535166
134,7,141,0.950354609929078
5226,11,5237,0.9978995608172618
1081,11,1092,0.98992673992674
1078,16,1094,0.9853747714808044
669,9,678,0.9867256637168141
4653,118,4771,0.9752672395724167
1892,76,1968,0.9613821138211383
1050,39,1089,0.9641873278236914
1839,9,1848,0.9951298701298701
6673,14,6687,0.9979063855241513
3898,149,4047,0.9631826043983197
4058,12,4070,0.9970515970515971
496,18,514,0.9649805447470817
916,313,1229,0.7453213995117982
7432,8,7440,0.9989247311827957
32,12,44,0.7272727272727273
836,6,842,0.9928741092636579
2753,13,2766,0.9953000723065799
521,26,547,0.9524680073126143
1039,7,1046,0.9933078393881453
3846,33,3879,0.991492652745553
2467,12,2479,0.9951593384429205
2133,10,2143,0.9953336444237051
6674,16,6690,0.9976083707025412
1842,6,1848,0.9967532467532467
6644,63,6707,0.990606828686447
2472,7,2479,0.9971762807583703
180,19,199,0.9045226130653267
1902,61,1963,0.9689251146204788
671,6,677,0.9911373707533235
3222,10,3232,0.9969059405940595
4061,19,4080,0.995343137254902
2264,27,2291,0.9882147533828023
671,6,677,0.9911373707533235
1149,10,1159,0.99137187230371
129,10,139,0.9280575539568345
38,70,108,0.35185185185185186
3937,168,4105,0.959074299634592
1842,6,1848,0.9967532467532467
2468,10,2478,0.9959644874899112
2264,12,2276,0.9947275922671354
1153,12,1165,0.9896995708154507
1359,16,1375,0.9883636363636363
7427,8,7435,0.9989240080699395
1589,9,1598,0.9943679599499374
1153,12,1165,0.9896995708154507
671,24,695,0.9654676258992806
4063,17,4080,0.9958333333333333
1841,14,1855,0.9924528301886792
958,13,971,0.9866117404737385
40,7,47,0.851063829787234
2120,43,2163,0.9801202034211743
960,16,976,0.9836065573770492
131,24,155,0.8451612903225807
672,8,680,0.9882352941176471
480,9,489,0.9815950920245399
918,31,949,0.9673340358271865
1718,9,1727,0.9947886508396062
877,12,889,0.9865016872890888
1423,10,1433,0.9930216329378926
144,61,205,0.7024390243902439
210,18,228,0.9210526315789473
1692,7,1699,0.9958799293702177
2562,11,2573,0.9957248348231637
3206,194,3400,0.9429411764705883
264,50,314,0.8407643312101911
112,15,127,0.8818897637795275
6388,36,6424,0.9943960149439601
1426,9,1435,0.9937282229965156
480,10,490,0.9795918367346939
1172,10,1182,0.9915397631133672
2430,12,2442,0.995085995085995
2189,12,2201,0.9945479327578374
2118,7,2125,0.9967058823529412
2017,8,2025,0.9960493827160494
2810,44,2854,0.98458304134548
2915,7,2922,0.9976043805612594
187,6,193,0.9689119170984456
1778,9,1787,0.9949636261891438
2119,6,2125,0.9971764705882353
1463,43,1506,0.9714475431606906
1409,21,1430,0.9853146853146854
206,6,212,0.9716981132075472
863,51,914,0.9442013129102844
187,6,193,0.9689119170984456
1474,43,1517,0.971654581410679
509,30,539,0.9443413729128015
217,9,226,0.9601769911504425
497,6,503,0.9880715705765407
2364,6,2370,0.9974683544303797
2654,6,2660,0.9977443609022556
206,16,222,0.9279279279279279
1506,8,1514,0.9947159841479525
2562,11,2573,0.9957248348231637
2658,15,2673,0.9943883277216611
2218,23,2241,0.9897367246764837
1691,9,1700,0.9947058823529412
2826,7,2833,0.9975291210730675
1506,16,1522,0.9894875164257556
499,10,509,0.9803536345776032
865,70,935,0.9251336898395722
974,18,992,0.9818548387096774
2058,10,2068,0.995164410058027
1427,14,1441,0.9902845246356696
1011,9,1020,0.9911764705882353
71,20,91,0.7802197802197802
2058,10,2068,0.995164410058027
266,23,289,0.9204152249134948
1507,12,1519,0.9921000658327848
1428,7,1435,0.9951219512195122
2660,12,2672,0.9955089820359282
1783,34,1817,0.9812878370941112
2430,48,2478,0.9806295399515739
271,10,281,0.9644128113879004
4744,46,4790,0.9903966597077244
2124,58,2182,0.9734188817598534
741,30,771,0.9610894941634242
7389,14,7403,0.9981088747804944
258,51,309,0.8349514563106796
222,9,231,0.961038961038961
1476,18,1494,0.9879518072289156
270,19,289,0.9342560553633218
511,21,532,0.9605263157894737
135,45,180,0.75
1231,164,1395,0.8824372759856631
7429,15,7444,0.9979849543256314
1774,16,1790,0.9910614525139665
1130,33,1163,0.9716251074806534
1772,10,1782,0.9943883277216611
756,37,793,0.9533417402269861
299,13,312,0.9583333333333334
488,43,531,0.9190207156308852
1233,7,1240,0.9943548387096774
93,14,107,0.8691588785046729
1775,6,1781,0.9966311061201573
1429,18,1447,0.9875604699378023
3604,10,3614,0.9972329828444937
1103,50,1153,0.9566348655680833
54,15,69,0.782608695652174
4746,31,4777,0.9935105714883818
680,29,709,0.9590973201692524
1233,7,1240,0.9943548387096774
2988,10,2998,0.9966644429619747
270,15,285,0.9473684210526315
1476,49,1525,0.9678688524590164
1479,9,1488,0.9939516129032258
272,13,285,0.9543859649122807
6523,22,6545,0.9966386554621849
4745,17,4762,0.996430071398572
2659,14,2673,0.9947624392068837
2156,10,2166,0.9953831948291783
726,6,732,0.9918032786885246
277,7,284,0.9753521126760564
912,8,920,0.991304347826087
868,36,904,0.9601769911504425
1290,13,1303,0.990023023791251
4745,16,4761,0.9966393614786809
135,48,183,0.7377049180327869
1927,18,1945,0.990745501285347
1555,9,1564,0.9942455242966752
2020,7,2027,0.9965466206216083
227,592,819,0.2771672771672772
66,19,85,0.7764705882352941
3648,9,3657,0.9975389663658737
32,258,290,0.1103448275862069
4995,13,5008,0.9974041533546326
4278,57,4335,0.9868512110726644
1771,31,1802,0.9827968923418424
1783,8,1791,0.9955332216638749
6400,9,6409,0.9985957247620534
3876,9,3885,0.9976833976833976
2663,10,2673,0.996258885147774
33,8,41,0.8048780487804879
3650,14,3664,0.99617903930131
1485,34,1519,0.97761685319289
4744,13,4757,0.9972671852007567
37,10,47,0.7872340425531915
1587,8,1595,0.9949843260188088
5820,28,5848,0.9952120383036935
1771,13,1784,0.9927130044843049
472,8,480,0.9833333333333333
50,28,78,0.6410256410256411
880,11,891,0.9876543209876543
3879,7,3886,0.9981986618630982
2990,6,2996,0.9979973297730307
912,8,920,0.991304347826087
259,9,268,0.9664179104477612
3648,12,3660,0.9967213114754099
1587,10,1597,0.9937382592360676
3650,11,3661,0.9969953564599836
4745,11,4756,0.9976871320437343
1479,86,1565,0.9450479233226837
1479,55,1534,0.9641460234680573
85,9,94,0.9042553191489362
1492,10,1502,0.9933422103861518
188,8,196,0.9591836734693877
2661,12,2673,0.9955106621773289
2127,24,2151,0.9888423988842399
1133,28,1161,0.9758828596037898
5822,7,5829,0.9987991079087322
1236,7,1243,0.9943684633950121
88,15,103,0.8543689320388349
5822,8,5830,0.9986277873070326
2516,52,2568,0.9797507788161994
1148,37,1185,0.9687763713080169
1348,12,1360,0.9911764705882353
4745,12,4757,0.9974774017237755
46,232,278,0.16546762589928057
729,7,736,0.9904891304347826
284,14,298,0.9530201342281879
32,34,66,0.48484848484848486
577,9,586,0.984641638225256
1334,9,1343,0.9932985852568875
194,8,202,0.9603960396039604
1772,38,1810,0.9790055248618784
2283,9,2292,0.9960732984293194
5823,19,5842,0.9967476891475522
1486,79,1565,0.949520766773163
5823,9,5832,0.9984567901234568
7434,11,7445,0.9985224983210208
3652,16,3668,0.9956379498364231
194,94,288,0.6736111111111112
1487,79,1566,0.9495530012771393
533,9,542,0.9833948339483395
1391,12,1403,0.9914468995010691
2707,47,2754,0.9829339143064634
91,34,125,0.728
7435,29,7464,0.9961146838156485
2285,12,2297,0.9947757945145842
201,79,280,0.7178571428571429
3655,13,3668,0.9964558342420938
94,73,167,0.562874251497006
5826,19,5845,0.9967493584260051
1761,12,1773,0.9932318104906938
2515,43,2558,0.9831899921813917
2193,15,2208,0.9932065217391305
1488,79,1567,0.9495851946394385
483,7,490,0.9857142857142858
480,10,490,0.9795918367346939
96,31,127,0.7559055118110236
1393,6,1399,0.995711222301644
2129,6,2135,0.9971896955503513
7436,28,7464,0.9962486602357985
201,190,391,0.5140664961636828
2193,14,2207,0.993656547349343
173,15,188,0.9202127659574468
533,30,563,0.9467140319715808
5827,34,5861,0.9941989421600409
98,20,118,0.8305084745762712
1555,15,1570,0.9904458598726115
483,49,532,0.9078947368421053
1778,9,1787,0.9949636261891438
2518,14,2532,0.9944707740916272
1763,26,1789,0.985466741196199
6078,33,6111,0.9945999018163967
3657,26,3683,0.9929405376052132
1006,16,1022,0.9843444227005871
4462,14,4476,0.9968722073279714
1464,69,1533,0.9549902152641878
389,6,395,0.9848101265822785
6293,11,6304,0.9982550761421319
1006,11,1017,0.9891838741396264
1746,16,1762,0.9909194097616345
1031,42,1073,0.9608574091332712
1280,12,1292,0.9907120743034056
1109,11,1120,0.9901785714285715
4464,18,4482,0.9959839357429718
653,6,659,0.9908952959028832
2160,12,2172,0.994475138121547
4338,14,4352,0.9967830882352942
176,61,237,0.7426160337552743
7436,12,7448,0.9983888292158969
151,48,199,0.7587939698492462
4340,12,4352,0.9972426470588235
1452,202,1654,0.8778718258766627
976,6,982,0.9938900203665988
389,9,398,0.9773869346733668
2124,6,2130,0.9971830985915493
1748,58,1806,0.9678848283499446
7436,16,7452,0.9978529253891573
1771,9,1780,0.994943820224719
7435,9,7444,0.9987909725953789
1194,9,1203,0.9925187032418953
1751,6,1757,0.9965850882185544
4468,19,4487,0.9957655449075106
979,8,987,0.9918946301925026
6292,10,6302,0.9984132021580451
1464,17,1481,0.9885212694125591
3137,9,3146,0.9971392244119517
1464,13,1477,0.991198375084631
653,11,664,0.983433734939759
1006,8,1014,0.9921104536489151
2364,6,2370,0.9974683544303797
1096,13,1109,0.9882777276825969
1006,14,1020,0.9862745098039216
1464,32,1496,0.9786096256684492
4469,13,4482,0.997099509147702
152,28,180,0.8444444444444444
986,26,1012,0.974308300395257
1940,11,1951,0.9943618657098924
392,11,403,0.9727047146401985
2404,14,2418,0.9942100909842845
767,21,788,0.9733502538071066
2647,21,2668,0.9921289355322339
3150,14,3164,0.995575221238938
152,16,168,0.9047619047619048
4470,12,4482,0.9973226238286479
2408,10,2418,0.9958643507030603
389,9,398,0.9773869346733668
7436,18,7454,0.9975851891601825
1454,40,1494,0.9732262382864793
4578,44,4622,0.9904803115534401
153,14,167,0.9161676646706587
7437,13,7450,0.998255033557047
4470,10,4480,0.9977678571428571
4804,132,4936,0.973257698541329
2409,12,2421,0.9950433705080545
1798,11,1809,0.9939192924267551
2647,30,2677,0.9887934254762795
1174,199,1373,0.8550619082301529
2162,14,2176,0.9935661764705882
7435,9,7444,0.9987909725953789
764,13,777,0.9832689832689833
7436,17,7453,0.9977190393130283
5475,8,5483,0.9985409447382819
1454,45,1499,0.9699799866577719
660,25,685,0.9635036496350365
4471,11,4482,0.9975457385095939
2365,6,2371,0.9974694221847322
2409,26,2435,0.9893223819301848
989,139,1128,0.87677304964539
2648,13,2661,0.9951146185644495
1179,6,1185,0.9949367088607595
662,13,675,0.9807407407407407
1801,18,1819,0.9901044529961517
1609,10,1619,0.993823347745522
394,49,443,0.8893905191873589
2162,14,2176,0.9935661764705882
6112,21,6133,0.9965759008641774
4474,12,4486,0.9973250111457869
1179,9,1188,0.9924242424242424
1010,11,1021,0.9892262487757101
2651,24,2675,0.9910280373831776
2161,8,2169,0.9963116643614569
123,13,136,0.9044117647058824
4794,153,4947,0.9690721649484536
1612,12,1624,0.9926108374384236
1653,9,1662,0.9945848375451264
1803,10,1813,0.9944842801985659
4582,44,4626,0.9904885430177259
2310,22,2332,0.9905660377358491
3686,29,3715,0.9921938088829071
2232,6,2238,0.9973190348525469
123,17,140,0.8785714285714286
296,16,312,0.9487179487179487
4063,6,4069,0.9985254362251167
7385,17,7402,0.997703323426101
2378,34,2412,0.9859038142620232
1482,9,1491,0.993963782696177
1415,29,1444,0.9799168975069252
74,47,121,0.6115702479338843
2990,7,2997,0.9976643309976644
359,14,373,0.9624664879356568
1414,11,1425,0.992280701754386
2557,6,2563,0.9976589933671479
2451,13,2464,0.994724025974026
2794,9,2803,0.9967891544773457
3066,7,3073,0.9977220956719818
2544,7,2551,0.9972559780478244
72,22,94,0.7659574468085106
2725,8,2733,0.9970728137577753
4326,22,4348,0.9949402023919043
2382,9,2391,0.9962358845671268
2704,7,2711,0.9974179269642198
7431,19,7450,0.9974496644295302
73,23,96,0.7604166666666666
6079,55,6134,0.9910335833061624
4063,22,4085,0.9946144430844553
4195,148,4343,0.9659221736127102
72,18,90,0.8
2544,13,2557,0.9949159170903402
2382,28,2410,0.9883817427385893
143,25,168,0.8511904761904762
2795,12,2807,0.995724973281083
1785,49,1834,0.9732824427480916
1622,88,1710,0.9485380116959065
2546,10,2556,0.9960876369327074
2382,20,2402,0.9916736053288926
2796,6,2802,0.9978586723768736
1410,97,1507,0.935633709356337
2545,13,2558,0.9949179046129789
2818,7,2825,0.9975221238938053
2383,14,2397,0.9941593658740092
757,7,764,0.9908376963350786
7432,13,7445,0.9982538616521155
3224,9,3233,0.99721620785648
3154,15,3169,0.9952666456295362
48,19,67,0.7164179104477612
5226,28,5254,0.9946707270650933
2242,33,2275,0.9854945054945055
1115,18,1133,0.9841129744042365
3008,9,3017,0.9970169042094796
368,11,379,0.9709762532981531
758,33,791,0.9582806573957017
758,9,767,0.9882659713168188
1041,9,1050,0.9914285714285714
3224,26,3250,0.992
1399,48,1447,0.9668279198341396
2148,27,2175,0.9875862068965517
2476,9,2485,0.9963782696177063
370,9,379,0.9762532981530343
7436,37,7473,0.9950488424996654
2286,9,2295,0.996078431372549
1549,6,1555,0.9961414790996784
3152,17,3169,0.9946355317134743
6652,9,6661,0.9986488515237952
1107,23,1130,0.9796460176991151
5250,12,5262,0.9977194982896237
1723,58,1781,0.9674340258281864
759,49,808,0.9393564356435643
2681,10,2691,0.9962839093273876
3733,10,3743,0.9973283462463265
760,9,769,0.988296488946684
3225,23,3248,0.9929187192118226
4554,16,4570,0.9964989059080963
2889,7,2896,0.9975828729281768
2830,7,2837,0.9975326048642933
1653,12,1665,0.9927927927927928
1121,21,1142,0.9816112084063048
2476,9,2485,0.9963782696177063
6278,34,6312,0.9946134347275032
761,35,796,0.9560301507537688
2788,24,2812,0.9914651493598862
1110,12,1122,0.9893048128342246
50,6,56,0.8928571428571429
2888,13,2901,0.9955187866253016
761,9,770,0.9883116883116884
6348,14,6362,0.9977994341402074
761,9,770,0.9883116883116884
3227,42,3269,0.987152034261242
760,23,783,0.9706257982120051
50,13,63,0.7936507936507936
2003,16,2019,0.9920752847944527
175,72,247,0.708502024291498
759,29,788,0.9631979695431472
1111,20,1131,0.982316534040672
2202,15,2217,0.993234100135318
1113,13,1126,0.9884547069271759
176,13,189,0.9312169312169312
1884,75,1959,0.9617151607963247
2202,30,2232,0.9865591397849462
760,29,789,0.9632446134347274
1124,18,1142,0.9842381786339754
1128,14,1142,0.9877408056042032
908,58,966,0.9399585921325052
1080,13,1093,0.9881061299176578
1124,18,1142,0.9842381786339754
5224,24,5248,0.9954268292682927
177,34,211,0.8388625592417062
759,67,826,0.9188861985472155
5226,28,5254,0.9946707270650933
1403,9,1412,0.9936260623229461
4559,15,4574,0.9967205946655007
2326,6,2332,0.9974271012006861
760,43,803,0.9464508094645081
1124,16,1140,0.9859649122807017
2796,22,2818,0.9921930447125621
178,106,284,0.6267605633802817
761,13,774,0.9832041343669251
1131,13,1144,0.9886363636363636
2333,8,2341,0.9965826569841948
1900,217,2117,0.8974964572508266
1902,9,1911,0.9952904238618524
761,93,854,0.8911007025761124
3225,7,3232,0.9978341584158416
762,11,773,0.9857697283311773
4560,14,4574,0.9969392216878006
762,13,775,0.983225806451613
178,56,234,0.7606837606837606
2798,17,2815,0.9939609236234458
2889,13,2902,0.9955203308063405
1900,13,1913,0.9932043910088866
1083,17,1100,0.9845454545454545
5892,10,5902,0.9983056590986107
912,157,1069,0.8531337698783911
2690,11,2701,0.9959274342835986
6278,44,6322,0.9930401771591268
1403,9,1412,0.9936260623229461
3271,18,3289,0.9945272119185162
2156,85,2241,0.962070504239179
763,35,798,0.956140350877193
1404,8,1412,0.9943342776203966
1127,14,1141,0.9877300613496932
1777,11,1788,0.993847874720358
554,23,577,0.9601386481802426
1905,7,1912,0.9963389121338913
763,14,777,0.9819819819819819
2799,15,2814,0.9946695095948828
1406,6,1412,0.9957507082152974
553,26,579,0.9550949913644214
3229,9,3238,0.9972205064854849
2692,16,2708,0.9940915805022157
3350,9,3359,0.9973206311402203
581,82,663,0.8763197586726998
2690,14,2704,0.9948224852071006
183,54,237,0.7721518987341772
1550,16,1566,0.9897828863346104
1128,17,1145,0.9851528384279477
764,121,885,0.8632768361581921
3230,11,3241,0.9966059858068498
2686,7,2693,0.9974006683995544
3615,7,3622,0.9980673660960795
2891,11,2902,0.996209510682288
4594,11,4605,0.9976112920738328
2802,15,2817,0.9946751863684771
181,7,188,0.9627659574468085
2295,6,2301,0.9973924380704041
1550,7,1557,0.9955041746949261
3563,22,3585,0.993863319386332
554,25,579,0.9568221070811744
3231,26,3257,0.9920171937365674
1295,7,1302,0.9946236559139785
537,10,547,0.9817184643510055
4319,36,4355,0.9917336394948335
104,115,219,0.4748858447488584
115,8,123,0.9349593495934959
7436,13,7449,0.9982547993019197
1862,10,1872,0.9946581196581197
12,88,100,0.12
537,10,547,0.9817184643510055
424,15,439,0.9658314350797267
1864,156,2020,0.9227722772277228
2014,35,2049,0.9829184968277208
1934,21,1955,0.9892583120204603
193,15,208,0.9278846153846154
2993,13,3006,0.9956753160345975
51,6,57,0.8947368421052632
537,17,554,0.9693140794223827
1864,8,1872,0.9957264957264957
215,13,228,0.9429824561403509
105,8,113,0.9292035398230089
51,39,90,0.5666666666666667
537,22,559,0.960644007155635
745,6,751,0.9920106524633822
1864,8,1872,0.9957264957264957
54,6,60,0.9
4309,12,4321,0.9972228650775283
486,8,494,0.9838056680161943
537,20,557,0.9640933572710951
716,8,724,0.988950276243094
488,6,494,0.9878542510121457
4336,13,4349,0.9970108070820879
1267,35,1302,0.9731182795698925
215,33,248,0.8669354838709677
7435,19,7454,0.9974510330024148
5613,13,5626,0.9976892996800569
426,82,508,0.8385826771653543
7436,9,7445,0.9987911349899261
1093,9,1102,0.9918330308529946
1637,10,1647,0.9939283545840923
2019,13,2032,0.9936023622047244
1307,9,1316,0.993161094224924
215,15,230,0.9347826086956522
746,8,754,0.9893899204244032
833,23,856,0.9731308411214953
1689,14,1703,0.991779213153259
319,39,358,0.8910614525139665
7435,85,7520,0.9886968085106383
2073,10,2083,0.9951992318771004
1310,6,1316,0.9954407294832827
747,7,754,0.9907161803713528
185,7,192,0.9635416666666666
17,6,23,0.7391304347826086
3755,13,3768,0.9965498938428875
2731,83,2814,0.9705046197583511
16,9,25,0.64
749,7,756,0.9907407407407407
4750,19,4769,0.9960159362549801
2019,11,2030,0.9945812807881773
2101,7,2108,0.9966793168880456
7435,19,7454,0.9974510330024148
2734,14,2748,0.99490538573508
1228,82,1310,0.9374045801526718
1691,6,1697,0.9964643488509134
2020,8,2028,0.9960552268244576
1638,11,1649,0.9933292904790783
1610,48,1658,0.971049457177322
2952,67,3019,0.9778072209340841
1695,7,1702,0.9958871915393654
4317,7,4324,0.9983811285846439
1229,40,1269,0.9684791174152876
319,97,416,0.7668269230769231
7435,21,7456,0.9971834763948498
2672,8,2680,0.9970149253731343
4750,58,4808,0.987936772046589
354,24,378,0.9365079365079365
1695,9,1704,0.9947183098591549
320,31,351,0.9116809116809117
1188,67,1255,0.9466135458167331
1701,9,1710,0.9947368421052631
1864,14,1878,0.9925452609158679
2953,37,2990,0.9876254180602007
356,10,366,0.9726775956284153
2021,14,2035,0.9931203931203931
1702,10,1712,0.9941588785046729
1492,7,1499,0.9953302201467645
356,45,401,0.8877805486284289
321,36,357,0.8991596638655462
2734,46,2780,0.983453237410072
5941,16,5957,0.997314084270606
2570,10,2580,0.9961240310077519
2201,25,2226,0.9887690925426774
1247,17,1264,0.9865506329113924
915,8,923,0.991332611050921
1179,12,1191,0.9899244332493703
6583,12,6595,0.9981804397270659
1086,11,1097,0.9899726526891522
7435,6,7441,0.9991936567665637
1200,21,1221,0.9828009828009828
901,159,1060,0.85
2724,22,2746,0.9919883466860888
1020,22,1042,0.9788867562380038
5755,29,5784,0.9949861687413555
1921,22,1943,0.988677303139475
780,9,789,0.9885931558935361
1200,13,1213,0.989282769991756
6583,12,6595,0.9981804397270659
882,18,900,0.98
1247,9,1256,0.9928343949044586
1189,11,1200,0.9908333333333333
201,16,217,0.9262672811059908
1200,17,1217,0.9860312243221035
2893,33,2926,0.9887218045112782
118,25,143,0.8251748251748252
2278,14,2292,0.993891797556719
73,15,88,0.8295454545454546
381,22,403,0.9454094292803971
1190,7,1197,0.9941520467836257
2654,15,2669,0.9943799175721244
75,15,90,0.8333333333333334
1477,15,1492,0.989946380697051
2148,14,2162,0.9935245143385754
3353,52,3405,0.9847283406754772
476,10,486,0.9794238683127572
1227,10,1237,0.9919159256265158
2149,6,2155,0.997215777262181
1478,8,1486,0.9946164199192463
1810,87,1897,0.9541381128096995
166,14,180,0.9222222222222223
1195,11,1206,0.9908789386401327
118,16,134,0.8805970149253731
974,10,984,0.9898373983739838
118,16,134,0.8805970149253731
940,19,959,0.9801876955161627
2147,21,2168,0.9903136531365314
1637,49,1686,0.9709371293001187
77,28,105,0.7333333333333333
1480,14,1494,0.9906291834002677
3096,6,3102,0.9980657640232108
76,18,94,0.8085106382978723
3402,8,3410,0.9976539589442815
3,14,17,0.17647058823529413
3046,18,3064,0.9941253263707572
7435,9,7444,0.9987909725953789
2296,15,2311,0.9935093033318909
1637,31,1668,0.9814148681055156
2880,848,3728,0.7725321888412017
1887,9,1896,0.995253164556962
1557,40,1597,0.9749530369442705
94,23,117,0.8034188034188035
2694,40,2734,0.9853694220921726
638,8,646,0.9876160990712074
976,18,994,0.9818913480885312
4,10,14,0.2857142857142857
1637,28,1665,0.9831831831831832
942,11,953,0.9884575026232949
2297,21,2318,0.9909404659188956
6,6,12,0.5
96,12,108,0.8888888888888888
273,19,292,0.934931506849315
3360,7,3367,0.997920997920998
2900,11,2911,0.9962212298179319
255,24,279,0.9139784946236559
5029,11,5040,0.9978174603174603
1475,7,1482,0.99527665317139
96,20,116,0.8275862068965517
1637,34,1671,0.9796529024536206
2299,21,2320,0.990948275862069
2531,7,2538,0.9972419227738377
172,12,184,0.9347826086956522
6204,19,6223,0.9969468102201511
7,15,22,0.3181818181818182
850,9,859,0.989522700814901
1412,7,1419,0.9950669485553206
757,28,785,0.9643312101910828
3047,55,3102,0.9822695035460993
850,9,859,0.989522700814901
757,22,779,0.9717586649550706
77,20,97,0.7938144329896907
1412,17,1429,0.9881035689293212
199,88,287,0.6933797909407665
1263,16,1279,0.9874902267396404
1213,22,1235,0.9821862348178138
6444,13,6457,0.9979866811212638
106,21,127,0.8346456692913385
199,28,227,0.8766519823788547
2299,6,2305,0.9973969631236442
1213,18,1231,0.9853777416734363
3361,10,3371,0.9970335212103233
73,8,81,0.9012345679012346
107,16,123,0.8699186991869918
20,159,179,0.11173184357541899
2484,23,2507,0.9908256880733946
638,13,651,0.9800307219662059
96,9,105,0.9142857142857143
21,19,40,0.525
97,7,104,0.9326923076923077
641,10,651,0.9846390168970814
591,11,602,0.9817275747508306
97,19,116,0.8362068965517241
487,273,760,0.6407894736842106
877,21,898,0.9766146993318485
748,11,759,0.9855072463768116
202,8,210,0.9619047619047619
1671,11,1682,0.9934601664684899
1481,21,1502,0.9860186418109188
7437,15,7452,0.9979871175523349
392,28,420,0.9333333333333333
546,7,553,0.9873417721518988
392,11,403,0.9727047146401985
577,6,583,0.9897084048027445
976,11,987,0.9888551165146909
546,8,554,0.9855595667870036
2763,17,2780,0.9938848920863309
74,17,91,0.8131868131868132
1590,9,1599,0.9943714821763602
391,6,397,0.9848866498740554
577,8,585,0.9863247863247864
204,8,212,0.9622641509433962
641,8,649,0.987673343605547
248,6,254,0.9763779527559056
3361,10,3371,0.9970335212103233
1592,52,1644,0.9683698296836983
1593,37,1630,0.9773006134969325
2678,253,2931,0.9136813374274991
2658,12,2670,0.9955056179775281
107,18,125,0.856
10,23,33,0.30303030303030304
2784,178,2962,0.9399054692775152
6204,30,6234,0.9951876804619827
1956,10,1966,0.9949135300101729
160,7,167,0.9580838323353293
248,12,260,0.9538461538461539
4348,89,4437,0.9799414018480955
101,26,127,0.7952755905511811
10,11,21,0.47619047619047616
6585,13,6598,0.9980297059715065
74,19,93,0.7956989247311828
7437,14,7451,0.9981210575761643
1561,7,1568,0.9955357142857143
165,17,182,0.9065934065934066
1958,13,1971,0.9934043632673769
1938,164,2102,0.9219790675547098
175,112,287,0.6097560975609756
588,12,600,0.98
77,12,89,0.8651685393258427
1708,9,1717,0.9947582993593477
107,13,120,0.8916666666666667
394,9,403,0.9776674937965261
1591,6,1597,0.9962429555416406
1003,8,1011,0.9920870425321464
758,9,767,0.9882659713168188
1891,18,1909,0.9905709795704557
10,16,26,0.38461538461538464
392,11,403,0.9727047146401985
1595,28,1623,0.9827479975354282
1034,17,1051,0.9838249286393911
2304,11,2315,0.9952483801295896
3987,6,3993,0.9984973703981969
2164,10,2174,0.9954001839926403
1961,13,1974,0.9934143870314083
975,10,985,0.9898477157360406
2164,11,2175,0.9949425287356322
77,21,98,0.7857142857142857
188,11,199,0.9447236180904522
1960,16,1976,0.9919028340080972
2484,13,2497,0.9947937525030036
2077,17,2094,0.9918815663801337
588,10,598,0.9832775919732442
586,29,615,0.9528455284552846
2770,8,2778,0.9971202303815695
2165,6,2171,0.9972362966374942
4918,6,4924,0.9987814784727863
587,7,594,0.9882154882154882
805,18,823,0.9781287970838396
981,7,988,0.992914979757085
2770,13,2783,0.9953287818900467
588,6,594,0.98989898989899
21,60,81,0.25925925925925924
92,6,98,0.9387755102040817
7437,28,7465,0.9962491627595446
2165,10,2175,0.9954022988505747
6582,19,6601,0.9971216482351158
805,18,823,0.9781287970838396
2184,9,2193,0.9958960328317373
2167,8,2175,0.9963218390804598
2770,10,2780,0.9964028776978417
1003,6,1009,0.9940535183349851
92,13,105,0.8761904761904762
2167,8,2175,0.9963218390804598
915,15,930,0.9838709677419355
807,12,819,0.9853479853479854
2168,7,2175,0.9967816091954023
1078,8,1086,0.992633517495396
1561,125,1686,0.9258600237247924
2815,607,3422,0.8226183518410286
1846,8,1854,0.9956850053937433
103,9,112,0.9196428571428571
587,85,672,0.8735119047619048
6582,33,6615,0.9950113378684807
107,19,126,0.8492063492063492
2168,7,2175,0.9967816091954023
1561,39,1600,0.975625
808,6,814,0.9926289926289926
979,15,994,0.9849094567404426
2360,21,2381,0.991180176396472
2777,18,2795,0.9935599284436494
99,15,114,0.868421052631579
1054,10,1064,0.9906015037593985
2781,9,2790,0.9967741935483871
2093,21,2114,0.9900662251655629
99,14,113,0.8761061946902655
359,6,365,0.9835616438356164
7436,23,7459,0.9969164767395093
2187,10,2197,0.9954483386436049
364,10,374,0.9732620320855615
2005,258,2263,0.8859920459566947
364,7,371,0.9811320754716981
1043,36,1079,0.9666357738646896
367,10,377,0.9734748010610079
2488,10,2498,0.9959967974379503
1055,10,1065,0.9906103286384976
141,18,159,0.8867924528301887
2601,24,2625,0.9908571428571429
170,11,181,0.9392265193370166
1043,76,1119,0.9320822162645219
2491,7,2498,0.9971977582065652
2113,39,2152,0.9818773234200744
588,15,603,0.9751243781094527
516,10,526,0.9809885931558935
2368,33,2401,0.9862557267805081
151,6,157,0.9617834394904459
2603,22,2625,0.9916190476190476
100,9,109,0.9174311926605505
1055,7,1062,0.9934086629001884
172,32,204,0.8431372549019608
102,11,113,0.9026548672566371
589,8,597,0.9865996649916248
24,9,33,0.7272727272727273
1849,10,1859,0.9946207638515331
1694,76,1770,0.9570621468926553
172,18,190,0.9052631578947369
590,9,599,0.9849749582637729
2941,10,2951,0.9966113181972213
2611,7,2618,0.9973262032085561
1046,114,1160,0.9017241379310345
2009,79,2088,0.9621647509578544
2772,37,2809,0.9868280526877893
1696,115,1811,0.9364991717283269
1503,9,1512,0.9940476190476191
1696,10,1706,0.9941383352872216
7424,61,7485,0.9918503674014696
1056,9,1065,0.9915492957746479
2480,63,2543,0.9752261108926464
2666,20,2686,0.992553983618764
2010,99,2109,0.9530583214793741
195,9,204,0.9558823529411765
1056,9,1065,0.9915492957746479
932,11,943,0.9883351007423118
7424,49,7473,0.9934430616887462
176,13,189,0.9312169312169312
201,285,486,0.41358024691358025
148,48,196,0.7551020408163265
2010,52,2062,0.9747817652764307
1000,19,1019,0.9813542688910697
96,17,113,0.8495575221238938
934,6,940,0.9936170212765958
3051,17,3068,0.9944589308996089
1388,60,1448,0.9585635359116023
1103,17,1120,0.9848214285714286
1105,9,1114,0.9919210053859964
617,21,638,0.9670846394984326
1222,114,1336,0.9146706586826348
948,24,972,0.9753086419753086
2154,21,2175,0.9903448275862069
2155,18,2173,0.9917165209387943
1103,9,1112,0.9919064748201439
445,34,479,0.9290187891440501
7435,37,7472,0.9950481798715204
65,12,77,0.8441558441558441
254,9,263,0.9657794676806084
2618,14,2632,0.9946808510638298
2298,18,2316,0.9922279792746114
2526,50,2576,0.9805900621118012
945,20,965,0.9792746113989638
511,19,530,0.9641509433962264
65,12,77,0.8441558441558441
2413,9,2422,0.9962840627580511
7433,8,7441,0.9989248756887515
1975,40,2015,0.9801488833746899
946,16,962,0.9833679833679834
7435,9,7444,0.9987909725953789
2469,29,2498,0.9883907125700561
453,12,465,0.9741935483870968
593,11,604,0.9817880794701986
12,35,47,0.2553191489361702
258,7,265,0.9735849056603774
506,18,524,0.9656488549618321
1094,9,1103,0.9918404351767905
593,9,602,0.9850498338870431
102,14,116,0.8793103448275862
2466,28,2494,0.9887730553327987
75,9,84,0.8928571428571429
7435,14,7449,0.9981205530943751
1257,10,1267,0.9921073401736386
3293,22,3315,0.9933634992458522
7436,7,7443,0.9990595190111514
985,7,992,0.9929435483870968
2633,6,2639,0.997726411519515
1176,7,1183,0.9940828402366864
1973,223,2196,0.8984517304189436
1912,49,1961,0.9750127485976543
593,14,607,0.9769357495881383
4946,10,4956,0.9979822437449556
3054,12,3066,0.9960861056751468
2594,13,2607,0.9950134253931723
1695,9,1704,0.9947183098591549
320,16,336,0.9523809523809523
1912,27,1939,0.9860752965446106
3054,17,3071,0.9944643438619343
104,7,111,0.9369369369369369
2469,17,2486,0.9931617055510861
1282,6,1288,0.9953416149068323
946,28,974,0.971252566735113
92,12,104,0.8846153846153846
946,19,965,0.9803108808290155
981,9,990,0.990909090909091
198,15,213,0.9295774647887324
2595,35,2630,0.9866920152091255
1223,12,1235,0.9902834008097166
5962,7,5969,0.9988272742502932
104,15,119,0.8739495798319328
173,9,182,0.9505494505494505
3050,17,3067,0.9944571242256276
4944,11,4955,0.9977800201816347
1231,7,1238,0.994345718901454
5763,12,5775,0.9979220779220779
1453,32,1485,0.9784511784511785
67,13,80,0.8375
318,70,388,0.8195876288659794
3377,68,3445,0.9802612481857765
2662,7,2669,0.9973772948669913
5970,9,5979,0.9984947315604616
7,20,27,0.25925925925925924
1088,40,1128,0.9645390070921985
1291,8,1299,0.993841416474211
2159,14,2173,0.9935572940635067
985,8,993,0.9919436052366566
204,18,222,0.918918918918919
985,7,992,0.9929435483870968
7436,11,7447,0.9985228951255539
456,12,468,0.9743589743589743
946,14,960,0.9854166666666667
982,9,991,0.9909182643794148
945,9,954,0.9905660377358491
8,18,26,0.3076923076923077
94,16,110,0.8545454545454545
7436,10,7446,0.9986569970453935
1926,9,1935,0.9953488372093023
594,19,613,0.9690048939641109
828,17,845,0.9798816568047337
1389,7,1396,0.9949856733524355
946,6,952,0.9936974789915967
98,10,108,0.9074074074074074
3044,8,3052,0.9973787680209698
2383,37,2420,0.9847107438016529
1286,15,1301,0.9884704073789393
7018,14,7032,0.9980091012514221
122,17,139,0.8776978417266187
1877,11,1888,0.9941737288135594
98,11,109,0.8990825688073395
2340,7,2347,0.9970174691095015
2114,11,2125,0.9948235294117647
222,24,246,0.9024390243902439
620,8,628,0.9872611464968153
830,30,860,0.9651162790697675
7435,52,7487,0.9930546280219046
1592,22,1614,0.9863692688971499
2913,25,2938,0.9914908100748808
1480,31,1511,0.9794837855724685
1241,8,1249,0.9935948759007206
2163,7,2170,0.9967741935483871
1296,6,1302,0.9953917050691244
1249,7,1256,0.9944267515923567
2868,96,2964,0.9676113360323887
942,15,957,0.9843260188087775
7435,37,7472,0.9950481798715204
7435,8,7443,0.998925164584173
2301,7,2308,0.9969670710571924
197,9,206,0.9563106796116505
1913,48,1961,0.9755226925038246
105,8,113,0.9292035398230089
945,12,957,0.987460815047022
2949,12,2961,0.9959473150962512
2486,26,2512,0.9896496815286624
2069,8,2077,0.9961482908040443
1877,22,1899,0.9884149552395998
122,7,129,0.9457364341085271
7436,6,7442,0.999193765116904
204,10,214,0.9532710280373832
829,9,838,0.9892601431980907
1481,8,1489,0.9946272666218939
352,9,361,0.9750692520775623
945,28,973,0.9712230215827338
2161,9,2170,0.995852534562212
204,6,210,0.9714285714285714
9,30,39,0.23076923076923078
4228,10,4238,0.9976403964134025
2346,13,2359,0.9944891903348877
173,9,182,0.9505494505494505
1482,13,1495,0.991304347826087
3519,24,3543,0.9932260795935648
2442,12,2454,0.9951100244498777
199,13,212,0.9386792452830188
1787,46,1833,0.9749045280960175
2160,9,2169,0.995850622406639
1654,7,1661,0.9957856712823601
1483,26,1509,0.9827700463883366
5991,16,6007,0.9973364408190445
2022,16,2038,0.9921491658488715
207,93,300,0.69
1042,32,1074,0.9702048417132216
1683,25,1708,0.9853629976580797
124,15,139,0.8920863309352518
204,18,222,0.918918918918919
737,13,750,0.9826666666666667
1431,12,1443,0.9916839916839917
6236,28,6264,0.9955300127713921
2443,12,2455,0.9951120162932791
4343,39,4382,0.9910999543587403
5764,23,5787,0.9960255745636772
174,12,186,0.9354838709677419
204,12,216,0.9444444444444444
408,16,424,0.9622641509433962
1045,30,1075,0.9720930232558139
2481,9,2490,0.9963855421686747
124,11,135,0.9185185185185185
466,9,475,0.9810526315789474
174,52,226,0.7699115044247787
204,10,214,0.9532710280373832
816,13,829,0.9843184559710495
291,7,298,0.9765100671140939
7435,12,7447,0.9983886128642406
212,139,351,0.603988603988604
119,28,147,0.8095238095238095
4344,8,4352,0.9981617647058824
292,7,299,0.9765886287625418
1919,16,1935,0.9917312661498708
2163,16,2179,0.9926571821936668
7436,6,7442,0.999193765116904
4866,10,4876,0.9979491386382281
202,13,215,0.9395348837209302
4176,17,4193,0.9959456236584784
2024,39,2063,0.9810954920019389
1878,12,1890,0.9936507936507937
212,19,231,0.9177489177489178
833,9,842,0.9893111638954869
810,16,826,0.9806295399515739
71,21,92,0.7717391304347826
3235,6,3241,0.9981487195310089
127,19,146,0.8698630136986302
5934,8,5942,0.998653651969034
810,28,838,0.9665871121718377
237,53,290,0.8172413793103448
1268,80,1348,0.9406528189910979
1680,7,1687,0.995850622406639
2470,12,2482,0.9951651893634166
127,12,139,0.9136690647482014
1968,13,1981,0.9934376577486118
1991,21,2012,0.9895626242544732
1206,244,1450,0.8317241379310345
1991,7,1998,0.9964964964964965
1599,8,1607,0.9950217797137524
5933,97,6030,0.9839137645107794
2560,15,2575,0.9941747572815534
71,18,89,0.797752808988764
3049,17,3066,0.9944553163731246
316,9,325,0.9723076923076923
6245,8,6253,0.9987206141052295
6243,10,6253,0.9984007676315368
1005,8,1013,0.9921026653504442
316,9,325,0.9723076923076923
1209,79,1288,0.9386645962732919
853,10,863,0.9884125144843569
130,13,143,0.9090909090909091
2602,26,2628,0.9901065449010654
7435,20,7455,0.9973172367538564
1685,19,1704,0.988849765258216
239,17,256,0.93359375
129,19,148,0.8716216216216216
316,9,325,0.9723076923076923
7436,45,7481,0.9939847613955354
2462,12,2474,0.9951495553759094
1297,72,1369,0.9474068663257852
3020,13,3033,0.9957138147049126
16,7,23,0.6956521739130435
1466,88,1554,0.9433719433719434
1299,9,1308,0.9931192660550459
1687,54,1741,0.9689833429063757
3019,11,3030,0.9963696369636964
2310,9,2319,0.9961190168175937
16,12,28,0.5714285714285714
1348,39,1387,0.9718817591925017
130,40,170,0.7647058823529411
1016,6,1022,0.9941291585127201
3864,68,3932,0.982706002034588
1300,7,1307,0.9946442234123948
1169,46,1215,0.9621399176954732
1016,14,1030,0.9864077669902913
16,16,32,0.5
7436,79,7515,0.9894876912840985
240,51,291,0.8247422680412371
7436,24,7460,0.9967828418230563
1301,10,1311,0.992372234935164
1017,9,1026,0.9912280701754386
1272,8,1280,0.99375
17,14,31,0.5483870967741935
1470,49,1519,0.967741935483871
130,17,147,0.8843537414965986
1462,7,1469,0.9952348536419333
7436,9,7445,0.9987911349899261
3175,8,3183,0.9974866478165253
836,6,842,0.9928741092636579
6253,33,6286,0.994750238625517
221,12,233,0.9484978540772532
1471,11,1482,0.9925775978407557
2312,14,2326,0.9939810834049871
1936,109,2045,0.9466992665036675
7437,15,7452,0.9979871175523349
3094,19,3113,0.9938965628011565
1461,32,1493,0.9785666443402545
2611,13,2624,0.995045731707317
7435,10,7445,0.9986568166554735
1017,44,1061,0.9585296889726673
82,6,88,0.9318181818181818
1152,11,1163,0.9905417024935511
946,10,956,0.9895397489539749
3095,13,3108,0.9958172458172458
1463,11,1474,0.9925373134328358
2615,23,2638,0.9912812736921911
934,20,954,0.9790356394129979
1709,31,1740,0.982183908045977
3095,6,3101,0.9980651402773298
5933,23,5956,0.9961383478844862
7436,18,7454,0.9975851891601825
3182,11,3193,0.9965549639837143
7436,13,7449,0.9982547993019197
1963,22,1985,0.9889168765743073
7436,12,7448,0.9983888292158969
5978,445,6423,0.9307177331465047
4280,10,4290,0.9976689976689976
3098,18,3116,0.9942233632862645
1271,9,1280,0.99296875
2624,6,2630,0.9977186311787072
232,34,266,0.8721804511278195
133,14,147,0.9047619047619048
7435,49,7484,0.993452699091395
135,32,167,0.8083832335329342
181,8,189,0.9576719576719577
4783,9,4792,0.9981218697829716
3484,12,3496,0.9965675057208238
820,21,841,0.9750297265160524
517,10,527,0.9810246679316889
1468,10,1478,0.993234100135318
2879,17,2896,0.9941298342541437
2629,10,2639,0.9962106858658583
1310,58,1368,0.9576023391812866
1185,8,1193,0.9932942162615256
77,7,84,0.9166666666666666
517,8,525,0.9847619047619047
138,16,154,0.8961038961038961
3334,12,3346,0.9964136282127914
260,19,279,0.931899641577061
828,7,835,0.9916167664670659
1159,31,1190,0.9739495798319328
517,11,528,0.9791666666666666
2200,16,2216,0.9927797833935018
3484,13,3497,0.9962825278810409
7222,15,7237,0.9979273179494266
1469,21,1490,0.9859060402684564
1185,8,1193,0.9932942162615256
1279,26,1305,0.9800766283524904
1018,21,1039,0.9797882579403272
263,16,279,0.942652329749104
7436,46,7482,0.9938519112536754
3101,11,3112,0.99646529562982
137,24,161,0.8509316770186336
4788,21,4809,0.9956331877729258
518,12,530,0.9773584905660377
185,6,191,0.9685863874345549
1316,112,1428,0.9215686274509803
2628,24,2652,0.9909502262443439
842,12,854,0.9859484777517564
1469,18,1487,0.9878950907868191
7435,15,7450,0.9979865771812081
4285,46,4331,0.9893788963287924
1073,10,1083,0.9907663896583564
137,30,167,0.8203592814371258
1020,22,1042,0.9788867562380038
140,6,146,0.958904109589041
2684,7,2691,0.9973987365291713
140,13,153,0.9150326797385621
823,217,1040,0.7913461538461538
1023,6,1029,0.9941690962099126
3290,503,3793,0.8673872923807013
1213,23,1236,0.9813915857605178
1557,38,1595,0.9761755485893417
825,10,835,0.9880239520958084
138,18,156,0.8846153846153846
1021,22,1043,0.9789069990412272
265,21,286,0.9265734265734266
133,64,197,0.6751269035532995
4789,24,4813,0.9950135050903802
198,11,209,0.9473684210526315
1410,8,1418,0.9943582510578279
263,40,303,0.8679867986798679
2684,9,2693,0.9966580022279985
520,11,531,0.9792843691148776
265,19,284,0.9330985915492958
847,16,863,0.981460023174971
199,12,211,0.943127962085308
3179,16,3195,0.9949921752738654
2637,24,2661,0.9909808342728298
826,54,880,0.9386363636363636
5945,8,5953,0.9986561397614648
4792,12,4804,0.9975020815986678
3180,6,3186,0.9981167608286252
849,13,862,0.9849187935034803
135,20,155,0.8709677419354839
1900,6,1906,0.9968520461699895
826,9,835,0.9892215568862276
1706,13,1719,0.9924374636416521
3181,14,3195,0.9956181533646322
227,9,236,0.961864406779661
92,17,109,0.8440366972477065
1172,17,1189,0.9857022708158116
136,23,159,0.8553459119496856
849,6,855,0.9929824561403509
1980,8,1988,0.9959758551307847
230,6,236,0.9745762711864406
4439,13,4452,0.9970799640610961
850,13,863,0.984936268829664
1215,264,1479,0.821501014198783
7424,16,7440,0.9978494623655914
1708,13,1721,0.9924462521789658
139,11,150,0.9266666666666666
3337,16,3353,0.995228153892037
518,12,530,0.9773584905660377
1321,83,1404,0.9408831908831908
4796,7,4803,0.9985425775556943
1708,13,1721,0.9924462521789658
941,264,1205,0.7809128630705394
1936,12,1948,0.9938398357289527
5595,13,5608,0.9976818830242511
689,8,697,0.9885222381635581
63,8,71,0.8873239436619719
26,8,34,0.7647058823529411
5595,46,5641,0.9918454174791703
7436,9,7445,0.9987911349899261
1372,11,1383,0.9920462762111352
589,10,599,0.9833055091819699
2013,8,2021,0.9960415635823849
762,75,837,0.910394265232975
372,9,381,0.9763779527559056
515,32,547,0.9414990859232175
2074,19,2093,0.9909221213569039
1826,9,1835,0.9950953678474115
1283,15,1298,0.9884437596302003
5754,22,5776,0.996191135734072
386,13,399,0.9674185463659147
4441,14,4455,0.9968574635241302
606,6,612,0.9901960784313726
930,46,976,0.9528688524590164
386,9,395,0.9772151898734177
1358,41,1399,0.9706933523945676
1377,9,1386,0.9935064935064936
585,31,616,0.9496753246753247
2846,14,2860,0.9951048951048951
606,6,612,0.9901960784313726
387,6,393,0.9847328244274809
7435,133,7568,0.9824260042283298
3750,6,3756,0.9984025559105432
606,6,612,0.9901960784313726
4443,43,4486,0.990414623272403
1285,14,1299,0.9892224788298691
4758,16,4774,0.9966485127775451
7435,42,7477,0.9943827738397754
2010,14,2024,0.9930830039525692
7434,22,7456,0.9970493562231759
374,31,405,0.9234567901234568
762,26,788,0.9670050761421319
694,13,707,0.9816124469589816
4759,15,4774,0.9968579807289485
1358,18,1376,0.9869186046511628
33,109,142,0.2323943661971831
2140,18,2158,0.9916589434661723
4443,87,4530,0.980794701986755
1383,33,1416,0.9766949152542372
2342,10,2352,0.9957482993197279
2696,14,2710,0.9948339483394834
849,11,860,0.9872093023255814
376,10,386,0.9740932642487047
4443,6,4449,0.9986513823331086
252,6,258,0.9767441860465116
1888,10,1898,0.9947312961011591
594,10,604,0.9834437086092715
2140,19,2159,0.9911996294580825
1204,52,1256,0.9585987261146497
1367,12,1379,0.9912980420594634
2696,49,2745,0.9821493624772313
252,12,264,0.9545454545454546
585,63,648,0.9027777777777778
60,27,87,0.6896551724137931
611,49,660,0.9257575757575758
595,14,609,0.9770114942528736
2143,16,2159,0.9925891616489115
376,20,396,0.9494949494949495
63,6,69,0.9130434782608695
60,27,87,0.6896551724137931
5597,35,5632,0.9937855113636364
2011,8,2019,0.9960376423972264
4442,49,4491,0.9890892896904921
449,25,474,0.9472573839662447
566,15,581,0.9741824440619621
392,63,455,0.8615384615384616
2145,16,2161,0.992596020360944
63,23,86,0.7325581395348837
376,15,391,0.9616368286445013
2012,12,2024,0.9940711462450593
394,6,400,0.985
1386,29,1415,0.9795053003533569
547,6,553,0.9891500904159132
64,8,72,0.8888888888888888
1374,17,1391,0.9877785765636233
1392,6,1398,0.9957081545064378
515,21,536,0.960820895522388
2851,17,2868,0.9940725244072525
377,30,407,0.9262899262899262
1419,29,1448,0.9799723756906077
1397,25,1422,0.9824191279887482
63,7,70,0.9
380,24,404,0.9405940594059405
2015,8,2023,0.9960454770143351
1419,52,1471,0.964649898028552
90,7,97,0.9278350515463918
1397,88,1485,0.9407407407407408
4441,64,4505,0.9857935627081021
2732,50,2782,0.9820273184759166
3756,14,3770,0.9962864721485412
1458,14,1472,0.9904891304347826
28,55,83,0.3373493975903614
1835,10,1845,0.994579945799458
1458,9,1467,0.9938650306748467
5752,10,5762,0.9982644914960084
388,10,398,0.9748743718592965
2380,8,2388,0.9966499162479062
90,9,99,0.9090909090909091
1741,15,1756,0.9914578587699316
28,17,45,0.6222222222222222
5752,11,5763,0.9980912719069929
2149,46,2195,0.9790432801822323
387,16,403,0.9602977667493796
7434,26,7460,0.996514745308311
1171,8,1179,0.993214588634436
64,19,83,0.7710843373493976
3769,31,3800,0.9918421052631579
1388,11,1399,0.9921372408863474
1415,9,1424,0.9936797752808989
64,13,77,0.8311688311688312
1199,8,1207,0.9933719966859983
976,7,983,0.9928789420142421
752,6,758,0.9920844327176781
523,28,551,0.9491833030852994
466,25,491,0.9490835030549898
2290,10,2300,0.9956521739130435
1063,13,1076,0.9879182156133829
2264,23,2287,0.989943156974202
1638,13,1651,0.9921259842519685
613,49,662,0.9259818731117825
21,58,79,0.26582278481012656
527,12,539,0.9777365491651205
1390,14,1404,0.99002849002849
1022,32,1054,0.969639468690702
1063,22,1085,0.9797235023041475
2292,13,2305,0.9943600867678959
2297,34,2331,0.9854139854139854
528,22,550,0.96
2655,15,2670,0.9943820224719101
1371,17,1388,0.9877521613832853
615,7,622,0.9887459807073955
892,14,906,0.9845474613686535
2940,27,2967,0.9908998988877654
1528,13,1541,0.9915639195327709
23,6,29,0.7931034482758621
2942,11,2953,0.9962749746020996
752,13,765,0.9830065359477124
1728,88,1816,0.9515418502202643
1528,14,1542,0.9909208819714657
616,103,719,0.8567454798331016
2919,9,2928,0.9969262295081968
1379,9,1388,0.9935158501440923
751,72,823,0.9125151883353585
1732,6,1738,0.996547756041427
616,7,623,0.9887640449438202
1448,55,1503,0.9634065202927479
1393,19,1412,0.9865439093484419
533,6,539,0.9888682745825603
2294,13,2307,0.9943649761595145
1885,307,2192,0.8599452554744526
1545,6,1551,0.9961315280464217
284,9,293,0.9692832764505119
7436,6,7442,0.999193765116904
7436,12,7448,0.9983888292158969
2945,13,2958,0.995605138607167
1545,24,1569,0.9847036328871893
978,6,984,0.9939024390243902
1062,10,1072,0.9906716417910447
1735,9,1744,0.9948394495412844
2919,9,2928,0.9969262295081968
1028,19,1047,0.9818529130850048
2264,15,2279,0.9934181658622203
2295,11,2306,0.9952298352124892
978,9,987,0.9908814589665653
7436,13,7449,0.9982547993019197
1886,104,1990,0.9477386934673366
7435,8,7443,0.998925164584173
290,6,296,0.9797297297297297
7436,19,7455,0.9974513749161636
1385,21,1406,0.9850640113798008
1062,19,1081,0.9824236817761333
621,25,646,0.9613003095975232
2919,9,2928,0.9969262295081968
2951,9,2960,0.9969594594594594
1742,87,1829,0.9524330235101148
7098,30,7128,0.9957912457912458
2661,8,2669,0.997002622705133
980,8,988,0.9919028340080972
1385,16,1401,0.9885795860099929
80,6,86,0.9302325581395349
624,20,644,0.968944099378882
2358,13,2371,0.9945170814002531
2960,13,2973,0.9956273124789775
764,14,778,0.9820051413881749
646,30,676,0.9556213017751479
1889,21,1910,0.9890052356020942
1088,28,1116,0.974910394265233
1603,10,1613,0.9938003719776813
2707,25,2732,0.9908491947291361
898,6,904,0.9933628318584071
305,20,325,0.9384615384615385
1056,14,1070,0.9869158878504672
898,32,930,0.9655913978494624
303,30,333,0.9099099099099099
7105,6,7111,0.9991562368162002
624,27,651,0.9585253456221198
725,12,737,0.9837177747625508
3592,7,3599,0.9980550152820228
313,19,332,0.9427710843373494
979,151,1130,0.8663716814159292
1634,10,1644,0.9939172749391727
1732,17,1749,0.9902801600914809
7432,17,7449,0.9977178144717411
1686,28,1714,0.9836639439906651
7436,7,7443,0.9990595190111514
2285,12,2297,0.9947757945145842
7107,18,7125,0.9974736842105263
1733,6,1739,0.9965497412305923
1634,118,1752,0.932648401826484
900,13,913,0.9857612267250822
900,8,908,0.9911894273127754
2220,51,2271,0.9775429326287979
2942,9,2951,0.9969501863774991
3968,9,3977,0.9977369876791552
82,7,89,0.9213483146067416
311,25,336,0.9255952380952381
903,15,918,0.9836601307189542
927,58,985,0.9411167512690355
157,14,171,0.9181286549707602
31,7,38,0.8157894736842105
3625,14,3639,0.9961527892278098
2711,6,2717,0.9977916820022084
30,9,39,0.7692307692307693
311,91,402,0.7736318407960199
2227,30,2257,0.9867080194949047
3220,10,3230,0.9969040247678018
179,13,192,0.9322916666666666
2669,8,2677,0.9970115801270079
82,7,89,0.9213483146067416
3214,10,3224,0.9968982630272953
900,22,922,0.9761388286334056
1569,59,1628,0.9637592137592138
2669,8,2677,0.9970115801270079
652,9,661,0.9863842662632375
7113,13,7126,0.9981756946393489
7436,31,7467,0.9958483996250167
179,12,191,0.93717277486911
2670,7,2677,0.9973851326111318
985,9,994,0.9909456740442656
7435,12,7447,0.9983886128642406
1136,6,1142,0.9947460595446584
2541,13,2554,0.9949099451840251
7436,25,7461,0.9966492427288567
1138,6,1144,0.9947552447552448
7436,11,7447,0.9985228951255539
1988,19,2007,0.9905331340308918
7425,66,7491,0.9911894273127754
1138,8,1146,0.9930191972076788
1628,86,1714,0.9498249708284714
2496,23,2519,0.9908693926161175
2676,12,2688,0.9955357142857143
1140,10,1150,0.991304347826087
3598,337,3935,0.9143583227445997
7425,66,7491,0.9911894273127754
2960,29,2989,0.9902977584476413
2155,66,2221,0.9702836560108059
3638,15,3653,0.9958937859293732
1990,8,1998,0.995995995995996
2798,9,2807,0.9967937299608123
2227,15,2242,0.9933095450490633
985,9,994,0.9909456740442656
2498,11,2509,0.99561578318055
1625,6,1631,0.9963212752912324
7435,127,7562,0.9832055011901614
1624,30,1654,0.9818621523579202
1625,18,1643,0.9890444309190505
2962,6,2968,0.9979784366576819
5381,11,5392,0.997959940652819
2676,8,2684,0.9970193740685543
242,19,261,0.9272030651340997
2501,10,2511,0.9960175228992433
3653,22,3675,0.9940136054421769
7430,37,7467,0.9950448640685684
98,17,115,0.8521739130434782
242,12,254,0.952755905511811
118,12,130,0.9076923076923077
2504,8,2512,0.9968152866242038
2676,11,2687,0.9959062151097878
1732,9,1741,0.9948305571510626
2505,8,2513,0.996816553919618
2756,7,2763,0.9974665218964893
536,62,598,0.8963210702341137
407,15,422,0.9644549763033176
41,397,438,0.09360730593607305
3092,14,3106,0.995492594977463
2258,19,2277,0.9916556873078612
1113,9,1122,0.9919786096256684
7431,11,7442,0.9985219027143241
3077,13,3090,0.9957928802588997
863,20,883,0.9773499433748585
7431,14,7445,0.9981195433176628
3020,13,3033,0.9957138147049126
2757,12,2769,0.9956663055254604
4306,6,4312,0.99860853432282
3092,28,3120,0.9910256410256411
1113,10,1123,0.9910952804986642
1750,391,2141,0.8173750583839328
4183,9,4192,0.9978530534351145
1658,8,1666,0.9951980792316927
7432,13,7445,0.9982538616521155
2482,11,2493,0.99558764540714
407,8,415,0.980722891566265
4183,9,4192,0.9978530534351145
5915,6,5921,0.9989866576591792
2794,11,2805,0.996078431372549
2260,34,2294,0.985178727114211
1026,13,1039,0.987487969201155
866,15,881,0.9829738933030647
4303,8,4311,0.9981442820691255
1661,8,1669,0.9952067106051528
2552,10,2562,0.9960967993754879
247,30,277,0.8916967509025271
2554,7,2561,0.9972666926981648
1026,31,1057,0.9706717123935666
251,10,261,0.9616858237547893
2369,6,2375,0.9974736842105263
2796,11,2807,0.9960812255076594
4305,8,4313,0.9981451425921632
4700,9,4709,0.9980887661923975
1029,7,1036,0.9932432432432432
3575,7,3582,0.9980457844779452
1137,10,1147,0.99128160418483
251,25,276,0.9094202898550725
106,8,114,0.9298245614035088
4306,7,4313,0.9983769997681429
768,13,781,0.9833546734955185
622,15,637,0.9764521193092621
1138,10,1148,0.9912891986062717
2797,6,2803,0.9978594363182305
2798,9,2807,0.9967937299608123
2998,6,3004,0.9980026631158455
12,10,22,0.5454545454545454
7436,26,7462,0.9965156794425087
976,11,987,0.9888551165146909
7151,9,7160,0.9987430167597765
5381,6,5387,0.9988862075366624
1101,76,1177,0.935429056924384
13,52,65,0.2
7435,15,7450,0.9979865771812081
95,14,109,0.8715596330275229
2607,64,2671,0.9760389367278173
2422,25,2447,0.9897834082550061
29,6,35,0.8285714285714286
892,8,900,0.9911111111111112
94,13,107,0.8785046728971962
1307,16,1323,0.9879062736205594
331,19,350,0.9457142857142857
4217,7,4224,0.998342803030303
4769,102,4871,0.9790597413262164
2738,29,2767,0.9895193350198771
95,16,111,0.8558558558558559
197,7,204,0.9656862745098039
841,18,859,0.9790454016298021
6077,49,6126,0.9920013059092393
4217,18,4235,0.995749704840614
744,18,762,0.9763779527559056
742,24,766,0.9686684073107049
7154,6,7160,0.9991620111731844
3208,12,3220,0.9962732919254659
7153,6,7159,0.9991618941192904
1347,9,1356,0.9933628318584071
4075,8,4083,0.9980406563801126
331,7,338,0.9792899408284024
2724,66,2790,0.9763440860215054
34,7,41,0.8292682926829268
4796,21,4817,0.995640440107951
1653,37,1690,0.9781065088757397
969,55,1024,0.9462890625
194,26,220,0.8818181818181818
2076,13,2089,0.9937769267592149
2326,9,2335,0.9961456102783726
6097,13,6110,0.997872340425532
35,7,42,0.8333333333333334
1018,8,1026,0.9922027290448343
1115,11,1126,0.9902309058614565
4061,12,4073,0.9970537687208446
4075,7,4082,0.9982851543361098
1825,16,1841,0.9913090711569799
1018,8,1026,0.9922027290448343
7435,85,7520,0.9886968085106383
7436,10,7446,0.9986569970453935
2050,12,2062,0.9941804073714839
96,38,134,0.7164179104477612
4061,16,4077,0.9960755457444199
841,14,855,0.9836257309941521
4765,7,4772,0.9985331098072087
6097,130,6227,0.9791231732776617
2038,11,2049,0.9946315275744265
7436,14,7450,0.9981208053691275
7436,8,7444,0.99892530897367
7435,60,7495,0.9919946631087392
544,6,550,0.9890909090909091
2278,19,2297,0.9917283413147584
52,14,66,0.7878787878787878
183,30,213,0.8591549295774648
4765,12,4777,0.997487963156793
1656,6,1662,0.9963898916967509
332,17,349,0.9512893982808023
1032,18,1050,0.9828571428571429
508,11,519,0.9788053949903661
2714,64,2778,0.9769618430525558
2278,19,2297,0.9917283413147584
6097,61,6158,0.9900941864241637
746,52,798,0.9348370927318296
2038,26,2064,0.9874031007751938
7435,200,7635,0.9738048461034708
1177,7,1184,0.9940878378378378
848,14,862,0.9837587006960556
163,15,178,0.9157303370786517
7087,25,7112,0.9964848143982002
6097,117,6214,0.9811715481171548
2079,7,2086,0.9966442953020134
550,57,607,0.9060955518945635
4064,17,4081,0.9958343543249204
333,42,375,0.888
7089,40,7129,0.9943891148828727
163,12,175,0.9314285714285714
1799,57,1856,0.9692887931034483
1089,10,1099,0.9909008189262967
1830,14,1844,0.9924078091106291
184,16,200,0.92
554,18,572,0.9685314685314685
1831,15,1846,0.9918743228602384
2657,12,2669,0.9955039340576995
4609,8,4617,0.9982672731210743
186,7,193,0.9637305699481865
7091,11,7102,0.9984511405237961
1805,66,1871,0.9647247461250668
293,10,303,0.966996699669967
4611,6,4617,0.9987004548408057
2657,8,2665,0.9969981238273922
712,11,723,0.9847856154910097
1831,10,1841,0.9945681694731124
1033,13,1046,0.9875717017208413
293,18,311,0.9421221864951769
1834,10,1844,0.9945770065075922
3213,7,3220,0.9978260869565218
6061,90,6151,0.9853682328076735
41,11,52,0.7884615384615384
557,58,615,0.9056910569105691
353,66,419,0.8424821002386634
7436,29,7465,0.9961152042866711
746,36,782,0.9539641943734015
3213,19,3232,0.9941212871287128
1033,15,1048,0.9856870229007634
4611,6,4617,0.9987004548408057
7435,6,7441,0.9991936567665637
1428,9,1437,0.9937369519832986
2035,10,2045,0.9951100244498777
7435,10,7445,0.9986568166554735
379,20,399,0.949874686716792
1033,7,1040,0.9932692307692308
2473,17,2490,0.9931726907630523
7091,92,7183,0.9871919810664068
2049,19,2068,0.9908123791102514
1116,130,1246,0.8956661316211878
380,40,420,0.9047619047619048
7158,150,7308,0.9794745484400657
7435,10,7445,0.9986568166554735
2474,15,2489,0.9939734833266372
7093,26,7119,0.9963478016575362
7436,11,7447,0.9985228951255539
357,9,366,0.9754098360655737
379,23,402,0.9427860696517413
2097,88,2185,0.9597254004576659
548,7,555,0.9873873873873874
172,15,187,0.9197860962566845
47,6,53,0.8867924528301887
7431,10,7441,0.9986560946109394
7029,17,7046,0.9975872835651434
4616,8,4624,0.9982698961937716
985,8,993,0.9919436052366566
549,6,555,0.9891891891891892
3213,14,3227,0.9956616052060737
2477,10,2487,0.995979091274628
2122,73,2195,0.966742596810934
319,11,330,0.9666666666666667
983,12,995,0.9879396984924623
3214,6,3220,0.9981366459627329
7029,19,7048,0.9973041997729852
749,10,759,0.9868247694334651
50,10,60,0.8333333333333334
3216,6,3222,0.9981378026070763
1089,14,1103,0.9873073436083409
1177,6,1183,0.9949281487743026
7098,25,7123,0.996490242875193
2055,8,2063,0.9961221522055259
291,20,311,0.9356913183279743
2057,12,2069,0.9942000966650556
37,6,43,0.8604651162790697
2058,10,2068,0.995164410058027
1033,7,1040,0.9932692307692308
380,130,510,0.7450980392156863
749,11,760,0.9855263157894737
7100,20,7120,0.9971910112359551
201,14,215,0.9348837209302325
332,11,343,0.967930029154519
39,7,46,0.8478260869565217
177,13,190,0.9315789473684211
750,14,764,0.981675392670157
367,104,471,0.7791932059447984
980,12,992,0.9879032258064516
1937,16,1953,0.9918074756784434
730,8,738,0.989159891598916
2371,6,2377,0.9974758098443416
1512,13,1525,0.9914754098360655
730,8,738,0.989159891598916
1937,12,1949,0.9938429964084146
98,20,118,0.8305084745762712
751,7,758,0.9907651715039578
7436,10,7446,0.9986569970453935
3438,13,3451,0.9962329759490003
7103,29,7132,0.9959338194054963
331,6,337,0.9821958456973294
2083,6,2089,0.9971278123504069
209,10,219,0.954337899543379
3003,9,3012,0.9970119521912351
39,7,46,0.8478260869565217
179,10,189,0.9470899470899471
7436,8,7444,0.99892530897367
2050,7,2057,0.9965969859017987
99,12,111,0.8918918918918919
894,9,903,0.9900332225913622
98,18,116,0.8448275862068966
2083,8,2091,0.9961740793878527
7437,12,7449,0.9983890455094644
3003,11,3014,0.9963503649635036
345,12,357,0.9663865546218487
4333,13,4346,0.9970087436723424
7436,9,7445,0.9987911349899261
9,22,31,0.2903225806451613
1883,81,1964,0.9587576374745418
677,22,699,0.9685264663805436
1890,6,1896,0.9968354430379747
293,48,341,0.8592375366568915
2330,8,2338,0.9965782720273738
2199,63,2262,0.9721485411140584
1028,30,1058,0.9716446124763705
3367,17,3384,0.9949763593380615
7436,10,7446,0.9986569970453935
1890,11,1901,0.9942135718043135
1228,7,1235,0.994331983805668
157,8,165,0.9515151515151515
543,8,551,0.985480943738657
9,6,15,0.6
5133,6,5139,0.9988324576765908
2903,10,2913,0.9965671129419842
2330,20,2350,0.9914893617021276
540,18,558,0.967741935483871
910,20,930,0.978494623655914
295,57,352,0.8380681818181818
1153,8,1161,0.9931093884582257
1037,6,1043,0.9942473633748802
73,19,92,0.7934782608695652
4959,9,4968,0.9981884057971014
671,14,685,0.9795620437956204
352,61,413,0.8523002421307506
1153,8,1161,0.9931093884582257
591,45,636,0.9292452830188679
11,8,19,0.5789473684210527
912,6,918,0.9934640522875817
591,22,613,0.964110929853181
351,40,391,0.8976982097186701
2799,36,2835,0.9873015873015873
23,15,38,0.6052631578947368
1508,13,1521,0.9914529914529915
903,196,1099,0.821656050955414
7436,32,7468,0.9957150508837708
1240,58,1298,0.9553158705701078
912,10,922,0.9891540130151844
25,7,32,0.78125
3016,11,3027,0.9963660389824909
7435,20,7455,0.9973172367538564
353,12,365,0.9671232876712329
308,63,371,0.8301886792452831
142,44,186,0.7634408602150538
731,9,740,0.9878378378378379
663,9,672,0.9866071428571429
142,9,151,0.9403973509933775
237,6,243,0.9753086419753086
2744,109,2853,0.961794602173151
7097,21,7118,0.9970497330710874
384,15,399,0.9624060150375939
114,121,235,0.4851063829787234
2036,66,2102,0.9686013320647003
1351,11,1362,0.9919236417033774
107,13,120,0.8916666666666667
2723,6,2729,0.9978013924514474
448,77,525,0.8533333333333334
2036,20,2056,0.9902723735408561
107,11,118,0.9067796610169492
447,18,465,0.9612903225806452
1352,10,1362,0.9926578560939795
238,9,247,0.9635627530364372
2572,19,2591,0.99266692396758
1271,21,1292,0.9837461300309598
2071,27,2098,0.9871306005719733
45,36,81,0.5555555555555556
1272,6,1278,0.9953051643192489
1321,17,1338,0.9872944693572496
2069,8,2077,0.9961482908040443
1887,105,1992,0.947289156626506
43,17,60,0.7166666666666667
1490,11,1501,0.9926715522984677
1317,24,1341,0.9821029082774049
3269,10,3279,0.9969502897224763
2580,7,2587,0.9972941631233089
4399,6,4405,0.9986379114642452
2954,9,2963,0.9969625379682754
2070,6,2076,0.9971098265895953
81,14,95,0.8526315789473684
109,7,116,0.9396551724137931
3446,29,3475,0.9916546762589928
1961,16,1977,0.9919069296914517
617,94,711,0.8677918424753868
2394,11,2405,0.9954261954261955
109,15,124,0.8790322580645161
3133,58,3191,0.981823879661548
2022,13,2035,0.9936117936117936
1336,10,1346,0.9925705794947994
158,6,164,0.9634146341463414
6097,6,6103,0.9990168769457644
2070,6,2076,0.9971098265895953
46,6,52,0.8846153846153846
2070,6,2076,0.9971098265895953
2954,8,2962,0.9972991222147198
1726,11,1737,0.9936672423719056
7136,101,7237,0.9860439408594721
129,13,142,0.9084507042253521
2070,6,2076,0.9971098265895953
842,12,854,0.9859484777517564
3121,7,3128,0.9977621483375959
450,18,468,0.9615384615384616
1363,7,1370,0.9948905109489051
641,16,657,0.9756468797564688
2387,82,2469,0.9667881733495343
3212,109,3321,0.9671785606744956
7138,9,7147,0.9987407303763817
2359,15,2374,0.993681550126369
1100,271,1371,0.8023340627279358
47,10,57,0.8245614035087719
1364,9,1373,0.9934450109249818
1726,10,1736,0.9942396313364056
20,15,35,0.5714285714285714
4134,9,4143,0.997827661115134
91,8,99,0.9191919191919192
3121,7,3128,0.9977621483375959
1749,391,2140,0.8172897196261683
1838,6,1844,0.9967462039045553
1333,128,1461,0.9123887748117727
182,211,393,0.4631043256997455
1373,76,1449,0.9475500345065563
2103,9,2112,0.9957386363636364
2361,15,2376,0.9936868686868687
3452,8,3460,0.9976878612716763
1935,19,1954,0.9902763561924258
2571,52,2623,0.9801753717117804
3114,9,3123,0.9971181556195965
1374,46,1420,0.967605633802817
109,55,164,0.6646341463414634
1506,8,1514,0.9947159841479525
2361,8,2369,0.9966230476994512
2114,29,2143,0.9864675688287448
368,43,411,0.8953771289537713
2134,7,2141,0.9967304997664642
2075,33,2108,0.9843453510436433
1372,46,1418,0.9675599435825106
1840,116,1956,0.9406952965235174
13,8,21,0.6190476190476191
238,13,251,0.9482071713147411
7139,11,7150,0.9984615384615385
1334,11,1345,0.9918215613382899
1002,7,1009,0.9930624380574826
2363,9,2372,0.9962057335581788
21,22,43,0.4883720930232558
323,34,357,0.9047619047619048
1843,8,1851,0.9956780118854673
1374,109,1483,0.9265003371544167
3760,7,3767,0.9981417573666047
1961,8,1969,0.9959370238699847
1402,14,1416,0.9901129943502824
92,16,108,0.8518518518518519
1374,40,1414,0.9717114568599717
14,6,20,0.7
13,19,32,0.40625
3276,19,3295,0.9942336874051594
1973,15,1988,0.9924547283702213
61,25,86,0.7093023255813954
2492,29,2521,0.9884966283220944
1512,46,1558,0.9704749679075738
119,93,212,0.5613207547169812
1320,7,1327,0.9947249434815373
2906,9,2915,0.9969125214408233
1849,10,1859,0.9946207638515331
1290,11,1301,0.9915449654112222
1091,8,1099,0.9927206551410374
13,8,21,0.6190476190476191
1323,76,1399,0.9456754824874911
1849,40,1889,0.9788247750132345
1321,7,1328,0.9947289156626506
986,16,1002,0.9840319361277445
14,15,29,0.4827586206896552
1337,10,1347,0.9925760950259837
3488,10,3498,0.9971412235563178
1405,14,1419,0.9901338971106413
1201,9,1210,0.9925619834710744
1322,7,1329,0.9947328818660647
1598,18,1616,0.9888613861386139
3118,10,3128,0.9968030690537084
163,8,171,0.9532163742690059
1336,8,1344,0.9940476190476191
4491,6,4497,0.9986657771847899
3265,18,3283,0.9945172098690223
2434,64,2498,0.9743795036028823
1467,7,1474,0.9952510176390773
3117,10,3127,0.9968020466901183
974,7,981,0.9928644240570846
117,6,123,0.9512195121951219
1271,18,1289,0.9860356865787432
731,58,789,0.926489226869455
427,10,437,0.977116704805492
3865,100,3965,0.9747793190416141
2430,36,2466,0.9854014598540146
4071,25,4096,0.993896484375
122,7,129,0.9457364341085271
427,17,444,0.9617117117117117
1599,9,1608,0.9944029850746269
2431,40,2471,0.9838122217725617
3917,109,4026,0.9729259811227025
1330,22,1352,0.9837278106508875
4790,30,4820,0.9937759336099585
1352,10,1362,0.9926578560939795
1600,8,1608,0.9950248756218906
804,85,889,0.9043869516310461
1600,6,1606,0.9962640099626401
614,599,1213,0.5061830173124485
1601,6,1607,0.9962663347853142
2893,31,2924,0.9893980848153214
984,121,1105,0.890497737556561
3945,102,4047,0.9747961452928094
432,10,442,0.9773755656108597
1277,13,1290,0.9899224806201551
2644,9,2653,0.996607614021862
986,17,1003,0.9830508474576272
3960,9,3969,0.9977324263038548
6187,9,6196,0.9985474499677212
2329,9,2338,0.9961505560307955
1334,81,1415,0.942756183745583
456,9,465,0.9806451612903225
1276,18,1294,0.9860896445131375
984,81,1065,0.923943661971831
3896,12,3908,0.9969293756397134
1404,15,1419,0.9894291754756871
2548,7,2555,0.9972602739726028
122,6,128,0.953125
1603,13,1616,0.9919554455445545
4765,43,4808,0.9910565723793677
1276,13,1289,0.9899146625290923
102,487,589,0.1731748726655348
7328,23,7351,0.9968711739899333
1318,19,1337,0.9857890800299177
729,10,739,0.986468200270636
2643,15,2658,0.9943566591422122
2069,9,2078,0.9956689124157844
1750,8,1758,0.9954493742889647
2726,20,2746,0.9927166788055353
457,46,503,0.9085487077534792
987,9,996,0.9909638554216867
2476,36,2512,0.9856687898089171
2065,9,2074,0.9956605593056895
2721,7,2728,0.9974340175953079
79,23,102,0.7745098039215687
4249,10,4259,0.9976520309931909
2791,21,2812,0.9925320056899004
2790,11,2801,0.9960728311317386
2997,9,3006,0.9970059880239521
1591,49,1640,0.9701219512195122
150,10,160,0.9375
386,31,417,0.9256594724220624
2503,26,2529,0.9897192566231712
331,52,383,0.8642297650130548
423,22,445,0.950561797752809
709,6,715,0.9916083916083916
1652,12,1664,0.9927884615384616
3977,10,3987,0.9974918485076498
158,25,183,0.8633879781420765
613,8,621,0.9871175523349437
2864,387,3251,0.8809597047062442
3848,9,3857,0.9976665802437127
158,6,164,0.9634146341463414
617,9,626,0.9856230031948882
1861,73,1934,0.9622543950361944
151,9,160,0.94375
6487,17,6504,0.9973862238622386
9,78,87,0.10344827586206896
151,9,160,0.94375
191,196,387,0.4935400516795866
1690,44,1734,0.9746251441753172
4939,9,4948,0.998181083265966
1897,46,1943,0.9763252702007206
160,19,179,0.8938547486033519
1538,12,1550,0.9922580645161291
151,8,159,0.949685534591195
86,9,95,0.9052631578947369
622,31,653,0.9525267993874426
3334,8,3342,0.997606223818073
2525,15,2540,0.9940944881889764
2059,82,2141,0.9617001401214386
1612,71,1683,0.9578134284016637
151,8,159,0.949685534591195
1538,7,1545,0.9954692556634305
1085,22,1107,0.980126467931346
3020,9,3029,0.9970287223506108
34,6,40,0.85
636,10,646,0.9845201238390093
162,14,176,0.9204545454545454
1615,37,1652,0.9776029055690073
332,55,387,0.8578811369509044
1907,6,1913,0.9968635650810246
1992,12,2004,0.9940119760479041
2985,7,2992,0.9976604278074866
152,9,161,0.9440993788819876
1862,209,2071,0.8990825688073395
1634,43,1677,0.9743589743589743
4467,8,4475,0.9982122905027933
160,6,166,0.963855421686747
2248,9,2257,0.9960124058484714
1539,11,1550,0.9929032258064516
12,74,86,0.13953488372093023
153,9,162,0.9444444444444444
334,9,343,0.9737609329446064
1539,10,1549,0.9935442220787605
1863,79,1942,0.9593202883625128
1992,11,2003,0.9945082376435347
1540,10,1550,0.9935483870967742
636,14,650,0.9784615384615385
748,11,759,0.9855072463768116
1540,10,1550,0.9935483870967742
3424,409,3833,0.8932950691364466
1087,7,1094,0.993601462522852
1655,10,1665,0.993993993993994
149,7,156,0.9551282051282052
2470,6,2476,0.9975767366720517
1616,29,1645,0.982370820668693
149,52,201,0.7412935323383084
1850,28,1878,0.9850905218317358
3360,86,3446,0.9750435287289612
228,7,235,0.9702127659574468
2445,14,2459,0.9943066287108581
1749,17,1766,0.9903737259343148
1502,31,1533,0.9797782126549249
13,26,39,0.3333333333333333
1852,6,1858,0.9967707212055974
749,40,789,0.9493029150823827
4056,22,4078,0.9946051986267779
2470,39,2509,0.9844559585492227
1884,7,1891,0.9962982548915917
1297,105,1402,0.9251069900142653
1563,15,1578,0.9904942965779467
103,14,117,0.8803418803418803
7436,7,7443,0.9990595190111514
4057,46,4103,0.9887886912015599
105,6,111,0.9459459459459459
1563,30,1593,0.9811676082862524
1913,46,1959,0.9765186319550792
1863,382,2245,0.8298440979955457
1743,6,1749,0.9965694682675815
1313,6,1319,0.9954510993176648
15,30,45,0.3333333333333333
1914,20,1934,0.9896587383660806
105,11,116,0.9051724137931034
2518,40,2558,0.9843627834245504
4057,70,4127,0.983038526774897
1313,9,1322,0.9931921331316188
1874,24,1898,0.9873551106427819
7074,9,7083,0.9987293519695044
362,15,377,0.9602122015915119
1064,16,1080,0.9851851851851852
2448,14,2462,0.9943135662063363
2628,20,2648,0.9924471299093656
93,15,108,0.8611111111111112
6044,27,6071,0.9955526272442761
7435,6,7441,0.9991936567665637
5825,14,5839,0.997602329165953
4868,18,4886,0.9963160049119935
2215,8,2223,0.9964012595591543
6041,24,6065,0.996042868920033
4868,7,4875,0.9985641025641026
1874,28,1902,0.9852786540483701
2450,6,2456,0.997557003257329
77,81,158,0.4873417721518987
2823,18,2841,0.9936642027455121
4437,64,4501,0.985780937569429
282,13,295,0.9559322033898305
842,9,851,0.9894242068155111
7074,105,7179,0.985374007521939
282,6,288,0.9791666666666666
374,7,381,0.9816272965879265
1823,7,1830,0.9961748633879781
7119,10,7129,0.9985972787207182
1156,146,1302,0.8878648233486943
7423,310,7733,0.9599120651752231
283,6,289,0.9792387543252595
283,13,296,0.956081081081081
1058,30,1088,0.9724264705882353
842,9,851,0.9894242068155111
105,9,114,0.9210526315789473
1583,11,1594,0.993099121706399
289,14,303,0.9537953795379538
1159,21,1180,0.9822033898305085
3621,8,3629,0.9977955359603197
906,12,918,0.9869281045751634
106,17,123,0.8617886178861789
1057,17,1074,0.984171322160149
241,43,284,0.8485915492957746
1852,24,1876,0.9872068230277186
1761,8,1769,0.9954776710005653
1761,12,1773,0.9932318104906938
469,13,482,0.9730290456431535
1823,13,1836,0.9929193899782135
908,14,922,0.9848156182212582
4102,11,4113,0.9973255531242402
315,20,335,0.9402985074626866
3807,11,3818,0.9971189104243059
1468,32,1500,0.9786666666666667
469,30,499,0.9398797595190381
382,11,393,0.9720101781170484
908,15,923,0.9837486457204767
2629,6,2635,0.9977229601518026
3727,107,3834,0.9720918101199791
1060,21,1081,0.9805735430157262
379,28,407,0.9312039312039312
2091,6,2097,0.9971387696709585
1470,11,1481,0.9925725860904794
908,6,914,0.9934354485776805
3056,9,3065,0.9970636215334421
1879,7,1886,0.996288441145281
78,15,93,0.8387096774193549
1059,9,1068,0.9915730337078652
107,21,128,0.8359375
2428,8,2436,0.9967159277504105
2628,12,2640,0.9954545454545455
3057,6,3063,0.9980411361410382
7436,14,7450,0.9981208053691275
3135,11,3146,0.9965034965034965
1060,18,1078,0.9833024118738405
316,6,322,0.9813664596273292
5503,29,5532,0.9947577729573391
2630,12,2642,0.9954579863739591
395,15,410,0.9634146341463414
392,22,414,0.9468599033816425
2629,7,2636,0.9973444613050075
2092,6,2098,0.9971401334604385
4871,17,4888,0.9965220949263502
910,8,918,0.9912854030501089
392,6,398,0.9849246231155779
390,23,413,0.9443099273607748
1476,6,1482,0.9959514170040485
390,13,403,0.967741935483871
910,8,918,0.9912854030501089
2431,6,2437,0.9975379565038982
1060,6,1066,0.9943714821763602
5913,12,5925,0.9979746835443037
910,26,936,0.9722222222222222
2630,16,2646,0.9939531368102796
1064,15,1079,0.9860982391102873
2424,9,2433,0.9963008631319359
3058,12,3070,0.9960912052117263
2748,22,2770,0.992057761732852
186,9,195,0.9538461538461539
3627,34,3661,0.9907129199672221
6229,21,6250,0.99664
79,10,89,0.8876404494382022
2219,12,2231,0.994621246077992
46,14,60,0.7666666666666667
1080,30,1110,0.972972972972973
7436,40,7476,0.994649545211343
4871,40,4911,0.9918550193443291
5509,18,5527,0.9967432603582413
1476,24,1500,0.984
6213,6,6219,0.9990352146647371
2841,11,2852,0.9961430575035063
1062,15,1077,0.9860724233983287
7168,14,7182,0.9980506822612085
395,15,410,0.9634146341463414
903,21,924,0.9772727272727273
106,12,118,0.8983050847457628
2454,8,2462,0.9967506092607636
2841,9,2850,0.9968421052631579
3627,75,3702,0.979740680713128
80,15,95,0.8421052631578947
5516,55,5571,0.9901274457009513
469,8,477,0.9832285115303984
1588,9,1597,0.9943644333124608
468,8,476,0.9831932773109243
188,6,194,0.9690721649484536
2433,12,2445,0.9950920245398773
6230,6,6236,0.99903784477229
2433,12,2445,0.9950920245398773
2842,16,2858,0.9944016794961511
1832,6,1838,0.9967355821545157
6229,41,6270,0.9934609250398724
1593,25,1618,0.984548825710754
398,15,413,0.9636803874092009
6230,79,6309,0.9874782057378348
170,13,183,0.9289617486338798
3103,6,3109,0.9980701190093277
348,9,357,0.9747899159663865
5523,9,5532,0.9983731019522777
2842,9,2851,0.9968432129077517
1022,23,1045,0.9779904306220095
398,13,411,0.9683698296836983
904,102,1006,0.8986083499005965
271,18,289,0.9377162629757786
1022,15,1037,0.9855351976856316
1590,33,1623,0.9796672828096118
6230,6,6236,0.99903784477229
402,9,411,0.9781021897810219
188,7,195,0.9641025641025641
1064,17,1081,0.9842738205365402
346,15,361,0.9584487534626038
1027,15,1042,0.9856046065259118
1069,11,1080,0.9898148148148148
95,14,109,0.8715596330275229
1592,33,1625,0.9796923076923076
1067,13,1080,0.9879629629629629
1666,6,1672,0.9964114832535885
1718,87,1805,0.9518005540166204
1666,8,1674,0.995221027479092
1707,9,1716,0.9947552447552448
1032,13,1045,0.9875598086124402
318,12,330,0.9636363636363636
879,13,892,0.9854260089686099
1037,8,1045,0.9923444976076555
6230,195,6425,0.9696498054474708
105,14,119,0.8823529411764706
987,7,994,0.9929577464788732
1719,8,1727,0.9953676896352056
6198,7,6205,0.9988718775181306
1401,9,1410,0.9936170212765958
877,73,950,0.9231578947368421
178,7,185,0.9621621621621622
318,28,346,0.9190751445086706
1401,7,1408,0.9950284090909091
6231,20,6251,0.9968005119180932
1927,6,1933,0.9968960165545784
3599,46,3645,0.9873799725651577
1927,6,1933,0.9968960165545784
7435,11,7446,0.9985226967499329
6233,7,6240,0.9988782051282051
1926,9,1935,0.9953488372093023
3599,57,3656,0.9844091903719913
1926,9,1935,0.9953488372093023
272,17,289,0.9411764705882353
1402,12,1414,0.9915134370579916
4434,12,4446,0.9973009446693657
444,14,458,0.9694323144104804
2570,7,2577,0.9972836631742336
3601,37,3638,0.9898295766904893
984,7,991,0.992936427850656
3533,10,3543,0.9971775331639853
3601,25,3626,0.9931053502482073
1204,10,1214,0.9917627677100495
2205,15,2220,0.9932432432432432
1875,75,1950,0.9615384615384616
1042,33,1075,0.9693023255813954
274,15,289,0.9480968858131488
1404,12,1416,0.9915254237288136
6139,30,6169,0.9951369751985735
1211,14,1225,0.9885714285714285
3604,18,3622,0.9950303699613473
1585,19,1604,0.9881546134663342
180,10,190,0.9473684210526315
569,31,600,0.9483333333333334
569,10,579,0.9827288428324698
1877,8,1885,0.9957559681697613
452,13,465,0.9720430107526882
180,8,188,0.9574468085106383
569,34,603,0.9436152570480929
1585,38,1623,0.9765865680837954
6140,10,6150,0.9983739837398374
1212,7,1219,0.9942575881870386
180,7,187,0.9625668449197861
4911,21,4932,0.995742092457421
1877,31,1908,0.9837526205450734
1229,10,1239,0.9919289749798225
569,34,603,0.9436152570480929
251,7,258,0.9728682170542635
2298,70,2368,0.9704391891891891
2532,37,2569,0.9855975087582717
1218,19,1237,0.98464025869038
353,17,370,0.9540540540540541
1877,43,1920,0.9776041666666667
574,106,680,0.8441176470588235
158,13,171,0.9239766081871345
6134,19,6153,0.996912075410369
193,130,323,0.5975232198142415
414,18,432,0.9583333333333334
195,31,226,0.8628318584070797
2535,12,2547,0.9952885747938751
575,9,584,0.9845890410958904
358,6,364,0.9835164835164835
1878,18,1896,0.990506329113924
575,109,684,0.8406432748538012
111,10,121,0.9173553719008265
196,66,262,0.7480916030534351
2304,12,2316,0.9948186528497409
256,70,326,0.7852760736196319
1477,22,1499,0.9853235490326885
6235,177,6412,0.9723955084217093
1878,28,1906,0.9853095487932844
1079,36,1115,0.967713004484305
360,7,367,0.9809264305177112
2305,6,2311,0.9974037213327563
196,46,242,0.8099173553719008
359,9,368,0.9755434782608695
580,18,598,0.9698996655518395
1081,21,1102,0.9809437386569873
1879,28,1907,0.9853172522286313
1119,33,1152,0.9713541666666666
3119,34,3153,0.9892166190929274
357,10,367,0.9727520435967303
575,208,783,0.7343550446998723
583,33,616,0.9464285714285714
196,234,430,0.4558139534883721
1083,33,1116,0.9704301075268817
2305,15,2320,0.9935344827586207
2824,16,2840,0.9943661971830986
361,14,375,0.9626666666666667
1083,9,1092,0.9917582417582418
362,24,386,0.9378238341968912
1007,10,1017,0.9901671583087512
2572,103,2675,0.9614953271028037
1084,16,1100,0.9854545454545455
359,18,377,0.9522546419098143
1007,14,1021,0.9862879529872673
891,14,905,0.9845303867403314
2400,7,2407,0.9970918155380141
1879,26,1905,0.9863517060367454
99,8,107,0.9252336448598131
1799,14,1813,0.9922779922779923
209,64,273,0.7655677655677655
4879,16,4895,0.9967313585291113
6175,28,6203,0.9954860551346123
1799,8,1807,0.9955727725511898
2822,12,2834,0.9957657021877205
2400,8,2408,0.9966777408637874
1269,15,1284,0.9883177570093458
2400,14,2414,0.9942004971002486
2919,12,2931,0.9959058341862845
1269,6,1275,0.9952941176470588
6261,9,6270,0.9985645933014354
1262,12,1274,0.9905808477237049
1608,33,1641,0.979890310786106
1401,9,1410,0.9936170212765958
270,112,382,0.7068062827225131
1269,17,1286,0.9867807153965785
1262,8,1270,0.9937007874015747
1198,47,1245,0.9622489959839358
1269,6,1275,0.9952941176470588
1880,21,1901,0.9889531825355077
1262,12,1274,0.9905808477237049
2582,55,2637,0.9791429654910884
417,12,429,0.972027972027972
2407,9,2416,0.9962748344370861
203,23,226,0.8982300884955752
183,1276,1459,0.12542837559972583
4880,14,4894,0.9971393543114018
5913,7,5920,0.9988175675675676
417,20,437,0.954233409610984
216,181,397,0.5440806045340051
2226,15,2241,0.9933065595716198
1263,11,1274,0.9913657770800628
2237,6,2243,0.9973250111457869
5913,8,5921,0.9986488768789056
471,14,485,0.9711340206185567
1264,10,1274,0.9921507064364207
225,67,292,0.7705479452054794
6176,17,6193,0.9972549652833844
2925,8,2933,0.99727241732015
917,37,954,0.9612159329140462
2588,57,2645,0.9784499054820416
2825,59,2884,0.9795423023578363
2825,21,2846,0.9926212227687983
1881,31,1912,0.983786610878661
232,130,362,0.6408839779005525
2928,26,2954,0.991198375084631
2409,14,2423,0.9942220387948824
1610,27,1637,0.9835064141722664
2826,84,2910,0.9711340206185567
241,75,316,0.7626582278481012
5916,6,5922,0.9989868287740629
1823,8,1831,0.9956308028399782
5914,7,5921,0.9988177672690424
2414,35,2449,0.9857084524295631
2828,115,2943,0.9609242269792728
423,8,431,0.9814385150812065
1426,12,1438,0.9916550764951322
6123,14,6137,0.9977187550920645
248,82,330,0.7515151515151515
918,17,935,0.9818181818181818
423,7,430,0.9837209302325581
2412,11,2423,0.9954601733388362
424,44,468,0.905982905982906
11,12,23,0.4782608695652174
7,54,61,0.11475409836065574
579,8,587,0.9863713798977853
917,13,930,0.986021505376344
3156,7,3163,0.9977869111602908
6176,12,6188,0.9980607627666451
2309,6,2315,0.9974082073434125
917,50,967,0.9482936918304034
423,15,438,0.9657534246575342
2460,6,2466,0.9975669099756691
5059,27,5086,0.9946913094769957
4884,10,4894,0.9979566816510013
1973,14,1987,0.9929542023150478
2075,6,2081,0.9971167707832773
5575,9,5584,0.9983882521489972
238,8,246,0.967479674796748
730,33,763,0.9567496723460026
149,44,193,0.772020725388601
744,13,757,0.9828269484808454
2002,16,2018,0.9920713577799801
1353,54,1407,0.9616204690831557
44,105,149,0.2953020134228188
337,6,343,0.9825072886297376
733,12,745,0.9838926174496644
776,18,794,0.9773299748110831
573,28,601,0.9534109816971714
28,16,44,0.6363636363636364
5195,6,5201,0.9988463756969813
5570,11,5581,0.9980290270560831
7426,9,7435,0.9987895090786819
573,52,625,0.9168
1114,7,1121,0.9937555753791257
1974,11,1985,0.9944584382871536
2133,12,2145,0.9944055944055944
1640,263,1903,0.8617971623751971
1291,6,1297,0.9953739398612182
5194,10,5204,0.9980784012298232
11,9,20,0.55
1978,6,1984,0.9969758064516129
2027,17,2044,0.9916829745596869
748,54,802,0.9326683291770573
7433,8,7441,0.9989248756887515
1292,7,1299,0.9946112394149346
3228,103,3331,0.9690783548483939
2037,13,2050,0.9936585365853658
778,14,792,0.9823232323232324
2134,22,2156,0.9897959183673469
1078,9,1087,0.9917203311867525
594,7,601,0.9883527454242929
594,8,602,0.9867109634551495
1350,33,1383,0.9761388286334056
242,44,286,0.8461538461538461
4684,37,4721,0.9921626773988562
1076,13,1089,0.9880624426078971
594,10,604,0.9834437086092715
7434,94,7528,0.9875132837407014
2310,24,2334,0.9897172236503856
5074,71,5145,0.9862001943634596
2028,11,2039,0.9946051986267779
92,10,102,0.9019607843137255
3231,175,3406,0.9486200822078684
1076,13,1089,0.9880624426078971
244,17,261,0.9348659003831418
11,9,20,0.55
92,10,102,0.9019607843137255
1978,10,1988,0.9949698189134809
7436,17,7453,0.9977190393130283
3235,11,3246,0.996611213801602
149,22,171,0.8713450292397661
80,7,87,0.9195402298850575
76,6,82,0.926829268292683
4358,56,4414,0.987313094698686
2606,18,2624,0.993140243902439
1353,6,1359,0.9955849889624724
1316,24,1340,0.982089552238806
596,18,614,0.9706840390879479
779,18,797,0.9774153074027604
39,12,51,0.7647058823529411
2031,8,2039,0.996076508092202
149,12,161,0.9254658385093167
1216,6,1222,0.9950900163666121
7433,40,7473,0.9946473972969356
1978,6,1984,0.9969758064516129
39,6,45,0.8666666666666667
195,7,202,0.9653465346534653
1209,22,1231,0.9821283509341998
1985,26,2011,0.9870711089010442
1209,22,1231,0.9821283509341998
3568,9,3577,0.9974839250768801
3234,121,3355,0.9639344262295082
2035,13,2048,0.99365234375
230,13,243,0.9465020576131687
4361,6,4367,0.9986260590794596
2157,18,2175,0.9917241379310345
1209,19,1228,0.9845276872964169
1891,7,1898,0.9963119072708114
38,6,44,0.8636363636363636
1978,8,1986,0.9959718026183283
186,13,199,0.9346733668341709
57,45,102,0.5588235294117647
152,14,166,0.9156626506024096
3665,10,3675,0.9972789115646259
198,12,210,0.9428571428571428
2941,13,2954,0.9955991875423155
986,25,1011,0.9752720079129574
2032,6,2038,0.9970559371933267
704,7,711,0.9901547116736991
2005,9,2014,0.9955312810327706
87,13,100,0.87
7032,6,7038,0.9991474850809889
95,8,103,0.9223300970873787
2003,79,2082,0.9620557156580212
180,19,199,0.9045226130653267
1979,13,1992,0.9934738955823293
1318,23,1341,0.9828486204325131
35,10,45,0.7777777777777778
3563,9,3572,0.9974804031354984
152,8,160,0.95
2745,12,2757,0.9956474428726877
6272,6,6278,0.9990442816183498
2093,10,2103,0.995244888254874
988,43,1031,0.9582929194956353
6272,6,6278,0.9990442816183498
2031,7,2038,0.9965652600588812
7436,59,7495,0.9921280853902602
604,11,615,0.9821138211382113
150,8,158,0.9493670886075949
246,35,281,0.8754448398576512
3193,15,3208,0.9953241895261845
2456,9,2465,0.9963488843813387
667,9,676,0.9866863905325444
751,18,769,0.976592977893368
246,13,259,0.9498069498069498
3192,6,3198,0.99812382739212
781,6,787,0.9923761118170267
669,8,677,0.9881831610044313
35,6,41,0.8536585365853658
1400,16,1416,0.9887005649717514
248,14,262,0.9465648854961832
3542,21,3563,0.9941060903732809
1318,22,1340,0.9835820895522388
1294,9,1303,0.9930928626247122
3286,124,3410,0.9636363636363636
752,19,771,0.9753566796368353
2095,6,2101,0.997144217039505
249,11,260,0.9576923076923077
2031,7,2038,0.9965652600588812
1981,22,2003,0.9890164752870694
782,14,796,0.9824120603015075
3715,9,3724,0.9975832438238453
2748,15,2763,0.99457111834962
249,7,256,0.97265625
4067,52,4119,0.9873755765962612
950,13,963,0.9865005192107996
2007,18,2025,0.9911111111111112
1902,10,1912,0.9947698744769874
199,8,207,0.961352657004831
1033,20,1053,0.9810066476733144
2095,11,2106,0.9947768281101614
36,14,50,0.72
3464,9,3473,0.997408580477973
357,33,390,0.9153846153846154
2220,12,2232,0.9946236559139785
2774,15,2789,0.9946217282179993
8,14,22,0.36363636363636365
4188,11,4199,0.9973803286496785
27,13,40,0.675
2558,13,2571,0.9949436017113964
1856,6,1862,0.9967776584317938
199,14,213,0.9342723004694836
2558,6,2564,0.9976599063962559
2590,22,2612,0.9915773353751914
94,17,111,0.8468468468468469
3509,11,3520,0.996875
83,13,96,0.8645833333333334
1239,23,1262,0.9817749603803486
241,21,262,0.9198473282442748
855,28,883,0.9682899207248018
2623,9,2632,0.996580547112462
139,9,148,0.9391891891891891
1486,15,1501,0.9900066622251832
1881,7,1888,0.996292372881356
2561,24,2585,0.990715667311412
1854,12,1866,0.9935691318327974
2241,46,2287,0.979886313948404
3467,16,3483,0.9954062589721504
467,17,484,0.9648760330578512
51,23,74,0.6891891891891891
6010,13,6023,0.9978416071725054
139,10,149,0.9328859060402684
2158,7,2165,0.9967667436489608
829,10,839,0.9880810488676997
296,333,629,0.47058823529411764
40,17,57,0.7017543859649122
2593,11,2604,0.9957757296466974
1486,69,1555,0.9556270096463022
2024,26,2050,0.9873170731707317
2947,17,2964,0.9942645074224021
830,13,843,0.9845788849347569
197,11,208,0.9471153846153846
152,12,164,0.926829268292683
231,13,244,0.9467213114754098
2838,19,2857,0.9933496674833742
2170,8,2178,0.9963269054178145
940,22,962,0.9771309771309772
379,28,407,0.9312039312039312
680,8,688,0.9883720930232558
2947,9,2956,0.9969553450608931
559,6,565,0.9893805309734514
384,18,402,0.9552238805970149
6024,41,6065,0.993239901071723
6026,25,6051,0.9958684514956205
2170,6,2176,0.9972426470588235
1195,7,1202,0.9941763727121464
3039,26,3065,0.9915171288743883
2839,6,2845,0.9978910369068541
938,13,951,0.9863301787592008
1654,10,1664,0.9939903846153846
938,11,949,0.9884088514225501
170,6,176,0.9659090909090909
966,12,978,0.9877300613496932
2791,9,2800,0.9967857142857143
2673,9,2682,0.9966442953020134
2951,6,2957,0.9979709164693946
1081,19,1100,0.9827272727272728
855,77,932,0.9173819742489271
1886,10,1896,0.9947257383966245
726,51,777,0.9343629343629344
2527,36,2563,0.9859539602028873
7436,145,7581,0.9808732357208811
651,9,660,0.9863636363636363
2432,12,2444,0.9950900163666121
182,784,966,0.18840579710144928
227,9,236,0.961864406779661
1494,19,1513,0.9874421678783873
5364,8,5372,0.9985107967237528
7436,8,7444,0.99892530897367
209,12,221,0.9457013574660633
3534,17,3551,0.9952126161644607
2332,202,2534,0.920284135753749
234,13,247,0.9473684210526315
497,9,506,0.9822134387351779
196,14,210,0.9333333333333333
88,26,114,0.7719298245614035
1132,37,1169,0.9683490162532079
2603,31,2634,0.9882308276385725
57,21,78,0.7307692307692307
2833,33,2866,0.9884856943475226
4015,12,4027,0.9970201142289545
989,91,1080,0.9157407407407407
96,13,109,0.8807339449541285
2249,34,2283,0.9851073149364871
2794,62,2856,0.9782913165266106
7054,58,7112,0.9918447694038245
1450,9,1459,0.9938313913639479
2331,14,2345,0.9940298507462687
204,14,218,0.9357798165137615
2491,19,2510,0.9924302788844621
127,7,134,0.9477611940298507
4361,14,4375,0.9968
7436,14,7450,0.9981208053691275
7435,15,7450,0.9979865771812081
3271,17,3288,0.9948296836982968
46,26,72,0.6388888888888888
614,15,629,0.9761526232114467
94,14,108,0.8703703703703703
150,12,162,0.9259259259259259
847,18,865,0.9791907514450867
2380,11,2391,0.9953994144709327
940,6,946,0.9936575052854123
95,13,108,0.8796296296296297
2432,11,2443,0.9954973393368809
847,64,911,0.9297475301866082
2224,15,2239,0.9933005806163466
115,15,130,0.8846153846153846
2255,6,2261,0.9973463069438302
3338,8,3346,0.9976090854751942
5639,15,5654,0.997347010965688
505,79,584,0.8647260273972602
1379,13,1392,0.9906609195402298
2255,12,2267,0.9947066607851787
3034,57,3091,0.9815593659010029
4567,12,4579,0.997379340467351
2345,831,3176,0.7383501259445844
1466,12,1478,0.9918809201623816
151,7,158,0.9556962025316456
841,9,850,0.9894117647058823
2123,7,2130,0.9967136150234742
2131,7,2138,0.9967259120673526
855,9,864,0.9895833333333334
3822,8,3830,0.997911227154047
414,12,426,0.971830985915493
1466,16,1482,0.9892037786774629
294,25,319,0.9216300940438872
824,17,841,0.9797859690844233
666,219,885,0.752542372881356
436,103,539,0.8089053803339518
296,15,311,0.9517684887459807
7436,14,7450,0.9981208053691275
6166,33,6199,0.9946765607356025
550,19,569,0.9666080843585237
151,6,157,0.9617834394904459
1633,16,1649,0.9902971497877502
2157,24,2181,0.9889958734525447
830,10,840,0.9880952380952381
830,19,849,0.9776207302709069
98,18,116,0.8448275862068966
34,13,47,0.723404255319149
2004,28,2032,0.9862204724409449
98,27,125,0.784
7028,6,7034,0.9991470002843332
209,196,405,0.5160493827160494
1953,21,1974,0.9893617021276596
153,14,167,0.9161676646706587
3036,135,3171,0.9574266792809839
609,10,619,0.9838449111470113
5639,12,5651,0.9978764820385773
5708,12,5720,0.9979020979020979
4018,28,4046,0.9930795847750865
3510,42,3552,0.9881756756756757
889,10,899,0.9888765294771968
2095,6,2101,0.997144217039505
4018,8,4026,0.998012916045703
6166,9,6175,0.9985425101214574
5639,14,5653,0.9975234388820096
209,196,405,0.5160493827160494
967,24,991,0.9757820383451059
2189,12,2201,0.9945479327578374
235,13,248,0.9475806451612904
1888,34,1922,0.9823100936524454
4367,129,4496,0.9713078291814946
3045,64,3109,0.9794146027661628
937,12,949,0.9873551106427819
94,8,102,0.9215686274509803
1342,11,1353,0.991869918699187
4369,6,4375,0.9986285714285714
3045,112,3157,0.9645232815964523
2796,9,2805,0.9967914438502674
3045,64,3109,0.9794146027661628
2331,11,2342,0.9953031596925704
209,196,405,0.5160493827160494
93,16,109,0.8532110091743119
434,16,450,0.9644444444444444
2857,12,2869,0.9958173579644476
2789,11,2800,0.9960714285714286
3045,37,3082,0.9879948085658663
2128,9,2137,0.9957884885353299
436,15,451,0.9667405764966741
3,19,22,0.13636363636363635
160,6,166,0.963855421686747
2231,13,2244,0.9942067736185384
2237,9,2246,0.9959928762243989
185,14,199,0.9296482412060302
1629,6,1635,0.9963302752293578
952,11,963,0.9885773624091381
3228,40,3268,0.9877600979192166
185,15,200,0.925
765,9,774,0.9883720930232558
2890,38,2928,0.9870218579234973
1629,6,1635,0.9963302752293578
952,14,966,0.9855072463768116
162,14,176,0.9204545454545454
3230,10,3240,0.9969135802469136
511,129,640,0.7984375
2267,195,2462,0.920796100731113
73,12,85,0.8588235294117647
990,12,1002,0.9880239520958084
2005,96,2101,0.9543074726320799
588,9,597,0.9849246231155779
160,13,173,0.9248554913294798
3231,9,3240,0.9972222222222222
2230,6,2236,0.9973166368515206
589,25,614,0.9592833876221498
2542,97,2639,0.9632436528988253
590,8,598,0.9866220735785953
514,22,536,0.9589552238805971
161,6,167,0.9640718562874252
2896,7,2903,0.9975887013434378
76,6,82,0.926829268292683
7429,14,7443,0.9981190380223028
146,12,158,0.9240506329113924
1636,28,1664,0.9831730769230769
767,9,776,0.9884020618556701
5879,9,5888,0.9984714673913043
991,9,1000,0.991
1290,316,1606,0.8032378580323786
772,13,785,0.9834394904458599
2582,46,2628,0.982496194824962
2352,18,2370,0.9924050632911392
4361,8,4369,0.9981689173723964
7436,12,7448,0.9983888292158969
7435,7,7442,0.9990593926363881
3825,7,3832,0.9981732776617954
4362,8,4370,0.9981693363844394
770,6,776,0.9922680412371134
2798,8,2806,0.9971489665003563
770,8,778,0.9897172236503856
758,49,807,0.9392812887236679
2587,36,2623,0.9862752573389248
2776,111,2887,0.9615517838586768
41,12,53,0.7735849056603774
42,22,64,0.65625
3826,6,3832,0.9984342379958246
771,13,784,0.9834183673469388
1396,10,1406,0.9928876244665719
7425,6,7431,0.9991925716592652
1799,9,1808,0.9950221238938053
7436,9,7445,0.9987911349899261
2593,46,2639,0.9825691549829481
3486,16,3502,0.9954311821816105
4319,9,4328,0.9979205175600739
2168,6,2174,0.9972401103955841
4699,6,4705,0.9987247608926674
3418,7,3425,0.997956204379562
1802,6,1808,0.9966814159292036
2599,38,2637,0.9855896852483883
1502,19,1521,0.9875082182774491
679,18,697,0.9741750358680057
7426,7,7433,0.9990582537333512
4700,12,4712,0.9974533106960951
1366,18,1384,0.9869942196531792
3486,94,3580,0.9737430167597766
5415,7,5422,0.9987089634821099
3832,27,3859,0.9930033687483804
1411,9,1420,0.9936619718309859
2235,7,2242,0.9968777876895629
7435,9,7444,0.9987909725953789
2605,34,2639,0.9871163319439181
3835,6,3841,0.9984379067951055
1501,30,1531,0.9804049640757675
1838,6,1844,0.9967462039045553
1355,12,1367,0.9912216532553035
5708,9,5717,0.9984257477698093
1502,11,1513,0.992729676140119
7436,7,7443,0.9990595190111514
2611,34,2645,0.9871455576559547
3411,7,3418,0.9979520187244002
1353,8,1361,0.994121969140338
3913,12,3925,0.9969426751592356
3835,7,3842,0.9981780322748568
7428,7,7435,0.999058507061197
780,10,790,0.9873417721518988
4699,12,4711,0.9974527701125027
1356,6,1362,0.9955947136563876
1503,23,1526,0.9849279161205766
1846,101,1947,0.9481253210066769
4698,8,4706,0.9983000424989376
7429,7,7436,0.9990586336740183
4698,6,4704,0.9987244897959183
156,23,179,0.8715083798882681
2617,46,2663,0.9827262485918138
1370,8,1378,0.9941944847605225
128,20,148,0.8648648648648649
789,67,856,0.9217289719626168
128,19,147,0.8707482993197279
5639,8,5647,0.9985833185762352
1370,18,1388,0.9870317002881844
8,8,16,0.5
1357,48,1405,0.9658362989323843
1371,12,1383,0.9913232104121475
5638,17,5655,0.9969938107869142
7435,6,7441,0.9991936567665637
1370,12,1382,0.9913169319826338
1011,12,1023,0.9882697947214076
5710,7,5717,0.9987755815987406
2623,38,2661,0.9857196542653138
1506,20,1526,0.9868938401048493
1116,8,1124,0.9928825622775801
1372,6,1378,0.9956458635703919
5709,7,5716,0.9987753673897831
2080,8,2088,0.9961685823754789
1013,9,1022,0.9911937377690803
3313,25,3338,0.9925104853205512
1117,16,1133,0.9858781994704324
3967,35,4002,0.9912543728135932
1371,15,1386,0.9891774891774892
963,103,1066,0.9033771106941839
728,28,756,0.9629629629629629
49,41,90,0.5444444444444444
1517,6,1523,0.9960604070912672
151,126,277,0.5451263537906137
2629,33,2662,0.987603305785124
1118,11,1129,0.9902568644818424
962,11,973,0.9886947584789312
348,16,364,0.9560439560439561
7437,28,7465,0.9962491627595446
3395,20,3415,0.9941434846266471
5516,27,5543,0.9951289915208371
1371,12,1383,0.9913232104121475
962,10,972,0.9897119341563786
5725,8,5733,0.9986045700331415
849,85,934,0.9089935760171306
2635,15,2650,0.9943396226415094
348,8,356,0.9775280898876404
2167,20,2187,0.9908550525834476
807,6,813,0.992619926199262
342,13,355,0.9633802816901409
2288,10,2298,0.9956483899042646
961,7,968,0.9927685950413223
2084,40,2124,0.9811676082862524
1394,11,1405,0.9921708185053381
150,15,165,0.9090909090909091
3317,30,3347,0.9910367493277562
2984,30,3014,0.9900464499004645
7424,15,7439,0.9979835999462293
151,126,277,0.5451263537906137
347,10,357,0.9719887955182073
6594,20,6614,0.9969761112791049
7436,7,7443,0.9990595190111514
7424,13,7437,0.9982519833266101
960,16,976,0.9836065573770492
348,8,356,0.9775280898876404
2235,16,2251,0.9928920479786761
2169,12,2181,0.9944979367262724
152,24,176,0.8636363636363636
2919,13,2932,0.9955661664392906
348,9,357,0.9747899159663865
5522,6,5528,0.9989146164978292
5522,13,5535,0.9976513098464318
2235,8,2243,0.9964333481943826
885,11,896,0.9877232142857143
223,12,235,0.948936170212766
1495,14,1509,0.9907223326706428
947,6,953,0.993704092339979
5732,63,5795,0.9891285591026747
151,126,277,0.5451263537906137
5523,10,5533,0.9981926622085667
7435,6,7441,0.9991936567665637
702,13,715,0.9818181818181818
87,17,104,0.8365384615384616
7435,6,7441,0.9991936567665637
1508,13,1521,0.9914529914529915
1346,17,1363,0.987527512839325
223,14,237,0.9409282700421941
152,11,163,0.9325153374233128
2585,31,2616,0.9881498470948012
3104,9,3113,0.9971088981689689
2932,9,2941,0.9969398163889833
88,10,98,0.8979591836734694
5631,12,5643,0.9978734715576821
4052,6,4058,0.9985214391325776
1376,6,1382,0.9956584659913169
477,51,528,0.9034090909090909
2881,17,2898,0.9941338854382332
1541,11,1552,0.9929123711340206
1376,6,1382,0.9956584659913169
1960,13,1973,0.99341104916371
479,34,513,0.9337231968810916
6816,43,6859,0.9937308645575157
7436,7,7443,0.9990595190111514
480,40,520,0.9230769230769231
1292,20,1312,0.9847560975609756
1817,13,1830,0.992896174863388
37,7,44,0.8409090909090909
2928,9,2937,0.9969356486210419
480,34,514,0.933852140077821
3934,193,4127,0.9532347952507875
6817,124,6941,0.9821351390289583
2315,10,2325,0.9956989247311828
2929,8,2937,0.9972761321075928
946,10,956,0.9895397489539749
482,19,501,0.9620758483033932
7436,17,7453,0.9977190393130283
2868,519,3387,0.8467670504871567
52,12,64,0.8125
2699,26,2725,0.9904587155963303
620,10,630,0.9841269841269841
52,7,59,0.8813559322033898
484,15,499,0.969939879759519
6817,63,6880,0.990843023255814
7436,12,7448,0.9983888292158969
1546,31,1577,0.9803424223208624
1377,7,1384,0.994942196531792
2795,168,2963,0.9433007087411407
4054,8,4062,0.9980305268340719
3157,17,3174,0.9946439823566477
39,8,47,0.8297872340425532
2318,12,2330,0.9948497854077253
484,108,592,0.8175675675675675
7435,10,7445,0.9986568166554735
930,30,960,0.96875
54,6,60,0.9
6818,49,6867,0.9928644240570846
484,88,572,0.8461538461538461
483,30,513,0.9415204678362573
2086,16,2102,0.9923882017126546
1114,7,1121,0.9937555753791257
188,15,203,0.9261083743842364
1075,11,1086,0.9898710865561694
3158,12,3170,0.9962145110410094
6820,43,6863,0.9937345184321725
56,43,99,0.5656565656565656
790,10,800,0.9875
450,12,462,0.974025974025974
41,6,47,0.8723404255319149
56,19,75,0.7466666666666667
73,10,83,0.8795180722891566
739,6,745,0.9919463087248322
5903,82,5985,0.9862990810359231
929,30,959,0.9687174139728885
916,10,926,0.9892008639308856
1640,10,1650,0.9939393939393939
2642,45,2687,0.9832526981764049
76,21,97,0.7835051546391752
5256,14,5270,0.9973434535104364
915,19,934,0.9796573875802997
2644,13,2657,0.9951072638313888
915,73,988,0.9261133603238867
2645,12,2657,0.9954836281520512
77,14,91,0.8461538461538461
3479,7,3486,0.9979919678714859
1991,22,2013,0.9890710382513661
2318,77,2395,0.9678496868475992
1644,9,1653,0.9945553539019963
917,11,928,0.9881465517241379
2087,17,2104,0.9919201520912547
1605,15,1620,0.9907407407407407
1073,52,1125,0.9537777777777777
78,23,101,0.7722772277227723
2088,8,2096,0.9961832061068703
1589,10,1599,0.9937460913070669
2648,10,2658,0.9962377727614747
2953,10,2963,0.9966250421869727
1157,13,1170,0.9888888888888889
2320,20,2340,0.9914529914529915
1547,20,1567,0.9872367581365666
2089,13,2102,0.9938154138915318
91,6,97,0.9381443298969072
1589,20,1609,0.9875699192044748
920,13,933,0.9860664523043944
1078,7,1085,0.9935483870967742
2648,41,2689,0.9847526961695797
5903,55,5958,0.990768714333669
19,11,30,0.6333333333333333
3145,247,3392,0.9271816037735849
1381,11,1392,0.9920977011494253
6820,550,7370,0.9253731343283582
1712,16,1728,0.9907407407407407
5907,52,5959,0.9912737036415505
20,16,36,0.5555555555555556
2650,10,2660,0.9962406015037594
3962,14,3976,0.9964788732394366
1592,10,1602,0.9937578027465668
598,7,605,0.9884297520661157
5218,61,5279,0.9884447812085623
2142,14,2156,0.9935064935064936
23,20,43,0.5348837209302325
1593,9,1602,0.9943820224719101
3918,10,3928,0.9974541751527495
2292,7,2299,0.9969551979121357
1958,11,1969,0.994413407821229
24,11,35,0.6857142857142857
157,11,168,0.9345238095238095
1081,8,1089,0.992653810835629
133,11,144,0.9236111111111112
1592,11,1603,0.9931378665003119
2318,94,2412,0.961028192371476
3989,20,4009,0.9950112247443252
24,8,32,0.75
2143,14,2157,0.9935095039406583
1082,7,1089,0.9935720844811754
3919,19,3938,0.9951752158456069
2143,7,2150,0.9967441860465116
1912,6,1918,0.9968717413972888
3923,7,3930,0.9982188295165394
966,6,972,0.9938271604938271
6125,16,6141,0.9973945611463931
40,14,54,0.7407407407407407
923,7,930,0.9924731182795699
1385,9,1394,0.9935437589670014
104,6,110,0.9454545454545454
2876,16,2892,0.9944674965421854
2081,9,2090,0.9956937799043062
70,20,90,0.7777777777777778
2303,10,2313,0.9956766104626027
105,6,111,0.9459459459459459
2081,7,2088,0.9966475095785441
207,16,223,0.9282511210762332
229,123,352,0.6505681818181818
71,18,89,0.797752808988764
780,52,832,0.9375
1831,11,1842,0.994028230184582
937,40,977,0.9590583418628454
894,14,908,0.9845814977973568
229,21,250,0.916
96,11,107,0.897196261682243
936,43,979,0.9560776302349336
102,10,112,0.9107142857142857
5431,13,5444,0.9976120499632624
1775,12,1787,0.9932848349188584
994,84,1078,0.922077922077922
934,25,959,0.9739311783107404
230,18,248,0.9274193548387096
1654,9,1663,0.994588093806374
3742,7,3749,0.9981328354227794
234,103,337,0.6943620178041543
2571,7,2578,0.9972847168347556
89,22,111,0.8018018018018018
209,14,223,0.9372197309417041
1437,27,1464,0.9815573770491803
3742,7,3749,0.9981328354227794
7436,25,7461,0.9966492427288567
45,10,55,0.8181818181818182
1804,23,1827,0.9874110563765737
57,20,77,0.7402597402597403
231,103,334,0.6916167664670658
5428,42,5470,0.9923217550274223
236,195,431,0.5475638051044084
106,10,116,0.9137931034482759
3741,7,3748,0.9981323372465315
3556,676,4232,0.8402646502835539
82,17,99,0.8282828282828283
797,13,810,0.9839506172839506
213,13,226,0.9424778761061947
233,30,263,0.8859315589353612
72,21,93,0.7741935483870968
1679,30,1709,0.9824458747805734
105,13,118,0.8898305084745762
109,20,129,0.8449612403100775
7354,26,7380,0.9964769647696476
1681,6,1687,0.996443390634262
143,19,162,0.8827160493827161
7429,6,7435,0.9991930060524546
104,14,118,0.8813559322033898
1435,11,1446,0.9923928077455049
990,10,1000,0.99
895,20,915,0.9781420765027322
209,13,222,0.9414414414414415
1132,8,1140,0.9929824561403509
1090,19,1109,0.9828674481514879
2276,11,2287,0.995190205509401
105,18,123,0.8536585365853658
86,9,95,0.9052631578947369
7354,14,7368,0.998099891422367
2418,11,2429,0.9954713874022232
393,15,408,0.9632352941176471
210,11,221,0.9502262443438914
480,31,511,0.9393346379647749
2088,13,2101,0.9938124702522608
54,10,64,0.84375
86,29,115,0.7478260869565218
7429,30,7459,0.9959780131384904
930,45,975,0.9538461538461539
511,31,542,0.9428044280442804
99,20,119,0.8319327731092437
394,7,401,0.9825436408977556
109,11,120,0.9083333333333333
48,98,146,0.3287671232876712
213,15,228,0.9342105263157895
147,14,161,0.9130434782608695
1398,13,1411,0.9907866761162296
1030,12,1042,0.9884836852207294
572,19,591,0.9678510998307953
178,12,190,0.9368421052631579
7436,15,7451,0.9979868474030331
2720,13,2733,0.9952433223563849
2976,7,2983,0.9976533690915186
430,71,501,0.8582834331337326
3427,9,3436,0.9973806752037253
2535,7,2542,0.9972462627852084
2698,13,2711,0.9952047215049797
1028,9,1037,0.991321118611379
4273,19,4292,0.9955731593662628
2348,71,2419,0.9706490285241836
3985,8,3993,0.9979964938642625
1570,62,1632,0.9620098039215687
1451,13,1464,0.9911202185792349
198,6,204,0.9705882352941176
600,19,619,0.9693053311793215
2698,7,2705,0.9974121996303142
2823,15,2838,0.9947145877378436
3631,6,3637,0.9983502886994776
1570,51,1621,0.9685379395434917
2250,10,2260,0.995575221238938
1547,8,1555,0.9948553054662379
1023,35,1058,0.9669187145557656
1573,12,1585,0.9924290220820189
2257,11,2268,0.9951499118165785
177,8,185,0.9567567567567568
1025,11,1036,0.9893822393822393
974,79,1053,0.9249762583095916
867,34,901,0.9622641509433962
2276,470,2746,0.8288419519300801
975,22,997,0.9779338014042126
1571,12,1583,0.9924194567277321
6125,13,6138,0.997882046269143
1135,10,1145,0.9912663755458515
608,22,630,0.9650793650793651
210,22,232,0.9051724137931034
1827,25,1852,0.9865010799136069
359,7,366,0.9808743169398907
19,43,62,0.3064516129032258
3273,13,3286,0.9960438222763238
3720,15,3735,0.9959839357429718
976,77,1053,0.9268755935422602
2348,7,2355,0.9970276008492569
794,9,803,0.9887920298879203
177,13,190,0.9315789473684211
2205,7,2212,0.9968354430379747
1574,10,1584,0.9936868686868687
2679,61,2740,0.9777372262773723
1077,9,1086,0.9917127071823204
588,49,637,0.9230769230769231
1169,35,1204,0.9709302325581395
180,7,187,0.9625668449197861
1026,63,1089,0.9421487603305785
81,21,102,0.7941176470588235
1829,9,1838,0.9951033732317737
431,184,615,0.7008130081300813
4118,149,4267,0.9650808530583548
17,9,26,0.6538461538461539
2825,11,2836,0.9961212976022567
1067,8,1075,0.9925581395348837
1547,8,1555,0.9948553054662379
1166,7,1173,0.9940323955669225
178,19,197,0.9035532994923858
1173,35,1208,0.9710264900662252
1137,10,1147,0.99128160418483
1908,36,1944,0.9814814814814815
5275,11,5286,0.9979190314037079
3192,9,3201,0.9971883786316776
1028,15,1043,0.9856184084372004
3140,6,3146,0.9980928162746344
181,6,187,0.9679144385026738
3270,6,3276,0.9981684981684982
978,22,1000,0.978
3141,9,3150,0.9971428571428571
181,6,187,0.9679144385026738
6591,59,6650,0.9911278195488722
1571,19,1590,0.9880503144654088
2113,64,2177,0.9706017455213597
3985,8,3993,0.9979964938642625
797,6,803,0.9925280199252802
4058,6,4064,0.9985236220472441
2176,12,2188,0.9945155393053017
1665,11,1676,0.9934367541766109
6127,22,6149,0.9964221824686941
2010,6,2016,0.9970238095238095
5668,11,5679,0.9980630392674766
796,7,803,0.9912826899128269
5279,11,5290,0.9979206049149338
1055,9,1064,0.9915413533834586
2009,9,2018,0.9955401387512388
1031,8,1039,0.9923002887391723
3724,17,3741,0.9954557604918471
980,148,1128,0.8687943262411347
592,88,680,0.8705882352941177
1057,43,1100,0.9609090909090909
1067,16,1083,0.9852262234533703
1584,21,1605,0.9869158878504672
59,16,75,0.7866666666666666
131,18,149,0.8791946308724832
4541,28,4569,0.9938717443641935
1841,23,1864,0.9876609442060086
110,11,121,0.9090909090909091
58,13,71,0.8169014084507042
3610,11,3621,0.9969621651477493
817,6,823,0.9927095990279465
3539,26,3565,0.9927068723702664
4273,28,4301,0.9934898860730063
816,6,822,0.9927007299270073
59,10,69,0.855072463768116
93,10,103,0.9029126213592233
6596,9,6605,0.9986373959121877
1085,49,1134,0.9567901234567902
1058,12,1070,0.9887850467289719
1666,10,1676,0.9940334128878282
804,15,819,0.9816849816849816
231,11,242,0.9545454545454546
219,48,267,0.8202247191011236
2725,17,2742,0.9938001458789205
1171,23,1194,0.9807370184254607
816,6,822,0.9927007299270073
3612,9,3621,0.9975144987572494
58,20,78,0.7435897435897436
95,13,108,0.8796296296296297
862,94,956,0.9016736401673641
6596,9,6605,0.9986373959121877
3345,9,3354,0.9973166368515206
3995,21,4016,0.9947709163346613
1069,46,1115,0.9587443946188341
2012,109,2121,0.9486091466289486
2115,247,2362,0.8954276037256562
6137,8,6145,0.9986981285598047
3160,16,3176,0.9949622166246851
1005,16,1021,0.9843290891283056
7436,133,7569,0.9824283260668516
2250,7,2257,0.9968985378821444
860,21,881,0.9761634506242906
728,13,741,0.9824561403508771
3333,7,3340,0.9979041916167665
1062,72,1134,0.9365079365079365
2354,8,2362,0.9966130397967824
1653,31,1684,0.9815914489311164
1832,20,1852,0.9892008639308856
7435,77,7512,0.9897497337593184
4574,34,4608,0.9926215277777778
4276,25,4301,0.9941873982794699
4713,9,4722,0.9980940279542567
964,40,1004,0.9601593625498008
2350,11,2361,0.9953409572215163
7436,28,7464,0.9962486602357985
962,52,1014,0.9487179487179487
3538,13,3551,0.9963390594198818
880,15,895,0.9832402234636871
13,12,25,0.52
3537,11,3548,0.9968996617812852
608,19,627,0.9696969696969697
1649,21,1670,0.9874251497005988
1908,32,1940,0.9835051546391752
7373,18,7391,0.9975646056014071
1590,11,1601,0.9931292941911305
3142,6,3148,0.9980940279542567
2386,14,2400,0.9941666666666666
592,16,608,0.9736842105263158
3183,9,3192,0.9971804511278195
2958,86,3044,0.9717477003942181
6082,12,6094,0.9980308500164096
5975,66,6041,0.9890746565138222
4107,18,4125,0.9956363636363637
1734,8,1742,0.9954075774971297
2958,52,3010,0.9827242524916944
1186,12,1198,0.989983305509182
4106,10,4116,0.9975704567541303
1649,12,1661,0.9927754364840458
1522,9,1531,0.9941214892227302
1547,11,1558,0.9929396662387676
2425,8,2433,0.9967118783394986
1592,7,1599,0.9956222639149468
2779,9,2788,0.9967718794835008
661,7,668,0.9895209580838323
2823,9,2832,0.996822033898305
2426,12,2438,0.9950779327317474
7436,7,7443,0.9990595190111514
1048,10,1058,0.9905482041587902
4107,12,4119,0.9970866715222141
2198,9,2207,0.995922066153149
1911,91,2002,0.9545454545454546
63,21,84,0.75
1653,15,1668,0.9910071942446043
1761,8,1769,0.9954776710005653
2236,8,2244,0.9964349376114082
5974,8,5982,0.9986626546305584
2354,34,2388,0.9857621440536013
4106,10,4116,0.9975704567541303
1670,9,1679,0.9946396664681358
2758,6,2764,0.9978292329956585
962,9,971,0.9907312049433573
1760,10,1770,0.9943502824858758
5985,16,6001,0.997333777703716
1911,82,1993,0.9588559959859508
2423,10,2433,0.9958898479243732
594,16,610,0.9737704918032787
105,10,115,0.9130434782608695
7372,19,7391,0.9974293059125964
213,43,256,0.83203125
4154,30,4184,0.9928298279158699
2238,8,2246,0.9964381121994658
1680,9,1689,0.9946714031971581
1913,104,2017,0.9484382746653446
3337,6,3343,0.9982052049057732
1991,10,2001,0.9950024987506247
833,7,840,0.9916666666666667
2356,7,2363,0.9970376639864579
3542,29,3571,0.991879025483058
2732,48,2780,0.9827338129496402
594,139,733,0.810368349249659
1993,6,1999,0.9969984992496248
2736,14,2750,0.9949090909090909
2732,64,2796,0.977110157367668
1177,8,1185,0.9932489451476794
709,19,728,0.9739010989010989
583,13,596,0.9781879194630873
90,42,132,0.6818181818181818
5980,65,6045,0.989247311827957
7436,28,7464,0.9962486602357985
3183,18,3201,0.9943767572633552
1179,6,1185,0.9949367088607595
582,15,597,0.9748743718592965
3098,14,3112,0.9955012853470437
3548,9,3557,0.9974697779027271
22,6,28,0.7857142857142857
2234,13,2247,0.9942145082331998
2358,33,2391,0.986198243412798
1182,16,1198,0.986644407345576
810,10,820,0.9878048780487805
95,23,118,0.8050847457627118
2439,6,2445,0.9975460122699387
286,8,294,0.9727891156462585
3186,6,3192,0.9981203007518797
1911,24,1935,0.9875968992248062
1667,8,1675,0.9952238805970149
1734,16,1750,0.9908571428571429
1455,27,1482,0.9817813765182186
1184,10,1194,0.9916247906197655
3543,14,3557,0.9960640989597975
1915,139,2054,0.9323271665043817
3562,22,3584,0.9938616071428571
3333,60,3393,0.982316534040672
1911,34,1945,0.9825192802056555
968,12,980,0.9877551020408163
3335,8,3343,0.9976069398743643
811,8,819,0.9902319902319903
2236,21,2257,0.9906956136464333
1008,6,1014,0.9940828402366864
1667,30,1697,0.9823217442545669
3336,7,3343,0.9979060723900688
658,6,664,0.9909638554216867
617,26,643,0.9595645412130638
4134,21,4155,0.9949458483754513
143,16,159,0.89937106918239
2427,7,2434,0.9971240755957272
3337,6,3343,0.9982052049057732
144,7,151,0.9536423841059603
4154,30,4184,0.9928298279158699
2615,11,2626,0.9958111195734958
129,13,142,0.9084507042253521
3789,20,3809,0.9947492780257285
2422,33,2455,0.9865580448065173
985,24,1009,0.9762140733399405
462,17,479,0.964509394572025
1161,37,1198,0.9691151919866444
136,15,151,0.9006622516556292
2523,15,2538,0.9940898345153665
483,9,492,0.9817073170731707
463,9,472,0.9809322033898306
506,10,516,0.9806201550387597
76,23,99,0.7676767676767676
463,13,476,0.9726890756302521
136,19,155,0.8774193548387097
668,23,691,0.9667149059334298
2074,7,2081,0.9966362325804902
2422,57,2479,0.9770068576038725
1174,37,1211,0.9694467382328654
2651,23,2674,0.9913986537023186
464,43,507,0.9151873767258383
1193,9,1202,0.9925124792013311
137,13,150,0.9133333333333333
991,9,1000,0.991
2723,21,2744,0.9923469387755102
2416,11,2427,0.9954676555418212
1140,10,1150,0.991304347826087
2490,10,2500,0.996
7436,11,7447,0.9985228951255539
73,40,113,0.6460176991150443
1192,7,1199,0.994161801501251
1294,7,1301,0.994619523443505
138,18,156,0.8846153846153846
464,75,539,0.8608534322820037
7436,6,7442,0.999193765116904
1302,28,1330,0.9789473684210527
2490,11,2501,0.9956017592962815
1455,18,1473,0.9877800407331976
138,21,159,0.8679245283018868
3511,13,3524,0.996311010215664
875,11,886,0.9875846501128668
2238,11,2249,0.9951089373054691
2168,13,2181,0.9940394314534617
2840,14,2854,0.9950946040644709
7436,43,7479,0.9942505682577885
1184,18,1202,0.9850249584026622
2877,9,2886,0.9968814968814969
140,20,160,0.875
2527,10,2537,0.9960583366180528
2492,6,2498,0.9975980784627703
2241,9,2250,0.996
622,73,695,0.8949640287769784
7436,13,7449,0.9982547993019197
684,9,693,0.987012987012987
854,12,866,0.9861431870669746
501,35,536,0.9347014925373134
7436,11,7447,0.9985228951255539
7436,7,7443,0.9990595190111514
1425,8,1433,0.994417306350314
3432,43,3475,0.9876258992805755
3643,32,3675,0.9912925170068028
1373,52,1425,0.9635087719298245
7436,34,7470,0.9954484605087015
12,8,20,0.6
2425,8,2433,0.9967118783394986
1373,18,1391,0.98705966930266
1387,14,1401,0.9900071377587437
1175,7,1182,0.994077834179357
7435,14,7449,0.9981205530943751
76,393,469,0.16204690831556504
2494,10,2504,0.9960063897763578
859,17,876,0.980593607305936
7435,43,7478,0.9942497994116074
1375,40,1415,0.9717314487632509
48,13,61,0.7868852459016393
1375,46,1421,0.9676284306826178
693,87,780,0.8884615384615384
2427,11,2438,0.9954881050041017
2245,6,2251,0.9973345179920036
15,16,31,0.4838709677419355
1375,20,1395,0.985663082437276
7436,127,7563,0.9832077218035171
7436,9,7445,0.9987911349899261
1181,37,1218,0.9696223316912972
2428,13,2441,0.9946743138058173
978,39,1017,0.9616519174041298
172,6,178,0.9662921348314607
50,15,65,0.7692307692307693
1066,12,1078,0.9888682745825603
7436,15,7451,0.9979868474030331
143,12,155,0.9225806451612903
16,7,23,0.6956521739130435
862,14,876,0.9840182648401826
1772,7,1779,0.9960652051714446
978,52,1030,0.9495145631067962
4757,7,4764,0.9985306465155331
862,13,875,0.9851428571428571
1450,25,1475,0.9830508474576272
4759,12,4771,0.9974848040243136
1376,8,1384,0.9942196531791907
7436,8,7444,0.99892530897367
16,16,32,0.5
919,6,925,0.9935135135135135
1189,160,1349,0.8813936249073387
1172,31,1203,0.9742310889443059
1384,50,1434,0.9651324965132496
6187,9,6196,0.9985474499677212
830,12,842,0.9857482185273159
2411,9,2420,0.9962809917355372
275,13,288,0.9548611111111112
852,8,860,0.9906976744186047
271,16,287,0.9442508710801394
332,64,396,0.8383838383838383
3705,6,3711,0.9983831851253031
7435,19,7454,0.9974510330024148
968,19,987,0.9807497467071935
887,16,903,0.982281284606866
4123,25,4148,0.9939729990356798
3251,12,3263,0.9963224026969046
1448,12,1460,0.9917808219178083
7,8,15,0.4666666666666667
6557,14,6571,0.9978694262669304
1389,7,1396,0.9949856733524355
272,17,289,0.9411764705882353
1598,239,1837,0.869896570495373
3254,9,3263,0.9972418020226785
1537,9,1546,0.9941785252263907
4127,7,4134,0.998306724721819
1500,8,1508,0.9946949602122016
915,6,921,0.993485342019544
1391,44,1435,0.9693379790940767
4126,10,4136,0.9975822050290135
3251,11,3262,0.9966278356836297
3252,16,3268,0.9951040391676866
1770,11,1781,0.9938236945536215
1301,19,1320,0.9856060606060606
842,36,878,0.958997722095672
3707,7,3714,0.998115239633818
1031,9,1040,0.9913461538461539
728,24,752,0.9680851063829787
1301,22,1323,0.983371126228269
2984,19,3003,0.9936729936729937
2265,18,2283,0.9921156373193167
566,15,581,0.9741824440619621
1105,28,1133,0.9752868490732568
1027,9,1036,0.9913127413127413
193,9,202,0.9554455445544554
2744,8,2752,0.997093023255814
652,14,666,0.978978978978979
6171,13,6184,0.9978978007761966
1100,24,1124,0.9786476868327402
3709,12,3721,0.9967750604676162
568,16,584,0.9726027397260274
1301,73,1374,0.9468704512372634
2265,36,2301,0.984354628422425
2912,10,2922,0.9965776865160849
51,10,61,0.8360655737704918
2912,10,2922,0.9965776865160849
713,9,722,0.9875346260387812
2437,14,2451,0.9942880456956344
7436,7,7443,0.9990595190111514
7420,19,7439,0.9974458932652238
3707,9,3716,0.9975780409041981
2743,9,2752,0.9967296511627907
483,9,492,0.9817073170731707
7436,38,7474,0.9949157077869949
222,15,237,0.9367088607594937
1303,19,1322,0.9856278366111951
1066,38,1104,0.9655797101449275
1435,64,1499,0.9573048699132756
51,55,106,0.4811320754716981
2750,70,2820,0.975177304964539
482,8,490,0.9836734693877551
2743,6,2749,0.9978173881411422
2340,21,2361,0.9911054637865311
194,11,205,0.9463414634146341
484,9,493,0.9817444219066938
3709,6,3715,0.9983849259757739
1475,12,1487,0.991930060524546
220,16,236,0.9322033898305084
1303,19,1322,0.9856278366111951
7436,34,7470,0.9954484605087015
6441,21,6462,0.9967502321262767
52,12,64,0.8125
1147,6,1153,0.99479618386817
2342,9,2351,0.9961718417694598
1392,10,1402,0.992867332382311
524,159,683,0.767203513909224
2864,15,2879,0.9947898575894408
1431,172,1603,0.8927011852776044
6441,7,6448,0.9989143920595533
7435,9,7444,0.9987909725953789
2746,7,2753,0.9974573192880494
7436,7,7443,0.9990595190111514
3710,9,3719,0.9975799946222103
7428,12,7440,0.9983870967741936
1475,11,1486,0.9925975773889637
3043,9,3052,0.997051114023591
6439,16,6455,0.9975213013168087
54,24,78,0.6923076923076923
1394,10,1404,0.9928774928774928
523,13,536,0.9757462686567164
1392,10,1402,0.992867332382311
2745,7,2752,0.9974563953488372
2255,13,2268,0.9942680776014109
1101,23,1124,0.9795373665480427
570,28,598,0.9531772575250836
1147,6,1153,0.99479618386817
1443,16,1459,0.9890335846470185
1001,8,1009,0.9920713577799801
1443,33,1476,0.9776422764227642
514,116,630,0.8158730158730159
1054,36,1090,0.9669724770642202
1306,18,1324,0.986404833836858
639,9,648,0.9861111111111112
33,128,161,0.20496894409937888
2747,9,2756,0.9967343976777939
7436,6,7442,0.999193765116904
33,13,46,0.717391304347826
449,30,479,0.9373695198329853
2560,11,2571,0.9957215091404122
1445,52,1497,0.9652638610554443
2462,121,2583,0.9531552458381727
33,69,102,0.3235294117647059
2918,158,3076,0.9486345903771132
1001,6,1007,0.9940417080436942
186,102,288,0.6458333333333334
3718,29,3747,0.992260475046704
1098,21,1119,0.9812332439678284
7435,6,7441,0.9991936567665637
1277,12,1289,0.9906904577191621
564,7,571,0.9877408056042032
4306,9,4315,0.9979142526071842
3182,8,3190,0.9974921630094044
3925,7,3932,0.9982197355035606
3577,162,3739,0.956672907194437
3217,53,3270,0.9837920489296637
580,61,641,0.9048361934477379
1860,13,1873,0.993059263214095
549,11,560,0.9803571428571428
1546,12,1558,0.9922978177150192
3925,7,3932,0.9982197355035606
4348,18,4366,0.9958772331653688
4267,9,4276,0.9978952291861553
2423,17,2440,0.9930327868852459
3926,14,3940,0.9964467005076142
4356,15,4371,0.9965682910089224
1328,6,1334,0.9955022488755623
768,8,776,0.9896907216494846
2847,9,2856,0.9968487394957983
2426,6,2432,0.9975328947368421
3103,9,3112,0.997107969151671
4388,6,4394,0.9986345015930814
428,9,437,0.9794050343249427
6358,12,6370,0.998116169544741
7436,20,7456,0.9973175965665236
2426,20,2446,0.9918233851185609
3216,11,3227,0.9965912612333436
6759,7,6766,0.9989654153118533
4065,54,4119,0.9868900218499636
1474,64,1538,0.9583875162548765
4268,11,4279,0.9974293059125964
1548,13,1561,0.9916720051249199
3928,14,3942,0.9964485032978183
861,21,882,0.9761904761904762
3244,8,3252,0.997539975399754
2434,26,2460,0.989430894308943
3183,15,3198,0.9953095684803002
3248,7,3255,0.9978494623655914
861,31,892,0.9652466367713004
3087,10,3097,0.9967710687762351
429,132,561,0.7647058823529411
4267,10,4277,0.9976619125555296
6761,6,6767,0.9991133441702379
3183,6,3189,0.9981185324553151
25,8,33,0.7575757575757576
1667,6,1673,0.9964136282127914
2167,219,2386,0.9082145850796312
24,9,33,0.7272727272727273
740,11,751,0.9853528628495339
274,22,296,0.9256756756756757
1664,9,1673,0.9946204423191871
4267,10,4277,0.9976619125555296
2438,14,2452,0.9942903752039152
2252,19,2271,0.9916336415675914
1848,20,1868,0.9892933618843683
437,26,463,0.9438444924406048
3113,17,3130,0.9945686900958467
4268,19,4287,0.9955679962677864
1664,9,1673,0.9946204423191871
1609,8,1617,0.9950525664811379
1539,9,1548,0.9941860465116279
1225,45,1270,0.9645669291338582
438,20,458,0.9563318777292577
2434,13,2447,0.9946873722926032
55,6,61,0.9016393442622951
1664,7,1671,0.9958108916816277
1470,150,1620,0.9074074074074074
2650,9,2659,0.9966152688980819
7435,8,7443,0.998925164584173
1366,22,1388,0.984149855907781
204,12,216,0.9444444444444444
437,9,446,0.9798206278026906
2290,9,2299,0.9960852544584602
1525,8,1533,0.994781474233529
23,49,72,0.3194444444444444
2971,7,2978,0.9976494291470785
1847,12,1859,0.9935449166218397
2900,17,2917,0.994172094617758
1217,12,1229,0.9902359641985354
6175,8,6183,0.9987061297104965
925,6,931,0.9935553168635876
2290,9,2299,0.9960852544584602
1564,7,1571,0.9955442393380013
1472,45,1517,0.970336189848385
7211,30,7241,0.9958569258389726
194,22,216,0.8981481481481481
732,12,744,0.9838709677419355
7436,8,7444,0.99892530897367
1564,7,1571,0.9955442393380013
1369,12,1381,0.9913106444605359
1542,6,1548,0.9961240310077519
964,9,973,0.9907502569373073
926,16,942,0.9830148619957537
1847,16,1863,0.991411701556629
1217,12,1229,0.9902359641985354
1119,25,1144,0.9781468531468531
2291,12,2303,0.9947894051237516
1564,6,1570,0.9961783439490446
1371,13,1384,0.990606936416185
7212,6,7218,0.999168744804655
2291,13,2304,0.9943576388888888
1020,10,1030,0.9902912621359223
1850,6,1856,0.9967672413793104
734,11,745,0.9852348993288591
1021,13,1034,0.9874274661508704
7436,20,7456,0.9973175965665236
2922,20,2942,0.9932019034670292
4400,119,4519,0.9736667404292986
717,9,726,0.987603305785124
1193,9,1202,0.9925124792013311
2922,14,2936,0.9952316076294278
258,32,290,0.8896551724137931
258,315,573,0.450261780104712
258,8,266,0.9699248120300752
36,25,61,0.5901639344262295
5140,9,5149,0.9982520877840357
2794,13,2807,0.9953687210545066
3336,11,3347,0.9967134747535106
3276,13,3289,0.9960474308300395
258,24,282,0.9148936170212766
259,16,275,0.9418181818181818
3419,7,3426,0.9979568009340338
272,11,283,0.9611307420494699
260,79,339,0.7669616519174042
725,12,737,0.9837177747625508
5140,9,5149,0.9982520877840357
1195,7,1202,0.9941763727121464
260,22,282,0.9219858156028369
3031,40,3071,0.9869749267339629
1692,17,1709,0.9900526623756583
1549,23,1572,0.9853689567430025
2677,27,2704,0.9900147928994083
260,129,389,0.6683804627249358
261,13,274,0.9525547445255474
942,15,957,0.9843260188087775
1906,13,1919,0.993225638353309
1862,49,1911,0.9743589743589743
261,31,292,0.8938356164383562
197,11,208,0.9471153846153846
281,69,350,0.8028571428571428
3421,6,3427,0.9982491975488765
197,7,204,0.9656862745098039
261,64,325,0.803076923076923
2443,25,2468,0.9898703403565641
2880,10,2890,0.9965397923875432
1550,23,1573,0.9853782581055308
5778,8,5786,0.9986173522295195
431,12,443,0.9729119638826185
19,12,31,0.6129032258064516
3771,10,3781,0.9973551970378207
3461,33,3494,0.9905552375500859
7425,31,7456,0.9958422746781116
291,8,299,0.9732441471571907
261,7,268,0.9738805970149254
77,15,92,0.8369565217391305
1305,11,1316,0.9916413373860182
869,341,1210,0.7181818181818181
3461,49,3510,0.986039886039886
1306,11,1317,0.9916476841305999
1305,12,1317,0.9908883826879271
261,9,270,0.9666666666666667
2939,26,2965,0.9912310286677909
53,12,65,0.8153846153846154
179,12,191,0.93717277486911
2648,6,2654,0.9977392614920875
1799,27,1826,0.9852135815991238
261,29,290,0.9
256,51,307,0.8338762214983714
1997,12,2009,0.9940268790443006
613,6,619,0.9903069466882067
2799,9,2808,0.9967948717948718
2360,14,2374,0.9941027801179444
179,6,185,0.9675675675675676
262,8,270,0.9703703703703703
7436,57,7493,0.9923929000400373
2951,13,2964,0.9956140350877193
2974,8,2982,0.9973172367538564
1306,8,1314,0.9939117199391172
1305,11,1316,0.9916413373860182
112,46,158,0.7088607594936709
2361,7,2368,0.997043918918919
179,12,191,0.93717277486911
5932,46,5978,0.992305118768819
6397,45,6442,0.9930145917416952
1999,48,2047,0.9765510503175379
260,7,267,0.9737827715355806
20,35,55,0.36363636363636365
1252,25,1277,0.980422866092404
1165,42,1207,0.9652029826014913
180,20,200,0.9
1802,32,1834,0.9825517993456925
6397,10,6407,0.9984392071172156
2362,12,2374,0.9949452401010952
244,30,274,0.8905109489051095
7435,101,7536,0.9865976645435244
3780,9,3789,0.997624703087886
2546,9,2555,0.9964774951076321
1254,23,1277,0.9819890368050117
544,14,558,0.974910394265233
3309,26,3335,0.9922038980509745
3435,82,3517,0.9766846744384419
1255,23,1278,0.9820031298904538
995,118,1113,0.8939802336028752
6397,14,6411,0.9978162533146155
2625,17,2642,0.9935654806964421
543,24,567,0.9576719576719577
4474,10,4484,0.9977698483496877
3309,22,3331,0.9933953767637346
2951,21,2972,0.9929340511440108
6397,10,6407,0.9984392071172156
1330,9,1339,0.9932785660941
536,172,708,0.7570621468926554
826,97,923,0.894907908992416
7434,23,7457,0.9969156497250905
512,8,520,0.9846153846153847
2156,31,2187,0.9858253315043438
4381,9,4390,0.9979498861047836
1783,43,1826,0.9764512595837898
3279,8,3287,0.9975661697596593
2051,12,2063,0.9941832283082889
7436,21,7457,0.9971838540968218
3430,11,3441,0.996803254867771
7436,27,7463,0.9963821519496181
7434,46,7480,0.9938502673796792
827,76,903,0.9158361018826136
1344,11,1355,0.9918819188191882
886,18,904,0.9800884955752213
2156,100,2256,0.9556737588652482
717,6,723,0.991701244813278
2053,10,2063,0.9951526902569074
520,21,541,0.9611829944547134
3330,12,3342,0.9964093357271095
170,10,180,0.9444444444444444
2055,8,2063,0.9961221522055259
20,93,113,0.17699115044247787
6414,127,6541,0.9805840085613821
271,6,277,0.9783393501805054
2539,6,2545,0.9976424361493124
984,34,1018,0.9666011787819253
1247,172,1419,0.8787878787878788
53,23,76,0.6973684210526315
985,8,993,0.9919436052366566
59,8,67,0.8805970149253731
3604,37,3641,0.9898379566053283
776,16,792,0.9797979797979798
2578,6,2584,0.9976780185758514
528,52,580,0.9103448275862069
2224,7,2231,0.9968623935454953
585,14,599,0.9766277128547579
1868,25,1893,0.9867934495509773
6415,135,6550,0.9793893129770992
776,19,795,0.9761006289308176
2383,11,2394,0.995405179615706
3164,24,3188,0.9924717691342535
60,21,81,0.7407407407407407
291,216,507,0.5739644970414202
982,8,990,0.9919191919191919
53,38,91,0.5824175824175825
6510,9,6519,0.9986194201564658
2220,6,2226,0.9973045822102425
922,9,931,0.9903329752953813
59,39,98,0.6020408163265306
2283,10,2293,0.9956389010030527
1174,12,1186,0.9898819561551433
62,16,78,0.7948717948717948
2376,52,2428,0.9785831960461285
6510,7,6517,0.9989258861439313
2643,6,2649,0.9977349943374858
6417,172,6589,0.9738958870845348
991,80,1071,0.9253034547152195
65,21,86,0.7558139534883721
2282,10,2292,0.9956369982547993
981,15,996,0.9849397590361446
2646,7,2653,0.9973614775725593
15,6,21,0.7142857142857143
2294,7,2301,0.9969578444154715
6511,9,6520,0.9986196319018404
6512,12,6524,0.9981606376456161
2643,10,2653,0.9962306822465133
2379,21,2400,0.99125
4906,18,4924,0.996344435418359
6418,37,6455,0.99426800929512
6419,16,6435,0.9975135975135975
62,12,74,0.8378378378378378
243,7,250,0.972
2379,8,2387,0.9966485127775451
18,10,28,0.6428571428571429
6431,21,6452,0.9967451952882826
592,16,608,0.9736842105263158
982,28,1010,0.9722772277227723
463,17,480,0.9645833333333333
982,18,1000,0.982
2574,10,2584,0.9961300309597523
1189,162,1351,0.8800888230940045
1879,8,1887,0.9957604663487016
592,18,610,0.9704918032786886
1498,12,1510,0.9920529801324504
5036,8,5044,0.9984139571768438
7436,25,7461,0.9966492427288567
156,46,202,0.7722772277227723
98,78,176,0.5568181818181818
1376,204,1580,0.8708860759493671
971,8,979,0.9918283963227783
2433,10,2443,0.9959066721244372
155,52,207,0.748792270531401
954,101,1055,0.9042654028436019
1190,13,1203,0.9891936824605154
1932,11,1943,0.9943386515697376
3776,27,3803,0.9929003418353931
3189,15,3204,0.9953183520599251
2419,79,2498,0.9683746997598078
1023,23,1046,0.9780114722753346
3725,19,3744,0.9949252136752137
1932,6,1938,0.9969040247678018
1714,6,1720,0.9965116279069768
147,46,193,0.7616580310880829
145,57,202,0.7178217821782178
2450,15,2465,0.9939148073022313
43,19,62,0.6935483870967742
44,6,50,0.88
3454,11,3465,0.9968253968253968
21,21,42,0.5
446,42,488,0.9139344262295082
54,7,61,0.8852459016393442
1026,8,1034,0.9922630560928434
21,6,27,0.7777777777777778
934,10,944,0.989406779661017
409,45,454,0.9008810572687225
1652,10,1662,0.9939831528279182
44,10,54,0.8148148148148148
63,14,77,0.8181818181818182
114,14,128,0.890625
1304,12,1316,0.9908814589665653
267,14,281,0.9501779359430605
221,6,227,0.973568281938326
221,14,235,0.9404255319148936
222,10,232,0.9568965517241379
22,65,87,0.25287356321839083
222,6,228,0.9736842105263158
267,14,281,0.9501779359430605
21,8,29,0.7241379310344828
2137,9,2146,0.9958061509785647
3452,9,3461,0.9973995954926322
63,6,69,0.9130434782608695
2138,10,2148,0.9953445065176909
1026,10,1036,0.9903474903474904
1028,8,1036,0.9922779922779923
413,31,444,0.9301801801801802
2019,10,2029,0.9950714637752588
182,15,197,0.9238578680203046
2138,10,2148,0.9953445065176909
2137,6,2143,0.997200186654223
1640,55,1695,0.967551622418879
10,17,27,0.37037037037037035
63,27,90,0.7
2022,7,2029,0.9965500246426812
100,11,111,0.9009009009009009
2137,12,2149,0.9944160074453234
226,6,232,0.9741379310344828
443,49,492,0.9004065040650406
1378,54,1432,0.9622905027932961
99,12,111,0.8918918918918919
127,9,136,0.9338235294117647
1199,18,1217,0.9852095316351684
444,48,492,0.9024390243902439
2137,12,2149,0.9944160074453234
4843,96,4939,0.9805628669771209
184,63,247,0.7449392712550608
963,9,972,0.9907407407407407
2028,57,2085,0.9726618705035971
2137,12,2149,0.9944160074453234
63,63,126,0.5
1387,60,1447,0.9585348997926745
415,271,686,0.6049562682215743
4163,10,4173,0.9976036424634556
2964,6,2970,0.997979797979798
1378,24,1402,0.9828815977175464
129,11,140,0.9214285714285714
1378,6,1384,0.9956647398843931
578,33,611,0.9459901800327333
1666,14,1680,0.9916666666666667
1862,29,1891,0.9846641988365944
7432,15,7447,0.9979857660803008
575,8,583,0.9862778730703259
3801,31,3832,0.9919102296450939
2627,88,2715,0.9675874769797421
7380,19,7399,0.9974320854169483
691,14,705,0.9801418439716312
7436,7,7443,0.9990595190111514
787,17,804,0.9788557213930348
7433,9,7442,0.9987906476753561
7434,20,7454,0.9973168768446472
576,9,585,0.9846153846153847
788,10,798,0.9874686716791979
1133,15,1148,0.9869337979094077
1134,15,1149,0.9869451697127938
60,18,78,0.7692307692307693
3756,6,3762,0.9984051036682615
1572,256,1828,0.8599562363238512
981,29,1010,0.9712871287128713
7436,13,7449,0.9982547993019197
2119,7,2126,0.9967074317968015
1863,37,1900,0.9805263157894737
788,6,794,0.9924433249370277
3108,10,3118,0.9967928159076331
1034,13,1047,0.9875835721107927
3107,7,3114,0.9977520873474631
4585,13,4598,0.9971726837755546
76,32,108,0.7037037037037037
1061,7,1068,0.9934456928838952
247,16,263,0.9391634980988594
393,307,700,0.5614285714285714
649,6,655,0.9908396946564886
428,9,437,0.9794050343249427
578,12,590,0.9796610169491525
1535,8,1543,0.9948152948801037
1700,25,1725,0.9855072463768116
1474,64,1538,0.9583875162548765
7434,37,7471,0.9950475170659885
873,90,963,0.9065420560747663
2151,27,2178,0.987603305785124
7380,16,7396,0.997836668469443
246,13,259,0.9498069498069498
1126,11,1137,0.990325417766051
5636,42,5678,0.9926030292356464
2646,83,2729,0.9695859289116893
695,10,705,0.9858156028368794
75,28,103,0.7281553398058253
1048,46,1094,0.9579524680073126
693,14,707,0.9801980198019802
790,15,805,0.9813664596273292
1127,16,1143,0.9860017497812773
1136,7,1143,0.9938757655293088
2719,9,2728,0.9967008797653959
697,7,704,0.9900568181818182
3823,20,3843,0.9947957325006506
7436,19,7455,0.9974513749161636
179,7,186,0.9623655913978495
1034,14,1048,0.9866412213740458
649,17,666,0.9744744744744744
57,28,85,0.6705882352941176
1813,21,1834,0.9885496183206107
2121,14,2135,0.9934426229508196
3990,18,4008,0.9955089820359282
1137,12,1149,0.9895561357702349
697,13,710,0.9816901408450704
3982,14,3996,0.9964964964964965
1198,7,1205,0.9941908713692946
1672,9,1681,0.9946460440214159
874,19,893,0.9787234042553191
7436,19,7455,0.9974513749161636
53,6,59,0.8983050847457628
1718,18,1736,0.9896313364055299
4685,10,4695,0.9978700745473909
650,6,656,0.9908536585365854
2040,67,2107,0.9682012339819649
799,8,807,0.990086741016109
1672,56,1728,0.9675925925925926
3613,12,3625,0.9966896551724138
3982,19,4001,0.9952511872031992
1799,9,1808,0.9950221238938053
2427,10,2437,0.9958965941731637
2044,19,2063,0.9907901114881241
3669,148,3817,0.9612260937909353
597,22,619,0.9644588045234249
1032,14,1046,0.9866156787762906
30,98,128,0.234375
7436,9,7445,0.9987911349899261
1032,10,1042,0.9904030710172744
5664,12,5676,0.9978858350951374
179,16,195,0.9179487179487179
2472,6,2478,0.9975786924939467
4684,9,4693,0.9980822501598124
115,20,135,0.8518518518518519
651,26,677,0.9615952732644018
681,16,697,0.9770444763271162
182,15,197,0.9238578680203046
2362,9,2371,0.9962041332770982
3671,9,3680,0.997554347826087
3615,10,3625,0.9972413793103448
84,40,124,0.6774193548387096
2529,11,2540,0.9956692913385827
4272,43,4315,0.990034762456547
4792,73,4865,0.984994861253854
2124,11,2135,0.994847775175644
2468,22,2490,0.9911646586345382
3809,145,3954,0.9633282751643905
1673,7,1680,0.9958333333333333
182,17,199,0.914572864321608
5556,7,5563,0.9987416861405717
1867,307,2174,0.858785648574057
836,8,844,0.990521327014218
2664,172,2836,0.9393511988716502
657,22,679,0.96759941089838
1541,12,1553,0.9922730199613651
875,30,905,0.9668508287292817
1491,128,1619,0.9209388511426807
2473,7,2480,0.9971774193548387
1128,20,1148,0.9825783972125436
4795,22,4817,0.9954328420178534
1193,30,1223,0.9754701553556827
2046,58,2104,0.9724334600760456
3634,23,3657,0.9937106918238994
4235,31,4266,0.9927332395686826
7436,11,7447,0.9985228951255539
3349,205,3554,0.9423185143500281
394,277,671,0.587183308494784
85,13,98,0.8673469387755102
398,9,407,0.9778869778869779
7436,10,7446,0.9986569970453935
601,12,613,0.9804241435562806
1622,9,1631,0.9944819129368485
1721,9,1730,0.9947976878612717
873,40,913,0.9561883899233297
57,31,88,0.6477272727272727
83,12,95,0.8736842105263158
1448,10,1458,0.9931412894375857
7436,13,7449,0.9982547993019197
601,14,615,0.9772357723577236
3112,21,3133,0.993297159272263
7436,10,7446,0.9986569970453935
548,34,582,0.9415807560137457
3671,9,3680,0.997554347826087
513,7,520,0.9865384615384616
602,18,620,0.9709677419354839
59,14,73,0.8082191780821918
482,13,495,0.9737373737373738
3506,9,3515,0.9974395448079658
2047,253,2300,0.89
3112,27,3139,0.9913985345651481
3114,11,3125,0.99648
1144,6,1150,0.9947826086956522
1288,24,1312,0.9817073170731707
602,7,609,0.9885057471264368
683,51,734,0.9305177111716622
59,15,74,0.7972972972972973
1416,824,2240,0.6321428571428571
603,7,610,0.9885245901639345
1288,24,1312,0.9817073170731707
3634,14,3648,0.9961622807017544
58,18,76,0.7631578947368421
1960,6,1966,0.9969481180061037
881,7,888,0.9921171171171171
2049,9,2058,0.9956268221574344
603,11,614,0.9820846905537459
1622,36,1658,0.9782870928829915
483,9,492,0.9817073170731707
3210,73,3283,0.9777642400243679
513,7,520,0.9865384615384616
603,17,620,0.9725806451612903
1032,20,1052,0.9809885931558935
7436,12,7448,0.9983888292158969
2057,43,2100,0.9795238095238096
604,13,617,0.9789303079416531
2303,59,2362,0.9750211685012701
1725,20,1745,0.9885386819484241
88,10,98,0.8979591836734694
1672,24,1696,0.9858490566037735
1126,15,1141,0.9868536371603857
7428,13,7441,0.9982529229942212
766,15,781,0.9807938540332907
605,12,617,0.9805510534846029
882,9,891,0.98989898989899
880,6,886,0.9932279909706546
1036,11,1047,0.9894937917860553
6539,6,6545,0.999083269671505
1667,13,1680,0.9922619047619048
2540,14,2554,0.9945184025058731
459,15,474,0.9683544303797469
1964,11,1975,0.9944303797468355
90,10,100,0.9
766,8,774,0.9896640826873385
3502,88,3590,0.9754874651810584
2887,7,2894,0.997581202487906
2061,223,2284,0.9023642732049036
760,17,777,0.9781209781209781
1197,27,1224,0.9779411764705882
952,28,980,0.9714285714285714
89,14,103,0.8640776699029126
684,70,754,0.9071618037135278
395,269,664,0.5948795180722891
762,14,776,0.9819587628865979
2446,55,2501,0.9780087964814075
1717,82,1799,0.9544191217342969
1667,22,1689,0.9869745411486086
489,29,518,0.944015444015444
1667,97,1764,0.9450113378684807
884,8,892,0.9910313901345291
2539,12,2551,0.9952959623676989
93,84,177,0.5254237288135594
89,11,100,0.89
1968,6,1974,0.9969604863221885
7435,19,7454,0.9974510330024148
1877,8,1885,0.9957559681697613
2887,46,2933,0.9843163995908626
1668,23,1691,0.9863985807214666
549,76,625,0.8784
2449,13,2462,0.9947197400487409
7436,7,7443,0.9990595190111514
6539,238,6777,0.9648812158772319
1440,9,1449,0.9937888198757764
2453,12,2465,0.9951318458417849
7436,25,7461,0.9966492427288567
2476,9,2485,0.9963782696177063
1668,127,1795,0.9292479108635098
2454,11,2465,0.9955375253549695
114,44,158,0.7215189873417721
1715,81,1796,0.9548997772828508
666,9,675,0.9866666666666667
1750,35,1785,0.9803921568627451
7436,11,7447,0.9985228951255539
119,14,133,0.8947368421052632
607,10,617,0.9837925445705025
666,10,676,0.985207100591716
1527,10,1537,0.9934938191281718
7436,12,7448,0.9983888292158969
3530,10,3540,0.9971751412429378
2586,13,2599,0.9949980761831474
1527,6,1533,0.9960861056751468
1527,14,1541,0.990914990266061
804,6,810,0.9925925925925926
549,173,722,0.760387811634349
