num_prefill_tokens,num_decode_tokens,num_total_tokens,pd_ratio
374,44,418,0.8947368421052632
396,109,505,0.7841584158415842
879,55,934,0.9411134903640257
91,16,107,0.8504672897196262
91,16,107,0.8504672897196262
381,84,465,0.8193548387096774
1313,142,1455,0.902405498281787
388,84,472,0.8220338983050848
242,14,256,0.9453125
209,152,361,0.5789473684210527
394,124,518,0.7606177606177607
394,59,453,0.869757174392936
1315,174,1489,0.8831430490261921
2221,15,2236,0.9932915921288015
389,90,479,0.8121085594989561
415,106,521,0.7965451055662188
120,12,132,0.9090909090909091
369,74,443,0.8329571106094809
206,162,368,0.5597826086956522
1353,142,1495,0.9050167224080268
197,152,349,0.5644699140401146
181,154,335,0.5402985074626866
388,54,442,0.8778280542986425
4085,62,4147,0.9850494333252954
2584,170,2754,0.9382716049382716
203,147,350,0.58
126,194,320,0.39375
389,87,476,0.8172268907563025
2548,116,2664,0.9564564564564565
91,16,107,0.8504672897196262
4081,74,4155,0.9821901323706378
181,123,304,0.5953947368421053
191,217,408,0.4681372549019608
27,183,210,0.12857142857142856
203,217,420,0.48333333333333334
398,81,479,0.8308977035490606
126,172,298,0.4228187919463087
209,181,390,0.5358974358974359
209,181,390,0.5358974358974359
28,175,203,0.13793103448275862
437,88,525,0.8323809523809523
181,104,285,0.6350877192982456
203,138,341,0.5953079178885631
200,177,377,0.5305039787798409
4073,58,4131,0.9859598160251755
91,16,107,0.8504672897196262
1087,401,1488,0.730510752688172
382,64,446,0.8565022421524664
412,102,514,0.8015564202334631
194,217,411,0.4720194647201946
203,217,420,0.48333333333333334
200,217,417,0.47961630695443647
64,174,238,0.2689075630252101
458,123,581,0.7882960413080895
1352,158,1510,0.895364238410596
874,404,1278,0.6838810641627543
378,58,436,0.8669724770642202
91,16,107,0.8504672897196262
4074,50,4124,0.9878758486905916
389,89,478,0.8138075313807531
212,183,395,0.5367088607594936
1085,394,1479,0.7336037863421231
407,131,538,0.7565055762081785
396,82,478,0.8284518828451883
1029,399,1428,0.7205882352941176
962,399,1361,0.7068332108743571
203,217,420,0.48333333333333334
898,94,992,0.905241935483871
181,253,434,0.41705069124423966
320,18,338,0.9467455621301775
1119,414,1533,0.7299412915851272
124,157,281,0.4412811387900356
1313,179,1492,0.8800268096514745
1096,383,1479,0.7410412440838404
400,102,502,0.796812749003984
1057,424,1481,0.7137069547602971
203,162,365,0.5561643835616439
1314,216,1530,0.8588235294117647
2,93,95,0.021052631578947368
1065,409,1474,0.7225237449118046
372,60,432,0.8611111111111112
4094,82,4176,0.9803639846743295
1104,394,1498,0.7369826435246996
1075,415,1490,0.7214765100671141
4088,37,4125,0.991030303030303
1225,372,1597,0.7670632435817157
1118,426,1544,0.7240932642487047
380,102,482,0.7883817427385892
1133,385,1518,0.7463768115942029
42,167,209,0.20095693779904306
2590,50,2640,0.9810606060606061
1140,377,1517,0.7514831905075807
126,203,329,0.3829787234042553
431,84,515,0.8368932038834952
1115,421,1536,0.7259114583333334
206,179,385,0.535064935064935
400,91,491,0.814663951120163
1123,396,1519,0.739302172481896
862,379,1241,0.6946011281224819
859,422,1281,0.6705698672911787
890,402,1292,0.6888544891640866
1192,419,1611,0.7399130974549969
899,403,1302,0.6904761904761905
163,224,387,0.42118863049095606
181,212,393,0.46055979643765904
416,88,504,0.8253968253968254
1163,426,1589,0.7319068596601637
243,14,257,0.9455252918287937
1041,428,1469,0.7086453369639211
1350,146,1496,0.9024064171122995
1104,396,1500,0.736
1127,426,1553,0.7256922086284611
1114,414,1528,0.7290575916230366
1083,396,1479,0.7322515212981744
1313,173,1486,0.8835800807537012
888,395,1283,0.6921278254091972
13,130,143,0.09090909090909091
874,89,963,0.9075804776739356
1065,395,1460,0.7294520547945206
1157,426,1583,0.7308907138344914
1077,390,1467,0.7341513292433538
2903,59,2962,0.9800810263335584
4079,27,4106,0.9934242571846079
1149,411,1560,0.7365384615384616
996,389,1385,0.7191335740072202
990,394,1384,0.7153179190751445
197,183,380,0.5184210526315789
4107,49,4156,0.9882098171318575
197,217,414,0.4758454106280193
1378,407,1785,0.7719887955182073
1214,421,1635,0.7425076452599388
1016,375,1391,0.7304097771387491
1186,398,1584,0.7487373737373737
4076,60,4136,0.9854932301740812
1100,426,1526,0.7208387942332897
218,217,435,0.5011494252873563
1232,419,1651,0.7462144155057541
975,416,1391,0.7009345794392523
209,217,426,0.49061032863849763
181,85,266,0.6804511278195489
1029,388,1417,0.726182074805928
888,418,1306,0.6799387442572741
1113,375,1488,0.7479838709677419
1035,520,1555,0.6655948553054662
1009,425,1434,0.703626220362622
869,450,1319,0.6588324488248674
1183,431,1614,0.7329615861214375
972,395,1367,0.7110460863204097
1097,396,1493,0.7347622237106497
206,183,389,0.5295629820051414
181,208,389,0.4652956298200514
1316,200,1516,0.8680738786279684
908,456,1364,0.6656891495601173
1094,422,1516,0.7216358839050132
996,422,1418,0.7023977433004231
420,89,509,0.825147347740668
1112,385,1497,0.7428189712758851
1133,396,1529,0.7410071942446043
890,403,1293,0.6883217324052591
833,36,869,0.9585730724971231
1093,426,1519,0.7195523370638578
206,211,417,0.4940047961630695
898,454,1352,0.6642011834319527
1312,180,1492,0.8793565683646113
1129,396,1525,0.740327868852459
375,67,442,0.8484162895927602
862,425,1287,0.6697746697746698
167,179,346,0.48265895953757226
914,414,1328,0.6882530120481928
209,217,426,0.49061032863849763
982,594,1576,0.6230964467005076
200,161,361,0.554016620498615
1313,156,1469,0.8938053097345132
999,416,1415,0.7060070671378091
1084,397,1481,0.7319378798109386
399,106,505,0.7900990099009901
1065,594,1659,0.6419529837251357
1036,446,1482,0.699055330634278
1243,398,1641,0.7574649603900061
1128,384,1512,0.746031746031746
1000,375,1375,0.7272727272727273
992,56,1048,0.9465648854961832
920,87,1007,0.913604766633565
1040,388,1428,0.7282913165266106
411,101,512,0.802734375
900,91,991,0.9081735620585267
1018,425,1443,0.7054747054747055
4082,44,4126,0.9893359185651963
395,99,494,0.7995951417004049
209,217,426,0.49061032863849763
181,113,294,0.6156462585034014
1118,414,1532,0.7297650130548303
972,392,1364,0.7126099706744868
1847,53,1900,0.9721052631578947
392,96,488,0.8032786885245902
197,217,414,0.4758454106280193
975,409,1384,0.7044797687861272
1025,443,1468,0.6982288828337875
1027,388,1415,0.7257950530035335
1143,409,1552,0.7364690721649485
1028,394,1422,0.7229254571026723
874,402,1276,0.6849529780564263
997,492,1489,0.6695768972464742
72,245,317,0.22712933753943218
851,397,1248,0.6818910256410257
408,91,499,0.8176352705410822
1113,531,1644,0.677007299270073
1313,170,1483,0.8853674983142279
1083,426,1509,0.7176938369781312
1139,394,1533,0.7429876060013046
978,437,1415,0.6911660777385159
26,146,172,0.1511627906976744
386,61,447,0.8635346756152126
1074,411,1485,0.7232323232323232
209,162,371,0.5633423180592992
1099,455,1554,0.7072072072072072
120,12,132,0.9090909090909091
126,173,299,0.4214046822742475
416,140,556,0.7482014388489209
4074,40,4114,0.9902771025765679
394,83,477,0.8259958071278826
1043,399,1442,0.7233009708737864
1099,396,1495,0.7351170568561873
857,91,948,0.9040084388185654
209,217,426,0.49061032863849763
1109,365,1474,0.7523744911804613
993,441,1434,0.6924686192468619
888,418,1306,0.6799387442572741
2294,72,2366,0.9695688926458157
1141,388,1529,0.7462393721386528
1067,394,1461,0.730321697467488
1116,423,1539,0.7251461988304093
416,79,495,0.8404040404040404
1126,520,1646,0.68408262454435
203,179,382,0.5314136125654451
379,144,523,0.7246653919694073
56,164,220,0.2545454545454545
1232,410,1642,0.7503045066991474
209,162,371,0.5633423180592992
206,162,368,0.5597826086956522
1083,378,1461,0.7412731006160165
171,183,354,0.4830508474576271
982,429,1411,0.6959603118355776
2208,87,2295,0.9620915032679739
374,54,428,0.8738317757009346
1019,413,1432,0.7115921787709497
126,205,331,0.3806646525679758
1147,396,1543,0.7433570965651328
1078,428,1506,0.7158034528552457
883,413,1296,0.6813271604938271
169,217,386,0.4378238341968912
1094,429,1523,0.7183191070256073
1001,427,1428,0.7009803921568627
391,93,484,0.8078512396694215
4081,38,4119,0.9907744598203447
1085,388,1473,0.736591989137814
1064,395,1459,0.7292666209732693
1070,411,1481,0.7224848075624578
972,575,1547,0.6283128636069812
1099,394,1493,0.7361018084393838
980,384,1364,0.718475073313783
1057,393,1450,0.7289655172413793
1082,409,1491,0.7256874580818243
1072,400,1472,0.7282608695652174
385,98,483,0.7971014492753623
78,141,219,0.3561643835616438
412,100,512,0.8046875
1027,388,1415,0.7257950530035335
1146,466,1612,0.7109181141439206
994,419,1413,0.7034677990092003
846,108,954,0.8867924528301887
1140,430,1570,0.7261146496815286
1059,649,1708,0.620023419203747
1354,200,1554,0.8712998712998713
167,171,338,0.4940828402366864
1792,50,1842,0.9728555917480999
40,134,174,0.22988505747126436
407,104,511,0.7964774951076321
1065,411,1476,0.7215447154471545
181,241,422,0.42890995260663506
1314,137,1451,0.9055823569951758
181,128,309,0.5857605177993528
163,205,368,0.4429347826086957
2,93,95,0.021052631578947368
1314,203,1517,0.8661832564271589
1056,394,1450,0.7282758620689656
978,442,1420,0.6887323943661972
1217,565,1782,0.6829405162738497
1056,398,1454,0.7262723521320495
951,445,1396,0.6812320916905444
1233,401,1634,0.7545899632802937
1317,169,1486,0.8862718707940781
1103,520,1623,0.6796056685150955
887,375,1262,0.7028526148969889
1123,396,1519,0.739302172481896
1095,379,1474,0.742876526458616
1079,419,1498,0.7202937249666221
1073,420,1493,0.7186872069658405
1147,413,1560,0.7352564102564103
212,183,395,0.5367088607594936
411,81,492,0.8353658536585366
380,76,456,0.8333333333333334
2522,62,2584,0.9760061919504643
990,468,1458,0.6790123456790124
1106,414,1520,0.7276315789473684
1117,396,1513,0.7382683410442828
1147,396,1543,0.7433570965651328
127,178,305,0.4163934426229508
1021,428,1449,0.704623878536922
1081,394,1475,0.7328813559322034
1104,394,1498,0.7369826435246996
1149,429,1578,0.7281368821292775
399,86,485,0.822680412371134
1127,385,1512,0.7453703703703703
766,85,851,0.900117508813161
1073,396,1469,0.730428863172226
91,16,107,0.8504672897196262
922,402,1324,0.6963746223564955
1314,220,1534,0.8565840938722294
1049,396,1445,0.7259515570934256
1048,399,1447,0.7242570836212854
1180,404,1584,0.7449494949494949
194,217,411,0.4720194647201946
1063,396,1459,0.7285812200137081
206,217,423,0.48699763593380613
1083,386,1469,0.7372362151123213
1016,436,1452,0.699724517906336
958,427,1385,0.691696750902527
91,16,107,0.8504672897196262
335,18,353,0.9490084985835694
895,114,1009,0.8870168483647175
1004,532,1536,0.6536458333333334
194,223,417,0.46522781774580335
1001,427,1428,0.7009803921568627
954,390,1344,0.7098214285714286
4083,44,4127,0.989338502544221
203,217,420,0.48333333333333334
980,385,1365,0.717948717948718
91,24,115,0.7913043478260869
428,102,530,0.8075471698113208
878,110,988,0.888663967611336
4088,41,4129,0.9900702349237104
212,164,376,0.5638297872340425
982,411,1393,0.7049533381191673
445,174,619,0.7189014539579968
394,86,480,0.8208333333333333
1023,421,1444,0.7084487534626038
1314,152,1466,0.8963165075034106
1009,420,1429,0.7060881735479356
1007,375,1382,0.7286541244573083
1161,373,1534,0.7568448500651891
4085,52,4137,0.9874305051970027
1067,429,1496,0.7132352941176471
1038,409,1447,0.7173462335867312
1136,422,1558,0.7291399229781772
169,217,386,0.4378238341968912
313,18,331,0.945619335347432
1116,574,1690,0.6603550295857988
1240,501,1741,0.7122343480758185
1060,58,1118,0.9481216457960644
209,167,376,0.5558510638297872
428,108,536,0.7985074626865671
1093,414,1507,0.7252820172528202
1045,585,1630,0.6411042944785276
435,111,546,0.7967032967032966
1037,390,1427,0.7266993693062369
422,95,517,0.816247582205029
1313,201,1514,0.8672391017173051
1184,394,1578,0.7503168567807351
1001,396,1397,0.7165354330708661
890,387,1277,0.696945967110415
181,140,321,0.5638629283489096
1119,397,1516,0.7381266490765171
407,92,499,0.8156312625250501
1188,388,1576,0.7538071065989848
1016,375,1391,0.7304097771387491
1095,417,1512,0.7242063492063492
1027,395,1422,0.7222222222222222
1102,455,1557,0.7077713551701991
1026,429,1455,0.7051546391752578
1996,70,2066,0.9661181026137464
1314,139,1453,0.9043358568479009
181,173,354,0.5112994350282486
1049,397,1446,0.7254495159059474
1132,414,1546,0.7322121604139715
1088,386,1474,0.7381275440976933
125,205,330,0.3787878787878788
2396,69,2465,0.9720081135902637
206,167,373,0.5522788203753352
376,73,449,0.8374164810690423
127,198,325,0.39076923076923076
4078,49,4127,0.9881269687424279
404,109,513,0.7875243664717348
1026,409,1435,0.7149825783972126
1199,394,1593,0.7526679221594476
91,16,107,0.8504672897196262
1013,422,1435,0.7059233449477352
990,392,1382,0.7163531114327062
4083,38,4121,0.9907789371511769
1314,200,1514,0.8678996036988111
1069,499,1568,0.6817602040816326
1017,519,1536,0.662109375
200,183,383,0.5221932114882507
124,204,328,0.3780487804878049
895,393,1288,0.6948757763975155
399,112,511,0.7808219178082192
410,95,505,0.8118811881188119
1107,388,1495,0.7404682274247492
212,217,429,0.49417249417249415
1007,385,1392,0.7234195402298851
1052,652,1704,0.6173708920187794
1143,388,1531,0.7465708687132593
307,18,325,0.9446153846153846
392,91,483,0.8115942028985508
129,185,314,0.410828025477707
129,159,288,0.4479166666666667
936,431,1367,0.6847110460863204
128,205,333,0.3843843843843844
1025,388,1413,0.7254069355980184
203,217,420,0.48333333333333334
431,97,528,0.8162878787878788
1000,396,1396,0.7163323782234957
1045,496,1541,0.6781310837118754
165,192,357,0.46218487394957986
1163,429,1592,0.7305276381909548
1143,580,1723,0.6633778293673824
1012,389,1401,0.7223411848679515
1121,433,1554,0.7213642213642214
971,373,1344,0.7224702380952381
1088,377,1465,0.7426621160409557
1028,498,1526,0.6736566186107471
127,202,329,0.3860182370820669
1139,371,1510,0.7543046357615895
1100,414,1514,0.726552179656539
1019,403,1422,0.7165963431786216
1022,443,1465,0.6976109215017064
1176,373,1549,0.7591994835377663
1007,403,1410,0.7141843971631205
382,38,420,0.9095238095238095
396,107,503,0.7872763419483101
401,147,548,0.7317518248175182
882,135,1017,0.8672566371681416
1161,429,1590,0.730188679245283
21,139,160,0.13125
1053,383,1436,0.7332869080779945
402,102,504,0.7976190476190477
1037,434,1471,0.7049626104690686
4077,81,4158,0.9805194805194806
945,504,1449,0.6521739130434783
1050,403,1453,0.7226428079834825
1036,386,1422,0.7285513361462729
4075,91,4166,0.9781565050408065
1062,413,1475,0.72
4105,67,4172,0.9839405560882071
1070,398,1468,0.728882833787466
206,181,387,0.5322997416020672
419,130,549,0.7632058287795993
181,132,313,0.5782747603833865
1127,415,1542,0.7308690012970168
1043,394,1437,0.7258176757132916
4082,104,4186,0.9751552795031055
413,95,508,0.812992125984252
934,378,1312,0.711890243902439
1039,379,1418,0.732722143864598
91,24,115,0.7913043478260869
1017,393,1410,0.7212765957446808
1007,468,1475,0.6827118644067797
375,66,441,0.8503401360544217
10,146,156,0.0641025641025641
994,414,1408,0.7059659090909091
298,18,316,0.9430379746835443
1002,388,1390,0.720863309352518
1021,390,1411,0.7236002834868888
209,217,426,0.49061032863849763
386,96,482,0.8008298755186722
1092,415,1507,0.7246184472461845
403,142,545,0.7394495412844037
415,101,516,0.8042635658914729
1013,363,1376,0.7361918604651163
1014,395,1409,0.7196593328601846
1034,377,1411,0.7328136073706591
1002,396,1398,0.7167381974248928
1149,516,1665,0.69009009009009
1112,403,1515,0.733993399339934
1314,159,1473,0.8920570264765784
1917,56,1973,0.9716168271667511
1043,431,1474,0.7075983717774763
1032,421,1453,0.7102546455609084
1093,382,1475,0.7410169491525423
1173,429,1602,0.7322097378277154
203,189,392,0.5178571428571429
390,97,487,0.8008213552361396
4085,59,4144,0.9857625482625483
4090,56,4146,0.9864930053063193
409,93,502,0.8147410358565738
402,92,494,0.8137651821862348
1354,225,1579,0.8575047498416719
181,213,394,0.4593908629441624
1035,414,1449,0.7142857142857143
1033,420,1453,0.7109428768066071
206,179,385,0.535064935064935
888,426,1314,0.6757990867579908
209,183,392,0.5331632653061225
1102,433,1535,0.717915309446254
1007,424,1431,0.7037037037037037
203,167,370,0.5486486486486486
1173,421,1594,0.7358845671267252
1080,371,1451,0.7443142660234321
395,92,487,0.811088295687885
1011,677,1688,0.5989336492890995
91,24,115,0.7913043478260869
209,167,376,0.5558510638297872
1159,399,1558,0.7439024390243902
463,739,1202,0.38519134775374375
1094,398,1492,0.7332439678284183
130,199,329,0.3951367781155015
203,162,365,0.5561643835616439
206,217,423,0.48699763593380613
1003,373,1376,0.7289244186046512
376,88,464,0.8103448275862069
401,125,526,0.7623574144486692
1023,427,1450,0.7055172413793104
197,217,414,0.4758454106280193
91,16,107,0.8504672897196262
77,187,264,0.2916666666666667
4083,67,4150,0.983855421686747
1056,396,1452,0.7272727272727273
1033,397,1430,0.7223776223776224
1118,378,1496,0.7473262032085561
1269,152,1421,0.8930330752990852
1035,401,1436,0.7207520891364902
1256,414,1670,0.7520958083832335
1211,450,1661,0.7290788681517159
396,89,485,0.8164948453608247
4078,46,4124,0.9888457807953444
91,16,107,0.8504672897196262
1066,421,1487,0.7168796234028245
91,24,115,0.7913043478260869
414,79,493,0.8397565922920892
378,52,430,0.8790697674418605
385,112,497,0.7746478873239436
1314,285,1599,0.8217636022514071
401,88,489,0.820040899795501
404,98,502,0.8047808764940239
91,16,107,0.8504672897196262
194,188,382,0.5078534031413613
4086,64,4150,0.984578313253012
1111,389,1500,0.7406666666666667
1125,395,1520,0.7401315789473685
1013,421,1434,0.706415620641562
847,89,936,0.9049145299145299
375,101,476,0.7878151260504201
1046,393,1439,0.7268936761640028
395,58,453,0.8719646799116998
402,86,488,0.8237704918032787
1207,386,1593,0.7576898932831136
997,415,1412,0.7060906515580736
191,162,353,0.5410764872521246
978,430,1408,0.6946022727272727
200,217,417,0.47961630695443647
1160,421,1581,0.7337128399746996
1216,466,1682,0.72294887039239
912,427,1339,0.6811053024645257
181,104,285,0.6350877192982456
206,162,368,0.5597826086956522
1010,396,1406,0.7183499288762447
975,68,1043,0.9348034515819751
1033,396,1429,0.7228831350594822
163,157,320,0.509375
382,62,444,0.8603603603603603
1082,426,1508,0.7175066312997348
1311,415,1726,0.7595596755504056
200,217,417,0.47961630695443647
4093,91,4184,0.9782504780114722
91,16,107,0.8504672897196262
181,85,266,0.6804511278195489
1004,412,1416,0.7090395480225988
1315,144,1459,0.9013022618231665
203,161,364,0.5576923076923077
960,403,1363,0.7043286867204696
1032,387,1419,0.7272727272727273
1144,396,1540,0.7428571428571429
414,130,544,0.7610294117647058
399,86,485,0.822680412371134
1113,98,1211,0.9190751445086706
181,107,288,0.6284722222222222
161,193,354,0.4548022598870056
1001,398,1399,0.7155110793423874
371,54,425,0.8729411764705882
1176,385,1561,0.7533632286995515
1061,429,1490,0.7120805369127516
886,95,981,0.9031600407747197
4101,58,4159,0.9860543399855735
1137,428,1565,0.726517571884984
1245,389,1634,0.7619339045287638
401,103,504,0.7956349206349206
405,83,488,0.8299180327868853
1319,169,1488,0.8864247311827957
1052,429,1481,0.7103308575286968
91,24,115,0.7913043478260869
1062,393,1455,0.7298969072164948
2042,52,2094,0.9751671442215855
4080,74,4154,0.9821858449687049
328,18,346,0.9479768786127167
8,122,130,0.06153846153846154
1313,156,1469,0.8938053097345132
2278,45,2323,0.9806284976323719
1129,414,1543,0.7316915100453661
405,110,515,0.7864077669902912
393,105,498,0.7891566265060241
167,187,354,0.4717514124293785
1040,456,1496,0.6951871657754011
1113,399,1512,0.7361111111111112
1042,411,1453,0.717136958017894
1180,414,1594,0.740276035131744
1069,426,1495,0.7150501672240802
209,217,426,0.49061032863849763
1065,426,1491,0.7142857142857143
128,173,301,0.42524916943521596
4082,50,4132,0.9878993223620522
1037,415,1452,0.7141873278236914
966,403,1369,0.7056245434623813
380,99,479,0.7933194154488518
1087,396,1483,0.7329737019554956
218,179,397,0.5491183879093199
387,75,462,0.8376623376623377
1000,498,1498,0.6675567423230975
383,114,497,0.7706237424547284
1093,429,1522,0.7181340341655716
1262,390,1652,0.7639225181598063
1473,450,1923,0.765990639625585
1127,563,1690,0.6668639053254438
1076,464,1540,0.6987012987012987
1067,393,1460,0.7308219178082191
402,73,475,0.8463157894736842
209,179,388,0.538659793814433
1047,401,1448,0.7230662983425414
200,193,393,0.5089058524173028
942,404,1346,0.6998514115898959
1072,446,1518,0.7061923583662714
1232,419,1651,0.7462144155057541
373,91,464,0.8038793103448276
999,395,1394,0.7166427546628408
1146,426,1572,0.7290076335877863
1049,667,1716,0.6113053613053613
1130,375,1505,0.7508305647840532
1009,419,1428,0.7065826330532213
1317,320,1637,0.8045204642638973
921,114,1035,0.8898550724637682
4084,34,4118,0.9917435648372996
1157,429,1586,0.7295081967213115
1093,425,1518,0.7200263504611331
1035,405,1440,0.71875
1009,395,1404,0.7186609686609686
4091,40,4131,0.990317114500121
482,73,555,0.8684684684684685
4076,38,4114,0.9907632474477395
401,104,505,0.7940594059405941
1046,429,1475,0.7091525423728814
1230,389,1619,0.7597282273008029
161,159,320,0.503125
26,238,264,0.09848484848484848
1108,399,1507,0.7352355673523556
378,124,502,0.7529880478087649
1051,410,1461,0.7193702943189596
2,93,95,0.021052631578947368
1001,373,1374,0.7285298398835517
1059,429,1488,0.7116935483870968
996,385,1381,0.721216509775525
1096,396,1492,0.7345844504021448
417,98,515,0.8097087378640777
1139,396,1535,0.7420195439739413
310,18,328,0.9451219512195121
1027,482,1509,0.6805831676607025
1007,388,1395,0.7218637992831541
161,150,311,0.5176848874598071
4099,55,4154,0.9867597496389022
1025,394,1419,0.7223396758280479
1044,413,1457,0.7165408373369938
404,108,512,0.7890625
1036,425,1461,0.7091033538672142
1098,396,1494,0.7349397590361446
405,105,510,0.7941176470588235
4074,50,4124,0.9878758486905916
1269,451,1720,0.7377906976744186
788,51,839,0.9392133492252682
918,397,1315,0.6980988593155893
206,179,385,0.535064935064935
4076,51,4127,0.9876423552217107
1068,664,1732,0.6166281755196305
1042,472,1514,0.6882430647291942
417,92,509,0.8192534381139489
409,146,555,0.736936936936937
1002,373,1375,0.7287272727272728
942,104,1046,0.9005736137667304
983,414,1397,0.7036506800286327
4088,67,4155,0.9838748495788207
1113,1000,2113,0.526739233317558
203,217,420,0.48333333333333334
435,83,518,0.8397683397683398
4086,37,4123,0.991025951976716
91,16,107,0.8504672897196262
1071,386,1457,0.7350720658888126
167,217,384,0.4348958333333333
200,161,361,0.554016620498615
181,92,273,0.663003663003663
181,118,299,0.6053511705685619
4090,45,4135,0.9891172914147521
1201,546,1747,0.6874642243846594
1208,400,1608,0.7512437810945274
373,57,430,0.8674418604651163
1005,407,1412,0.7117563739376771
130,199,329,0.3951367781155015
1008,398,1406,0.716927453769559
91,16,107,0.8504672897196262
392,109,501,0.782435129740519
394,94,488,0.8073770491803278
988,466,1454,0.6795048143053645
1146,380,1526,0.7509829619921363
4089,67,4156,0.983878729547642
1091,436,1527,0.7144728225278324
379,87,466,0.8133047210300429
411,93,504,0.8154761904761905
4083,62,4145,0.9850422195416164
396,65,461,0.8590021691973969
4088,107,4195,0.9744934445768773
4073,29,4102,0.9929302779132131
1060,396,1456,0.728021978021978
1046,429,1475,0.7091525423728814
398,79,477,0.8343815513626834
3067,101,3168,0.9681186868686869
381,99,480,0.79375
1117,428,1545,0.7229773462783171
383,69,452,0.8473451327433629
403,106,509,0.7917485265225933
377,69,446,0.8452914798206278
403,101,504,0.7996031746031746
1145,396,1541,0.7430240103828682
1209,403,1612,0.75
893,455,1348,0.6624629080118695
1036,411,1447,0.7159640635798203
203,217,420,0.48333333333333334
200,217,417,0.47961630695443647
299,18,317,0.943217665615142
1142,436,1578,0.7237008871989861
1318,234,1552,0.8492268041237113
323,18,341,0.9472140762463344
1023,416,1439,0.7109103544127866
1039,593,1632,0.6366421568627451
1024,414,1438,0.7121001390820584
206,165,371,0.555256064690027
371,97,468,0.7927350427350427
373,66,439,0.8496583143507973
385,73,458,0.8406113537117904
203,167,370,0.5486486486486486
398,132,530,0.7509433962264151
1241,421,1662,0.746690734055355
1050,374,1424,0.7373595505617978
4075,63,4138,0.9847752537457709
401,86,487,0.8234086242299795
1436,386,1822,0.7881448957189902
389,65,454,0.8568281938325991
386,49,435,0.8873563218390804
1069,426,1495,0.7150501672240802
212,217,429,0.49417249417249415
991,373,1364,0.7265395894428153
181,112,293,0.6177474402730375
4082,210,4292,0.951071761416589
395,142,537,0.7355679702048417
1007,451,1458,0.6906721536351166
395,91,486,0.8127572016460906
324,18,342,0.9473684210526315
200,167,367,0.5449591280653951
397,103,500,0.794
4074,67,4141,0.9838203332528375
452,101,553,0.8173598553345389
391,93,484,0.8078512396694215
1061,429,1490,0.7120805369127516
1007,379,1386,0.7265512265512265
398,99,497,0.8008048289738431
913,398,1311,0.6964149504195271
999,412,1411,0.708008504606662
385,84,469,0.8208955223880597
4096,45,4141,0.9891330596474281
1161,408,1569,0.739961759082218
396,113,509,0.7779960707269156
4080,35,4115,0.991494532199271
200,188,388,0.5154639175257731
1116,401,1517,0.7356624917600527
1046,531,1577,0.663284717818643
1015,397,1412,0.7188385269121813
396,95,491,0.8065173116089613
1320,201,1521,0.8678500986193294
1040,396,1436,0.724233983286908
416,153,569,0.7311072056239016
384,61,445,0.8629213483146068
1288,418,1706,0.7549824150058617
203,162,365,0.5561643835616439
400,82,482,0.8298755186721992
209,217,426,0.49061032863849763
402,134,536,0.75
906,146,1052,0.8612167300380228
1312,204,1516,0.8654353562005277
4076,92,4168,0.9779270633397313
1042,373,1415,0.7363957597173145
128,205,333,0.3843843843843844
1067,398,1465,0.7283276450511945
1170,398,1568,0.7461734693877551
1129,396,1525,0.740327868852459
4075,52,4127,0.9874000484613521
401,144,545,0.7357798165137615
1032,401,1433,0.7201674808094906
407,122,529,0.7693761814744802
1102,425,1527,0.7216764898493778
1088,407,1495,0.7277591973244147
385,107,492,0.782520325203252
967,398,1365,0.7084249084249085
395,83,478,0.8263598326359832
1160,392,1552,0.7474226804123711
1019,413,1432,0.7115921787709497
4082,31,4113,0.9924629224410406
181,172,353,0.5127478753541076
91,24,115,0.7913043478260869
409,125,534,0.7659176029962547
383,58,441,0.8684807256235828
1363,363,1726,0.7896871378910776
1034,550,1584,0.6527777777777778
200,174,374,0.5347593582887701
4083,46,4129,0.9888592879631872
4119,36,4155,0.9913357400722022
998,373,1371,0.7279358132749818
203,217,420,0.48333333333333334
1317,268,1585,0.8309148264984227
1001,399,1400,0.715
167,168,335,0.49850746268656715
1093,429,1522,0.7181340341655716
3053,69,3122,0.9778987828315182
373,27,400,0.9325
4080,61,4141,0.9852692586331804
209,194,403,0.5186104218362283
1314,161,1475,0.8908474576271187
91,16,107,0.8504672897196262
2584,150,2734,0.9451353328456474
1072,446,1518,0.7061923583662714
370,69,439,0.8428246013667426
379,88,467,0.8115631691648822
1129,136,1265,0.892490118577075
372,90,462,0.8051948051948052
1297,368,1665,0.7789789789789789
1012,420,1432,0.7067039106145251
377,53,430,0.8767441860465116
1191,411,1602,0.7434456928838952
4078,62,4140,0.985024154589372
393,101,494,0.7955465587044535
1208,413,1621,0.7452190006169032
379,62,441,0.8594104308390023
4132,75,4207,0.9821725695269788
394,70,464,0.8491379310344828
425,96,521,0.8157389635316699
313,18,331,0.945619335347432
134,202,336,0.39880952380952384
181,418,599,0.3021702838063439
1027,405,1432,0.7171787709497207
1035,431,1466,0.7060027285129604
391,93,484,0.8078512396694215
395,118,513,0.7699805068226121
371,58,429,0.8648018648018648
1098,396,1494,0.7349397590361446
1296,398,1694,0.7650531286894924
124,159,283,0.4381625441696113
394,104,498,0.7911646586345381
1230,399,1629,0.7550644567219152
2786,99,2885,0.965684575389948
380,74,454,0.8370044052863436
91,16,107,0.8504672897196262
1298,402,1700,0.7635294117647059
4077,40,4117,0.990284187515181
1101,405,1506,0.7310756972111554
998,518,1516,0.658311345646438
378,52,430,0.8790697674418605
1033,394,1427,0.7238962859145059
4085,53,4138,0.9871918801353311
4126,113,4239,0.9733427695211134
395,90,485,0.8144329896907216
4075,58,4133,0.9859666102105008
1120,415,1535,0.7296416938110749
420,104,524,0.8015267175572519
1138,396,1534,0.741851368970013
406,89,495,0.8202020202020202
1314,152,1466,0.8963165075034106
4089,68,4157,0.9836420495549675
1057,445,1502,0.703728362183755
4095,50,4145,0.9879372738238842
1074,403,1477,0.7271496276235613
1133,432,1565,0.723961661341853
1110,451,1561,0.7110826393337604
1005,111,1116,0.9005376344086021
853,106,959,0.8894681960375391
1198,396,1594,0.7515683814303639
372,61,433,0.859122401847575
4084,66,4150,0.9840963855421687
381,91,472,0.8072033898305084
1112,404,1516,0.7335092348284961
956,75,1031,0.92725509214355
431,99,530,0.8132075471698114
957,414,1371,0.6980306345733042
400,85,485,0.8247422680412371
2436,83,2519,0.9670504168320763
4075,28,4103,0.9931757250792104
394,93,487,0.8090349075975359
1216,456,1672,0.7272727272727273
1398,44,1442,0.9694868238557559
218,179,397,0.5491183879093199
4100,48,4148,0.9884281581485053
391,93,484,0.8078512396694215
383,83,466,0.8218884120171673
22,147,169,0.1301775147928994
1247,398,1645,0.7580547112462006
1318,139,1457,0.9045984900480439
203,193,396,0.5126262626262627
1135,410,1545,0.7346278317152104
1009,393,1402,0.7196861626248217
1249,413,1662,0.7515042117930204
391,94,485,0.8061855670103093
163,158,321,0.5077881619937694
404,71,475,0.8505263157894737
871,103,974,0.8942505133470225
4091,87,4178,0.97917663954045
978,401,1379,0.7092095721537346
372,28,400,0.93
372,67,439,0.8473804100227791
1165,411,1576,0.7392131979695431
1262,373,1635,0.7718654434250765
1216,421,1637,0.74282223579719
237,14,251,0.9442231075697212
91,24,115,0.7913043478260869
1196,385,1581,0.756483238456673
1116,411,1527,0.730844793713163
1102,427,1529,0.7207325049051668
414,84,498,0.8313253012048193
392,74,466,0.8412017167381974
386,57,443,0.871331828442438
1111,415,1526,0.7280471821756226
997,393,1390,0.7172661870503597
987,393,1380,0.7152173913043478
203,167,370,0.5486486486486486
3744,67,3811,0.9824193125163999
209,217,426,0.49061032863849763
908,90,998,0.9098196392785571
404,126,530,0.7622641509433963
1296,448,1744,0.7431192660550459
396,87,483,0.8198757763975155
1035,411,1446,0.7157676348547718
416,99,515,0.8077669902912621
167,205,372,0.4489247311827957
2584,174,2758,0.9369108049311095
907,429,1336,0.6788922155688623
429,108,537,0.7988826815642458
1361,98,1459,0.9328307059629883
130,173,303,0.429042904290429
203,217,420,0.48333333333333334
126,203,329,0.3829787234042553
1082,105,1187,0.9115417017691659
397,54,451,0.8802660753880266
4093,35,4128,0.9915213178294574
383,72,455,0.8417582417582418
416,144,560,0.7428571428571429
1072,411,1483,0.7228590694538098
380,112,492,0.7723577235772358
1161,440,1601,0.7251717676452217
197,217,414,0.4758454106280193
2426,130,2556,0.9491392801251957
368,62,430,0.8558139534883721
1101,402,1503,0.7325349301397206
405,142,547,0.7404021937842779
181,119,300,0.6033333333333334
910,60,970,0.9381443298969072
4145,40,4185,0.9904420549581839
994,396,1390,0.7151079136690648
1201,497,1698,0.7073027090694936
4070,77,4147,0.9814323607427056
4093,48,4141,0.9884085969572567
4093,60,4153,0.9855526125692271
400,95,495,0.8080808080808081
404,101,505,0.8
4122,51,4173,0.9877785765636233
1001,371,1372,0.7295918367346939
1004,412,1416,0.7090395480225988
1118,385,1503,0.7438456420492349
391,98,489,0.7995910020449898
4084,36,4120,0.9912621359223301
4091,42,4133,0.9898378901524316
374,70,444,0.8423423423423423
395,132,527,0.7495256166982922
1318,151,1469,0.897208985704561
373,126,499,0.7474949899799599
167,217,384,0.4348958333333333
404,96,500,0.808
399,91,490,0.8142857142857143
309,18,327,0.944954128440367
914,100,1014,0.9013806706114399
398,99,497,0.8008048289738431
923,416,1339,0.6893203883495146
392,91,483,0.8115942028985508
206,171,377,0.5464190981432361
2406,33,2439,0.986469864698647
1231,416,1647,0.7474195506982392
1181,415,1596,0.7399749373433584
374,73,447,0.8366890380313199
396,120,516,0.7674418604651163
181,209,390,0.4641025641025641
4082,49,4131,0.9881384652626483
4079,53,4132,0.9871732817037754
1658,82,1740,0.9528735632183908
165,158,323,0.5108359133126935
405,133,538,0.7527881040892194
4119,59,4178,0.9858784107228339
1205,409,1614,0.7465923172242875
1120,397,1517,0.7382992748846408
367,49,416,0.8822115384615384
405,96,501,0.8083832335329342
4099,53,4152,0.9872350674373795
442,78,520,0.85
4074,28,4102,0.9931740614334471
1009,399,1408,0.7166193181818182
375,94,469,0.7995735607675906
1009,399,1408,0.7166193181818182
1313,162,1475,0.8901694915254237
1133,432,1565,0.723961661341853
385,77,462,0.8333333333333334
1296,405,1701,0.7619047619047619
1199,440,1639,0.7315436241610739
1321,180,1501,0.8800799467021986
437,92,529,0.8260869565217391
440,84,524,0.8396946564885496
381,67,448,0.8504464285714286
420,103,523,0.8030592734225621
1060,449,1509,0.7024519549370444
1199,373,1572,0.7627226463104325
390,99,489,0.7975460122699386
4122,73,4195,0.9825983313468415
4076,39,4115,0.9905224787363305
203,217,420,0.48333333333333334
999,575,1574,0.6346886912325286
4082,128,4210,0.9695961995249406
1231,463,1694,0.7266824085005903
1165,409,1574,0.7401524777636594
987,393,1380,0.7152173913043478
414,101,515,0.8038834951456311
396,102,498,0.7951807228915663
1865,122,1987,0.9386009058882738
390,83,473,0.8245243128964059
1083,429,1512,0.7162698412698413
373,69,442,0.8438914027149321
4085,37,4122,0.9910237748665697
401,89,490,0.8183673469387756
203,183,386,0.5259067357512953
1233,377,1610,0.7658385093167702
1133,429,1562,0.7253521126760564
4122,64,4186,0.9847109412326803
1199,396,1595,0.7517241379310344
1226,95,1321,0.9280847842543528
1031,397,1428,0.7219887955182073
206,189,395,0.5215189873417722
980,516,1496,0.6550802139037433
167,179,346,0.48265895953757226
405,128,533,0.7598499061913696
376,62,438,0.8584474885844748
1313,169,1482,0.8859649122807017
1320,239,1559,0.846696600384862
1052,101,1153,0.9124024284475282
1060,658,1718,0.6169965075669382
1049,395,1444,0.7264542936288089
408,104,512,0.796875
91,16,107,0.8504672897196262
1313,234,1547,0.8487394957983193
206,186,392,0.5255102040816326
128,159,287,0.445993031358885
4089,50,4139,0.987919787388258
1150,375,1525,0.7540983606557377
1196,425,1621,0.7378161628624306
406,102,508,0.7992125984251969
388,92,480,0.8083333333333333
980,396,1376,0.7122093023255814
173,158,331,0.5226586102719033
407,91,498,0.8172690763052208
963,407,1370,0.7029197080291971
1808,56,1864,0.9699570815450643
379,59,438,0.865296803652968
413,96,509,0.8113948919449901
1146,425,1571,0.7294716740929345
1060,397,1457,0.727522306108442
191,217,408,0.4681372549019608
394,93,487,0.8090349075975359
1204,412,1616,0.745049504950495
197,217,414,0.4758454106280193
1207,386,1593,0.7576898932831136
23,149,172,0.13372093023255813
396,95,491,0.8065173116089613
923,418,1341,0.6882923191648024
396,96,492,0.8048780487804879
923,417,1340,0.6888059701492537
1262,415,1677,0.7525342874180083
1102,427,1529,0.7207325049051668
371,85,456,0.8135964912280702
4075,39,4114,0.9905201750121536
1186,371,1557,0.7617212588310854
181,111,292,0.6198630136986302
1008,373,1381,0.7299058653149891
1225,401,1626,0.7533825338253383
1181,426,1607,0.7349097697573118
1311,169,1480,0.8858108108108108
2216,49,2265,0.9783664459161148
200,179,379,0.5277044854881267
1060,397,1457,0.727522306108442
4074,74,4148,0.9821600771456124
763,30,793,0.9621689785624212
1353,181,1534,0.8820078226857888
1035,411,1446,0.7157676348547718
4086,75,4161,0.9819754866618601
394,110,504,0.7817460317460317
126,203,329,0.3829787234042553
1264,440,1704,0.7417840375586855
91,16,107,0.8504672897196262
4089,84,4173,0.9798705966930266
382,53,435,0.8781609195402299
395,88,483,0.8178053830227743
4089,79,4168,0.9810460652591171
1004,396,1400,0.7171428571428572
181,1000,1181,0.15325994919559696
1031,397,1428,0.7219887955182073
416,86,502,0.8286852589641435
171,198,369,0.4634146341463415
383,76,459,0.8344226579520697
4071,46,4117,0.9888268156424581
1133,463,1596,0.7098997493734336
419,93,512,0.818359375
1083,397,1480,0.7317567567567568
1146,394,1540,0.7441558441558441
385,88,473,0.813953488372093
1264,418,1682,0.751486325802616
402,103,505,0.7960396039603961
415,142,557,0.7450628366247756
386,66,452,0.8539823008849557
1312,134,1446,0.9073305670816044
1009,399,1408,0.7166193181818182
1196,373,1569,0.7622689611217336
1007,395,1402,0.7182596291012838
1024,393,1417,0.7226534932956952
923,468,1391,0.6635514018691588
1318,918,2236,0.5894454382826476
4085,144,4229,0.9659493970205723
432,95,527,0.8197343453510436
1010,429,1439,0.7018763029881863
371,78,449,0.8262806236080178
403,91,494,0.8157894736842105
2636,82,2718,0.9698307579102281
389,94,483,0.8053830227743272
1072,468,1540,0.6961038961038961
391,116,507,0.7712031558185405
396,105,501,0.7904191616766467
4083,97,4180,0.9767942583732058
209,179,388,0.538659793814433
1136,401,1537,0.7391021470396877
206,183,389,0.5295629820051414
203,162,365,0.5561643835616439
1025,414,1439,0.7123002084781098
2516,75,2591,0.9710536472404477
944,40,984,0.959349593495935
1227,625,1852,0.6625269978401728
1211,368,1579,0.7669411019632679
1186,377,1563,0.7587971849008317
408,129,537,0.7597765363128491
1139,373,1512,0.7533068783068783
419,130,549,0.7632058287795993
1199,441,1640,0.7310975609756097
30,164,194,0.15463917525773196
1008,373,1381,0.7299058653149891
1150,387,1537,0.7482108002602472
2584,135,2719,0.9503493931592497
1009,399,1408,0.7166193181818182
1231,526,1757,0.7006260671599317
1027,414,1441,0.7126995142262318
203,181,384,0.5286458333333334
388,103,491,0.790224032586558
1231,394,1625,0.7575384615384615
1029,438,1467,0.7014314928425358
1009,385,1394,0.723816355810617
1205,391,1596,0.7550125313283208
393,99,492,0.7987804878048781
369,52,421,0.8764845605700713
1010,393,1403,0.7198859586600143
1049,395,1444,0.7264542936288089
387,73,460,0.841304347826087
1010,397,1407,0.7178393745557925
912,442,1354,0.6735598227474151
981,393,1374,0.7139737991266376
1083,397,1480,0.7317567567567568
1076,51,1127,0.9547471162377995
1195,507,1702,0.7021151586368978
4076,104,4180,0.9751196172248804
1007,415,1422,0.7081575246132208
4076,59,4135,0.9857315598548972
167,217,384,0.4348958333333333
379,60,439,0.8633257403189066
1230,414,1644,0.7481751824817519
1596,52,1648,0.9684466019417476
1195,507,1702,0.7021151586368978
1201,45,1246,0.963884430176565
6066,74,6140,0.9879478827361563
4075,136,4211,0.9677036333412491
4120,115,4235,0.9728453364817001
931,92,1023,0.9100684261974584
1264,416,1680,0.7523809523809524
1351,145,1496,0.9030748663101604
386,86,472,0.8177966101694916
1227,392,1619,0.7578752316244596
1009,399,1408,0.7166193181818182
1007,385,1392,0.7234195402298851
1231,373,1604,0.7674563591022444
130,185,315,0.4126984126984127
391,76,467,0.8372591006423983
380,86,466,0.8154506437768241
407,106,513,0.7933723196881092
1136,377,1513,0.7508261731658956
956,65,1021,0.9363369245837414
1262,395,1657,0.7616173808086905
181,357,538,0.33643122676579923
91,16,107,0.8504672897196262
1086,397,1483,0.73229939312205
1112,432,1544,0.7202072538860104
200,211,411,0.48661800486618007
1120,397,1517,0.7382992748846408
1082,385,1467,0.7375596455351057
1156,396,1552,0.7448453608247423
2445,83,2528,0.9671677215189873
1060,411,1471,0.7205982324949014
1139,428,1567,0.7268666241225271
206,211,417,0.4940047961630695
1009,394,1403,0.7191732002851033
375,77,452,0.8296460176991151
1314,161,1475,0.8908474576271187
435,103,538,0.8085501858736059
409,149,558,0.7329749103942652
1211,408,1619,0.7479925880172946
1035,375,1410,0.7340425531914894
1227,656,1883,0.651619755708975
1203,421,1624,0.7407635467980296
1024,429,1453,0.70474879559532
171,205,376,0.45478723404255317
200,174,374,0.5347593582887701
923,404,1327,0.6955538809344386
20,182,202,0.09900990099009901
2665,84,2749,0.9694434339759913
383,75,458,0.8362445414847162
1156,536,1692,0.6832151300236406
1060,429,1489,0.7118871725990598
181,190,371,0.48787061994609165
1030,411,1441,0.7147814018043026
1009,397,1406,0.7176386913229018
980,425,1405,0.697508896797153
1204,411,1615,0.7455108359133127
402,97,499,0.8056112224448898
1199,373,1572,0.7627226463104325
998,415,1413,0.7062986553432413
415,131,546,0.76007326007326
1156,390,1546,0.7477360931435963
311,18,329,0.9452887537993921
1264,395,1659,0.7619047619047619
1207,368,1575,0.7663492063492063
373,75,448,0.8325892857142857
436,136,572,0.7622377622377622
1025,428,1453,0.7054370268410186
2715,43,2758,0.9844089920232052
439,161,600,0.7316666666666667
963,393,1356,0.7101769911504425
1130,45,1175,0.9617021276595744
1139,425,1564,0.7282608695652174
383,56,439,0.8724373576309795
912,395,1307,0.6977811782708493
206,179,385,0.535064935064935
1179,498,1677,0.7030411449016101
120,12,132,0.9090909090909091
311,18,329,0.9452887537993921
1989,88,2077,0.9576311988444872
1086,390,1476,0.7357723577235772
4079,142,4221,0.9663586827765932
1219,388,1607,0.7585563161169881
392,122,514,0.7626459143968871
1313,176,1489,0.8817998656816656
1146,418,1564,0.7327365728900256
4077,42,4119,0.9898033503277495
1036,403,1439,0.7199444058373871
1024,407,1431,0.7155835080363382
1216,392,1608,0.7562189054726368
790,111,901,0.876803551609323
1474,94,1568,0.9400510204081632
1733,66,1799,0.9633129516397999
1227,383,1610,0.762111801242236
1233,423,1656,0.7445652173913043
1031,397,1428,0.7219887955182073
1049,395,1444,0.7264542936288089
4100,48,4148,0.9884281581485053
181,132,313,0.5782747603833865
983,373,1356,0.7249262536873157
998,402,1400,0.7128571428571429
406,81,487,0.8336755646817249
1130,402,1532,0.737597911227154
181,257,438,0.4132420091324201
1169,373,1542,0.75810635538262
1029,418,1447,0.7111264685556323
923,399,1322,0.6981845688350984
1144,395,1539,0.7433398310591293
1134,379,1513,0.7495042961004627
1151,407,1558,0.7387676508344031
1183,429,1612,0.7338709677419355
1017,386,1403,0.7248752672843906
1203,421,1624,0.7407635467980296
380,81,461,0.824295010845987
1156,388,1544,0.7487046632124352
1191,409,1600,0.744375
1156,408,1564,0.7391304347826086
1102,612,1714,0.6429404900816803
1149,385,1534,0.7490221642764016
1064,394,1458,0.7297668038408779
1182,388,1570,0.7528662420382166
981,400,1381,0.7103548153511948
1339,69,1408,0.9509943181818182
1033,406,1439,0.7178596247394023
1112,431,1543,0.7206740116655865
3411,64,3475,0.9815827338129497
1051,382,1433,0.7334263782274948
4138,84,4222,0.980104216011369
1010,397,1407,0.7178393745557925
1115,413,1528,0.7297120418848168
1025,407,1432,0.715782122905028
1143,393,1536,0.744140625
1226,379,1605,0.7638629283489097
1024,419,1443,0.7096327096327096
1136,418,1554,0.731016731016731
1083,399,1482,0.7307692307692307
1989,83,2072,0.959942084942085
1046,438,1484,0.7048517520215634
1025,375,1400,0.7321428571428571
1317,192,1509,0.8727634194831014
1083,407,1490,0.7268456375838926
1036,538,1574,0.6581956797966964
1035,398,1433,0.7222609909281228
398,94,492,0.8089430894308943
1179,511,1690,0.6976331360946746
1009,399,1408,0.7166193181818182
1030,396,1426,0.7223001402524544
403,94,497,0.8108651911468813
1003,372,1375,0.7294545454545455
181,136,317,0.5709779179810726
1037,390,1427,0.7266993693062369
1070,387,1457,0.7343857240905971
1054,397,1451,0.7263955892487939
1171,402,1573,0.7444373808010172
1474,94,1568,0.9400510204081632
1111,396,1507,0.7372262773722628
983,373,1356,0.7249262536873157
1150,389,1539,0.7472384665367121
986,426,1412,0.6983002832861189
1015,446,1461,0.6947296372347707
1010,415,1425,0.7087719298245614
1317,135,1452,0.9070247933884298
1142,458,1600,0.71375
1082,385,1467,0.7375596455351057
4082,50,4132,0.9878993223620522
1170,422,1592,0.7349246231155779
1785,91,1876,0.9514925373134329
1896,68,1964,0.9653767820773931
1312,157,1469,0.8931245745405038
1039,397,1436,0.7235376044568245
1172,402,1574,0.7445997458703939
2275,99,2374,0.9582982308340354
995,452,1447,0.6876295784381479
1020,400,1420,0.7183098591549296
1140,404,1544,0.7383419689119171
1088,421,1509,0.7210072895957588
998,399,1397,0.7143879742304939
420,112,532,0.7894736842105263
1171,402,1573,0.7444373808010172
4087,103,4190,0.975417661097852
1189,415,1604,0.7412718204488778
1119,395,1514,0.739101717305152
1076,51,1127,0.9547471162377995
1191,409,1600,0.744375
1009,396,1405,0.7181494661921708
1054,411,1465,0.7194539249146757
1323,205,1528,0.8658376963350786
1046,399,1445,0.7238754325259515
1896,68,1964,0.9653767820773931
402,87,489,0.8220858895705522
998,387,1385,0.7205776173285199
1170,394,1564,0.7480818414322251
3243,116,3359,0.9654659124739505
375,67,442,0.8484162895927602
981,401,1382,0.7098408104196816
373,56,429,0.8694638694638694
1015,414,1429,0.7102869139258222
1082,385,1467,0.7375596455351057
1140,401,1541,0.7397793640493187
1015,572,1587,0.6395715185885318
991,414,1405,0.7053380782918149
1227,420,1647,0.7449908925318761
1024,429,1453,0.70474879559532
1149,423,1572,0.7309160305343512
2227,82,2309,0.9644867908185362
1063,428,1491,0.7129443326626426
1059,525,1584,0.6685606060606061
1085,442,1527,0.710543549443353
1023,446,1469,0.6963921034717495
4079,58,4137,0.9859801788735799
1282,66,1348,0.9510385756676558
421,77,498,0.8453815261044176
1144,498,1642,0.6967113276492083
373,72,445,0.8382022471910112
324,18,342,0.9473684210526315
1072,415,1487,0.7209145931405514
1136,500,1636,0.6943765281173594
1141,411,1552,0.7351804123711341
1012,416,1428,0.7086834733893558
405,90,495,0.8181818181818182
1035,398,1433,0.7222609909281228
1057,439,1496,0.7065508021390374
391,90,481,0.8128898128898129
1094,376,1470,0.7442176870748299
1050,438,1488,0.7056451612903226
1148,614,1762,0.6515323496027242
1142,361,1503,0.7598137059214903
1106,434,1540,0.7181818181818181
2492,39,2531,0.9845910707230344
1226,407,1633,0.7507654623392529
958,554,1512,0.6335978835978836
1082,391,1473,0.7345553292600135
245,14,259,0.9459459459459459
1018,390,1408,0.7230113636363636
395,85,480,0.8229166666666666
435,114,549,0.7923497267759563
379,81,460,0.8239130434782609
1099,410,1509,0.7282968853545394
1339,72,1411,0.9489723600283487
1317,235,1552,0.8485824742268041
1017,537,1554,0.6544401544401545
1139,674,1813,0.6282404853833425
1033,427,1460,0.7075342465753425
1009,397,1406,0.7176386913229018
1020,400,1420,0.7183098591549296
1008,395,1403,0.7184604419101924
1046,418,1464,0.7144808743169399
1054,419,1473,0.7155465037338764
1202,411,1613,0.745195288282703
1102,396,1498,0.7356475300400535
1139,429,1568,0.7264030612244898
1785,137,1922,0.9287200832466181
1075,516,1591,0.6756756756756757
1179,511,1690,0.6976331360946746
1065,439,1504,0.7081117021276596
1230,413,1643,0.7486305538648813
1314,164,1478,0.8890392422192152
1029,71,1100,0.9354545454545454
4073,36,4109,0.9912387442200049
1051,420,1471,0.7144799456152278
990,559,1549,0.6391220142027114
1136,375,1511,0.7518199867637326
1315,183,1498,0.8778371161548731
4081,41,4122,0.990053372149442
1139,418,1557,0.7315350032113038
1139,428,1567,0.7268666241225271
1180,414,1594,0.740276035131744
1034,519,1553,0.6658081133290406
1166,401,1567,0.7440970006381621
181,246,427,0.4238875878220141
4086,53,4139,0.9871949746315535
396,136,532,0.7443609022556391
1314,243,1557,0.8439306358381503
1176,548,1724,0.6821345707656613
1085,409,1494,0.7262382864792504
1282,66,1348,0.9510385756676558
1148,501,1649,0.6961795027289266
390,96,486,0.8024691358024691
1756,111,1867,0.9405463310123192
1025,591,1616,0.6342821782178217
1136,429,1565,0.7258785942492013
4083,37,4120,0.9910194174757282
1024,402,1426,0.7180925666199158
1209,522,1731,0.6984402079722704
1057,394,1451,0.7284631288766368
1314,202,1516,0.866754617414248
4075,53,4128,0.9871608527131783
969,554,1523,0.6362442547603414
505,92,597,0.8458961474036851
403,91,494,0.8157894736842105
1062,509,1571,0.6760025461489497
692,109,801,0.8639200998751561
1061,448,1509,0.7031146454605699
1041,385,1426,0.7300140252454418
955,602,1557,0.613359023763648
857,117,974,0.8798767967145791
7930,49,7979,0.993858879558842
1036,394,1430,0.7244755244755244
385,88,473,0.813953488372093
1313,148,1461,0.8986995208761123
1035,395,1430,0.7237762237762237
4076,39,4115,0.9905224787363305
1171,380,1551,0.754996776273372
1314,218,1532,0.8577023498694517
1003,376,1379,0.7273386511965192
1013,439,1452,0.6976584022038568
1129,526,1655,0.6821752265861027
986,441,1427,0.6909600560616679
1028,366,1394,0.7374461979913917
3287,47,3334,0.9859028194361128
1160,400,1560,0.7435897435897436
1160,639,1799,0.6448026681489717
3243,82,3325,0.9753383458646616
1036,650,1686,0.6144721233689205
1007,441,1448,0.6954419889502762
1154,482,1636,0.7053789731051344
1039,385,1424,0.7296348314606742
1082,538,1620,0.6679012345679012
1144,404,1548,0.7390180878552972
979,622,1601,0.6114928169893816
181,147,328,0.551829268292683
1232,80,1312,0.9390243902439024
1126,446,1572,0.7162849872773537
1024,385,1409,0.7267565649396736
917,33,950,0.9652631578947368
1226,393,1619,0.7572575663990118
1171,401,1572,0.7449109414758269
1032,502,1534,0.6727509778357236
434,124,558,0.7777777777777778
311,18,329,0.9452887537993921
1133,92,1225,0.9248979591836735
401,130,531,0.7551789077212806
376,81,457,0.8227571115973742
1176,383,1559,0.7543296985246953
1029,71,1100,0.9354545454545454
1312,132,1444,0.9085872576177285
372,63,435,0.8551724137931035
1203,385,1588,0.7575566750629723
1015,596,1611,0.6300434512725015
1018,388,1406,0.7240398293029872
1045,605,1650,0.6333333333333333
1112,431,1543,0.7206740116655865
237,79,316,0.75
1162,427,1589,0.7312775330396476
1076,377,1453,0.7405368203716449
1199,534,1733,0.6918638199653779
28,265,293,0.09556313993174062
1052,412,1464,0.7185792349726776
1180,880,2060,0.5728155339805825
1083,407,1490,0.7268456375838926
1785,137,1922,0.9287200832466181
1053,394,1447,0.7277125086385625
243,14,257,0.9455252918287937
1028,374,1402,0.7332382310984308
1101,411,1512,0.7281746031746031
2199,59,2258,0.9738706820194862
1179,921,2100,0.5614285714285714
1005,394,1399,0.7183702644746247
1151,404,1555,0.7401929260450161
181,167,348,0.5201149425287356
1149,379,1528,0.7519633507853403
4083,124,4207,0.9705253149512717
1070,428,1498,0.7142857142857143
992,97,1089,0.9109274563820018
1035,616,1651,0.6268927922471229
912,395,1307,0.6977811782708493
1353,234,1587,0.8525519848771267
388,88,476,0.8151260504201681
1044,394,1438,0.7260083449235049
997,393,1390,0.7172661870503597
1109,488,1597,0.6944270507201001
1311,159,1470,0.8918367346938776
1025,589,1614,0.6350681536555143
1232,80,1312,0.9390243902439024
1106,399,1505,0.7348837209302326
1060,396,1456,0.728021978021978
398,46,444,0.8963963963963963
1786,67,1853,0.9638424177010254
119,12,131,0.9083969465648855
247,14,261,0.946360153256705
1013,386,1399,0.7240886347390993
407,88,495,0.8222222222222222
2220,43,2263,0.9809986743261158
1030,375,1405,0.7330960854092526
1035,391,1426,0.7258064516129032
385,67,452,0.8517699115044248
380,97,477,0.7966457023060797
1046,393,1439,0.7268936761640028
1036,390,1426,0.726507713884993
985,552,1537,0.6408588158750813
1054,397,1451,0.7263955892487939
181,126,307,0.5895765472312704
2648,77,2725,0.971743119266055
1089,412,1501,0.7255163224516988
405,89,494,0.819838056680162
1097,393,1490,0.736241610738255
1168,436,1604,0.7281795511221946
333,18,351,0.9487179487179487
1053,415,1468,0.7173024523160763
396,107,503,0.7872763419483101
986,448,1434,0.6875871687587168
1315,198,1513,0.8691341705221415
407,83,490,0.8306122448979592
4085,54,4139,0.9869533703793186
1032,398,1430,0.7216783216783217
1064,396,1460,0.7287671232876712
1044,450,1494,0.6987951807228916
1214,406,1620,0.7493827160493827
3021,135,3156,0.9572243346007605
1033,406,1439,0.7178596247394023
42,154,196,0.21428571428571427
1025,401,1426,0.7187938288920056
4082,400,4482,0.9107541276215975
1019,52,1071,0.9514472455648926
450,107,557,0.8078994614003591
181,263,444,0.40765765765765766
1025,441,1466,0.699181446111869
1201,401,1602,0.7496878901373284
1021,398,1419,0.7195207892882312
417,117,534,0.7808988764044944
1182,396,1578,0.7490494296577946
1027,569,1596,0.643483709273183
1351,140,1491,0.9061032863849765
409,95,504,0.8115079365079365
2584,145,2729,0.9468669842433126
1009,411,1420,0.7105633802816902
4073,38,4111,0.9907565069326199
1109,377,1486,0.7462987886944819
1155,75,1230,0.9390243902439024
1066,379,1445,0.7377162629757785
431,94,525,0.820952380952381
1201,391,1592,0.7543969849246231
387,95,482,0.8029045643153527
1003,394,1397,0.717967072297781
1033,396,1429,0.7228831350594822
1018,388,1406,0.7240398293029872
1436,66,1502,0.9560585885486018
3021,135,3156,0.9572243346007605
983,373,1356,0.7249262536873157
1312,283,1595,0.8225705329153605
1082,406,1488,0.7271505376344086
998,447,1445,0.6906574394463668
1316,168,1484,0.8867924528301887
1314,231,1545,0.8504854368932039
1046,438,1484,0.7048517520215634
1023,388,1411,0.7250177179305457
1227,652,1879,0.6530069185737094
1019,394,1413,0.7211606510969568
936,432,1368,0.6842105263157895
4097,43,4140,0.9896135265700483
46,138,184,0.25
404,83,487,0.8295687885010267
1059,388,1447,0.7318590186592951
12,139,151,0.07947019867549669
1044,471,1515,0.689108910891089
1134,379,1513,0.7495042961004627
379,65,444,0.8536036036036037
429,115,544,0.7886029411764706
1159,397,1556,0.7448586118251928
1223,444,1667,0.7336532693461307
1093,432,1525,0.7167213114754099
1009,397,1406,0.7176386913229018
380,58,438,0.867579908675799
3585,125,3710,0.9663072776280324
1786,67,1853,0.9638424177010254
1102,427,1529,0.7207325049051668
1183,429,1612,0.7338709677419355
1086,393,1479,0.7342799188640974
1038,398,1436,0.7228412256267409
1059,397,1456,0.7273351648351648
1004,419,1423,0.7055516514406184
371,53,424,0.875
396,131,527,0.7514231499051234
4092,44,4136,0.9893617021276596
1189,399,1588,0.7487405541561712
1083,403,1486,0.7288021534320323
1152,437,1589,0.7249842668344871
1063,386,1449,0.7336093857832988
1108,622,1730,0.6404624277456648
1017,398,1415,0.7187279151943463
1120,375,1495,0.7491638795986622
1060,365,1425,0.743859649122807
1009,399,1408,0.7166193181818182
1053,414,1467,0.7177914110429447
304,18,322,0.9440993788819876
1097,418,1515,0.7240924092409241
1018,476,1494,0.6813922356091031
1143,70,1213,0.9422918384171476
991,108,1099,0.9017288444040037
1155,75,1230,0.9390243902439024
1143,429,1572,0.7270992366412213
1068,401,1469,0.7270251872021783
1036,619,1655,0.6259818731117824
1032,447,1479,0.6977687626774848
4077,42,4119,0.9898033503277495
1015,399,1414,0.7178217821782178
1312,175,1487,0.8823133826496301
685,120,805,0.8509316770186336
398,98,496,0.8024193548387096
1173,385,1558,0.7528883183568678
1073,454,1527,0.7026850032743942
2042,56,2098,0.9733079122974261
1061,408,1469,0.7222600408441117
17,120,137,0.12408759124087591
1316,170,1486,0.8855989232839838
439,98,537,0.8175046554934823
390,155,545,0.7155963302752294
1023,406,1429,0.7158852344296711
1029,519,1548,0.6647286821705426
404,144,548,0.7372262773722628
1124,408,1532,0.7336814621409922
1044,413,1457,0.7165408373369938
1022,390,1412,0.7237960339943342
393,113,506,0.7766798418972332
406,82,488,0.8319672131147541
1102,408,1510,0.7298013245033113
238,14,252,0.9444444444444444
1146,396,1542,0.7431906614785992
4090,61,4151,0.9853047458443749
1048,396,1444,0.7257617728531855
1040,414,1454,0.7152682255845942
4076,48,4124,0.988360814742968
750,44,794,0.9445843828715366
2279,85,2364,0.9640439932318104
1037,373,1410,0.7354609929078014
1156,390,1546,0.7477360931435963
4721,59,4780,0.9876569037656904
1034,479,1513,0.6834104428288169
430,90,520,0.8269230769230769
1044,35,1079,0.9675625579240037
1009,415,1424,0.7085674157303371
1026,400,1426,0.7194950911640954
1089,465,1554,0.7007722007722008
62,152,214,0.2897196261682243
382,53,435,0.8781609195402299
998,373,1371,0.7279358132749818
936,431,1367,0.6847110460863204
2374,116,2490,0.9534136546184739
1150,404,1554,0.7400257400257401
1099,410,1509,0.7282968853545394
7,136,143,0.04895104895104895
4078,42,4120,0.9898058252427184
1033,411,1444,0.7153739612188366
1071,415,1486,0.7207267833109018
1099,414,1513,0.7263714474553866
238,14,252,0.9444444444444444
685,137,822,0.8333333333333334
1020,502,1522,0.6701708278580815
1315,144,1459,0.9013022618231665
4083,42,4125,0.9898181818181818
9,166,175,0.05142857142857143
421,93,514,0.8190661478599222
1200,526,1726,0.6952491309385863
2584,113,2697,0.9581015943641082
394,91,485,0.8123711340206186
1628,48,1676,0.9713603818615751
1046,442,1488,0.7029569892473119
383,84,467,0.8201284796573876
376,65,441,0.8526077097505669
4132,60,4192,0.9856870229007634
379,87,466,0.8133047210300429
1046,395,1441,0.7258848022206801
1173,420,1593,0.736346516007533
1351,186,1537,0.8789850357839948
243,14,257,0.9455252918287937
410,100,510,0.803921568627451
387,52,439,0.8815489749430524
1034,429,1463,0.706766917293233
1162,411,1573,0.7387158296249206
1121,506,1627,0.68899815611555
331,18,349,0.9484240687679083
1081,388,1469,0.7358747447243023
4093,68,4161,0.9836577745734199
30,182,212,0.14150943396226415
2525,81,2606,0.9689178818112049
4484,64,4548,0.9859278803869833
1073,408,1481,0.724510465901418
1191,407,1598,0.7453066332916145
1094,362,1456,0.7513736263736264
459,562,1021,0.4495592556317336
985,426,1411,0.6980864635010631
6445,51,6496,0.9921490147783252
395,87,482,0.8195020746887967
1070,392,1462,0.7318741450068399
1786,50,1836,0.9727668845315904
1081,414,1495,0.7230769230769231
1130,459,1589,0.7111390811831341
1320,192,1512,0.873015873015873
1023,377,1400,0.7307142857142858
2374,120,2494,0.9518845228548516
4086,47,4133,0.9886281151705782
238,14,252,0.9444444444444444
1314,137,1451,0.9055823569951758
1072,398,1470,0.7292517006802721
394,89,483,0.8157349896480331
373,60,433,0.8614318706697459
375,66,441,0.8503401360544217
1142,491,1633,0.6993263931414574
395,116,511,0.7729941291585127
1044,394,1438,0.7260083449235049
1021,398,1419,0.7195207892882312
406,91,497,0.8169014084507042
996,446,1442,0.6907073509015257
1010,635,1645,0.6139817629179332
1156,424,1580,0.7316455696202532
1115,413,1528,0.7297120418848168
1116,401,1517,0.7356624917600527
1045,390,1435,0.7282229965156795
1529,56,1585,0.9646687697160883
1163,386,1549,0.7508069722401549
440,117,557,0.7899461400359067
457,98,555,0.8234234234234235
4083,53,4136,0.9871856866537717
1313,135,1448,0.9067679558011049
1044,368,1412,0.7393767705382436
1170,939,2109,0.5547652916073968
1038,396,1434,0.7238493723849372
2001,74,2075,0.9643373493975904
392,103,495,0.7919191919191919
966,403,1369,0.7056245434623813
120,12,132,0.9090909090909091
1201,402,1603,0.7492202121023082
1152,400,1552,0.7422680412371134
238,14,252,0.9444444444444444
997,393,1390,0.7172661870503597
1025,394,1419,0.7223396758280479
1121,440,1561,0.7181294042280589
1312,141,1453,0.9029593943565037
403,113,516,0.7810077519379846
1036,388,1424,0.7275280898876404
385,80,465,0.8279569892473119
444,101,545,0.8146788990825689
1012,461,1473,0.6870332654446707
1036,590,1626,0.6371463714637147
1036,375,1411,0.7342310418143161
380,61,441,0.8616780045351474
378,56,434,0.8709677419354839
1052,378,1430,0.7356643356643356
1039,417,1456,0.7135989010989011
1097,409,1506,0.7284196547144755
1052,373,1425,0.7382456140350877
1036,397,1433,0.7229588276343336
376,74,450,0.8355555555555556
1043,397,1440,0.7243055555555555
1020,445,1465,0.6962457337883959
1105,429,1534,0.7203389830508474
1095,420,1515,0.7227722772277227
1033,403,1436,0.7193593314763231
1063,93,1156,0.9195501730103807
981,402,1383,0.7093275488069414
999,411,1410,0.7085106382978723
1010,401,1411,0.7158043940467753
1018,396,1414,0.7199434229137199
1145,374,1519,0.7537853851217906
1059,477,1536,0.689453125
1080,395,1475,0.7322033898305085
4072,56,4128,0.9864341085271318
1321,182,1503,0.8789088489687292
1035,400,1435,0.7212543554006968
1004,394,1398,0.7181688125894135
1165,421,1586,0.7345523329129886
2637,140,2777,0.9495858840475333
1108,459,1567,0.7070835992342055
978,391,1369,0.7143900657414171
414,137,551,0.7513611615245009
400,103,503,0.7952286282306164
998,396,1394,0.7159253945480631
1045,393,1438,0.7267037552155772
4086,41,4127,0.9900654228252969
1002,407,1409,0.7111426543647977
874,150,1024,0.853515625
1060,415,1475,0.7186440677966102
399,92,491,0.8126272912423625
2584,161,2745,0.9413479052823315
4088,37,4125,0.991030303030303
1219,429,1648,0.7396844660194175
4090,83,4173,0.980110232446681
1100,371,1471,0.7477906186267845
1064,418,1482,0.717948717948718
1064,414,1478,0.7198917456021651
4085,41,4126,0.9900630150266602
1003,418,1421,0.7058409570724842
1204,437,1641,0.7336989640463132
1656,82,1738,0.952819332566168
1179,445,1624,0.7259852216748769
1146,440,1586,0.7225725094577553
420,80,500,0.84
1136,518,1654,0.686819830713422
402,95,497,0.8088531187122736
18,128,146,0.1232876712328767
2637,102,2739,0.9627601314348302
12,231,243,0.04938271604938271
1271,423,1694,0.7502951593860685
434,77,511,0.8493150684931506
1050,362,1412,0.7436260623229461
1069,410,1479,0.7227856659905342
242,14,256,0.9453125
2584,154,2738,0.943754565376187
1116,451,1567,0.7121888959795788
998,411,1409,0.7083037615330021
1103,393,1496,0.7372994652406417
4074,83,4157,0.9800336781332691
1163,418,1581,0.7356103731815307
1065,474,1539,0.6920077972709552
1063,93,1156,0.9195501730103807
398,95,493,0.8073022312373225
874,169,1043,0.837967401725791
1056,417,1473,0.7169042769857433
1116,79,1195,0.9338912133891213
1044,396,1440,0.725
2221,212,2433,0.9128647759967119
1075,466,1541,0.6975989617131733
4086,35,4121,0.9915069157971366
401,89,490,0.8183673469387756
1044,524,1568,0.6658163265306123
1312,157,1469,0.8931245745405038
1039,398,1437,0.7230340988169798
1027,390,1417,0.7247706422018348
395,93,488,0.8094262295081968
1133,423,1556,0.7281491002570694
1156,565,1721,0.6717024985473562
1082,522,1604,0.6745635910224439
1126,375,1501,0.7501665556295802
1314,210,1524,0.8622047244094488
1062,373,1435,0.7400696864111498
238,14,252,0.9444444444444444
1313,181,1494,0.8788487282463187
1200,406,1606,0.7471980074719801
4086,63,4149,0.9848156182212582
413,137,550,0.7509090909090909
1054,374,1428,0.7380952380952381
1059,622,1681,0.6299821534800714
1050,411,1461,0.7186858316221766
1069,419,1488,0.7184139784946236
1085,426,1511,0.7180675049636003
1012,434,1446,0.6998616874135546
1537,51,1588,0.9678841309823678
401,80,481,0.8336798336798337
1158,589,1747,0.6628506010303378
1028,396,1424,0.7219101123595506
369,57,426,0.8661971830985915
1133,507,1640,0.6908536585365853
1010,485,1495,0.6755852842809364
4091,44,4135,0.9893591293833132
1066,465,1531,0.6962769431743958
1036,422,1458,0.710562414266118
977,407,1384,0.7059248554913294
1097,411,1508,0.7274535809018567
396,88,484,0.8181818181818182
1096,514,1610,0.6807453416149069
2006,77,2083,0.9630340854536726
4091,78,4169,0.9812904773326937
1052,667,1719,0.6119837114601513
1082,428,1510,0.7165562913907285
1073,378,1451,0.7394900068917988
11,141,152,0.07236842105263158
4091,46,4137,0.9888808315204254
1093,396,1489,0.7340496977837475
1014,392,1406,0.7211948790896159
1085,375,1460,0.7431506849315068
4076,27,4103,0.9934194491835242
1174,411,1585,0.7406940063091483
1094,378,1472,0.7432065217391305
1086,410,1496,0.7259358288770054
987,413,1400,0.705
1088,363,1451,0.7498277050310131
1102,523,1625,0.6781538461538461
1029,401,1430,0.7195804195804196
981,381,1362,0.7202643171806168
1029,405,1434,0.7175732217573222
374,91,465,0.8043010752688172
2675,97,2772,0.965007215007215
1023,415,1438,0.7114047287899861
956,59,1015,0.941871921182266
1057,388,1445,0.7314878892733564
1053,385,1438,0.7322670375521557
1041,395,1436,0.7249303621169917
4106,99,4205,0.9764565992865636
1146,401,1547,0.7407886231415644
1038,401,1439,0.7213342599027102
1051,440,1491,0.7048960429242119
15,134,149,0.10067114093959731
1006,394,1400,0.7185714285714285
424,102,526,0.8060836501901141
1029,415,1444,0.7126038781163435
1006,488,1494,0.6733601070950469
1005,386,1391,0.7225017972681524
404,96,500,0.808
1147,509,1656,0.6926328502415459
1314,138,1452,0.9049586776859504
1008,408,1416,0.711864406779661
397,93,490,0.810204081632653
1027,450,1477,0.6953283683141503
2312,107,2419,0.9557668458040512
424,96,520,0.8153846153846154
2739,97,2836,0.9657968970380818
1042,424,1466,0.7107776261937244
2675,84,2759,0.9695541862993838
1094,385,1479,0.7396889790398918
415,93,508,0.8169291338582677
1096,411,1507,0.7272727272727273
398,127,525,0.758095238095238
1052,564,1616,0.650990099009901
1089,394,1483,0.734322319622387
1160,443,1603,0.7236431690580162
1786,50,1836,0.9727668845315904
1090,558,1648,0.6614077669902912
1317,180,1497,0.8797595190380761
1179,511,1690,0.6976331360946746
1116,368,1484,0.7520215633423181
388,55,443,0.8758465011286681
4081,53,4134,0.9871794871794872
887,112,999,0.8878878878878879
1020,385,1405,0.7259786476868327
1313,135,1448,0.9067679558011049
1055,395,1450,0.7275862068965517
1130,391,1521,0.7429322813938198
1062,398,1460,0.7273972602739726
1070,411,1481,0.7224848075624578
238,14,252,0.9444444444444444
1060,468,1528,0.693717277486911
1026,379,1405,0.7302491103202847
1073,385,1458,0.7359396433470508
1325,198,1523,0.8699934340118188
387,58,445,0.8696629213483146
438,93,531,0.8248587570621468
406,86,492,0.8252032520325203
388,93,481,0.8066528066528067
398,107,505,0.7881188118811882
22,131,153,0.1437908496732026
417,110,527,0.7912713472485768
1052,400,1452,0.7245179063360881
1069,388,1457,0.7336993822923816
1019,427,1446,0.7047026279391425
1222,396,1618,0.7552533992583437
902,29,931,0.9688506981740065
1051,440,1491,0.7048960429242119
2006,175,2181,0.9197615772581385
1135,388,1523,0.7452396585686146
1349,172,1521,0.8869165023011177
1147,525,1672,0.6860047846889952
1095,387,1482,0.7388663967611336
1158,383,1541,0.7514600908500974
1090,414,1504,0.7247340425531915
396,99,495,0.8
1091,397,1488,0.7331989247311828
1083,430,1513,0.7157964309319234
2312,107,2419,0.9557668458040512
1136,396,1532,0.741514360313316
1001,375,1376,0.7274709302325582
50,154,204,0.24509803921568626
1056,499,1555,0.6790996784565917
1084,534,1618,0.6699629171817059
1062,416,1478,0.7185385656292287
773,41,814,0.9496314496314496
1070,373,1443,0.7415107415107415
1085,407,1492,0.7272117962466488
388,75,463,0.838012958963283
383,80,463,0.8272138228941684
1027,660,1687,0.6087729697688203
414,102,516,0.8023255813953488
1164,444,1608,0.7238805970149254
1069,430,1499,0.7131420947298199
1136,396,1532,0.741514360313316
1951,67,2018,0.966798810703667
2739,111,2850,0.9610526315789474
1044,527,1571,0.6645448758752387
1094,575,1669,0.6554823247453565
1086,446,1532,0.7088772845953003
991,394,1385,0.7155234657039711
383,59,442,0.8665158371040724
976,388,1364,0.7155425219941349
1158,400,1558,0.7432605905006419
2584,148,2732,0.9458272327964861
1089,1000,2089,0.5213020584011488
1031,388,1419,0.7265680056377731
1134,394,1528,0.7421465968586387
1314,227,1541,0.8526930564568462
400,90,490,0.8163265306122449
1025,604,1629,0.629220380601596
1052,415,1467,0.7171097477845945
1020,420,1440,0.7083333333333334
410,99,509,0.8055009823182712
998,385,1383,0.7216196673897325
1120,419,1539,0.7277452891487979
1112,394,1506,0.7383798140770252
973,565,1538,0.6326397919375812
1351,148,1499,0.9012675116744496
2596,50,2646,0.981103552532124
16,163,179,0.0893854748603352
1069,396,1465,0.7296928327645051
1316,193,1509,0.8721007289595759
1025,514,1539,0.6660168940870695
2006,77,2083,0.9630340854536726
378,51,429,0.8811188811188811
1036,398,1434,0.7224546722454672
1042,558,1600,0.65125
1089,372,1461,0.7453798767967146
1146,395,1541,0.7436729396495781
1011,411,1422,0.7109704641350211
981,382,1363,0.7197358767424799
1138,414,1552,0.7332474226804123
1163,418,1581,0.7356103731815307
1087,417,1504,0.7227393617021277
1138,517,1655,0.6876132930513595
1160,468,1628,0.7125307125307125
21,165,186,0.11290322580645161
4084,81,4165,0.9805522208883554
1091,378,1469,0.7426820966643976
1149,407,1556,0.7384318766066839
4077,56,4133,0.9864505202032422
1378,85,1463,0.9419002050580998
1013,397,1410,0.7184397163120567
1053,408,1461,0.7207392197125256
1049,398,1447,0.7249481686247409
1474,94,1568,0.9400510204081632
243,14,257,0.9455252918287937
401,95,496,0.8084677419354839
430,106,536,0.8022388059701493
2445,84,2529,0.966785290628707
1044,415,1459,0.7155586017820424
1179,398,1577,0.7476220672162334
1175,401,1576,0.7455583756345178
1034,395,1429,0.7235829251224632
1951,46,1997,0.9769654481722584
1134,394,1528,0.7421465968586387
415,101,516,0.8042635658914729
1157,416,1573,0.7355371900826446
983,151,1134,0.8668430335097002
1059,448,1507,0.7027206370272063
969,375,1344,0.7209821428571429
243,14,257,0.9455252918287937
1011,373,1384,0.7304913294797688
1040,385,1425,0.7298245614035088
1047,419,1466,0.7141882673942701
1135,396,1531,0.7413455258001306
1162,401,1563,0.7434420985284709
1150,395,1545,0.7443365695792881
20,177,197,0.10152284263959391
379,70,449,0.844097995545657
1106,396,1502,0.7363515312916112
414,95,509,0.8133595284872298
1072,415,1487,0.7209145931405514
238,14,252,0.9444444444444444
385,87,472,0.815677966101695
322,18,340,0.9470588235294117
1026,396,1422,0.7215189873417721
970,403,1373,0.7064821558630736
1378,85,1463,0.9419002050580998
13,172,185,0.07027027027027027
1004,388,1392,0.7212643678160919
980,372,1352,0.7248520710059172
1102,530,1632,0.6752450980392157
1005,394,1399,0.7183702644746247
403,94,497,0.8108651911468813
1169,451,1620,0.721604938271605
1140,397,1537,0.741704619388419
1083,395,1478,0.7327469553450608
4079,32,4111,0.9922160058379956
1034,398,1432,0.7220670391061452
404,131,535,0.7551401869158878
1073,422,1495,0.7177257525083612
243,14,257,0.9455252918287937
4125,55,4180,0.9868421052631579
1146,389,1535,0.7465798045602606
1017,394,1411,0.7207654145995748
1164,395,1559,0.7466324567030147
1312,156,1468,0.8937329700272479
2342,81,2423,0.9665703673132481
1096,396,1492,0.7345844504021448
983,151,1134,0.8668430335097002
1050,412,1462,0.7181942544459644
399,87,486,0.8209876543209876
404,118,522,0.7739463601532567
1992,91,2083,0.9563130100816131
1163,409,1572,0.739821882951654
1103,577,1680,0.656547619047619
1123,651,1774,0.6330326944757609
1032,396,1428,0.7226890756302521
315,18,333,0.9459459459459459
1316,151,1467,0.8970688479890934
1014,398,1412,0.7181303116147308
1071,426,1497,0.7154308617234469
1069,523,1592,0.6714824120603015
421,93,514,0.8190661478599222
1474,109,1583,0.9311433986102338
1097,393,1490,0.736241610738255
1086,419,1505,0.7215946843853821
238,14,252,0.9444444444444444
1088,382,1470,0.7401360544217687
1088,417,1505,0.7229235880398671
724,40,764,0.9476439790575916
1151,404,1555,0.7401929260450161
1101,385,1486,0.7409152086137282
1090,558,1648,0.6614077669902912
960,413,1373,0.6991988346686089
1094,411,1505,0.7269102990033223
1111,396,1507,0.7372262773722628
1316,140,1456,0.9038461538461539
2611,55,2666,0.9793698424606152
1094,377,1471,0.7437117607070021
403,86,489,0.8241308793456033
1316,149,1465,0.8982935153583618
4091,50,4141,0.9879256218304757
1114,442,1556,0.7159383033419023
1323,213,1536,0.861328125
4086,71,4157,0.9829203752706278
397,181,578,0.6868512110726643
1069,419,1488,0.7184139784946236
1316,207,1523,0.8640840446487197
374,76,450,0.8311111111111111
994,396,1390,0.7151079136690648
1961,96,2057,0.9533300923675255
961,388,1349,0.7123795404002965
397,94,491,0.8085539714867617
1053,380,1433,0.7348220516399162
1314,111,1425,0.9221052631578948
1131,432,1563,0.7236084452975048
1198,394,1592,0.7525125628140703
1074,377,1451,0.7401791867677464
44,121,165,0.26666666666666666
738,10,748,0.9866310160427807
738,10,748,0.9866310160427807
738,20,758,0.9736147757255936
1026,418,1444,0.7105263157894737
1040,399,1439,0.7227241139680334
1133,414,1547,0.7323852617970265
808,43,851,0.9494712103407755
373,78,451,0.8270509977827051
1138,80,1218,0.9343185550082101
1133,379,1512,0.7493386243386243
120,12,132,0.9090909090909091
1073,419,1492,0.7191689008042895
1128,428,1556,0.7249357326478149
1020,74,1094,0.9323583180987203
1124,411,1535,0.7322475570032573
1048,396,1444,0.7257617728531855
1013,394,1407,0.7199715707178393
4080,59,4139,0.9857453491181445
2700,74,2774,0.9733237202595529
376,69,445,0.8449438202247191
1148,393,1541,0.744970798182998
1018,391,1409,0.7224982256919801
1337,79,1416,0.9442090395480226
1099,57,1156,0.9506920415224913
1051,396,1447,0.7263303386316516
1138,398,1536,0.7408854166666666
1148,375,1523,0.7537754432042022
4088,363,4451,0.918445293192541
424,114,538,0.7881040892193308
388,80,468,0.8290598290598291
1091,397,1488,0.7331989247311828
1484,88,1572,0.9440203562340967
4090,65,4155,0.9843561973525873
1312,181,1493,0.8787675820495646
1031,403,1434,0.7189679218967922
2744,60,2804,0.978601997146933
1089,402,1491,0.7303822937625755
1135,390,1525,0.7442622950819672
391,87,478,0.8179916317991632
974,406,1380,0.7057971014492753
1013,396,1409,0.7189496096522356
1316,150,1466,0.897680763983629
1084,429,1513,0.7164573694646398
1162,390,1552,0.7487113402061856
1061,117,1178,0.900679117147708
1046,427,1473,0.7101154107264087
1183,501,1684,0.7024940617577197
1182,372,1554,0.7606177606177607
1167,398,1565,0.7456869009584665
381,76,457,0.8336980306345733
4085,28,4113,0.9931923170435205
1198,405,1603,0.7473487211478478
1006,397,1403,0.7170349251603706
1026,385,1411,0.7271438695960312
1022,413,1435,0.7121951219512195
900,102,1002,0.8982035928143712
2584,139,2723,0.9489533602644142
2221,200,2421,0.9173895084675754
911,97,1008,0.9037698412698413
1096,398,1494,0.7336010709504686
389,87,476,0.8172268907563025
1102,420,1522,0.7240473061760841
1010,391,1401,0.7209136331192005
1148,398,1546,0.7425614489003881
1024,396,1420,0.7211267605633803
1023,394,1417,0.7219477769936485
242,14,256,0.9453125
1144,396,1540,0.7428571428571429
995,449,1444,0.6890581717451524
1082,411,1493,0.724715338245144
1020,74,1094,0.9323583180987203
989,392,1381,0.7161477190441708
1717,28,1745,0.9839541547277937
1013,373,1386,0.7308802308802309
1051,427,1478,0.7110960757780784
382,64,446,0.8565022421524664
1313,204,1517,0.8655240606460118
4081,45,4126,0.9890935530780417
381,88,469,0.8123667377398721
1051,538,1589,0.6614222781623663
243,14,257,0.9455252918287937
1337,79,1416,0.9442090395480226
401,164,565,0.7097345132743362
120,12,132,0.9090909090909091
1130,398,1528,0.7395287958115183
1134,393,1527,0.7426326129666012
1053,385,1438,0.7322670375521557
1015,393,1408,0.7208806818181818
25,165,190,0.13157894736842105
1168,453,1621,0.7205428747686613
1023,396,1419,0.7209302325581395
964,476,1440,0.6694444444444444
1360,90,1450,0.9379310344827586
1048,397,1445,0.7252595155709343
996,441,1437,0.6931106471816284
890,89,979,0.9090909090909091
1135,415,1550,0.7322580645161291
4077,41,4118,0.9900437105390967
408,100,508,0.8031496062992126
1266,397,1663,0.7612748045700541
403,89,492,0.8191056910569106
1127,398,1525,0.7390163934426229
390,79,469,0.8315565031982942
1084,390,1474,0.7354138398914518
963,399,1362,0.7070484581497798
404,128,532,0.7593984962406015
1201,396,1597,0.752035065748278
1115,418,1533,0.7273320287018917
1025,397,1422,0.7208157524613221
418,113,531,0.7871939736346516
984,409,1393,0.706389088298636
1150,394,1544,0.7448186528497409
1011,384,1395,0.7247311827956989
1149,383,1532,0.75
408,103,511,0.7984344422700587
386,67,453,0.8520971302428256
1196,410,1606,0.7447073474470735
1008,414,1422,0.7088607594936709
985,421,1406,0.7005689900426743
988,432,1420,0.6957746478873239
1027,414,1441,0.7126995142262318
1042,394,1436,0.7256267409470752
1071,384,1455,0.7360824742268042
1093,401,1494,0.7315930388219545
1171,523,1694,0.6912632821723731
1048,433,1481,0.7076299797434166
1821,84,1905,0.9559055118110236
388,98,486,0.7983539094650206
1047,99,1146,0.9136125654450262
21,138,159,0.1320754716981132
971,444,1415,0.6862190812720848
1185,434,1619,0.7319332921556516
4089,26,4115,0.993681652490887
3476,125,3601,0.9652874201610664
1231,396,1627,0.7566072526121697
413,113,526,0.785171102661597
1255,414,1669,0.7519472738166567
922,104,1026,0.898635477582846
1080,375,1455,0.7422680412371134
4124,73,4197,0.9826066237788896
383,48,431,0.888631090487239
120,12,132,0.9090909090909091
376,84,460,0.8173913043478261
2592,72,2664,0.972972972972973
1315,199,1514,0.868560105680317
36,130,166,0.21686746987951808
422,67,489,0.8629856850715747
374,44,418,0.8947368421052632
1360,94,1454,0.9353507565337001
1076,396,1472,0.7309782608695652
1313,137,1450,0.9055172413793103
890,89,979,0.9090909090909091
1161,395,1556,0.7461439588688946
382,86,468,0.8162393162393162
397,86,483,0.8219461697722568
420,88,508,0.8267716535433071
1062,397,1459,0.7278958190541467
1122,377,1499,0.7484989993328885
4076,72,4148,0.982642237222758
1099,420,1519,0.7235023041474654
1048,379,1427,0.7344078486334968
1055,413,1468,0.7186648501362398
3476,118,3594,0.9671675013912076
1006,44,1050,0.9580952380952381
1670,117,1787,0.9345271404588696
411,81,492,0.8353658536585366
1757,45,1802,0.9750277469478358
999,419,1418,0.7045133991537377
247,14,261,0.946360153256705
1020,388,1408,0.7244318181818182
442,99,541,0.8170055452865065
324,18,342,0.9473684210526315
1009,410,1419,0.7110641296687809
391,104,495,0.7898989898989899
1313,157,1470,0.8931972789115646
2236,128,2364,0.9458544839255499
1317,198,1515,0.8693069306930693
386,99,485,0.7958762886597938
1043,401,1444,0.7222991689750693
1165,45,1210,0.9628099173553719
1028,414,1442,0.7128987517337032
1821,143,1964,0.9271894093686355
4078,54,4132,0.9869312681510165
237,14,251,0.9442231075697212
1151,434,1585,0.7261829652996845
1484,159,1643,0.9032258064516129
427,93,520,0.8211538461538461
1207,400,1607,0.7510889856876167
4071,56,4127,0.9864308214199177
1001,407,1408,0.7109375
50,168,218,0.22935779816513763
1381,40,1421,0.971850809289233
396,93,489,0.8098159509202454
4096,51,4147,0.9877019532191946
1040,396,1436,0.724233983286908
394,88,482,0.8174273858921162
378,48,426,0.8873239436619719
4162,78,4240,0.9816037735849057
1307,501,1808,0.7228982300884956
974,402,1376,0.7078488372093024
1129,467,1596,0.7073934837092731
1040,388,1428,0.7282913165266106
1159,405,1564,0.7410485933503836
946,398,1344,0.7038690476190477
967,419,1386,0.6976911976911977
1109,383,1492,0.7432975871313673
1171,526,1697,0.690041249263406
1670,65,1735,0.962536023054755
4164,63,4227,0.9850958126330731
1039,399,1438,0.7225312934631433
2169,150,2319,0.9353169469598965
1184,405,1589,0.7451227186910007
2910,88,2998,0.970647098065377
421,99,520,0.8096153846153846
1046,398,1444,0.724376731301939
1034,428,1462,0.707250341997264
373,93,466,0.8004291845493562
890,115,1005,0.8855721393034826
377,51,428,0.8808411214953271
426,126,552,0.7717391304347826
1508,76,1584,0.952020202020202
1059,410,1469,0.7208985704560926
1196,410,1606,0.7447073474470735
1072,419,1491,0.7189805499664654
1020,394,1414,0.7213578500707214
26,150,176,0.14772727272727273
1045,378,1423,0.7343640196767393
4098,102,4200,0.9757142857142858
2236,101,2337,0.9567821994009413
1116,446,1562,0.7144686299615877
1084,418,1502,0.7217043941411452
1338,195,1533,0.87279843444227
1137,509,1646,0.6907654921020656
1130,468,1598,0.7071339173967459
387,82,469,0.8251599147121536
1087,402,1489,0.7300201477501679
4077,61,4138,0.985258579023683
1075,395,1470,0.7312925170068028
1131,396,1527,0.7406679764243614
4152,165,4317,0.9617790132036136
4089,56,4145,0.9864897466827504
1353,144,1497,0.9038076152304609
1484,159,1643,0.9032258064516129
1183,384,1567,0.7549457562220804
1318,148,1466,0.8990450204638472
4076,39,4115,0.9905224787363305
1907,90,1997,0.9549323985978968
401,82,483,0.8302277432712215
2765,99,2864,0.9654329608938548
1961,95,2056,0.9537937743190662
403,135,538,0.7490706319702602
389,100,489,0.7955010224948875
399,101,500,0.798
953,375,1328,0.7176204819277109
1066,431,1497,0.7120908483633934
298,18,316,0.9430379746835443
1146,413,1559,0.7350865939704939
1178,607,1785,0.6599439775910364
1066,388,1454,0.7331499312242091
1248,378,1626,0.7675276752767528
387,68,455,0.8505494505494505
1027,392,1419,0.7237491190979564
858,107,965,0.8891191709844559
1052,413,1465,0.7180887372013652
2202,41,2243,0.9817209094962104
1034,417,1451,0.7126119917298415
1038,394,1432,0.7248603351955307
120,12,132,0.9090909090909091
435,117,552,0.7880434782608695
4085,56,4141,0.9864766964501328
1190,403,1593,0.7470182046453233
3030,46,3076,0.9850455136540962
955,68,1023,0.9335288367546432
1248,423,1671,0.7468581687612208
406,96,502,0.8087649402390438
1093,411,1504,0.7267287234042553
434,82,516,0.8410852713178295
368,72,440,0.8363636363636363
988,375,1363,0.7248716067498165
418,95,513,0.8148148148148148
1531,70,1601,0.9562773266708308
1135,410,1545,0.7346278317152104
1142,79,1221,0.9352989352989353
1189,378,1567,0.7587747287811104
394,97,491,0.8024439918533605
1147,498,1645,0.6972644376899696
4087,44,4131,0.9893488259501332
985,427,1412,0.6975920679886686
1047,99,1146,0.9136125654450262
1128,410,1538,0.7334200260078023
647,74,721,0.897364771151179
972,388,1360,0.7147058823529412
242,14,256,0.9453125
1048,412,1460,0.7178082191780822
1062,394,1456,0.7293956043956044
396,97,493,0.8032454361054767
431,99,530,0.8132075471698114
4107,57,4164,0.9863112391930836
405,92,497,0.8148893360160966
959,384,1343,0.7140729709605361
387,68,455,0.8505494505494505
1254,419,1673,0.749551703526599
396,75,471,0.8407643312101911
1100,424,1524,0.7217847769028871
1028,408,1436,0.7158774373259053
955,394,1349,0.7079318013343218
19,178,197,0.09644670050761421
373,60,433,0.8614318706697459
1023,396,1419,0.7209302325581395
1105,407,1512,0.7308201058201058
1028,379,1407,0.7306325515280739
4070,37,4107,0.990990990990991
1907,84,1991,0.9578101456554495
1028,396,1424,0.7219101123595506
1364,480,1844,0.7396963123644251
1034,417,1451,0.7126119917298415
2744,60,2804,0.978601997146933
1084,414,1498,0.7236315086782377
378,45,423,0.8936170212765957
1028,55,1083,0.9492151431209603
1103,396,1499,0.7358238825883923
1314,156,1470,0.8938775510204081
404,91,495,0.8161616161616162
1002,388,1390,0.720863309352518
1128,502,1630,0.6920245398773006
4084,61,4145,0.9852834740651387
1018,395,1413,0.7204529370134466
3030,46,3076,0.9850455136540962
840,45,885,0.9491525423728814
449,119,568,0.7904929577464789
376,145,521,0.7216890595009597
2169,134,2303,0.9418150238818932
1030,393,1423,0.7238229093464511
374,79,453,0.82560706401766
1992,66,2058,0.967930029154519
957,388,1345,0.7115241635687732
1043,377,1420,0.7345070422535211
4191,51,4242,0.987977369165488
864,129,993,0.8700906344410876
2059,94,2153,0.9563399907106364
1150,395,1545,0.7443365695792881
386,69,455,0.8483516483516483
325,18,343,0.9475218658892128
1114,429,1543,0.7219701879455606
4093,52,4145,0.9874547647768396
1093,398,1491,0.7330650570087189
1052,373,1425,0.7382456140350877
1122,377,1499,0.7484989993328885
1002,373,1375,0.7287272727272728
4086,32,4118,0.9922292374939291
4079,79,4158,0.981000481000481
1071,405,1476,0.725609756097561
1369,44,1413,0.9688605803255484
1160,468,1628,0.7125307125307125
1868,82,1950,0.9579487179487179
1571,89,1660,0.9463855421686747
719,113,832,0.8641826923076923
413,102,515,0.8019417475728156
1066,431,1497,0.7120908483633934
1058,419,1477,0.7163168584969533
1000,375,1375,0.7272727272727273
4101,52,4153,0.9874789308933302
404,68,472,0.8559322033898306
1484,159,1643,0.9032258064516129
400,98,498,0.8032128514056225
429,84,513,0.8362573099415205
1054,414,1468,0.717983651226158
691,51,742,0.931266846361186
396,90,486,0.8148148148148148
4079,163,4242,0.9615747289014616
387,97,484,0.7995867768595041
1185,384,1569,0.7552581261950286
2765,136,2901,0.9531196139262323
1130,609,1739,0.6497987349051179
3607,73,3680,0.9801630434782609
2332,81,2413,0.9664318276004973
1313,145,1458,0.9005486968449932
398,123,521,0.763915547024952
1121,423,1544,0.7260362694300518
428,101,529,0.8090737240075614
1077,391,1468,0.7336512261580381
1341,50,1391,0.9640546369518332
4076,46,4122,0.9888403687530325
4075,51,4126,0.9876393601551139
384,69,453,0.847682119205298
1085,363,1448,0.7493093922651933
2058,91,2149,0.9576547231270358
404,93,497,0.8128772635814889
1386,125,1511,0.9172733289212442
382,57,439,0.8701594533029613
396,104,500,0.792
410,152,562,0.7295373665480427
4085,58,4143,0.9860004827419744
993,40,1033,0.9612778315585673
2059,94,2153,0.9563399907106364
391,57,448,0.8727678571428571
1190,375,1565,0.7603833865814696
1912,72,1984,0.9637096774193549
1101,430,1531,0.7191378184193338
2935,63,2998,0.9789859906604403
719,113,832,0.8641826923076923
1314,144,1458,0.9012345679012346
1024,395,1419,0.7216349541930938
2221,194,2415,0.9196687370600414
1126,397,1523,0.7393302692055155
976,599,1575,0.6196825396825397
4138,73,4211,0.9826644502493469
1110,427,1537,0.7221860767729343
1091,401,1492,0.7312332439678284
4069,46,4115,0.9888213851761847
1093,396,1489,0.7340496977837475
983,400,1383,0.7107736804049168
1314,152,1466,0.8963165075034106
1015,458,1473,0.6890699253224711
1152,395,1547,0.7446670976082741
12,113,125,0.096
1125,468,1593,0.7062146892655368
1024,410,1434,0.7140864714086471
1571,89,1660,0.9463855421686747
376,91,467,0.8051391862955032
1049,411,1460,0.7184931506849315
1139,50,1189,0.9579478553406223
2464,78,2542,0.969315499606609
977,411,1388,0.7038904899135446
1076,375,1451,0.7415575465196417
1131,413,1544,0.7325129533678757
1008,446,1454,0.6932599724896836
1353,182,1535,0.8814332247557003
730,42,772,0.9455958549222798
1240,398,1638,0.757020757020757
398,105,503,0.7912524850894632
1386,125,1511,0.9172733289212442
1182,411,1593,0.7419962335216572
400,92,492,0.8130081300813008
1316,256,1572,0.8371501272264631
398,97,495,0.804040404040404
650,54,704,0.9232954545454546
1160,414,1574,0.7369758576874206
1187,84,1271,0.933910306845004
1094,406,1500,0.7293333333333333
1098,449,1547,0.7097608274078863
398,80,478,0.8326359832635983
954,54,1008,0.9464285714285714
419,99,518,0.8088803088803089
4089,85,4174,0.9796358409199808
400,97,497,0.8048289738430584
1146,375,1521,0.7534516765285996
1210,385,1595,0.7586206896551724
396,90,486,0.8148148148148148
435,64,499,0.8717434869739479
375,96,471,0.7961783439490446
381,81,462,0.8246753246753247
384,99,483,0.7950310559006211
1912,72,1984,0.9637096774193549
1095,423,1518,0.7213438735177866
1201,426,1627,0.7381684081130916
1092,502,1594,0.685069008782936
1109,91,1200,0.9241666666666667
366,80,446,0.820627802690583
1730,104,1834,0.9432933478735005
1357,200,1557,0.8715478484264612
372,79,451,0.8248337028824834
1025,414,1439,0.7123002084781098
1171,396,1567,0.7472878111040204
4095,87,4182,0.9791965566714491
371,62,433,0.8568129330254042
881,141,1022,0.8620352250489237
413,106,519,0.7957610789980732
120,12,132,0.9090909090909091
2106,114,2220,0.9486486486486486
2935,63,2998,0.9789859906604403
1087,394,1481,0.7339635381498987
1136,396,1532,0.741514360313316
376,56,432,0.8703703703703703
1244,396,1640,0.7585365853658537
1184,424,1608,0.736318407960199
1047,87,1134,0.9232804232804233
1999,97,2096,0.9537213740458015
4101,25,4126,0.9939408628211343
1085,375,1460,0.7431506849315068
1002,398,1400,0.7157142857142857
1063,385,1448,0.7341160220994475
1315,163,1478,0.8897158322056834
1150,411,1561,0.7367072389493914
1098,88,1186,0.9258010118043845
4074,200,4274,0.9532054281703323
1158,427,1585,0.7305993690851735
1069,388,1457,0.7336993822923816
429,100,529,0.8109640831758034
4085,41,4126,0.9900630150266602
1076,404,1480,0.727027027027027
385,87,472,0.815677966101695
4076,50,4126,0.9878817256422685
398,146,544,0.7316176470588235
1035,373,1408,0.7350852272727273
2697,100,2797,0.9642474079370754
1089,395,1484,0.7338274932614556
1316,203,1519,0.8663594470046083
870,81,951,0.9148264984227129
1170,502,1672,0.6997607655502392
1190,375,1565,0.7603833865814696
1027,390,1417,0.7247706422018348
1145,478,1623,0.7054836722119532
982,442,1424,0.6896067415730337
1103,411,1514,0.7285336856010568
306,18,324,0.9444444444444444
1254,419,1673,0.749551703526599
957,74,1031,0.9282250242483027
1067,395,1462,0.7298221614227086
1176,500,1676,0.7016706443914081
1160,398,1558,0.7445442875481386
1086,405,1491,0.7283702213279678
1113,417,1530,0.7274509803921568
4090,41,4131,0.9900750423626241
1010,82,1092,0.924908424908425
7,143,150,0.04666666666666667
4105,38,4143,0.9908279024861212
2123,94,2217,0.9576003608479928
4074,42,4116,0.9897959183673469
2468,87,2555,0.9659491193737769
406,80,486,0.8353909465020576
4088,37,4125,0.991030303030303
1109,84,1193,0.9295892707460185
430,102,532,0.8082706766917294
393,59,452,0.8694690265486725
309,18,327,0.944954128440367
396,84,480,0.825
952,427,1379,0.6903553299492385
2106,108,2214,0.9512195121951219
1042,403,1445,0.7211072664359861
1074,378,1452,0.7396694214876033
4088,61,4149,0.9852976620872499
1044,386,1430,0.73006993006993
368,45,413,0.8910411622276029
1236,376,1612,0.7667493796526055
772,136,908,0.8502202643171806
1185,401,1586,0.7471626733921816
1034,417,1451,0.7126119917298415
383,94,477,0.8029350104821803
1022,494,1516,0.6741424802110818
972,396,1368,0.7105263157894737
4075,62,4137,0.9850132946579647
402,135,537,0.7486033519553073
1183,501,1684,0.7024940617577197
1025,916,1941,0.5280783101494075
373,88,461,0.8091106290672451
387,67,454,0.8524229074889867
1315,188,1503,0.8749168330006654
1315,154,1469,0.8951667801225324
58,111,169,0.3431952662721893
4123,76,4199,0.9819004524886877
957,74,1031,0.9282250242483027
647,46,693,0.9336219336219336
1022,426,1448,0.7058011049723757
382,54,436,0.8761467889908257
392,104,496,0.7903225806451613
1155,403,1558,0.7413350449293966
1057,398,1455,0.7264604810996563
1129,416,1545,0.7307443365695793
1358,51,1409,0.9638041163946061
1004,413,1417,0.7085391672547636
391,97,488,0.8012295081967213
1004,399,1403,0.7156094084105489
989,426,1415,0.6989399293286219
459,90,549,0.8360655737704918
373,80,453,0.8233995584988962
1147,448,1595,0.7191222570532916
1280,91,1371,0.9336250911743253
1037,410,1447,0.7166551485832757
869,47,916,0.9486899563318777
371,69,440,0.8431818181818181
1094,411,1505,0.7269102990033223
1108,442,1550,0.7148387096774194
394,79,473,0.8329809725158562
849,100,949,0.8946259220231823
403,86,489,0.8241308793456033
1314,152,1466,0.8963165075034106
1063,374,1437,0.7397355601948504
851,85,936,0.9091880341880342
902,75,977,0.9232343909928352
385,78,463,0.8315334773218143
4185,31,4216,0.9926470588235294
2388,52,2440,0.978688524590164
1039,410,1449,0.7170462387853692
1094,411,1505,0.7269102990033223
981,409,1390,0.7057553956834532
4100,180,4280,0.9579439252336449
1999,97,2096,0.9537213740458015
386,79,465,0.8301075268817204
1315,144,1459,0.9013022618231665
2738,113,2851,0.9603647842862154
371,100,471,0.7876857749469215
405,93,498,0.8132530120481928
4623,59,4682,0.9873985476292183
783,45,828,0.9456521739130435
1054,397,1451,0.7263955892487939
1200,518,1718,0.6984866123399301
430,86,516,0.8333333333333334
4100,52,4152,0.98747591522158
1039,404,1443,0.72002772002772
1093,411,1504,0.7267287234042553
1014,659,1673,0.6060968320382546
1069,383,1452,0.7362258953168044
4094,105,4199,0.9749940462014766
1056,430,1486,0.7106325706594886
402,92,494,0.8137651821862348
1730,107,1837,0.9417528579205225
31,234,265,0.1169811320754717
386,90,476,0.8109243697478992
421,92,513,0.8206627680311891
1351,139,1490,0.9067114093959732
1072,401,1473,0.7277664630006789
1144,550,1694,0.6753246753246753
1045,411,1456,0.7177197802197802
1054,443,1497,0.7040748162992652
4114,47,4161,0.988704638308099
983,377,1360,0.7227941176470588
1162,594,1756,0.6617312072892938
2042,45,2087,0.9784379492093914
1026,408,1434,0.7154811715481172
1041,463,1504,0.692154255319149
1069,414,1483,0.7208361429534726
1190,375,1565,0.7603833865814696
2425,51,2476,0.9794022617124394
1280,92,1372,0.9329446064139941
1107,453,1560,0.7096153846153846
1162,449,1611,0.7212911235257604
390,104,494,0.7894736842105263
2374,110,2484,0.9557165861513688
1003,381,1384,0.7247109826589595
1074,434,1508,0.7122015915119363
1737,89,1826,0.9512595837897043
1143,426,1569,0.7284894837476099
1079,396,1475,0.7315254237288136
849,100,949,0.8946259220231823
4078,42,4120,0.9898058252427184
2388,52,2440,0.978688524590164
1045,397,1442,0.7246879334257975
385,89,474,0.8122362869198312
407,122,529,0.7693761814744802
1143,396,1539,0.7426900584795322
958,89,1047,0.9149952244508118
1031,74,1105,0.9330316742081448
1127,639,1766,0.6381653454133636
1101,478,1579,0.6972767574414186
409,78,487,0.839835728952772
4095,36,4131,0.9912854030501089
1054,454,1508,0.6989389920424404
400,82,482,0.8298755186721992
421,80,501,0.8403193612774451
1077,468,1545,0.6970873786407767
1023,397,1420,0.7204225352112676
1044,386,1430,0.73006993006993
403,135,538,0.7490706319702602
397,66,463,0.857451403887689
1117,442,1559,0.7164849262347659
61,136,197,0.3096446700507614
27,192,219,0.1232876712328767
1035,388,1423,0.7273366127898805
1129,396,1525,0.740327868852459
1056,451,1507,0.7007299270072993
1315,166,1481,0.8879135719108711
406,104,510,0.796078431372549
12,149,161,0.07453416149068323
444,99,543,0.8176795580110497
393,102,495,0.793939393939394
4074,68,4142,0.9835828102366007
375,64,439,0.8542141230068337
1313,143,1456,0.9017857142857143
402,98,500,0.804
1180,597,1777,0.6640405177265053
1147,394,1541,0.7443218689162882
1117,387,1504,0.742686170212766
404,145,549,0.7358834244080146
1091,375,1466,0.7442019099590723
1061,418,1479,0.7173766058147397
1038,387,1425,0.728421052631579
4093,61,4154,0.9853153586904189
1052,409,1461,0.7200547570157426
391,155,546,0.7161172161172161
1313,169,1482,0.8859649122807017
1038,394,1432,0.7248603351955307
1737,92,1829,0.949699289229087
1001,403,1404,0.7129629629629629
1100,426,1526,0.7208387942332897
400,95,495,0.8080808080808081
395,78,473,0.8350951374207188
1066,432,1498,0.7116154873164219
1639,91,1730,0.9473988439306359
1013,375,1388,0.7298270893371758
1104,399,1503,0.7345309381237525
4089,41,4130,0.9900726392251816
1027,429,1456,0.7053571428571429
1116,426,1542,0.7237354085603113
944,393,1337,0.706058339566193
3340,60,3400,0.9823529411764705
453,85,538,0.8420074349442379
371,79,450,0.8244444444444444
1039,717,1756,0.5916856492027335
1072,446,1518,0.7061923583662714
404,104,508,0.7952755905511811
1101,432,1533,0.7181996086105675
2091,88,2179,0.9596145020651675
921,45,966,0.953416149068323
4090,57,4147,0.9862551241861587
1017,520,1537,0.6616785946649317
1182,428,1610,0.7341614906832298
1042,424,1466,0.7107776261937244
1048,405,1453,0.7212663454920853
405,92,497,0.8148893360160966
4109,47,4156,0.9886910490856593
1023,520,1543,0.6629941672067401
10,173,183,0.0546448087431694
1412,94,1506,0.9375830013280213
1314,136,1450,0.9062068965517242
1143,396,1539,0.7426900584795322
2069,95,2164,0.9560998151571165
1417,55,1472,0.9626358695652174
415,119,534,0.7771535580524345
4152,83,4235,0.9804014167650531
372,62,434,0.8571428571428571
3340,58,3398,0.9829311359623308
398,100,498,0.7991967871485943
398,76,474,0.8396624472573839
1047,388,1435,0.729616724738676
844,78,922,0.9154013015184381
1096,429,1525,0.718688524590164
1353,156,1509,0.8966202783300199
1084,429,1513,0.7164573694646398
1064,398,1462,0.7277701778385773
393,82,475,0.8273684210526315
624,50,674,0.9258160237388724
1038,379,1417,0.7325335215243473
391,67,458,0.8537117903930131
1312,39,1351,0.9711324944485566
1639,87,1726,0.9495944380069525
2238,147,2385,0.9383647798742139
1039,417,1456,0.7135989010989011
1035,605,1640,0.6310975609756098
1082,419,1501,0.7208527648234511
1156,378,1534,0.7535853976531942
4083,58,4141,0.9859937213233518
1234,393,1627,0.7584511370620775
1012,394,1406,0.7197724039829303
386,84,470,0.8212765957446808
1089,396,1485,0.7333333333333333
391,107,498,0.785140562248996
1037,425,1462,0.7093023255813954
1412,94,1506,0.9375830013280213
635,66,701,0.905848787446505
4092,70,4162,0.9831811629024507
593,56,649,0.9137134052388289
919,100,1019,0.9018645731108931
4072,35,4107,0.9914779644509374
422,110,532,0.793233082706767
395,100,495,0.797979797979798
1175,521,1696,0.6928066037735849
973,393,1366,0.712298682284041
1333,86,1419,0.9393939393939394
1021,393,1414,0.7220650636492221
1143,414,1557,0.7341040462427746
1061,427,1488,0.7130376344086021
387,52,439,0.8815489749430524
4073,371,4444,0.9165166516651665
401,107,508,0.7893700787401575
4093,67,4160,0.9838942307692308
1045,397,1442,0.7246879334257975
1030,631,1661,0.6201083684527393
1065,86,1151,0.9252823631624674
1117,426,1543,0.7239144523655218
393,93,486,0.808641975308642
1109,378,1487,0.7457969065232011
696,43,739,0.9418132611637348
181,105,286,0.6328671328671329
1212,406,1618,0.7490729295426453
1070,415,1485,0.7205387205387206
1314,191,1505,0.8730897009966777
1126,403,1529,0.736429038587312
407,53,460,0.8847826086956522
1030,429,1459,0.7059629883481837
4106,93,4199,0.9778518694927364
2468,92,2560,0.9640625
1999,94,2093,0.9550883898709985
4077,43,4120,0.9895631067961165
2062,132,2194,0.9398359161349134
1057,374,1431,0.7386443046820406
404,130,534,0.7565543071161048
1001,403,1404,0.7129629629629629
1131,426,1557,0.7263969171483622
4094,40,4134,0.9903241412675375
1722,92,1814,0.9492833517089305
411,101,512,0.802734375
1349,126,1475,0.9145762711864407
449,117,566,0.7932862190812721
2136,139,2275,0.9389010989010989
427,102,529,0.8071833648393195
1333,86,1419,0.9393939393939394
2063,51,2114,0.9758751182592242
1131,433,1564,0.7231457800511509
463,164,627,0.7384370015948963
1317,207,1524,0.8641732283464567
979,388,1367,0.7161667885881492
391,86,477,0.8197064989517819
381,71,452,0.8429203539823009
2000,71,2071,0.9657170449058425
1443,76,1519,0.9499670836076366
1171,396,1567,0.7472878111040204
2221,196,2417,0.9189077368638808
2627,158,2785,0.9432675044883303
1103,405,1508,0.7314323607427056
4089,100,4189,0.976127954165672
2199,72,2271,0.9682959048877147
4090,40,4130,0.9903147699757869
4077,33,4110,0.9919708029197081
1034,402,1436,0.7200557103064067
928,88,1016,0.9133858267716536
973,405,1378,0.7060957910014514
1162,527,1689,0.6879810538780343
1730,107,1837,0.9417528579205225
855,47,902,0.9478935698447893
401,98,499,0.8036072144288577
1107,588,1695,0.6530973451327433
1139,420,1559,0.7305965362411803
1082,607,1689,0.640615748963884
390,75,465,0.8387096774193549
4084,40,4124,0.9903006789524733
1115,477,1592,0.7003768844221105
1140,403,1543,0.7388204795852236
1316,288,1604,0.8204488778054863
2468,92,2560,0.9640625
1078,615,1693,0.6367395156526875
1078,459,1537,0.7013662979830839
2062,104,2166,0.9519852262234534
1050,501,1551,0.6769825918762089
978,550,1528,0.6400523560209425
4081,32,4113,0.9922197909068806
1136,411,1547,0.7343244990303813
4107,46,4153,0.9889236696364074
1144,385,1529,0.7482014388489209
1147,669,1816,0.6316079295154186
393,122,515,0.7631067961165049
1045,479,1524,0.6856955380577427
2238,157,2395,0.934446764091858
1324,200,1524,0.868766404199475
4085,58,4143,0.9860004827419744
1057,89,1146,0.9223385689354275
374,64,438,0.8538812785388128
2216,79,2295,0.9655773420479303
1086,451,1537,0.7065712426805465
1031,375,1406,0.7332859174964438
4085,26,4111,0.9936755047433714
1111,401,1512,0.7347883597883598
392,97,489,0.8016359918200409
1443,76,1519,0.9499670836076366
1000,414,1414,0.7072135785007072
1722,100,1822,0.9451152579582875
4086,48,4134,0.988388969521045
1186,380,1566,0.7573435504469987
181,57,238,0.7605042016806722
2136,129,2265,0.9430463576158941
404,102,506,0.7984189723320159
1089,402,1491,0.7303822937625755
996,400,1396,0.7134670487106017
1104,405,1509,0.731610337972167
409,95,504,0.8115079365079365
1030,624,1654,0.6227327690447401
370,107,477,0.7756813417190775
1139,393,1532,0.7434725848563969
1103,408,1511,0.7299801455989411
1076,446,1522,0.7069645203679369
1074,396,1470,0.7306122448979592
1149,380,1529,0.7514715500327012
1503,69,1572,0.9561068702290076
1023,432,1455,0.7030927835051546
1109,415,1524,0.7276902887139107
1039,396,1435,0.7240418118466899
1135,417,1552,0.7313144329896907
1009,402,1411,0.7150956768249468
387,100,487,0.7946611909650924
1076,404,1480,0.727027027027027
1082,607,1689,0.640615748963884
1038,394,1432,0.7248603351955307
1131,377,1508,0.75
410,142,552,0.7427536231884058
1086,437,1523,0.7130663164806303
1104,448,1552,0.711340206185567
181,267,448,0.40401785714285715
1176,500,1676,0.7016706443914081
1101,629,1730,0.6364161849710983
422,82,504,0.8373015873015873
181,202,383,0.4725848563968668
1112,410,1522,0.7306176084099869
3089,46,3135,0.9853269537480064
392,147,539,0.7272727272727273
373,91,464,0.8038793103448276
1078,956,2034,0.5299901671583087
381,60,441,0.8639455782312925
313,18,331,0.945619335347432
966,414,1380,0.7
4083,64,4147,0.9845671569809501
1096,384,1480,0.7405405405405405
378,64,442,0.8552036199095022
3810,72,3882,0.98145285935085
410,77,487,0.8418891170431212
1201,451,1652,0.7269975786924939
1110,394,1504,0.738031914893617
978,429,1407,0.6950959488272921
1036,414,1450,0.7144827586206897
928,88,1016,0.9133858267716536
390,63,453,0.8609271523178808
1126,409,1535,0.7335504885993486
1171,396,1567,0.7472878111040204
1031,375,1406,0.7332859174964438
1102,405,1507,0.7312541473125415
1079,398,1477,0.7305348679756263
1140,403,1543,0.7388204795852236
2000,82,2082,0.9606147934678194
442,96,538,0.8215613382899628
388,67,455,0.8527472527472527
1120,406,1526,0.7339449541284404
1001,421,1422,0.7039381153305204
1353,436,1789,0.7562884292901062
1085,400,1485,0.7306397306397306
371,67,438,0.8470319634703196
1017,404,1421,0.7156931738212526
404,91,495,0.8161616161616162
1109,404,1513,0.7329808327825512
1033,415,1448,0.7133977900552486
1048,396,1444,0.7257617728531855
390,99,489,0.7975460122699386
1111,413,1524,0.729002624671916
4974,132,5106,0.9741480611045829
1096,397,1493,0.7340924313462827
380,80,460,0.8260869565217391
2137,79,2216,0.9643501805054152
2216,108,2324,0.9535283993115319
1100,408,1508,0.7294429708222812
1141,393,1534,0.7438070404172099
404,110,514,0.7859922178988327
1073,381,1454,0.7379642365887208
1122,396,1518,0.7391304347826086
1065,396,1461,0.728952772073922
408,91,499,0.8176352705410822
1115,477,1592,0.7003768844221105
4080,71,4151,0.9828956877860756
1072,394,1466,0.7312414733969986
1133,385,1518,0.7463768115942029
428,94,522,0.8199233716475096
1106,396,1502,0.7363515312916112
16,136,152,0.10526315789473684
2584,147,2731,0.9461735627975101
1168,428,1596,0.731829573934837
4075,63,4138,0.9847752537457709
1068,426,1494,0.714859437751004
1899,50,1949,0.9743458183683941
1065,500,1565,0.6805111821086262
934,52,986,0.947261663286004
1082,398,1480,0.731081081081081
1037,487,1524,0.6804461942257218
1917,113,2030,0.9443349753694581
1037,407,1444,0.7181440443213296
1124,428,1552,0.7242268041237113
4076,31,4107,0.9924519113708303
2159,74,2233,0.9668607254814151
9,161,170,0.052941176470588235
396,92,488,0.8114754098360656
1214,417,1631,0.7443286327406499
2643,101,2744,0.9631924198250729
1100,386,1486,0.7402422611036339
411,79,490,0.8387755102040816
3810,48,3858,0.9875583203732504
382,62,444,0.8603603603603603
4090,665,4755,0.8601472134595163
407,113,520,0.7826923076923077
920,418,1338,0.6875934230194319
881,118,999,0.8818818818818819
1083,395,1478,0.7327469553450608
1099,616,1715,0.6408163265306123
395,88,483,0.8178053830227743
1503,153,1656,0.907608695652174
382,72,454,0.8414096916299559
1315,240,1555,0.8456591639871383
181,134,315,0.5746031746031746
384,111,495,0.7757575757575758
1144,470,1614,0.7087980173482032
1144,407,1551,0.7375886524822695
381,62,443,0.8600451467268623
961,27,988,0.9726720647773279
1109,393,1502,0.7383488681757656
398,85,483,0.8240165631469979
1133,521,1654,0.685006045949214
1103,406,1509,0.7309476474486415
1313,203,1516,0.8660949868073878
203,165,368,0.5516304347826086
212,162,374,0.5668449197860963
2199,66,2265,0.9708609271523179
1079,441,1520,0.7098684210526316
1125,423,1548,0.7267441860465116
1112,395,1507,0.7378898473788985
1066,407,1473,0.723693143245078
967,375,1342,0.7205663189269746
400,76,476,0.8403361344537815
181,145,326,0.5552147239263804
1057,443,1500,0.7046666666666667
1011,76,1087,0.9300827966881324
3089,46,3135,0.9853269537480064
5069,56,5125,0.9890731707317073
1081,371,1452,0.7444903581267218
1048,403,1451,0.7222605099931082
1012,414,1426,0.7096774193548387
1075,412,1487,0.722932078009415
209,167,376,0.5558510638297872
42,166,208,0.20192307692307693
395,118,513,0.7699805068226121
1137,46,1183,0.9611158072696534
402,100,502,0.8007968127490039
1917,90,2007,0.9551569506726457
1081,396,1477,0.7318889641164523
418,113,531,0.7871939736346516
4085,43,4128,0.9895833333333334
411,84,495,0.8303030303030303
4974,132,5106,0.9741480611045829
181,134,315,0.5746031746031746
4921,50,4971,0.9899416616374975
1073,381,1454,0.7379642365887208
1124,412,1536,0.7317708333333334
1324,141,1465,0.903754266211604
399,94,493,0.8093306288032455
1106,396,1502,0.7363515312916112
380,91,471,0.8067940552016986
411,188,599,0.6861435726210351
411,104,515,0.7980582524271844
1162,398,1560,0.7448717948717949
181,60,241,0.7510373443983402
1093,414,1507,0.7252820172528202
1176,621,1797,0.654424040066778
393,91,484,0.8119834710743802
4085,31,4116,0.9924684159378037
1109,405,1514,0.7324966974900925
4087,73,4160,0.9824519230769231
410,92,502,0.8167330677290837
4074,169,4243,0.9601696912561867
2771,45,2816,0.9840198863636364
1006,394,1400,0.7185714285714285
1140,379,1519,0.7504937458854509
1078,405,1483,0.7269049224544841
386,99,485,0.7958762886597938
396,94,490,0.8081632653061225
969,411,1380,0.7021739130434783
2119,49,2168,0.9773985239852399
313,18,331,0.945619335347432
169,205,374,0.45187165775401067
2643,116,2759,0.9579557810801015
1315,125,1440,0.9131944444444444
1625,82,1707,0.9519625073227885
1149,417,1566,0.7337164750957854
1136,411,1547,0.7343244990303813
398,78,476,0.8361344537815126
4080,51,4131,0.9876543209876543
1085,427,1512,0.7175925925925926
1033,508,1541,0.6703439325113563
1018,434,1452,0.7011019283746557
1125,422,1547,0.7272139625080801
374,69,443,0.8442437923250564
4153,26,4179,0.9937784158889686
90,20,110,0.8181818181818182
376,85,461,0.8156182212581344
2233,141,2374,0.9406065711878686
209,174,383,0.5456919060052219
2137,92,2229,0.9587258860475549
1056,442,1498,0.7049399198931909
5020,70,5090,0.9862475442043221
1066,377,1443,0.7387387387387387
405,108,513,0.7894736842105263
393,99,492,0.7987804878048781
42,100,142,0.29577464788732394
828,72,900,0.92
1093,405,1498,0.7296395193591455
1095,407,1502,0.7290279627163782
1049,429,1478,0.709742895805142
920,418,1338,0.6875934230194319
1116,360,1476,0.7560975609756098
403,99,502,0.8027888446215139
1317,194,1511,0.871608206485771
1147,424,1571,0.7301082113303629
1139,393,1532,0.7434725848563969
4078,66,4144,0.984073359073359
1114,412,1526,0.7300131061598951
1097,420,1517,0.7231377719182597
1162,410,1572,0.7391857506361323
91,16,107,0.8504672897196262
967,396,1363,0.7094644167278064
374,60,434,0.8617511520737328
1161,414,1575,0.7371428571428571
1085,491,1576,0.6884517766497462
382,89,471,0.8110403397027601
4090,54,4144,0.986969111969112
1189,74,1263,0.9414093428345209
391,81,472,0.8283898305084746
206,161,367,0.5613079019073569
4080,138,4218,0.9672830725462305
1099,429,1528,0.7192408376963351
944,548,1492,0.6327077747989276
1133,527,1660,0.6825301204819277
990,429,1419,0.6976744186046512
396,135,531,0.7457627118644068
1097,388,1485,0.7387205387205387
782,84,866,0.9030023094688222
396,88,484,0.8181818181818182
4083,31,4114,0.99246475449684
1325,45,1370,0.9671532846715328
1212,396,1608,0.753731343283582
1090,424,1514,0.7199471598414795
1123,430,1553,0.7231165486155827
4090,48,4138,0.9884001933301112
1056,397,1453,0.7267721954576738
1153,420,1573,0.7329942784488239
2134,51,2185,0.9766590389016019
954,99,1053,0.905982905982906
1177,399,1576,0.7468274111675127
405,92,497,0.8148893360160966
4088,38,4126,0.9907901114881241
181,162,343,0.5276967930029155
2292,70,2362,0.9703640982218459
1119,377,1496,0.7479946524064172
946,129,1075,0.88
2221,164,2385,0.9312368972746331
1184,394,1578,0.7503168567807351
425,91,516,0.8236434108527132
378,66,444,0.8513513513513513
1144,424,1568,0.7295918367346939
1249,415,1664,0.7506009615384616
203,181,384,0.5286458333333334
1037,379,1416,0.7323446327683616
4079,66,4145,0.9840772014475272
1083,406,1489,0.7273337810611148
386,53,439,0.8792710706150342
1124,412,1536,0.7317708333333334
181,133,314,0.5764331210191083
4081,38,4119,0.9907744598203447
1065,382,1447,0.7360055286800277
1441,150,1591,0.9057196731615337
438,91,529,0.8279773156899811
181,174,355,0.5098591549295775
1095,396,1491,0.7344064386317908
1133,420,1553,0.7295556986477785
998,393,1391,0.7174694464414091
382,53,435,0.8781609195402299
417,110,527,0.7912713472485768
398,94,492,0.8089430894308943
1166,421,1587,0.7347195967233774
1027,396,1423,0.7217146872803936
1034,403,1437,0.7195546276965901
4072,49,4121,0.9881096821159913
1924,105,2029,0.9482503696402168
1054,423,1477,0.7136086662153013
1018,429,1447,0.7035245335176227
992,609,1601,0.6196127420362274
1004,421,1425,0.7045614035087719
2027,121,2148,0.9436685288640596
1157,404,1561,0.7411915438821268
450,84,534,0.8426966292134831
431,101,532,0.8101503759398496
4083,53,4136,0.9871856866537717
1189,74,1263,0.9414093428345209
1642,56,1698,0.967020023557126
401,101,502,0.798804780876494
794,70,864,0.9189814814814815
1137,402,1539,0.7387914230019493
392,84,476,0.8235294117647058
1172,511,1683,0.6963755199049316
2584,199,2783,0.928494430470715
1161,420,1581,0.7343453510436433
2584,150,2734,0.9451353328456474
1314,322,1636,0.8031784841075794
862,87,949,0.9083245521601686
388,78,466,0.8326180257510729
1496,53,1549,0.9657843770174306
181,124,305,0.5934426229508196
1073,392,1465,0.7324232081911263
1217,49,1266,0.9612954186413902
1027,396,1423,0.7217146872803936
4079,60,4139,0.9855037448659096
405,142,547,0.7404021937842779
874,95,969,0.9019607843137255
91,24,115,0.7913043478260869
1111,595,1706,0.6512309495896834
120,12,132,0.9090909090909091
1316,209,1525,0.8629508196721312
391,88,479,0.8162839248434238
401,96,497,0.806841046277666
1150,470,1620,0.7098765432098766
407,94,501,0.812375249500998
4087,30,4117,0.9927131406363857
387,124,511,0.7573385518590998
377,119,496,0.7600806451612904
979,45,1024,0.9560546875
1134,399,1533,0.7397260273972602
401,96,497,0.806841046277666
4076,30,4106,0.9926936190940088
2664,49,2713,0.9819388131220051
1827,35,1862,0.981203007518797
1180,371,1551,0.7607994842037396
1090,414,1504,0.7247340425531915
4082,90,4172,0.9784276126558006
4131,28,4159,0.9932676124068286
412,117,529,0.77882797731569
1102,684,1786,0.6170212765957447
387,52,439,0.8815489749430524
1000,59,1059,0.9442870632672332
1087,397,1484,0.7324797843665768
1140,467,1607,0.7093963907902925
402,102,504,0.7976190476190477
1633,64,1697,0.9622863877430761
987,29,1016,0.9714566929133859
1123,400,1523,0.737360472751149
1150,424,1574,0.7306226175349428
1160,385,1545,0.7508090614886731
1116,393,1509,0.7395626242544732
1111,935,2046,0.543010752688172
4076,37,4113,0.9910041332360807
380,115,495,0.7676767676767676
1084,404,1488,0.728494623655914
1192,413,1605,0.7426791277258566
1609,62,1671,0.9628964691801316
399,95,494,0.8076923076923077
402,116,518,0.7760617760617761
1288,68,1356,0.9498525073746312
1103,404,1507,0.7319177173191772
1148,424,1572,0.7302798982188295
1092,389,1481,0.7373396353814989
376,58,434,0.8663594470046083
1171,530,1701,0.6884185773074663
4080,40,4120,0.9902912621359223
91,16,107,0.8504672897196262
394,80,474,0.8312236286919831
2766,98,2864,0.965782122905028
398,94,492,0.8089430894308943
1167,414,1581,0.7381404174573055
1027,396,1423,0.7217146872803936
181,104,285,0.6350877192982456
1319,209,1528,0.8632198952879581
1319,150,1469,0.8978897208985704
408,105,513,0.7953216374269005
1139,435,1574,0.7236340533672173
1820,109,1929,0.9434940383618455
1034,403,1437,0.7195546276965901
1122,396,1518,0.7391304347826086
1113,375,1488,0.7479838709677419
181,78,259,0.6988416988416989
203,217,420,0.48333333333333334
397,115,512,0.775390625
1110,408,1518,0.7312252964426877
1149,407,1556,0.7384318766066839
1466,76,1542,0.9507133592736705
212,138,350,0.6057142857142858
878,102,980,0.8959183673469387
1058,394,1452,0.7286501377410468
200,159,359,0.5571030640668524
1092,626,1718,0.6356228172293364
4088,38,4126,0.9907901114881241
399,83,482,0.8278008298755186
1091,376,1467,0.743694614860259
984,399,1383,0.7114967462039046
1123,401,1524,0.7368766404199475
1303,36,1339,0.9731142643764003
881,33,914,0.9638949671772429
1017,409,1426,0.7131837307152875
1096,421,1517,0.7224785761371127
1140,411,1551,0.7350096711798839
376,117,493,0.7626774847870182
384,69,453,0.847682119205298
981,393,1374,0.7139737991266376
386,73,459,0.840958605664488
1004,403,1407,0.7135749822316987
455,92,547,0.8318098720292505
1134,402,1536,0.73828125
1316,139,1455,0.90446735395189
1144,420,1564,0.731457800511509
387,73,460,0.841304347826087
1042,385,1427,0.7302032235459005
736,300,1036,0.7104247104247104
379,93,472,0.8029661016949152
1312,138,1450,0.9048275862068965
1169,421,1590,0.7352201257861635
408,129,537,0.7597765363128491
1019,396,1415,0.7201413427561838
395,126,521,0.7581573896353166
1191,464,1655,0.7196374622356495
932,102,1034,0.9013539651837524
4101,138,4239,0.967445152158528
1021,412,1433,0.7124912770411723
1103,405,1508,0.7314323607427056
405,93,498,0.8132530120481928
203,152,355,0.571830985915493
1148,421,1569,0.7316762268961122
181,165,346,0.523121387283237
1069,426,1495,0.7150501672240802
1137,396,1533,0.7416829745596869
1763,45,1808,0.9751106194690266
4116,132,4248,0.9689265536723164
1008,89,1097,0.918869644484959
1019,415,1434,0.7105997210599722
1086,398,1484,0.7318059299191375
4096,50,4146,0.9879401833092137
1371,33,1404,0.9764957264957265
1161,397,1558,0.745186136071887
416,151,567,0.7336860670194003
91,24,115,0.7913043478260869
4087,38,4125,0.9907878787878788
1151,411,1562,0.7368758002560819
1075,56,1131,0.9504862953138815
1092,499,1591,0.6863607793840352
973,414,1387,0.7015140591204038
394,55,449,0.8775055679287305
4080,47,4127,0.9886115822631452
428,79,507,0.8441814595660749
411,90,501,0.8203592814371258
1167,549,1716,0.6800699300699301
1102,383,1485,0.7420875420875421
1110,377,1487,0.7464694014794889
400,136,536,0.746268656716418
2995,30,3025,0.9900826446280991
1313,198,1511,0.8689609530112509
387,102,489,0.7914110429447853
401,94,495,0.8101010101010101
1160,409,1569,0.7393244104525175
379,92,471,0.8046709129511678
1056,397,1453,0.7267721954576738
869,98,967,0.8986556359875905
1107,393,1500,0.738
4073,48,4121,0.9883523416646445
1168,418,1586,0.7364438839848676
388,90,478,0.8117154811715481
997,375,1372,0.7266763848396501
1019,418,1437,0.709116214335421
4080,75,4155,0.9819494584837545
4175,42,4217,0.9900403130187337
997,420,1417,0.7035991531404375
1053,429,1482,0.7105263157894737
2935,47,2982,0.9842387659289068
432,108,540,0.8
1925,103,2028,0.9492110453648915
929,99,1028,0.9036964980544747
914,91,1005,0.909452736318408
1007,449,1456,0.6916208791208791
1820,109,1929,0.9434940383618455
392,86,478,0.8200836820083682
1076,596,1672,0.6435406698564593
2440,136,2576,0.9472049689440993
194,181,375,0.5173333333333333
4091,120,4211,0.9715032058893375
984,397,1381,0.7125271542360608
1048,397,1445,0.7252595155709343
1316,150,1466,0.897680763983629
369,118,487,0.757700205338809
1176,405,1581,0.7438330170777988
200,138,338,0.591715976331361
1064,384,1448,0.7348066298342542
391,91,482,0.8112033195020747
386,70,456,0.8464912280701754
1083,1000,2083,0.5199231877100337
1099,383,1482,0.7415654520917678
986,433,1419,0.6948555320648344
1091,405,1496,0.7292780748663101
2359,32,2391,0.9866164784608951
411,75,486,0.845679012345679
1081,425,1506,0.7177954847277557
4076,42,4118,0.9898008742107819
1110,393,1503,0.7385229540918163
2092,90,2182,0.9587534372135655
4079,76,4155,0.9817087845968713
1016,397,1413,0.719037508846426
1893,63,1956,0.9677914110429447
377,70,447,0.843400447427293
990,393,1383,0.7158351409978309
1169,389,1558,0.7503209242618742
1165,439,1604,0.7263092269326683
181,186,367,0.49318801089918257
1171,435,1606,0.7291407222914073
2649,35,2684,0.9869597615499255
1007,391,1398,0.7203147353361946
6472,96,6568,0.9853836784409257
4113,78,4191,0.9813886900501074
374,70,444,0.8423423423423423
1002,48,1050,0.9542857142857143
1107,398,1505,0.7355481727574751
1093,419,1512,0.7228835978835979
999,397,1396,0.7156160458452722
1127,441,1568,0.71875
1011,397,1408,0.7180397727272727
2354,53,2407,0.9779808890735355
980,417,1397,0.7015032211882606
181,103,284,0.6373239436619719
399,89,488,0.8176229508196722
1409,101,1510,0.9331125827814569
1386,93,1479,0.9371196754563894
1125,414,1539,0.7309941520467836
1159,416,1575,0.7358730158730159
2221,175,2396,0.9269616026711185
1112,403,1515,0.733993399339934
391,99,490,0.7979591836734694
181,124,305,0.5934426229508196
1107,427,1534,0.7216427640156454
1113,422,1535,0.7250814332247557
1458,53,1511,0.9649238914626076
4148,62,4210,0.9852731591448931
406,98,504,0.8055555555555556
1312,205,1517,0.8648648648648649
407,116,523,0.7782026768642447
1093,398,1491,0.7330650570087189
377,57,434,0.868663594470046
1125,386,1511,0.7445400397088021
200,149,349,0.5730659025787965
1125,414,1539,0.7309941520467836
206,217,423,0.48699763593380613
4094,45,4139,0.9891278086494323
1107,375,1482,0.7469635627530364
407,115,522,0.7796934865900383
2848,30,2878,0.9895760945100764
1102,401,1503,0.7332002661343978
1316,156,1472,0.8940217391304348
377,35,412,0.9150485436893204
1111,418,1529,0.7266187050359713
4093,28,4121,0.9932055326377093
1055,400,1455,0.7250859106529209
1112,429,1541,0.7216093445814407
4078,49,4127,0.9881269687424279
1314,198,1512,0.8690476190476191
388,83,471,0.8237791932059448
206,162,368,0.5597826086956522
1081,391,1472,0.734375
1023,575,1598,0.6401752190237797
2584,138,2722,0.9493019838354151
1071,394,1465,0.7310580204778157
410,154,564,0.7269503546099291
721,71,792,0.9103535353535354
1086,614,1700,0.6388235294117647
1315,179,1494,0.8801874163319946
379,72,451,0.8403547671840355
400,89,489,0.8179959100204499
1054,390,1444,0.7299168975069252
402,163,565,0.7115044247787611
2382,80,2462,0.9675060926076361
1112,386,1498,0.7423230974632844
1021,421,1442,0.7080443828016644
1055,398,1453,0.7260839642119752
120,12,132,0.9090909090909091
981,375,1356,0.7234513274336283
1315,175,1490,0.8825503355704698
1046,397,1443,0.7248787248787248
423,80,503,0.8409542743538767
1115,654,1769,0.6302996042962126
1269,103,1372,0.9249271137026239
397,115,512,0.775390625
1409,101,1510,0.9331125827814569
1058,394,1452,0.7286501377410468
399,88,487,0.8193018480492813
446,94,540,0.825925925925926
1137,402,1539,0.7387914230019493
1110,410,1520,0.7302631578947368
388,91,479,0.8100208768267223
1066,393,1459,0.7306374228923921
1163,428,1591,0.7309868007542426
1088,641,1729,0.6292654713707345
1002,411,1413,0.7091295116772823
1186,414,1600,0.74125
2504,43,2547,0.9831173930113859
1087,383,1470,0.7394557823129252
871,79,950,0.9168421052631579
377,61,438,0.860730593607306
91,16,107,0.8504672897196262
191,162,353,0.5410764872521246
1312,162,1474,0.8900949796472184
4075,27,4102,0.9934178449536811
373,81,454,0.8215859030837004
980,400,1380,0.7101449275362319
212,217,429,0.49417249417249415
1057,387,1444,0.731994459833795
4072,45,4117,0.9890697109545786
390,96,486,0.8024691358024691
386,119,505,0.7643564356435644
1081,372,1453,0.7439779766001376
450,90,540,0.8333333333333334
4073,37,4110,0.9909975669099756
302,18,320,0.94375
4143,95,4238,0.9775837659273242
1161,405,1566,0.7413793103448276
1045,375,1420,0.7359154929577465
1107,55,1162,0.9526678141135972
1081,397,1478,0.7313937753721245
1318,113,1431,0.9210342417889588
1180,427,1607,0.7342874922215308
4074,44,4118,0.9893152015541525
1315,127,1442,0.9119278779472955
372,54,426,0.8732394366197183
1018,375,1393,0.7307968413496052
197,217,414,0.4758454106280193
1093,407,1500,0.7286666666666667
376,81,457,0.8227571115973742
1106,429,1535,0.7205211726384365
4081,103,4184,0.9753824091778203
421,92,513,0.8206627680311891
422,98,520,0.8115384615384615
407,140,547,0.7440585009140768
4076,33,4109,0.9919688488683378
420,106,526,0.7984790874524715
1352,144,1496,0.9037433155080213
91,16,107,0.8504672897196262
1539,94,1633,0.9424372320881813
6472,96,6568,0.9853836784409257
181,169,350,0.5171428571428571
72,202,274,0.26277372262773724
181,120,301,0.6013289036544851
992,396,1388,0.7146974063400576
4092,67,4159,0.9838903582591969
388,84,472,0.8220338983050848
2513,105,2618,0.9598930481283422
1050,638,1688,0.6220379146919431
392,106,498,0.7871485943775101
1127,396,1523,0.7399868680236376
1646,44,1690,0.9739644970414201
433,87,520,0.8326923076923077
1081,397,1478,0.7313937753721245
373,70,443,0.8419864559819413
1058,407,1465,0.7221843003412969
1098,393,1491,0.7364185110663984
376,83,459,0.8191721132897604
206,162,368,0.5597826086956522
1099,386,1485,0.7400673400673401
1646,44,1690,0.9739644970414201
1019,396,1415,0.7201413427561838
980,374,1354,0.723781388478582
371,58,429,0.8648018648018648
981,398,1379,0.7113850616388687
2077,69,2146,0.96784715750233
404,93,497,0.8128772635814889
408,87,495,0.8242424242424242
2677,82,2759,0.9702790866255889
705,66,771,0.914396887159533
203,211,414,0.49033816425120774
1176,114,1290,0.9116279069767442
1081,408,1489,0.7259905977165884
1092,720,1812,0.6026490066225165
1037,388,1425,0.727719298245614
1127,408,1535,0.7342019543973941
788,29,817,0.9645042839657283
175,164,339,0.5162241887905604
401,93,494,0.8117408906882592
1000,430,1430,0.6993006993006993
410,85,495,0.8282828282828283
4079,482,4561,0.8943214207410656
374,63,437,0.8558352402745996
1113,423,1536,0.724609375
1318,142,1460,0.9027397260273973
988,431,1419,0.6962649753347427
1022,392,1414,0.7227722772277227
2584,156,2740,0.9430656934306569
1314,176,1490,0.8818791946308725
4075,42,4117,0.98979839689094
2685,82,2767,0.9703650162631008
1704,107,1811,0.9409166206515737
1107,398,1505,0.7355481727574751
1139,398,1537,0.7410540013012362
1045,396,1441,0.7251908396946565
1051,400,1451,0.7243280496209511
405,87,492,0.823170731707317
1064,393,1457,0.730267673301304
387,117,504,0.7678571428571429
1049,429,1478,0.709742895805142
181,205,386,0.4689119170984456
4079,29,4108,0.9929406037000974
1071,398,1469,0.729067392784207
2255,91,2346,0.9612105711849958
999,396,1395,0.7161290322580646
1069,450,1519,0.7037524687294272
1040,403,1443,0.7207207207207207
961,429,1390,0.6913669064748201
988,401,1389,0.7113030957523399
1039,430,1469,0.7072838665759019
1040,393,1433,0.7257501744591766
1508,49,1557,0.968529222864483
317,18,335,0.9462686567164179
393,116,509,0.7721021611001965
371,63,434,0.8548387096774194
920,104,1024,0.8984375
1118,141,1259,0.8880063542494043
382,61,443,0.8623024830699775
410,129,539,0.7606679035250464
1108,434,1542,0.7185473411154345
325,18,343,0.9475218658892128
397,100,497,0.7987927565392354
4082,69,4151,0.9833774993977354
4085,63,4148,0.9848119575699132
398,92,490,0.8122448979591836
1125,399,1524,0.7381889763779528
1168,427,1595,0.7322884012539185
2045,60,2105,0.9714964370546318
1097,403,1500,0.7313333333333333
2878,48,2926,0.9835953520164047
200,165,365,0.547945205479452
997,418,1415,0.7045936395759718
4076,49,4125,0.9881212121212121
203,181,384,0.5286458333333334
374,40,414,0.9033816425120773
181,95,276,0.6557971014492754
1176,77,1253,0.9385474860335196
1046,396,1442,0.7253814147018031
2369,43,2412,0.9821724709784412
181,284,465,0.38924731182795697
373,81,454,0.8215859030837004
1029,392,1421,0.7241379310344828
1006,411,1417,0.7099505998588568
1013,419,1432,0.7074022346368715
1089,417,1506,0.7231075697211156
2289,92,2381,0.9613607727845443
1180,402,1582,0.7458912768647282
389,87,476,0.8172268907563025
422,95,517,0.816247582205029
1002,413,1415,0.7081272084805653
991,399,1390,0.7129496402877697
1000,428,1428,0.7002801120448179
181,128,309,0.5857605177993528
4082,85,4167,0.9796016318694505
390,94,484,0.8057851239669421
404,108,512,0.7890625
1508,84,1592,0.9472361809045227
372,61,433,0.859122401847575
1093,397,1490,0.7335570469798658
1006,396,1402,0.717546362339515
982,399,1381,0.7110789283128168
428,98,526,0.8136882129277566
1055,411,1466,0.7196452933151433
402,105,507,0.7928994082840237
1045,397,1442,0.7246879334257975
2221,174,2395,0.9273486430062631
16,177,193,0.08290155440414508
203,162,365,0.5561643835616439
1058,400,1458,0.7256515775034293
376,74,450,0.8355555555555556
1071,387,1458,0.7345679012345679
194,217,411,0.4720194647201946
1026,429,1455,0.7051546391752578
1312,193,1505,0.8717607973421927
380,82,462,0.8225108225108225
1098,393,1491,0.7364185110663984
1093,389,1482,0.7375168690958165
379,63,442,0.8574660633484162
181,121,302,0.5993377483443708
1089,398,1487,0.7323470073974445
1132,398,1530,0.7398692810457517
981,399,1380,0.7108695652173913
390,48,438,0.8904109589041096
1063,401,1464,0.7260928961748634
905,115,1020,0.8872549019607843
3042,99,3141,0.9684813753581661
1087,412,1499,0.7251501000667111
995,83,1078,0.9230055658627088
407,129,536,0.7593283582089553
1081,390,1471,0.7348742352141401
4089,57,4146,0.9862518089725036
4081,41,4122,0.990053372149442
1081,471,1552,0.696520618556701
4086,34,4120,0.9917475728155339
1317,155,1472,0.8947010869565217
1000,386,1386,0.7215007215007215
955,425,1380,0.6920289855072463
986,604,1590,0.620125786163522
1062,400,1462,0.7264021887824897
1026,402,1428,0.7184873949579832
4080,38,4118,0.9907722195240408
124,198,322,0.38509316770186336
200,192,392,0.5102040816326531
2480,108,2588,0.9582689335394127
4073,98,4171,0.9765044353871973
1054,396,1450,0.7268965517241379
203,151,354,0.5734463276836158
1901,53,1954,0.9728761514841351
388,91,479,0.8100208768267223
970,401,1371,0.7075127644055434
2417,105,2522,0.9583663758921491
1065,397,1462,0.728454172366621
457,81,538,0.8494423791821561
1133,405,1538,0.7366710013003901
997,394,1391,0.7167505391804457
1316,152,1468,0.896457765667575
127,202,329,0.3860182370820669
4098,90,4188,0.9785100286532952
4096,26,4122,0.9936923823386705
1071,397,1468,0.7295640326975477
1003,396,1399,0.7169406719085061
1172,391,1563,0.7498400511836213
4087,68,4155,0.9836341756919375
370,77,447,0.8277404921700223
1120,447,1567,0.7147415443522654
391,140,531,0.736346516007533
1046,405,1451,0.7208821502412129
2702,49,2751,0.9821882951653944
1051,400,1451,0.7243280496209511
387,84,471,0.821656050955414
1024,408,1432,0.7150837988826816
206,212,418,0.49282296650717705
1313,138,1451,0.9048931771192281
2444,62,2506,0.9752593774940144
203,181,384,0.5286458333333334
1323,210,1533,0.863013698630137
992,397,1389,0.7141828653707704
961,429,1390,0.6913669064748201
181,129,310,0.5838709677419355
397,90,487,0.8151950718685832
411,107,518,0.7934362934362934
1464,68,1532,0.9556135770234987
447,79,526,0.8498098859315589
23,134,157,0.1464968152866242
2787,65,2852,0.9772089761570828
1103,390,1493,0.7387809778968519
2010,115,2125,0.9458823529411765
326,18,344,0.9476744186046512
1077,400,1477,0.7291807718348002
1031,430,1461,0.7056810403832992
4086,63,4149,0.9848156182212582
206,217,423,0.48699763593380613
403,107,510,0.7901960784313725
378,57,435,0.8689655172413793
383,78,461,0.8308026030368764
4096,44,4140,0.9893719806763285
1076,396,1472,0.7309782608695652
1066,383,1449,0.7356797791580401
1015,122,1137,0.8927000879507476
1089,391,1480,0.7358108108108108
1037,396,1433,0.7236566643405443
388,98,486,0.7983539094650206
1047,400,1447,0.72356599861783
4075,41,4116,0.9900388726919339
1064,364,1428,0.7450980392156863
1093,397,1490,0.7335570469798658
398,104,502,0.7928286852589641
2825,46,2871,0.9839777081156391
1072,444,1516,0.7071240105540897
2902,72,2974,0.9757901815736382
4090,110,4200,0.9738095238095238
242,14,256,0.9453125
1132,437,1569,0.7214786488209051
397,114,511,0.776908023483366
120,12,132,0.9090909090909091
982,445,1427,0.6881569726699369
389,89,478,0.8138075313807531
406,96,502,0.8087649402390438
1004,396,1400,0.7171428571428572
1094,436,1530,0.7150326797385621
383,67,450,0.8511111111111112
1085,397,1482,0.7321187584345479
1317,144,1461,0.9014373716632443
1101,411,1512,0.7281746031746031
1111,375,1486,0.7476446837146703
200,167,367,0.5449591280653951
990,397,1387,0.7137707281903388
413,57,470,0.8787234042553191
1315,141,1456,0.9031593406593407
4076,75,4151,0.981932064562756
884,123,1007,0.8778550148957299
1056,396,1452,0.7272727272727273
4090,57,4147,0.9862551241861587
1029,393,1422,0.7236286919831224
1064,476,1540,0.6909090909090909
949,393,1342,0.7071535022354695
1048,389,1437,0.7292971468336813
1851,42,1893,0.9778129952456418
1087,429,1516,0.7170184696569921
1170,400,1570,0.7452229299363057
982,47,1029,0.9543245869776482
1595,150,1745,0.9140401146131805
4073,47,4120,0.9885922330097088
1186,421,1607,0.7380211574362165
1992,76,2068,0.9632495164410058
1677,56,1733,0.9676860934795153
1058,394,1452,0.7286501377410468
209,217,426,0.49061032863849763
2597,94,2691,0.9650687476774433
397,88,485,0.8185567010309278
399,86,485,0.822680412371134
1153,375,1528,0.7545811518324608
982,487,1469,0.6684819605173588
398,91,489,0.8139059304703476
402,110,512,0.78515625
387,78,465,0.832258064516129
392,90,482,0.8132780082987552
1043,393,1436,0.7263231197771588
387,72,459,0.8431372549019608
1044,408,1452,0.71900826446281
1049,403,1452,0.7224517906336089
2221,202,2423,0.9166322740404458
4087,73,4160,0.9824519230769231
393,101,494,0.7955465587044535
378,52,430,0.8790697674418605
1030,360,1390,0.7410071942446043
441,134,575,0.7669565217391304
415,93,508,0.8169291338582677
393,83,476,0.8256302521008403
394,175,569,0.6924428822495606
1115,398,1513,0.73694646397885
968,396,1364,0.7096774193548387
373,48,421,0.8859857482185273
414,90,504,0.8214285714285714
1084,453,1537,0.7052700065061809
1183,408,1591,0.7435575109993715
1100,379,1479,0.7437457741717377
978,414,1392,0.7025862068965517
409,98,507,0.8067061143984221
1041,396,1437,0.7244258872651357
2136,91,2227,0.9591378536147284
392,86,478,0.8200836820083682
125,211,336,0.37202380952380953
1110,429,1539,0.7212475633528265
1060,408,1468,0.7220708446866485
401,145,546,0.7344322344322345
1352,155,1507,0.8971466489714665
1074,429,1503,0.7145708582834331
1055,397,1452,0.7265840220385675
459,225,684,0.6710526315789473
396,104,500,0.792
370,63,433,0.8545034642032333
371,71,442,0.8393665158371041
997,429,1426,0.6991584852734923
1077,520,1597,0.6743894802755166
992,420,1412,0.7025495750708215
1095,429,1524,0.718503937007874
1096,445,1541,0.7112264763140818
1916,61,1977,0.9691451694486596
1482,69,1551,0.9555125725338491
407,175,582,0.6993127147766323
373,71,444,0.8400900900900901
109,120,229,0.4759825327510917
1063,407,1470,0.7231292517006803
374,99,473,0.7906976744186046
991,414,1405,0.7053380782918149
395,87,482,0.8195020746887967
4088,37,4125,0.991030303030303
1230,76,1306,0.9418070444104135
4075,37,4112,0.9910019455252919
4085,48,4133,0.9883861601742076
366,65,431,0.8491879350348028
4077,59,4136,0.9857350096711799
1061,396,1457,0.7282086479066575
2597,94,2691,0.9650687476774433
384,83,467,0.8222698072805139
407,125,532,0.7650375939849624
4083,37,4120,0.9910194174757282
379,91,470,0.8063829787234043
1036,509,1545,0.6705501618122978
1072,429,1501,0.7141905396402398
4086,50,4136,0.9879110251450677
1147,405,1552,0.7390463917525774
1046,564,1610,0.6496894409937888
2584,154,2738,0.943754565376187
1081,402,1483,0.7289278489548213
4083,31,4114,0.99246475449684
1085,396,1481,0.7326130992572586
398,111,509,0.7819253438113949
420,99,519,0.8092485549132948
1043,429,1472,0.7085597826086957
1064,440,1504,0.7074468085106383
383,86,469,0.8166311300639659
1775,52,1827,0.9715380405035577
422,92,514,0.8210116731517509
188,167,355,0.5295774647887324
1042,407,1449,0.7191166321601105
2221,206,2427,0.915121549237742
395,86,481,0.8212058212058212
1874,51,1925,0.9735064935064935
1050,375,1425,0.7368421052631579
1047,411,1458,0.7181069958847737
401,131,532,0.7537593984962406
1106,380,1486,0.7442799461641992
1041,569,1610,0.646583850931677
4081,58,4139,0.9859869533703793
394,75,469,0.8400852878464818
386,99,485,0.7958762886597938
1077,396,1473,0.7311608961303462
1082,373,1455,0.7436426116838488
4083,52,4135,0.9874244256348247
1057,436,1493,0.7079705291359678
1119,399,1518,0.7371541501976284
206,152,358,0.5754189944134078
200,217,417,0.47961630695443647
1583,24,1607,0.985065339141257
1127,394,1521,0.7409598948060486
2666,87,2753,0.9683981111514711
2888,127,3015,0.9578772802653399
2221,168,2389,0.9296776894097949
379,71,450,0.8422222222222222
392,93,485,0.8082474226804124
1040,956,1996,0.5210420841683366
402,143,545,0.7376146788990826
178,169,347,0.5129682997118156
1313,186,1499,0.875917278185457
1047,463,1510,0.6933774834437086
91,16,107,0.8504672897196262
1101,373,1474,0.7469470827679783
387,100,487,0.7946611909650924
374,66,440,0.85
1102,560,1662,0.6630565583634176
372,68,440,0.8454545454545455
1120,416,1536,0.7291666666666666
203,193,396,0.5126262626262627
1146,88,1234,0.9286871961102107
181,131,312,0.5801282051282052
402,93,495,0.8121212121212121
4082,49,4131,0.9881384652626483
1025,431,1456,0.7039835164835165
386,89,475,0.8126315789473684
203,217,420,0.48333333333333334
1104,396,1500,0.736
4076,51,4127,0.9876423552217107
401,99,500,0.802
982,428,1410,0.6964539007092199
1049,384,1433,0.7320307048150733
441,59,500,0.882
434,132,566,0.7667844522968198
386,93,479,0.8058455114822547
1057,429,1486,0.7113055181695828
412,131,543,0.7587476979742173
990,388,1378,0.7184325108853411
1935,78,2013,0.9612518628912071
2289,103,2392,0.9569397993311036
380,111,491,0.7739307535641547
1099,414,1513,0.7263714474553866
53,148,201,0.263681592039801
1163,82,1245,0.934136546184739
4085,51,4136,0.9876692456479691
1015,396,1411,0.7193479801559178
1087,438,1525,0.7127868852459016
814,160,974,0.8357289527720739
392,96,488,0.8032786885245902
1061,396,1457,0.7282086479066575
949,407,1356,0.6998525073746312
403,105,508,0.7933070866141733
1192,415,1607,0.7417548226509023
1000,414,1414,0.7072135785007072
194,152,346,0.5606936416184971
181,167,348,0.5201149425287356
988,398,1386,0.7128427128427128
398,86,484,0.8223140495867769
1061,416,1477,0.7183480027081923
197,152,349,0.5644699140401146
384,65,449,0.8552338530066815
1086,397,1483,0.73229939312205
401,74,475,0.8442105263157895
331,18,349,0.9484240687679083
991,406,1397,0.7093772369362921
4100,37,4137,0.9910563210055596
2219,60,2279,0.973672663448881
392,98,490,0.8
4077,35,4112,0.9914883268482491
2652,43,2695,0.9840445269016698
385,93,478,0.805439330543933
374,42,416,0.8990384615384616
924,394,1318,0.701062215477997
401,86,487,0.8234086242299795
394,173,567,0.6948853615520282
1310,145,1455,0.9003436426116839
972,378,1350,0.72
2252,96,2348,0.959114139693356
1044,398,1442,0.723994452149792
379,83,462,0.8203463203463204
1239,90,1329,0.9322799097065463
389,90,479,0.8121085594989561
1070,520,1590,0.6729559748427673
1072,395,1467,0.7307430129516019
1058,422,1480,0.7148648648648649
1054,402,1456,0.7239010989010989
203,194,397,0.5113350125944585
1008,415,1423,0.708362614195362
1163,520,1683,0.691027926322044
1060,74,1134,0.9347442680776014
1287,81,1368,0.9407894736842105
1089,608,1697,0.6417206835592222
1120,429,1549,0.723047127178825
1165,37,1202,0.9692179700499168
2740,83,2823,0.9705986539142756
392,138,530,0.7396226415094339
1314,236,1550,0.847741935483871
1317,231,1548,0.8507751937984496
91,16,107,0.8504672897196262
1259,81,1340,0.9395522388059702
382,103,485,0.7876288659793814
1135,455,1590,0.7138364779874213
1053,427,1480,0.7114864864864865
1111,438,1549,0.7172369270497095
1123,87,1210,0.928099173553719
1119,399,1518,0.7371541501976284
1314,176,1490,0.8818791946308725
382,79,461,0.8286334056399133
1112,397,1509,0.7369118621603711
402,98,500,0.804
1027,429,1456,0.7053571428571429
1023,378,1401,0.7301927194860813
200,181,381,0.5249343832020997
203,152,355,0.571830985915493
1135,395,1530,0.7418300653594772
1110,429,1539,0.7212475633528265
1094,383,1477,0.7406905890318213
1074,429,1503,0.7145708582834331
1169,429,1598,0.7315394242803505
194,177,371,0.522911051212938
1104,396,1500,0.736
1095,429,1524,0.718503937007874
393,76,469,0.837953091684435
1070,393,1463,0.7313738892686261
1126,407,1533,0.7345075016307893
393,86,479,0.8204592901878914
1455,43,1498,0.9712950600801068
243,14,257,0.9455252918287937
402,83,485,0.8288659793814434
1522,85,1607,0.9471064094586186
1072,394,1466,0.7312414733969986
1110,658,1768,0.6278280542986425
997,440,1437,0.6938065414057063
181,200,381,0.47506561679790027
1089,424,1513,0.719762062128222
181,133,314,0.5764331210191083
395,90,485,0.8144329896907216
1119,405,1524,0.734251968503937
2888,116,3004,0.9613848202396804
1852,62,1914,0.96760710553814
209,179,388,0.538659793814433
1081,676,1757,0.6152532726237906
1479,75,1554,0.9517374517374517
1092,419,1511,0.7227001985440106
1029,415,1444,0.7126038781163435
1074,394,1468,0.7316076294277929
1066,426,1492,0.7144772117962467
1054,399,1453,0.7253957329662767
206,188,394,0.5228426395939086
4078,31,4109,0.9924555853005598
181,248,429,0.4219114219114219
1239,90,1329,0.9322799097065463
1009,394,1403,0.7191732002851033
382,74,456,0.8377192982456141
1009,429,1438,0.7016689847009736
206,181,387,0.5322997416020672
4123,48,4171,0.988491968352913
1044,422,1466,0.7121418826739427
924,105,1029,0.8979591836734694
374,70,444,0.8423423423423423
1381,82,1463,0.9439507860560492
1140,366,1506,0.7569721115537849
1111,410,1521,0.7304404996712689
869,85,954,0.910901467505241
1019,414,1433,0.7110956036287509
399,106,505,0.7900990099009901
1087,418,1505,0.7222591362126246
1079,405,1484,0.727088948787062
1061,401,1462,0.725718194254446
1005,53,1058,0.9499054820415879
1077,393,1470,0.7326530612244898
1540,72,1612,0.9553349875930521
1012,414,1426,0.7096774193548387
2846,82,2928,0.9719945355191257
1011,396,1407,0.7185501066098081
1111,373,1484,0.7486522911051213
161,217,378,0.42592592592592593
1077,396,1473,0.7311608961303462
1099,434,1533,0.7168949771689498
1048,396,1444,0.7257617728531855
1101,453,1554,0.7084942084942085
1040,429,1469,0.7079646017699115
333,18,351,0.9487179487179487
1089,424,1513,0.719762062128222
1051,375,1426,0.7370266479663394
1135,429,1564,0.7257033248081841
1314,204,1518,0.8656126482213439
1088,402,1490,0.7302013422818792
1316,353,1669,0.7884961054523667
1042,398,1440,0.7236111111111111
1020,375,1395,0.7311827956989247
181,112,293,0.6177474402730375
209,194,403,0.5186104218362283
4075,37,4112,0.9910019455252919
1139,463,1602,0.7109862671660424
24,181,205,0.11707317073170732
858,100,958,0.8956158663883089
388,81,469,0.8272921108742004
1042,407,1449,0.7191166321601105
1035,395,1430,0.7237762237762237
1027,429,1456,0.7053571428571429
1103,391,1494,0.7382864792503346
1049,440,1489,0.7044996642041639
1043,396,1439,0.7248088950660181
1024,520,1544,0.6632124352331606
1094,404,1498,0.7303070761014686
1065,411,1476,0.7215447154471545
1201,410,1611,0.7454996896337679
1029,411,1440,0.7145833333333333
1036,426,1462,0.7086183310533516
4143,44,4187,0.989491282541199
1033,407,1440,0.7173611111111111
1081,419,1500,0.7206666666666667
431,80,511,0.8434442270058709
1089,418,1507,0.7226277372262774
1126,387,1513,0.744216787838731
1067,467,1534,0.6955671447196871
997,445,1442,0.6914008321775312
1071,498,1569,0.6826003824091779
752,70,822,0.9148418491484185
1065,401,1466,0.7264665757162346
317,18,335,0.9462686567164179
1314,138,1452,0.9049586776859504
1022,420,1442,0.7087378640776699
1041,414,1455,0.7154639175257732
1071,396,1467,0.7300613496932515
1168,429,1597,0.7313713212273012
1119,411,1530,0.7313725490196078
1020,501,1521,0.6706114398422091
1065,429,1494,0.7128514056224899
200,174,374,0.5347593582887701
1139,414,1553,0.733419188667096
1087,410,1497,0.7261189044756179
1058,475,1533,0.690150032615786
1157,384,1541,0.7508111615833875
1820,69,1889,0.9634727368978295
200,179,379,0.5277044854881267
2521,37,2558,0.9855355746677091
1021,394,1415,0.7215547703180212
4078,49,4127,0.9881269687424279
209,177,386,0.5414507772020726
203,183,386,0.5259067357512953
1014,427,1441,0.703678001387925
1047,399,1446,0.7240663900414938
1179,407,1586,0.7433795712484237
1029,406,1435,0.7170731707317073
2172,80,2252,0.9644760213143873
984,384,1368,0.7192982456140351
984,429,1413,0.6963906581740976
181,217,398,0.4547738693467337
1072,414,1486,0.721399730820996
167,158,325,0.5138461538461538
1044,419,1463,0.7136021872863978
1043,403,1446,0.7213001383125864
1070,551,1621,0.6600863664404688
1029,468,1497,0.687374749498998
1101,482,1583,0.6955148452305748
1048,396,1444,0.7257617728531855
420,71,491,0.8553971486761711
197,183,380,0.5184210526315789
1058,414,1472,0.71875
4075,69,4144,0.9833494208494209
1086,403,1489,0.7293485560779046
1002,382,1384,0.7239884393063584
159,204,363,0.4380165289256198
1053,413,1466,0.718281036834925
25,176,201,0.12437810945273632
1230,396,1626,0.7564575645756457
197,217,414,0.4758454106280193
1052,417,1469,0.7161334240980258
1028,401,1429,0.7193841847445767
372,81,453,0.8211920529801324
1692,51,1743,0.9707401032702238
1047,535,1582,0.6618204804045512
1177,386,1563,0.7530390275111964
1103,363,1466,0.752387448840382
398,92,490,0.8122448979591836
1121,424,1545,0.7255663430420712
1028,382,1410,0.7290780141843972
1139,412,1551,0.7343649258542876
203,165,368,0.5516304347826086
1313,177,1490,0.8812080536912752
918,40,958,0.9582463465553236
2578,61,2639,0.9768851837817355
1592,48,1640,0.9707317073170731
375,65,440,0.8522727272727273
1089,601,1690,0.644378698224852
1048,80,1128,0.9290780141843972
181,222,403,0.4491315136476427
1139,405,1544,0.7376943005181347
1014,391,1405,0.7217081850533807
1353,147,1500,0.902
203,183,386,0.5259067357512953
923,137,1060,0.870754716981132
1047,420,1467,0.7137014314928425
378,68,446,0.8475336322869955
1044,391,1435,0.7275261324041812
1023,520,1543,0.6629941672067401
1353,160,1513,0.8942498347653668
1010,397,1407,0.7178393745557925
1126,937,2063,0.5458070770722249
1126,919,2045,0.5506112469437653
1088,402,1490,0.7302013422818792
1029,409,1438,0.7155771905424201
398,93,491,0.8105906313645621
995,414,1409,0.7061745919091554
1204,460,1664,0.7235576923076923
120,12,132,0.9090909090909091
200,217,417,0.47961630695443647
999,417,1416,0.7055084745762712
396,91,487,0.813141683778234
2605,50,2655,0.9811676082862524
181,187,368,0.49184782608695654
1014,428,1442,0.7031900138696255
1023,484,1507,0.6788321167883211
4081,36,4117,0.9912557687636628
1072,386,1458,0.7352537722908093
1015,416,1431,0.7092941998602376
1019,414,1433,0.7110956036287509
1314,141,1455,0.9030927835051547
1029,663,1692,0.6081560283687943
1044,458,1502,0.6950732356857523
2519,75,2594,0.9710871241326138
1665,49,1714,0.9714119019836639
995,403,1398,0.7117310443490701
1037,411,1448,0.7161602209944752
1923,74,1997,0.9629444166249375
3250,92,3342,0.9724715739078397
200,217,417,0.47961630695443647
1069,419,1488,0.7184139784946236
1315,163,1478,0.8897158322056834
400,94,494,0.8097165991902834
1115,423,1538,0.7249674902470741
1306,915,2221,0.5880234128770824
903,100,1003,0.9002991026919243
1850,94,1944,0.9516460905349794
1126,447,1573,0.715829624920534
1040,396,1436,0.724233983286908
1023,415,1438,0.7114047287899861
203,161,364,0.5576923076923077
1081,426,1507,0.7173191771731918
1074,645,1719,0.62478184991274
1038,514,1552,0.6688144329896907
173,158,331,0.5226586102719033
169,217,386,0.4378238341968912
1074,411,1485,0.7232323232323232
1144,425,1569,0.7291268323773104
1012,414,1426,0.7096774193548387
1014,411,1425,0.7115789473684211
1143,668,1811,0.6311430149088901
979,413,1392,0.7033045977011494
403,97,500,0.806
1315,189,1504,0.8743351063829787
1012,396,1408,0.71875
206,186,392,0.5255102040816326
1079,410,1489,0.7246474143720618
181,125,306,0.5915032679738562
1312,129,1441,0.9104788341429563
398,125,523,0.7609942638623327
372,150,522,0.7126436781609196
1064,409,1473,0.7223353699932111
1054,421,1475,0.7145762711864406
1034,405,1439,0.718554551772064
4103,62,4165,0.9851140456182473
181,102,283,0.6395759717314488
2754,116,2870,0.9595818815331011
1068,625,1693,0.6308328411104548
1084,389,1473,0.7359131025118805
2584,165,2749,0.9399781738814115
380,58,438,0.867579908675799
1025,468,1493,0.6865371734762223
1801,72,1873,0.9615589962626802
181,176,357,0.5070028011204482
212,165,377,0.5623342175066313
404,78,482,0.8381742738589212
218,167,385,0.5662337662337662
1389,65,1454,0.9552957359009628
987,399,1386,0.7121212121212122
1000,414,1414,0.7072135785007072
4075,36,4111,0.9912430065677451
181,107,288,0.6284722222222222
1314,200,1514,0.8678996036988111
310,18,328,0.9451219512195121
1120,373,1493,0.7501674480910918
1033,386,1419,0.7279774489076815
1314,150,1464,0.8975409836065574
329,18,347,0.9481268011527377
91,16,107,0.8504672897196262
1044,411,1455,0.7175257731958763
1139,412,1551,0.7343649258542876
1064,414,1478,0.7198917456021651
1140,391,1531,0.744611365120836
1042,414,1456,0.7156593406593407
1126,690,1816,0.6200440528634361
1080,449,1529,0.7063440156965337
1024,373,1397,0.7329992841803865
4074,49,4123,0.9881154499151104
938,456,1394,0.672883787661406
1028,375,1403,0.7327156094084105
1284,48,1332,0.963963963963964
1073,373,1446,0.7420470262793915
402,97,499,0.8056112224448898
1067,395,1462,0.7298221614227086
1077,427,1504,0.7160904255319149
1101,429,1530,0.7196078431372549
1077,396,1473,0.7311608961303462
1042,363,1405,0.7416370106761566
1298,85,1383,0.9385394070860448
972,384,1356,0.7168141592920354
1057,442,1499,0.705136757838559
23,125,148,0.1554054054054054
209,162,371,0.5633423180592992
405,139,544,0.7444852941176471
1314,213,1527,0.8605108055009824
1587,97,1684,0.9423990498812351
1122,411,1533,0.7318982387475538
206,162,368,0.5597826086956522
2519,75,2594,0.9710871241326138
197,217,414,0.4758454106280193
1016,468,1484,0.6846361185983828
1125,429,1554,0.7239382239382239
995,46,1041,0.9558117195004803
4100,134,4234,0.9683514407179972
1147,423,1570,0.7305732484076433
883,115,998,0.8847695390781564
1076,399,1475,0.7294915254237289
994,386,1380,0.7202898550724638
1092,393,1485,0.7353535353535353
215,152,367,0.5858310626702997
835,449,1284,0.6503115264797508
1054,509,1563,0.674344209852847
999,386,1385,0.7212996389891697
203,189,392,0.5178571428571429
1895,82,1977,0.9585230146686899
997,388,1385,0.71985559566787
1035,389,1424,0.7268258426966292
1021,395,1416,0.721045197740113
1130,382,1512,0.7473544973544973
237,14,251,0.9442231075697212
1029,409,1438,0.7155771905424201
1155,396,1551,0.7446808510638298
1184,442,1626,0.7281672816728167
1140,404,1544,0.7383419689119171
1092,431,1523,0.7170059093893631
1162,405,1567,0.7415443522654754
1104,429,1533,0.7201565557729941
181,112,293,0.6177474402730375
1057,394,1451,0.7284631288766368
1047,414,1461,0.7166324435318275
1912,69,1981,0.9651691065118627
1146,395,1541,0.7436729396495781
4086,43,4129,0.9895858561395011
1314,206,1520,0.8644736842105263
1313,194,1507,0.8712674187126742
401,96,497,0.806841046277666
985,443,1428,0.6897759103641457
12,177,189,0.06349206349206349
1886,53,1939,0.9726663228468283
1069,409,1478,0.7232746955345061
1318,165,1483,0.8887390424814565
1150,420,1570,0.732484076433121
1147,394,1541,0.7443218689162882
1027,558,1585,0.6479495268138801
1009,403,1412,0.7145892351274787
1024,385,1409,0.7267565649396736
1071,396,1467,0.7300613496932515
1067,544,1611,0.6623215394165115
1020,409,1429,0.7137858642407278
1009,429,1438,0.7016689847009736
902,381,1283,0.7030397505845675
412,108,520,0.7923076923076923
212,162,374,0.5668449197860963
212,189,401,0.5286783042394015
390,133,523,0.745697896749522
1136,397,1533,0.741030658838878
1169,397,1566,0.7464878671775224
4076,28,4104,0.99317738791423
4137,36,4173,0.99137311286844
1021,409,1430,0.713986013986014
4092,44,4136,0.9893617021276596
1154,393,1547,0.7459599224305107
1083,404,1487,0.7283120376597175
1182,418,1600,0.73875
1188,407,1595,0.7448275862068966
1083,409,1492,0.7258713136729222
1162,396,1558,0.7458279845956355
320,18,338,0.9467455621301775
1152,482,1634,0.7050183598531212
397,71,468,0.8482905982905983
1080,433,1513,0.713813615333774
407,141,548,0.7427007299270073
209,162,371,0.5633423180592992
127,184,311,0.40836012861736337
1012,411,1423,0.7111735769501054
1146,402,1548,0.7403100775193798
378,80,458,0.8253275109170306
2221,107,2328,0.9540378006872853
194,174,368,0.5271739130434783
1032,389,1421,0.7262491203377903
791,69,860,0.9197674418604651
1011,395,1406,0.7190611664295875
181,120,301,0.6013289036544851
206,162,368,0.5597826086956522
1027,414,1441,0.7126995142262318
1227,419,1646,0.7454434993924666
379,67,446,0.8497757847533632
1313,167,1480,0.8871621621621621
401,118,519,0.7726396917148363
1158,103,1261,0.9183187946074544
1099,387,1486,0.7395693135935397
212,217,429,0.49417249417249415
200,181,381,0.5249343832020997
1098,661,1759,0.6242183058555998
1034,402,1436,0.7200557103064067
1011,411,1422,0.7109704641350211
1245,384,1629,0.7642725598526704
397,133,530,0.7490566037735849
1029,396,1425,0.7221052631578947
1057,391,1448,0.7299723756906077
3115,117,3232,0.963799504950495
991,384,1375,0.7207272727272728
993,385,1378,0.7206095791001451
1054,399,1453,0.7253957329662767
1031,373,1404,0.7343304843304843
1042,418,1460,0.7136986301369863
2481,27,2508,0.9892344497607656
1034,417,1451,0.7126119917298415
242,14,256,0.9453125
1055,445,1500,0.7033333333333334
420,80,500,0.84
1177,386,1563,0.7530390275111964
1068,444,1512,0.7063492063492064
1170,423,1593,0.7344632768361582
1034,431,1465,0.70580204778157
1049,440,1489,0.7044996642041639
1064,394,1458,0.7297668038408779
1166,43,1209,0.9644334160463193
404,98,502,0.8047808764940239
398,122,520,0.7653846153846153
1708,42,1750,0.976
1321,193,1514,0.8725231175693527
1117,559,1676,0.6664677804295943
242,14,256,0.9453125
1105,393,1498,0.7376502002670227
209,217,426,0.49061032863849763
1086,383,1469,0.7392784206943499
1087,427,1514,0.7179656538969617
1107,636,1743,0.6351118760757315
1287,611,1898,0.678082191780822
1095,390,1485,0.7373737373737373
399,71,470,0.8489361702127659
1039,399,1438,0.7225312934631433
1317,243,1560,0.8442307692307692
206,191,397,0.5188916876574308
1057,426,1483,0.7127444369521241
181,144,325,0.556923076923077
197,205,402,0.4900497512437811
247,14,261,0.946360153256705
1145,907,2052,0.5579922027290448
1313,253,1566,0.8384418901660281
4083,39,4122,0.9905385735080058
1000,395,1395,0.7168458781362007
409,156,565,0.7238938053097345
1317,249,1566,0.8409961685823755
3115,105,3220,0.967391304347826
4075,69,4144,0.9833494208494209
387,105,492,0.7865853658536586
1034,33,1067,0.9690721649484536
2584,161,2745,0.9413479052823315
1018,414,1432,0.7108938547486033
891,403,1294,0.6885625965996909
1287,58,1345,0.9568773234200744
203,217,420,0.48333333333333334
200,217,417,0.47961630695443647
1165,97,1262,0.9231378763866878
1037,404,1441,0.7196391394864677
4142,37,4179,0.9911462072266093
1200,402,1602,0.7490636704119851
1067,494,1561,0.683536194746957
413,99,512,0.806640625
181,94,275,0.6581818181818182
1042,380,1422,0.7327707454289732
1277,373,1650,0.7739393939393939
993,413,1406,0.7062588904694168
1192,672,1864,0.6394849785407726
1184,398,1582,0.7484197218710493
1087,380,1467,0.7409679618268575
884,395,1279,0.691164972634871
1208,397,1605,0.7526479750778816
167,162,329,0.5075987841945289
1322,215,1537,0.8601171112556929
1068,396,1464,0.7295081967213115
11,115,126,0.0873015873015873
4089,89,4178,0.9786979415988512
950,84,1034,0.9187620889748549
894,381,1275,0.7011764705882353
1179,390,1569,0.751434034416826
404,132,536,0.753731343283582
1221,391,1612,0.7574441687344913
1015,398,1413,0.7183297947629158
1025,388,1413,0.7254069355980184
1493,86,1579,0.9455351488283724
1024,466,1490,0.687248322147651
1033,399,1432,0.7213687150837989
982,403,1385,0.7090252707581227
1031,414,1445,0.7134948096885814
1016,411,1427,0.7119831814996496
181,134,315,0.5746031746031746
901,86,987,0.9128672745694022
1016,414,1430,0.7104895104895105
1234,412,1646,0.7496962332928311
1018,426,1444,0.7049861495844876
1245,396,1641,0.7586837294332724
2107,68,2175,0.968735632183908
4098,60,4158,0.9855699855699855
203,189,392,0.5178571428571429
1092,416,1508,0.7241379310344828
1314,252,1566,0.8390804597701149
1078,380,1458,0.7393689986282579
2092,95,2187,0.9565614997713763
194,211,405,0.47901234567901235
1173,427,1600,0.733125
1021,401,1422,0.7180028129395218
401,87,488,0.8217213114754098
200,191,391,0.5115089514066496
1024,401,1425,0.7185964912280701
209,179,388,0.538659793814433
1070,401,1471,0.7273963290278722
206,164,370,0.5567567567567567
181,132,313,0.5782747603833865
1223,395,1618,0.7558714462299134
4078,30,4108,0.99269717624148
424,79,503,0.8429423459244533
4084,34,4118,0.9917435648372996
1065,444,1509,0.705765407554672
1093,410,1503,0.7272122421823021
374,66,440,0.85
1095,404,1499,0.7304869913275517
1096,394,1490,0.7355704697986577
1314,138,1452,0.9049586776859504
181,102,283,0.6395759717314488
1026,388,1414,0.7256011315417256
1158,390,1548,0.748062015503876
4782,63,4845,0.9869969040247678
1315,209,1524,0.8628608923884514
1045,394,1439,0.7261987491313412
215,162,377,0.5702917771883289
1010,410,1420,0.7112676056338029
1316,186,1502,0.8761651131824234
91,24,115,0.7913043478260869
200,181,381,0.5249343832020997
1066,396,1462,0.7291381668946648
1212,56,1268,0.9558359621451105
372,78,450,0.8266666666666667
212,217,429,0.49417249417249415
1088,486,1574,0.6912325285895807
1078,401,1479,0.7288708586883029
408,97,505,0.807920792079208
1032,395,1427,0.7231955150665732
69,165,234,0.2948717948717949
985,45,1030,0.9563106796116505
8,145,153,0.05228758169934641
4085,35,4120,0.991504854368932
1148,459,1607,0.7143746110765401
1158,373,1531,0.7563683866753755
197,217,414,0.4758454106280193
1016,407,1423,0.7139845397048489
994,436,1430,0.6951048951048951
1095,411,1506,0.7270916334661355
1061,410,1471,0.7212780421481985
1020,414,1434,0.7112970711297071
991,394,1385,0.7155234657039711
242,14,256,0.9453125
13,164,177,0.07344632768361582
2812,300,3112,0.903598971722365
1314,249,1563,0.8406909788867563
212,217,429,0.49417249417249415
1071,395,1466,0.7305593451568895
1017,421,1438,0.7072322670375522
1041,389,1430,0.727972027972028
1037,428,1465,0.7078498293515358
1227,594,1821,0.6738056013179572
1076,378,1454,0.7400275103163686
409,99,508,0.8051181102362205
393,88,481,0.817047817047817
896,434,1330,0.6736842105263158
1055,398,1453,0.7260839642119752
1110,396,1506,0.7370517928286853
194,161,355,0.5464788732394367
433,83,516,0.8391472868217055
1022,411,1433,0.7131891137473831
1147,402,1549,0.7404777275661717
4080,27,4107,0.9934258582907232
1165,402,1567,0.7434588385449904
372,68,440,0.8454545454545455
873,456,1329,0.6568848758465011
209,179,388,0.538659793814433
4083,46,4129,0.9888592879631872
200,179,379,0.5277044854881267
1047,430,1477,0.7088693297224103
2221,141,2362,0.9403048264182896
1240,496,1736,0.7142857142857143
200,162,362,0.5524861878453039
1038,408,1446,0.7178423236514523
1318,196,1514,0.8705416116248349
2229,79,2308,0.9657712305025996
1086,540,1626,0.6678966789667896
1107,415,1522,0.7273324572930355
1000,411,1411,0.7087172218284904
988,395,1383,0.7143890093998554
1216,391,1607,0.7566894835096453
1014,413,1427,0.7105816398037842
1037,433,1470,0.7054421768707483
212,217,429,0.49417249417249415
1145,402,1547,0.7401422107304461
200,217,417,0.47961630695443647
9,138,147,0.061224489795918366
1072,395,1467,0.7307430129516019
380,101,481,0.7900207900207901
2092,95,2187,0.9565614997713763
1090,395,1485,0.734006734006734
181,119,300,0.6033333333333334
1019,468,1487,0.6852723604572966
1192,646,1838,0.6485310119695321
212,162,374,0.5668449197860963
375,122,497,0.7545271629778671
1039,571,1610,0.6453416149068323
1131,419,1550,0.7296774193548388
1016,402,1418,0.7165021156558533
181,133,314,0.5764331210191083
404,107,511,0.7906066536203522
200,179,379,0.5277044854881267
303,18,321,0.9439252336448598
2812,300,3112,0.903598971722365
411,169,580,0.7086206896551724
1008,394,1402,0.7189728958630528
1671,69,1740,0.9603448275862069
1110,527,1637,0.678069639584606
1094,429,1523,0.7183191070256073
1089,621,1710,0.6368421052631579
1038,427,1465,0.7085324232081911
1028,468,1496,0.6871657754010695
1145,404,1549,0.7391865719819238
398,81,479,0.8308977035490606
409,86,495,0.8262626262626263
1102,386,1488,0.7405913978494624
215,217,432,0.4976851851851852
1132,419,1551,0.7298517085751128
1094,402,1496,0.7312834224598931
4085,111,4196,0.9735462345090562
4092,105,4197,0.9749821300929236
1022,482,1504,0.6795212765957447
4089,48,4137,0.9883973894126178
209,179,388,0.538659793814433
209,223,432,0.4837962962962963
4081,129,4210,0.9693586698337292
1314,204,1518,0.8656126482213439
1039,401,1440,0.7215277777777778
27,195,222,0.12162162162162163
209,163,372,0.5618279569892473
1003,390,1393,0.7200287150035893
933,104,1037,0.8997107039537127
1071,445,1516,0.7064643799472295
1014,407,1421,0.7135819845179451
194,177,371,0.522911051212938
1315,141,1456,0.9031593406593407
381,99,480,0.79375
1016,411,1427,0.7119831814996496
2584,149,2733,0.9454811562385657
1006,375,1381,0.7284576393917451
1053,606,1659,0.6347197106690777
396,120,516,0.7674418604651163
1003,575,1578,0.6356147021546261
1009,394,1403,0.7191732002851033
1068,396,1464,0.7295081967213115
1115,388,1503,0.7418496340652029
242,14,256,0.9453125
1070,548,1618,0.6613102595797281
1158,388,1546,0.7490297542043984
1045,410,1455,0.718213058419244
203,183,386,0.5259067357512953
169,164,333,0.5075075075075075
1775,56,1831,0.969415619879847
1327,82,1409,0.9418026969481902
1317,154,1471,0.8953093133922502
881,448,1329,0.6629044394281415
407,79,486,0.8374485596707819
989,471,1460,0.6773972602739726
1304,190,1494,0.8728246318607764
203,217,420,0.48333333333333334
1138,501,1639,0.6943258084197681
203,217,420,0.48333333333333334
1078,395,1473,0.7318397827562797
1314,153,1467,0.8957055214723927
913,402,1315,0.694296577946768
417,92,509,0.8192534381139489
1027,401,1428,0.719187675070028
4085,68,4153,0.983626294245124
942,428,1370,0.6875912408759124
1052,397,1449,0.7260179434092477
1060,499,1559,0.6799230275817832
1152,598,1750,0.6582857142857143
435,200,635,0.6850393700787402
1044,383,1427,0.731604765241766
407,115,522,0.7796934865900383
2351,97,2448,0.9603758169934641
1035,398,1433,0.7222609909281228
1073,397,1470,0.7299319727891157
1130,413,1543,0.7323395981853532
393,86,479,0.8204592901878914
1005,483,1488,0.6754032258064516
341,18,359,0.9498607242339833
397,92,489,0.8118609406952966
404,92,496,0.8145161290322581
1045,416,1461,0.7152635181382615
4078,28,4106,0.9931807111544082
58,138,196,0.29591836734693877
1165,49,1214,0.9596375617792422
1037,414,1451,0.7146795313576844
1058,402,1460,0.7246575342465753
1001,388,1389,0.720662347012239
242,14,256,0.9453125
386,31,417,0.9256594724220624
191,165,356,0.5365168539325843
194,211,405,0.47901234567901235
1031,378,1409,0.7317246273953159
1070,939,2009,0.5326032852165257
1016,420,1436,0.7075208913649025
439,66,505,0.8693069306930693
1098,412,1510,0.7271523178807947
206,165,371,0.555256064690027
986,387,1373,0.718135469774217
910,87,997,0.9127382146439318
1054,408,1462,0.7209302325581395
4088,59,4147,0.9857728478418134
42,144,186,0.22580645161290322
1072,382,1454,0.7372764786795049
203,179,382,0.5314136125654451
1151,407,1558,0.7387676508344031
247,14,261,0.946360153256705
1862,52,1914,0.9728317659352143
788,52,840,0.9380952380952381
1082,363,1445,0.7487889273356402
1028,396,1424,0.7219101123595506
1086,426,1512,0.7182539682539683
1027,392,1419,0.7237491190979564
2463,115,2578,0.9553917765709853
1077,413,1490,0.7228187919463087
1012,403,1415,0.7151943462897526
4085,47,4132,0.9886253630203291
1095,429,1524,0.718503937007874
21,160,181,0.11602209944751381
1055,396,1451,0.7270847691247415
1004,534,1538,0.6527958387516255
371,85,456,0.8135964912280702
1163,432,1595,0.729153605015674
200,193,393,0.5089058524173028
509,95,604,0.8427152317880795
215,175,390,0.5512820512820513
181,121,302,0.5993377483443708
206,162,368,0.5597826086956522
1218,390,1608,0.7574626865671642
1086,630,1716,0.6328671328671329
4076,44,4120,0.9893203883495145
1160,373,1533,0.7566862361382909
1024,373,1397,0.7329992841803865
242,14,256,0.9453125
206,217,423,0.48699763593380613
1314,175,1489,0.8824714573539288
242,14,256,0.9453125
1063,426,1489,0.7139019476158496
181,201,382,0.4738219895287958
1033,397,1430,0.7223776223776224
1054,373,1427,0.7386124737210932
399,103,502,0.7948207171314741
1160,434,1594,0.7277289836888331
1011,384,1395,0.7247311827956989
1006,414,1420,0.7084507042253522
389,126,515,0.7553398058252427
397,103,500,0.794
409,148,557,0.7342908438061041
1012,373,1385,0.7306859205776173
2138,63,2201,0.9713766469786461
19,164,183,0.10382513661202186
409,93,502,0.8147410358565738
419,97,516,0.812015503875969
1062,394,1456,0.7293956043956044
1018,407,1425,0.7143859649122807
382,88,470,0.8127659574468085
1074,377,1451,0.7401791867677464
1314,149,1463,0.8981544771018455
1066,429,1495,0.7130434782608696
209,181,390,0.5358974358974359
409,93,502,0.8147410358565738
2351,97,2448,0.9603758169934641
1192,396,1588,0.7506297229219143
1032,388,1420,0.7267605633802817
1038,392,1430,0.7258741258741259
374,61,435,0.8597701149425288
1095,649,1744,0.6278669724770642
1040,393,1433,0.7257501744591766
1024,576,1600,0.64
1027,374,1401,0.7330478229835832
1012,394,1406,0.7197724039829303
237,14,251,0.9442231075697212
1314,185,1499,0.8765843895930621
4077,41,4118,0.9900437105390967
206,187,393,0.5241730279898219
987,407,1394,0.7080344332855093
388,91,479,0.8100208768267223
1180,596,1776,0.6644144144144144
181,181,362,0.5
212,217,429,0.49417249417249415
379,98,477,0.7945492662473794
1065,411,1476,0.7215447154471545
163,161,324,0.5030864197530864
957,420,1377,0.6949891067538126
1176,391,1567,0.7504786215698788
1353,224,1577,0.8579581483830057
1021,421,1442,0.7080443828016644
381,128,509,0.7485265225933202
382,59,441,0.8662131519274376
4116,43,4159,0.989660976196201
1051,408,1459,0.7203564084989719
375,77,452,0.8296460176991151
1018,396,1414,0.7199434229137199
1028,419,1447,0.710435383552177
1053,385,1438,0.7322670375521557
4088,49,4137,0.988155668358714
1313,133,1446,0.9080221300138313
200,179,379,0.5277044854881267
377,82,459,0.8213507625272332
4085,150,4235,0.9645808736717828
1107,455,1562,0.7087067861715749
1053,411,1464,0.7192622950819673
1145,456,1601,0.7151780137414117
401,105,506,0.7924901185770751
1165,417,1582,0.7364096080910241
894,57,951,0.9400630914826499
1314,167,1481,0.887238352464551
995,375,1370,0.7262773722627737
242,56,298,0.8120805369127517
1035,428,1463,0.7074504442925496
940,384,1324,0.7099697885196374
181,100,281,0.6441281138790036
397,105,502,0.7908366533864541
1171,428,1599,0.7323327079424641
414,110,524,0.7900763358778626
4093,76,4169,0.9817702086831375
999,95,1094,0.9131627056672761
1139,399,1538,0.7405721716514955
209,162,371,0.5633423180592992
1320,158,1478,0.8930987821380244
1010,410,1420,0.7112676056338029
1099,396,1495,0.7351170568561873
1163,402,1565,0.7431309904153355
375,69,444,0.8445945945945946
1115,451,1566,0.7120051085568327
310,18,328,0.9451219512195121
1038,399,1437,0.7223382045929019
1021,375,1396,0.7313753581661891
567,104,671,0.8450074515648286
384,63,447,0.8590604026845637
1314,176,1490,0.8818791946308725
396,104,500,0.792
237,14,251,0.9442231075697212
1315,197,1512,0.8697089947089947
197,217,414,0.4758454106280193
1028,375,1403,0.7327156094084105
1004,402,1406,0.7140825035561877
396,80,476,0.8319327731092437
181,122,303,0.5973597359735974
194,217,411,0.4720194647201946
1143,427,1570,0.7280254777070063
191,194,385,0.4961038961038961
54,139,193,0.27979274611398963
120,12,132,0.9090909090909091
209,217,426,0.49061032863849763
755,104,859,0.8789289871944121
1002,395,1397,0.7172512526843235
394,132,526,0.7490494296577946
2375,77,2452,0.9685970636215334
203,165,368,0.5516304347826086
4123,40,4163,0.9903915445592121
1104,429,1533,0.7201565557729941
1001,384,1385,0.7227436823104693
169,163,332,0.5090361445783133
1029,443,1472,0.6990489130434783
400,99,499,0.8016032064128257
397,89,486,0.8168724279835391
394,86,480,0.8208333333333333
945,375,1320,0.7159090909090909
1312,138,1450,0.9048275862068965
431,86,517,0.8336557059961315
1103,460,1563,0.7056941778630839
1013,402,1415,0.7159010600706713
385,64,449,0.8574610244988864
1050,566,1616,0.6497524752475248
370,68,438,0.8447488584474886
975,407,1382,0.7054992764109985
181,285,466,0.388412017167382
200,217,417,0.47961630695443647
981,400,1381,0.7103548153511948
1029,429,1458,0.7057613168724279
212,162,374,0.5668449197860963
4139,40,4179,0.9904283321368749
419,159,578,0.7249134948096886
1065,402,1467,0.7259713701431493
937,569,1506,0.6221779548472776
994,433,1427,0.6965662228451296
1013,554,1567,0.6464582003828973
404,113,517,0.781431334622824
851,89,940,0.9053191489361702
1119,432,1551,0.7214700193423598
399,98,497,0.8028169014084507
1042,386,1428,0.7296918767507002
1179,411,1590,0.7415094339622641
215,152,367,0.5858310626702997
200,179,379,0.5277044854881267
4083,59,4142,0.9857556735876388
398,138,536,0.7425373134328358
398,134,532,0.7481203007518797
1030,403,1433,0.7187718073970691
413,61,474,0.8713080168776371
1120,406,1526,0.7339449541284404
1014,402,1416,0.7161016949152542
1059,388,1447,0.7318590186592951
200,162,362,0.5524861878453039
200,162,362,0.5524861878453039
165,223,388,0.4252577319587629
4105,65,4170,0.9844124700239808
1073,429,1502,0.7143808255659121
1074,394,1468,0.7316076294277929
998,411,1409,0.7083037615330021
1046,439,1485,0.7043771043771043
1344,56,1400,0.96
2230,52,2282,0.9772129710780018
402,122,524,0.767175572519084
877,105,982,0.8930753564154786
1543,46,1589,0.9710509754562618
69,162,231,0.2987012987012987
1068,388,1456,0.7335164835164835
372,83,455,0.8175824175824176
209,162,371,0.5633423180592992
1103,427,1530,0.7209150326797386
1300,405,1705,0.7624633431085044
1039,395,1434,0.7245467224546722
1082,388,1470,0.7360544217687075
1108,396,1504,0.7367021276595744
382,58,440,0.8681818181818182
1094,411,1505,0.7269102990033223
390,77,467,0.8351177730192719
1050,397,1447,0.7256392536281963
401,141,542,0.7398523985239852
402,123,525,0.7657142857142857
331,18,349,0.9484240687679083
206,211,417,0.4940047961630695
1062,522,1584,0.6704545454545454
1104,396,1500,0.736
403,88,491,0.8207739307535642
1083,420,1503,0.720558882235529
218,167,385,0.5662337662337662
1004,501,1505,0.667109634551495
1011,429,1440,0.7020833333333333
1407,92,1499,0.9386257505003336
2332,91,2423,0.9624432521667354
394,95,489,0.8057259713701431
382,58,440,0.8681818181818182
1088,400,1488,0.7311827956989247
438,99,537,0.8156424581005587
901,74,975,0.9241025641025641
995,551,1546,0.6435963777490298
432,104,536,0.8059701492537313
388,95,483,0.8033126293995859
393,89,482,0.8153526970954357
212,217,429,0.49417249417249415
937,415,1352,0.6930473372781065
398,89,487,0.8172484599589322
1002,565,1567,0.6394384173580089
1004,407,1411,0.7115520907158044
1318,157,1475,0.8935593220338983
1093,399,1492,0.732573726541555
420,104,524,0.8015267175572519
989,388,1377,0.7182280319535221
1026,418,1444,0.7105263157894737
1314,155,1469,0.8944860449285228
1190,440,1630,0.7300613496932515
393,108,501,0.7844311377245509
396,100,496,0.7983870967741935
1315,186,1501,0.8760826115922719
1021,375,1396,0.7313753581661891
1043,531,1574,0.6626429479034307
1491,66,1557,0.9576107899807321
4076,136,4212,0.9677113010446344
1002,395,1397,0.7172512526843235
1023,429,1452,0.7045454545454546
1091,397,1488,0.7331989247311828
2490,78,2568,0.969626168224299
1135,430,1565,0.7252396166134185
4089,86,4175,0.9794011976047904
1312,156,1468,0.8937329700272479
436,114,550,0.7927272727272727
21,139,160,0.13125
4072,237,4309,0.944998839637967
215,212,427,0.5035128805620609
1080,427,1507,0.7166556071665561
4076,35,4111,0.9914862563853077
1093,427,1520,0.719078947368421
1006,384,1390,0.7237410071942446
165,159,324,0.5092592592592593
1127,396,1523,0.7399868680236376
1312,230,1542,0.8508430609597925
4080,51,4131,0.9876543209876543
407,124,531,0.7664783427495292
4093,71,4164,0.9829490874159462
1128,427,1555,0.7254019292604501
1005,556,1561,0.643818065342729
1008,401,1409,0.7154009936124911
1010,388,1398,0.7224606580829757
396,101,497,0.7967806841046278
200,183,383,0.5221932114882507
1005,393,1398,0.7188841201716738
1089,396,1485,0.7333333333333333
1407,92,1499,0.9386257505003336
1060,383,1443,0.7345807345807346
396,76,472,0.8389830508474576
296,18,314,0.9426751592356688
1139,407,1546,0.7367399741267788
203,217,420,0.48333333333333334
44,141,185,0.23783783783783785
1093,429,1522,0.7181340341655716
1005,414,1419,0.7082452431289641
1086,423,1509,0.7196819085487077
1038,375,1413,0.7346072186836518
1104,396,1500,0.736
937,571,1508,0.6213527851458885
1060,395,1455,0.7285223367697594
421,93,514,0.8190661478599222
1056,383,1439,0.7338429464906184
407,95,502,0.8107569721115537
4076,29,4105,0.9929354445797808
402,78,480,0.8375
203,181,384,0.5286458333333334
1320,286,1606,0.821917808219178
203,183,386,0.5259067357512953
206,179,385,0.535064935064935
1101,378,1479,0.744421906693712
1051,389,1440,0.7298611111111111
4100,46,4146,0.9889049686444766
1016,396,1412,0.7195467422096318
950,590,1540,0.6168831168831169
398,90,488,0.8155737704918032
1041,400,1441,0.7224149895905622
1109,398,1507,0.7358991373589914
197,217,414,0.4758454106280193
982,414,1396,0.7034383954154728
1038,396,1434,0.7238493723849372
390,74,464,0.8405172413793104
1073,393,1466,0.7319236016371078
397,82,479,0.8288100208768268
387,68,455,0.8505494505494505
402,92,494,0.8137651821862348
4082,44,4126,0.9893359185651963
401,87,488,0.8217213114754098
181,119,300,0.6033333333333334
203,159,362,0.5607734806629834
400,84,484,0.8264462809917356
1021,392,1413,0.7225760792639774
1046,566,1612,0.6488833746898263
1077,375,1452,0.7417355371900827
1052,429,1481,0.7103308575286968
400,82,482,0.8298755186721992
1131,406,1537,0.7358490566037735
407,147,554,0.7346570397111913
51,93,144,0.3541666666666667
1207,408,1615,0.7473684210526316
409,92,501,0.8163672654690619
386,39,425,0.908235294117647
3115,66,3181,0.9792518076076705
3313,51,3364,0.9848394768133175
382,84,466,0.8197424892703863
1318,192,1510,0.8728476821192053
197,152,349,0.5644699140401146
1123,402,1525,0.7363934426229508
397,91,488,0.8135245901639344
181,89,270,0.6703703703703704
396,127,523,0.7571701720841301
1075,500,1575,0.6825396825396826
4079,55,4134,0.9866956942428641
181,211,392,0.461734693877551
212,217,429,0.49417249417249415
1066,388,1454,0.7331499312242091
375,63,438,0.8561643835616438
165,223,388,0.4252577319587629
1314,228,1542,0.8521400778210116
416,95,511,0.8140900195694716
1080,397,1477,0.7312119160460393
1069,398,1467,0.7286980231765507
1034,437,1471,0.7029231815091774
200,161,361,0.554016620498615
1048,415,1463,0.7163362952836637
206,217,423,0.48699763593380613
1030,396,1426,0.7223001402524544
406,108,514,0.7898832684824902
1049,398,1447,0.7249481686247409
996,395,1391,0.7160316319194824
1095,410,1505,0.7275747508305648
1068,385,1453,0.7350309704060565
1013,552,1565,0.6472843450479233
1025,411,1436,0.7137883008356546
47,201,248,0.18951612903225806
194,190,384,0.5052083333333334
169,205,374,0.45187165775401067
417,90,507,0.8224852071005917
394,91,485,0.8123711340206186
200,152,352,0.5681818181818182
4111,38,4149,0.9908411665461557
1067,409,1476,0.7228997289972899
1317,135,1452,0.9070247933884298
21,195,216,0.09722222222222222
128,211,339,0.3775811209439528
1134,518,1652,0.6864406779661016
1090,399,1489,0.7320349227669577
1030,408,1438,0.7162726008344924
1128,410,1538,0.7334200260078023
1132,396,1528,0.7408376963350786
1053,559,1612,0.6532258064516129
374,135,509,0.7347740667976425
1295,68,1363,0.9501100513573001
1052,429,1481,0.7103308575286968
200,179,379,0.5277044854881267
1058,415,1473,0.7182620502376104
377,59,436,0.8646788990825688
1314,153,1467,0.8957055214723927
1055,400,1455,0.7250859106529209
379,67,446,0.8497757847533632
1313,156,1469,0.8938053097345132
1087,388,1475,0.7369491525423729
1051,393,1444,0.7278393351800554
200,168,368,0.5434782608695652
1039,388,1427,0.7281009110021023
1110,440,1550,0.7161290322580646
120,12,132,0.9090909090909091
181,220,401,0.4513715710723192
387,89,476,0.8130252100840336
206,193,399,0.5162907268170426
2175,70,2245,0.9688195991091314
428,130,558,0.7670250896057348
1077,376,1453,0.7412250516173434
1038,429,1467,0.7075664621676891
197,217,414,0.4758454106280193
4101,79,4180,0.9811004784688995
1010,393,1403,0.7198859586600143
1021,398,1419,0.7195207892882312
200,179,379,0.5277044854881267
1077,401,1478,0.7286874154262517
405,110,515,0.7864077669902912
1301,377,1678,0.7753277711561383
26,167,193,0.13471502590673576
1123,429,1552,0.7235824742268041
408,87,495,0.8242424242424242
4085,48,4133,0.9883861601742076
395,96,491,0.8044806517311609
398,90,488,0.8155737704918032
1049,394,1443,0.726957726957727
393,102,495,0.793939393939394
200,217,417,0.47961630695443647
4079,54,4133,0.9869344301959836
393,110,503,0.7813121272365805
4093,34,4127,0.9917615701478071
1060,383,1443,0.7345807345807346
418,110,528,0.7916666666666666
200,183,383,0.5221932114882507
3222,54,3276,0.9835164835164835
1083,387,1470,0.736734693877551
181,144,325,0.556923076923077
1056,403,1459,0.7237834132967786
384,59,443,0.8668171557562077
1095,428,1523,0.7189757058437295
397,62,459,0.8649237472766884
206,161,367,0.5613079019073569
1636,78,1714,0.9544924154025671
4128,41,4169,0.9901655073159031
979,91,1070,0.9149532710280374
372,95,467,0.7965738758029979
4084,47,4131,0.9886226095376422
1049,401,1450,0.723448275862069
1062,522,1584,0.6704545454545454
200,162,362,0.5524861878453039
242,14,256,0.9453125
1091,399,1490,0.7322147651006712
1018,429,1447,0.7035245335176227
4080,155,4235,0.9634002361275088
1315,197,1512,0.8697089947089947
206,152,358,0.5754189944134078
1315,207,1522,0.8639947437582128
1059,401,1460,0.7253424657534246
399,144,543,0.7348066298342542
1087,388,1475,0.7369491525423729
408,96,504,0.8095238095238095
165,189,354,0.4661016949152542
402,156,558,0.7204301075268817
1097,500,1597,0.6869129618033814
408,144,552,0.7391304347826086
206,169,375,0.5493333333333333
1090,427,1517,0.7185234014502307
4075,40,4115,0.9902794653705954
1054,514,1568,0.6721938775510204
169,164,333,0.5075075075075075
1030,402,1432,0.7192737430167597
981,398,1379,0.7113850616388687
1004,394,1398,0.7181688125894135
200,161,361,0.554016620498615
374,114,488,0.7663934426229508
2735,134,2869,0.9532938306029975
1349,270,1619,0.8332303891290921
399,137,536,0.7444029850746269
1020,402,1422,0.7172995780590717
4079,40,4119,0.9902889050740471
404,147,551,0.7332123411978222
416,88,504,0.8253968253968254
376,72,448,0.8392857142857143
381,69,450,0.8466666666666667
4090,48,4138,0.9884001933301112
1050,411,1461,0.7186858316221766
1064,396,1460,0.7287671232876712
425,72,497,0.8551307847082495
1012,406,1418,0.7136812411847673
2584,161,2745,0.9413479052823315
417,158,575,0.7252173913043478
1080,467,1547,0.6981254040077569
14050,39,14089,0.9972318830293136
400,111,511,0.7827788649706457
1044,411,1455,0.7175257731958763
1068,958,2026,0.527147087857848
4134,49,4183,0.9882859191967488
406,86,492,0.8252032520325203
1068,395,1463,0.7300068352699932
1301,398,1699,0.7657445556209534
1313,207,1520,0.8638157894736842
949,96,1045,0.908133971291866
400,114,514,0.7782101167315175
396,109,505,0.7841584158415842
398,113,511,0.7788649706457925
390,127,517,0.7543520309477756
1047,398,1445,0.7245674740484429
467,83,550,0.8490909090909091
4078,494,4572,0.8919510061242345
1105,391,1496,0.7386363636363636
181,95,276,0.6557971014492754
203,152,355,0.571830985915493
4081,43,4124,0.9895732298739088
392,91,483,0.8115942028985508
1137,396,1533,0.7416829745596869
372,57,429,0.8671328671328671
377,84,461,0.8177874186550976
1105,396,1501,0.7361758827448368
1010,398,1408,0.7173295454545454
1066,388,1454,0.7331499312242091
1101,411,1512,0.7281746031746031
215,162,377,0.5702917771883289
961,418,1379,0.696881798404641
423,79,502,0.8426294820717132
4130,48,4178,0.9885112494016276
1080,429,1509,0.7157057654075547
4090,41,4131,0.9900750423626241
181,315,496,0.3649193548387097
1054,424,1478,0.713125845737483
424,89,513,0.8265107212475633
1104,374,1478,0.7469553450608931
197,217,414,0.4758454106280193
1004,411,1415,0.7095406360424028
1123,429,1552,0.7235824742268041
405,95,500,0.81
1151,411,1562,0.7368758002560819
421,94,515,0.8174757281553398
1080,396,1476,0.7317073170731707
977,401,1378,0.7089985486211902
200,217,417,0.47961630695443647
1145,379,1524,0.7513123359580053
1316,234,1550,0.8490322580645161
1998,58,2056,0.9717898832684825
1025,452,1477,0.6939742721733243
4080,54,4134,0.9869375907111756
961,418,1379,0.696881798404641
404,86,490,0.8244897959183674
4085,79,4164,0.9810278578290106
1087,569,1656,0.6564009661835749
1137,385,1522,0.7470433639947438
1129,375,1504,0.7506648936170213
1000,396,1396,0.7163323782234957
421,97,518,0.8127413127413128
4081,39,4120,0.9905339805825243
440,88,528,0.8333333333333334
404,98,502,0.8047808764940239
1065,393,1458,0.7304526748971193
1101,418,1519,0.7248189598420013
194,217,411,0.4720194647201946
1041,426,1467,0.7096114519427403
200,183,383,0.5221932114882507
907,92,999,0.9079079079079079
4091,34,4125,0.9917575757575757
1095,387,1482,0.7388663967611336
4085,94,4179,0.9775065805216558
414,90,504,0.8214285714285714
4084,36,4120,0.9912621359223301
194,177,371,0.522911051212938
418,146,564,0.7411347517730497
1129,395,1524,0.7408136482939632
1069,419,1488,0.7184139784946236
4082,41,4123,0.9900557846228475
446,83,529,0.8431001890359168
401,77,478,0.8389121338912134
408,98,506,0.8063241106719368
1314,164,1478,0.8890392422192152
194,217,411,0.4720194647201946
314,18,332,0.9457831325301205
1049,440,1489,0.7044996642041639
194,217,411,0.4720194647201946
1091,383,1474,0.7401628222523745
403,93,496,0.8125
404,92,496,0.8145161290322581
1087,568,1655,0.656797583081571
1059,415,1474,0.7184531886024423
4092,113,4205,0.9731272294887039
391,106,497,0.7867203219315896
387,71,458,0.8449781659388647
1574,56,1630,0.9656441717791411
401,103,504,0.7956349206349206
181,115,296,0.6114864864864865
1064,420,1484,0.7169811320754716
206,183,389,0.5295629820051414
4081,28,4109,0.9931856899488927
1159,400,1559,0.7434252726106478
11,161,172,0.06395348837209303
1075,375,1450,0.7413793103448276
1053,396,1449,0.7267080745341615
1030,404,1434,0.7182705718270572
388,79,467,0.8308351177730193
1090,427,1517,0.7185234014502307
1112,377,1489,0.7468099395567495
1082,450,1532,0.706266318537859
206,217,423,0.48699763593380613
1479,86,1565,0.9450479233226837
1044,411,1455,0.7175257731958763
1074,378,1452,0.7396694214876033
4089,101,4190,0.9758949880668257
36,179,215,0.16744186046511628
1058,397,1455,0.727147766323024
302,18,320,0.94375
197,162,359,0.5487465181058496
203,217,420,0.48333333333333334
402,130,532,0.7556390977443609
377,123,500,0.754
1095,378,1473,0.7433808553971487
428,74,502,0.852589641434263
1115,415,1530,0.7287581699346405
181,84,265,0.6830188679245283
378,80,458,0.8253275109170306
378,55,433,0.8729792147806005
200,163,363,0.5509641873278237
1137,385,1522,0.7470433639947438
1140,411,1551,0.7350096711798839
1313,187,1500,0.8753333333333333
431,97,528,0.8162878787878788
404,85,489,0.8261758691206544
1030,388,1418,0.7263751763046544
1133,425,1558,0.727214377406932
379,59,438,0.865296803652968
396,199,595,0.6655462184873949
1063,397,1460,0.7280821917808219
1059,411,1470,0.7204081632653061
1174,387,1561,0.75208199871877
1079,409,1488,0.7251344086021505
393,93,486,0.808641975308642
326,18,344,0.9476744186046512
379,93,472,0.8029661016949152
1030,389,1419,0.7258632840028189
388,77,465,0.8344086021505376
4142,139,4281,0.9675309507124503
1059,385,1444,0.7333795013850416
1080,429,1509,0.7157057654075547
1084,388,1472,0.7364130434782609
1042,394,1436,0.7256267409470752
1115,385,1500,0.7433333333333333
1166,418,1584,0.7361111111111112
382,81,463,0.8250539956803455
1107,414,1521,0.727810650887574
1054,403,1457,0.723404255319149
1128,375,1503,0.7504990019960079
403,107,510,0.7901960784313725
1084,419,1503,0.7212242182302062
167,217,384,0.4348958333333333
209,164,373,0.5603217158176944
384,50,434,0.8847926267281107
390,83,473,0.8245243128964059
388,92,480,0.8083333333333333
395,95,490,0.8061224489795918
463,97,560,0.8267857142857142
392,95,487,0.8049281314168378
4094,333,4427,0.9247797605601987
386,73,459,0.840958605664488
382,111,493,0.7748478701825557
1020,411,1431,0.7127882599580713
4122,162,4284,0.9621848739495799
401,121,522,0.7681992337164751
1104,417,1521,0.7258382642998028
1055,452,1507,0.7000663570006636
388,88,476,0.8151260504201681
399,130,529,0.7542533081285444
1080,512,1592,0.678391959798995
200,165,365,0.547945205479452
1032,97,1129,0.9140832595217007
401,116,517,0.7756286266924565
1001,393,1394,0.7180774748923959
1130,428,1558,0.7252888318356868
1056,438,1494,0.7068273092369478
1151,423,1574,0.7312579415501906
4078,68,4146,0.9835986493005306
4074,98,4172,0.9765100671140939
1053,409,1462,0.7202462380300958
407,136,543,0.7495395948434622
126,178,304,0.4144736842105263
4079,59,4138,0.985741904301595
1057,442,1499,0.705136757838559
406,143,549,0.7395264116575592
129,177,306,0.4215686274509804
1093,396,1489,0.7340496977837475
206,217,423,0.48699763593380613
1055,411,1466,0.7196452933151433
1316,161,1477,0.8909952606635071
206,167,373,0.5522788203753352
4077,32,4109,0.9922122170844487
1030,405,1435,0.7177700348432056
1103,423,1526,0.7228047182175622
4092,56,4148,0.9864995178399228
393,75,468,0.8397435897435898
957,113,1070,0.8943925233644859
1054,424,1478,0.713125845737483
1301,401,1702,0.7643948296122209
1316,182,1498,0.8785046728971962
389,133,522,0.7452107279693486
392,105,497,0.7887323943661971
403,69,472,0.8538135593220338
4085,116,4201,0.9723875267793383
1017,570,1587,0.6408317580340265
209,217,426,0.49061032863849763
373,58,431,0.8654292343387471
1020,411,1431,0.7127882599580713
120,14,134,0.8955223880597015
1001,396,1397,0.7165354330708661
1069,388,1457,0.7336993822923816
403,111,514,0.7840466926070039
209,217,426,0.49061032863849763
200,167,367,0.5449591280653951
396,89,485,0.8164948453608247
2221,176,2397,0.9265748852732583
4097,52,4149,0.9874668594842131
1059,401,1460,0.7253424657534246
493,107,600,0.8216666666666667
4099,70,4169,0.9832094027344687
1316,216,1532,0.8590078328981723
1314,210,1524,0.8622047244094488
1075,375,1450,0.7413793103448276
320,18,338,0.9467455621301775
181,205,386,0.4689119170984456
4089,61,4150,0.9853012048192771
1064,411,1475,0.7213559322033898
1121,498,1619,0.692402717726992
206,163,369,0.5582655826558266
4082,125,4207,0.970287615878298
4105,78,4183,0.9813530958642123
4095,54,4149,0.9869848156182213
1054,537,1591,0.6624764299182904
371,51,422,0.8791469194312796
1166,429,1595,0.7310344827586207
420,102,522,0.8045977011494253
1095,391,1486,0.7368775235531628
1101,441,1542,0.7140077821011673
408,151,559,0.7298747763864043
206,161,367,0.5613079019073569
377,59,436,0.8646788990825688
1313,181,1494,0.8788487282463187
384,89,473,0.8118393234672304
1077,427,1504,0.7160904255319149
402,81,483,0.8322981366459627
165,217,382,0.4319371727748691
161,169,330,0.48787878787878786
420,95,515,0.8155339805825242
181,171,352,0.5142045454545454
247,14,261,0.946360153256705
1080,396,1476,0.7317073170731707
392,99,491,0.7983706720977597
1107,415,1522,0.7273324572930355
427,129,556,0.7679856115107914
1129,396,1525,0.740327868852459
1133,425,1558,0.727214377406932
1314,243,1557,0.8439306358381503
317,18,335,0.9462686567164179
375,54,429,0.8741258741258742
1080,429,1509,0.7157057654075547
394,109,503,0.7833001988071571
379,66,445,0.851685393258427
4081,60,4141,0.9855107461965709
401,109,510,0.7862745098039216
397,127,524,0.7576335877862596
206,182,388,0.5309278350515464
4078,63,4141,0.9847862835063994
1112,418,1530,0.726797385620915
1042,385,1427,0.7302032235459005
961,415,1376,0.6984011627906976
2175,87,2262,0.9615384615384616
390,84,474,0.8227848101265823
1314,231,1545,0.8504854368932039
181,113,294,0.6156462585034014
1030,388,1418,0.7263751763046544
4089,112,4201,0.9733396810283266
423,147,570,0.7421052631578947
1856,78,1934,0.9596690796277145
407,94,501,0.812375249500998
388,93,481,0.8066528066528067
394,85,479,0.8225469728601252
1021,414,1435,0.7114982578397212
375,71,446,0.8408071748878924
1527,90,1617,0.9443413729128015
128,174,302,0.423841059602649
4073,30,4103,0.9926882768705825
4086,41,4127,0.9900654228252969
1128,394,1522,0.7411300919842313
1030,366,1396,0.7378223495702005
1140,396,1536,0.7421875
1174,381,1555,0.754983922829582
1101,438,1539,0.7153996101364523
156,107,263,0.5931558935361216
1095,418,1513,0.7237276933245208
1053,408,1461,0.7207392197125256
1053,395,1448,0.7272099447513812
387,64,451,0.8580931263858093
902,95,997,0.9047141424272819
325,18,343,0.9475218658892128
1114,408,1522,0.7319316688567674
419,87,506,0.8280632411067194
209,152,361,0.5789473684210527
200,217,417,0.47961630695443647
4079,169,4248,0.960216572504708
393,96,489,0.803680981595092
1115,365,1480,0.7533783783783784
393,90,483,0.8136645962732919
4078,41,4119,0.9900461277008983
1079,423,1502,0.7183754993342211
28,176,204,0.13725490196078433
379,74,453,0.8366445916114791
1114,408,1522,0.7319316688567674
1077,427,1504,0.7160904255319149
1126,396,1522,0.7398160315374507
17,175,192,0.08854166666666667
379,57,436,0.8692660550458715
4089,34,4123,0.9917535774921173
120,12,132,0.9090909090909091
1128,379,1507,0.7485069674850697
374,58,432,0.8657407407407407
126,211,337,0.37388724035608306
1098,367,1465,0.7494880546075086
1151,411,1562,0.7368758002560819
212,217,429,0.49417249417249415
382,86,468,0.8162393162393162
194,217,411,0.4720194647201946
1021,422,1443,0.7075537075537075
12,163,175,0.06857142857142857
1066,435,1501,0.7101932045303131
397,133,530,0.7490566037735849
433,89,522,0.8295019157088123
912,122,1034,0.8820116054158608
417,125,542,0.7693726937269373
181,109,290,0.6241379310344828
200,169,369,0.5420054200542005
1314,156,1470,0.8938775510204081
1002,411,1413,0.7091295116772823
2748,83,2831,0.9706817379018015
4078,47,4125,0.9886060606060606
1045,517,1562,0.6690140845070423
4079,81,4160,0.9805288461538462
309,18,327,0.944954128440367
376,66,442,0.8506787330316742
1079,418,1497,0.7207748830995324
391,114,505,0.7742574257425743
460,95,555,0.8288288288288288
370,66,436,0.8486238532110092
2377,90,2467,0.9635184434535874
1017,620,1637,0.6212583995113011
1057,444,1501,0.704197201865423
197,162,359,0.5487465181058496
996,378,1374,0.7248908296943232
42,150,192,0.21875
1054,444,1498,0.7036048064085447
1002,411,1413,0.7091295116772823
200,162,362,0.5524861878453039
1340,519,1859,0.7208176438945669
375,79,454,0.8259911894273128
377,77,454,0.8303964757709251
387,80,467,0.828693790149893
738,20,758,0.9736147757255936
4099,63,4162,0.9848630466122057
218,138,356,0.6123595505617978
419,91,510,0.8215686274509804
1053,396,1449,0.7267080745341615
4099,36,4135,0.9912938331318016
4094,39,4133,0.9905637551415437
400,85,485,0.8247422680412371
1166,402,1568,0.7436224489795918
4101,106,4207,0.9748038982647967
4104,62,4166,0.985117618819011
4091,42,4133,0.9898378901524316
378,47,425,0.8894117647058823
394,99,493,0.7991886409736308
1066,408,1474,0.723202170963365
1107,397,1504,0.7360372340425532
4087,50,4137,0.9879139473048103
1130,460,1590,0.710691823899371
4085,75,4160,0.9819711538461539
1133,425,1558,0.727214377406932
384,85,469,0.8187633262260128
375,59,434,0.8640552995391705
1322,185,1507,0.8772395487723955
383,81,464,0.8254310344827587
1001,444,1445,0.6927335640138408
1128,394,1522,0.7411300919842313
397,161,558,0.7114695340501792
4077,45,4122,0.9890829694323144
1020,411,1431,0.7127882599580713
1159,432,1591,0.7284726587052168
10,137,147,0.06802721088435375
1101,414,1515,0.7267326732673267
420,98,518,0.8108108108108109
120,12,132,0.9090909090909091
1092,398,1490,0.7328859060402685
4083,34,4117,0.9917415593879038
126,194,320,0.39375
1099,396,1495,0.7351170568561873
2228,73,2301,0.9682746631899174
2429,106,2535,0.9581854043392505
321,18,339,0.9469026548672567
437,79,516,0.8468992248062015
1130,396,1526,0.7404980340760158
396,50,446,0.8878923766816144
1314,153,1467,0.8957055214723927
120,12,132,0.9090909090909091
1088,375,1463,0.7436773752563226
129,159,288,0.4479166666666667
324,18,342,0.9473684210526315
1340,475,1815,0.7382920110192838
311,18,329,0.9452887537993921
4083,56,4139,0.986470161874849
218,167,385,0.5662337662337662
19,152,171,0.1111111111111111
4084,47,4131,0.9886226095376422
127,202,329,0.3860182370820669
212,162,374,0.5668449197860963
1046,442,1488,0.7029569892473119
4076,49,4125,0.9881212121212121
1856,78,1934,0.9596690796277145
401,70,471,0.851380042462845
1316,207,1523,0.8640840446487197
380,81,461,0.824295010845987
181,110,291,0.6219931271477663
1095,396,1491,0.7344064386317908
4097,51,4148,0.9877049180327869
1114,383,1497,0.7441549766199065
414,184,598,0.6923076923076923
407,116,523,0.7782026768642447
973,395,1368,0.7112573099415205
1054,388,1442,0.7309292649098474
91,16,107,0.8504672897196262
881,113,994,0.886317907444668
394,82,476,0.8277310924369747
203,205,408,0.49754901960784315
1082,414,1496,0.7232620320855615
1126,396,1522,0.7398160315374507
396,99,495,0.8
460,75,535,0.8598130841121495
1312,237,1549,0.8469980632666236
872,86,958,0.9102296450939458
129,205,334,0.38622754491017963
1057,422,1479,0.7146720757268424
373,83,456,0.8179824561403509
398,88,486,0.8189300411522634
1099,396,1495,0.7351170568561873
4092,90,4182,0.9784791965566715
4094,76,4170,0.9817745803357314
181,216,397,0.45591939546599497
203,176,379,0.5356200527704486
1354,130,1484,0.9123989218328841
375,44,419,0.8949880668257757
181,198,379,0.47757255936675463
27,159,186,0.14516129032258066
1164,37,1201,0.9691923397169026
376,64,440,0.8545454545454545
1073,395,1468,0.7309264305177112
324,18,342,0.9473684210526315
1021,394,1415,0.7215547703180212
975,442,1417,0.6880733944954128
1114,403,1517,0.7343441001977588
891,93,984,0.9054878048780488
1045,444,1489,0.7018132975151108
1318,192,1510,0.8728476821192053
4076,64,4140,0.9845410628019323
381,91,472,0.8072033898305084
380,71,451,0.8425720620842572
181,119,300,0.6033333333333334
181,123,304,0.5953947368421053
91,16,107,0.8504672897196262
1053,446,1499,0.7024683122081388
4101,47,4148,0.9886692381870781
1351,144,1495,0.9036789297658863
181,122,303,0.5973597359735974
1336,41,1377,0.9702251270878722
1096,433,1529,0.7168083714846305
4078,155,4233,0.9633829435388613
1089,500,1589,0.685336689741976
2286,97,2383,0.9592950062945866
391,105,496,0.7883064516129032
4697,71,4768,0.9851090604026845
4076,44,4120,0.9893203883495145
941,78,1019,0.9234543670264965
203,164,367,0.553133514986376
215,194,409,0.5256723716381418
389,84,473,0.8224101479915433
429,97,526,0.8155893536121673
62,180,242,0.256198347107438
410,95,505,0.8118811881188119
996,378,1374,0.7248908296943232
466,103,569,0.8189806678383128
2706,49,2755,0.9822141560798548
1030,393,1423,0.7238229093464511
197,217,414,0.4758454106280193
397,90,487,0.8151950718685832
881,116,997,0.8836509528585758
1046,572,1618,0.646477132262052
973,395,1368,0.7112573099415205
327,18,345,0.9478260869565217
1089,427,1516,0.7183377308707124
388,80,468,0.8290598290598291
1100,466,1566,0.70242656449553
20,129,149,0.1342281879194631
4086,29,4115,0.9929526123936816
181,110,291,0.6219931271477663
209,217,426,0.49061032863849763
4092,155,4247,0.9635036496350365
1088,394,1482,0.7341430499325237
1114,400,1514,0.7357992073976222
181,119,300,0.6033333333333334
194,194,388,0.5
181,173,354,0.5112994350282486
1318,224,1542,0.85473411154345
1315,169,1484,0.8861185983827493
1109,436,1545,0.7177993527508091
4102,69,4171,0.9834572045073124
203,162,365,0.5561643835616439
69,144,213,0.323943661971831
1126,396,1522,0.7398160315374507
4091,49,4140,0.9881642512077294
206,162,368,0.5597826086956522
200,179,379,0.5277044854881267
404,129,533,0.7579737335834896
1044,414,1458,0.7160493827160493
212,217,429,0.49417249417249415
2584,147,2731,0.9461735627975101
1313,204,1517,0.8655240606460118
413,98,511,0.8082191780821918
1349,177,1526,0.8840104849279161
1320,157,1477,0.8937034529451591
373,99,472,0.7902542372881356
1073,401,1474,0.7279511533242876
2345,69,2414,0.9714167357083678
389,55,444,0.8761261261261262
1317,228,1545,0.8524271844660194
1017,379,1396,0.7285100286532952
381,48,429,0.8881118881118881
212,183,395,0.5367088607594936
4092,45,4137,0.9891225525743292
4083,84,4167,0.9798416126709864
181,204,385,0.4701298701298701
1082,379,1461,0.7405886379192334
181,207,388,0.46649484536082475
4092,28,4120,0.9932038834951457
1314,187,1501,0.8754163890739507
1351,145,1496,0.9030748663101604
1044,462,1506,0.6932270916334662
200,183,383,0.5221932114882507
181,230,411,0.44038929440389296
373,74,447,0.8344519015659956
4078,87,4165,0.9791116446578632
1314,261,1575,0.8342857142857143
1315,130,1445,0.9100346020761245
191,181,372,0.5134408602150538
181,113,294,0.6156462585034014
4076,165,4241,0.9610940815845319
209,167,376,0.5558510638297872
2584,136,2720,0.95
398,103,501,0.7944111776447106
1039,401,1440,0.7215277777777778
194,174,368,0.5271739130434783
1121,673,1794,0.624860646599777
130,163,293,0.44368600682593856
212,179,391,0.5421994884910486
2584,141,2725,0.948256880733945
375,66,441,0.8503401360544217
383,60,443,0.8645598194130926
442,124,566,0.7809187279151943
1352,69,1421,0.9514426460239268
4089,45,4134,0.9891146589259797
128,205,333,0.3843843843843844
215,217,432,0.4976851851851852
1118,396,1514,0.7384412153236459
1109,390,1499,0.7398265510340227
975,442,1417,0.6880733944954128
4088,76,4164,0.9817483189241114
1316,261,1577,0.8344958782498415
181,257,438,0.4132420091324201
181,115,296,0.6114864864864865
403,114,517,0.7794970986460348
4145,165,4310,0.9617169373549884
1314,179,1493,0.8801071667782987
1398,83,1481,0.9439567859554355
999,477,1476,0.676829268292683
388,92,480,0.8083333333333333
385,75,460,0.8369565217391305
394,109,503,0.7833001988071571
398,89,487,0.8172484599589322
209,183,392,0.5331632653061225
206,187,393,0.5241730279898219
1066,403,1469,0.7256637168141593
181,121,302,0.5993377483443708
197,152,349,0.5644699140401146
181,120,301,0.6013289036544851
42,142,184,0.22826086956521738
389,114,503,0.7733598409542743
375,37,412,0.9101941747572816
1123,415,1538,0.7301690507152145
181,97,278,0.6510791366906474
1059,415,1474,0.7184531886024423
390,62,452,0.8628318584070797
1059,415,1474,0.7184531886024423
1037,421,1458,0.7112482853223594
200,211,411,0.48661800486618007
4083,92,4175,0.9779640718562874
4083,50,4133,0.9879022501814663
1352,70,1422,0.9507735583684951
380,66,446,0.852017937219731
1313,203,1516,0.8660949868073878
1069,623,1692,0.6317966903073287
1313,151,1464,0.8968579234972678
865,111,976,0.8862704918032787
407,93,500,0.814
4088,120,4208,0.9714828897338403
385,68,453,0.8498896247240618
996,418,1414,0.7043847241867044
1089,417,1506,0.7231075697211156
206,211,417,0.4940047961630695
1312,197,1509,0.8694499668654738
885,94,979,0.9039836567926456
209,162,371,0.5633423180592992
4091,40,4131,0.990317114500121
1120,391,1511,0.7412309728656519
1044,396,1440,0.725
4093,55,4148,0.9867405978784957
203,158,361,0.5623268698060941
914,108,1022,0.8943248532289628
390,118,508,0.7677165354330708
1520,119,1639,0.9273947528981086
395,92,487,0.811088295687885
394,86,480,0.8208333333333333
4096,59,4155,0.9858002406738868
4076,31,4107,0.9924519113708303
1100,400,1500,0.7333333333333333
181,221,402,0.4502487562189055
206,162,368,0.5597826086956522
374,102,476,0.7857142857142857
4105,55,4160,0.9867788461538461
4080,93,4173,0.9777138749101366
130,172,302,0.4304635761589404
1314,231,1545,0.8504854368932039
1101,375,1476,0.7459349593495935
1106,413,1519,0.728110599078341
375,94,469,0.7995735607675906
4078,41,4119,0.9900461277008983
4085,64,4149,0.9845745962882623
1045,415,1460,0.7157534246575342
1045,394,1439,0.7261987491313412
1059,378,1437,0.7369519832985386
1107,398,1505,0.7355481727574751
401,83,484,0.8285123966942148
1017,394,1411,0.7207654145995748
4076,121,4197,0.9711698832499405
191,162,353,0.5410764872521246
380,58,438,0.867579908675799
1018,396,1414,0.7199434229137199
871,134,1005,0.8666666666666667
414,85,499,0.8296593186372746
999,414,1413,0.7070063694267515
27,186,213,0.1267605633802817
1066,414,1480,0.7202702702702702
200,167,367,0.5449591280653951
206,161,367,0.5613079019073569
1082,419,1501,0.7208527648234511
181,162,343,0.5276967930029155
1130,468,1598,0.7071339173967459
386,63,449,0.8596881959910914
4082,83,4165,0.9800720288115247
206,183,389,0.5295629820051414
1099,393,1492,0.7365951742627346
1096,433,1529,0.7168083714846305
125,205,330,0.3787878787878788
40,153,193,0.20725388601036268
1046,442,1488,0.7029569892473119
1019,388,1407,0.7242359630419332
4077,176,4253,0.958617446508347
4082,43,4125,0.9895757575757576
1044,414,1458,0.7160493827160493
399,90,489,0.8159509202453987
209,167,376,0.5558510638297872
390,125,515,0.7572815533980582
1123,423,1546,0.7263906856403622
381,70,451,0.844789356984479
1010,383,1393,0.7250538406317301
388,54,442,0.8778280542986425
397,107,504,0.7876984126984127
1210,106,1316,0.9194528875379939
1018,411,1429,0.7123862841147656
1069,462,1531,0.6982364467668191
1030,429,1459,0.7059629883481837
1039,390,1429,0.7270818754373688
1351,137,1488,0.9079301075268817
4090,88,4178,0.9789372905696505
218,167,385,0.5662337662337662
4085,238,4323,0.9449456396021282
1017,394,1411,0.7207654145995748
379,73,452,0.838495575221239
1022,310,1332,0.7672672672672672
1218,387,1605,0.7588785046728972
1100,534,1634,0.6731946144430845
317,18,335,0.9462686567164179
4085,60,4145,0.985524728588661
379,89,468,0.8098290598290598
1120,397,1517,0.7382992748846408
444,93,537,0.8268156424581006
408,111,519,0.7861271676300579
1109,415,1524,0.7276902887139107
4082,43,4125,0.9895757575757576
1000,383,1383,0.7230657989877078
1053,411,1464,0.7192622950819673
1118,394,1512,0.7394179894179894
200,210,410,0.4878048780487805
975,394,1369,0.7121986851716582
402,91,493,0.8154158215010142
1088,434,1522,0.7148488830486203
1003,382,1385,0.7241877256317689
973,414,1387,0.7015140591204038
420,103,523,0.8030592734225621
1319,251,1570,0.8401273885350319
1025,392,1417,0.7233592095977417
1315,153,1468,0.8957765667574932
1053,411,1464,0.7192622950819673
435,75,510,0.8529411764705882
375,83,458,0.8187772925764192
200,181,381,0.5249343832020997
382,105,487,0.784394250513347
1009,395,1404,0.7186609686609686
1314,162,1476,0.8902439024390244
206,172,378,0.544973544973545
1227,397,1624,0.7555418719211823
4126,70,4196,0.9833174451858914
1219,417,1636,0.7451100244498777
375,63,438,0.8561643835616438
377,90,467,0.8072805139186295
1163,407,1570,0.740764331210191
1326,409,1735,0.7642651296829971
1261,373,1634,0.7717258261933905
374,60,434,0.8617511520737328
394,51,445,0.8853932584269663
91,16,107,0.8504672897196262
2524,90,2614,0.9655700076511095
200,217,417,0.47961630695443647
1217,395,1612,0.7549627791563276
165,217,382,0.4319371727748691
1066,421,1487,0.7168796234028245
52,188,240,0.21666666666666667
206,165,371,0.555256064690027
996,403,1399,0.7119370979270908
1087,383,1470,0.7394557823129252
203,152,355,0.571830985915493
4078,114,4192,0.9728053435114504
407,137,544,0.7481617647058824
1089,396,1485,0.7333333333333333
1237,435,1672,0.7398325358851675
4097,45,4142,0.9891356832448093
1234,376,1610,0.7664596273291926
161,204,365,0.4410958904109589
1101,390,1491,0.738430583501006
1089,396,1485,0.7333333333333333
1024,373,1397,0.7329992841803865
978,372,1350,0.7244444444444444
1160,400,1560,0.7435897435897436
1002,411,1413,0.7091295116772823
91,24,115,0.7913043478260869
1312,213,1525,0.860327868852459
382,80,462,0.8268398268398268
1045,378,1423,0.7343640196767393
10,179,189,0.05291005291005291
1292,379,1671,0.7731897067624177
1087,393,1480,0.7344594594594595
1165,373,1538,0.7574772431729518
391,106,497,0.7867203219315896
4111,65,4176,0.9844348659003831
1052,390,1442,0.7295423023578363
1180,406,1586,0.7440100882723834
1340,714,2054,0.6523855890944499
384,82,466,0.8240343347639485
1118,394,1512,0.7394179894179894
41,169,210,0.19523809523809524
197,163,360,0.5472222222222223
1315,147,1462,0.899452804377565
377,89,466,0.8090128755364807
1103,405,1508,0.7314323607427056
163,217,380,0.42894736842105263
999,414,1413,0.7070063694267515
1062,397,1459,0.7278958190541467
4092,36,4128,0.9912790697674418
203,187,390,0.5205128205128206
1019,388,1407,0.7242359630419332
4079,151,4230,0.9643026004728132
1066,459,1525,0.6990163934426229
1055,397,1452,0.7265840220385675
1101,379,1480,0.7439189189189189
120,12,132,0.9090909090909091
1021,396,1417,0.7205363443895554
1286,373,1659,0.7751657625075347
1025,415,1440,0.7118055555555556
1224,400,1624,0.7536945812807881
423,127,550,0.769090909090909
405,95,500,0.81
412,106,518,0.7953667953667953
1174,429,1603,0.7323767935121647
1199,413,1612,0.7437965260545906
1225,415,1640,0.7469512195121951
127,159,286,0.44405594405594406
4088,46,4134,0.9888727624576681
1249,398,1647,0.7583485124468731
4086,34,4120,0.9917475728155339
1025,421,1446,0.7088520055325035
1096,433,1529,0.7168083714846305
406,98,504,0.8055555555555556
406,100,506,0.8023715415019763
1121,447,1568,0.7149234693877551
1046,398,1444,0.724376731301939
1066,417,1483,0.7188132164531356
206,179,385,0.535064935064935
4072,36,4108,0.991236611489776
200,183,383,0.5221932114882507
1003,394,1397,0.717967072297781
4104,119,4223,0.9718209803457258
1223,438,1661,0.7363034316676701
978,421,1399,0.6990707648320229
1026,509,1535,0.6684039087947883
1000,416,1416,0.7062146892655368
1233,373,1606,0.7677459526774595
4073,31,4104,0.9924463937621832
1149,390,1539,0.746588693957115
1190,466,1656,0.7185990338164251
1314,251,1565,0.8396166134185303
459,387,846,0.5425531914893617
1136,396,1532,0.741514360313316
372,63,435,0.8551724137931035
374,47,421,0.8883610451306413
212,138,350,0.6057142857142858
604,649,1253,0.48204309656823624
403,102,505,0.7980198019801981
407,104,511,0.7964774951076321
203,167,370,0.5486486486486486
181,141,322,0.562111801242236
863,71,934,0.923982869379015
1101,638,1739,0.633122484186314
383,82,465,0.8236559139784946
1237,373,1610,0.7683229813664596
1169,511,1680,0.6958333333333333
404,148,552,0.7318840579710145
1223,434,1657,0.7380808690404346
209,217,426,0.49061032863849763
194,138,332,0.5843373493975904
1313,177,1490,0.8812080536912752
4083,100,4183,0.976093712646426
398,140,538,0.7397769516728625
4075,36,4111,0.9912430065677451
408,157,565,0.7221238938053097
1022,443,1465,0.6976109215017064
1128,375,1503,0.7504990019960079
370,52,422,0.8767772511848341
417,92,509,0.8192534381139489
401,106,507,0.7909270216962525
4079,46,4125,0.9888484848484849
1315,205,1520,0.8651315789473685
1995,50,2045,0.9755501222493888
1025,415,1440,0.7118055555555556
1152,383,1535,0.7504885993485342
163,202,365,0.4465753424657534
4075,43,4118,0.9895580378824672
389,76,465,0.8365591397849462
4087,140,4227,0.9668795836290514
4074,42,4116,0.9897959183673469
1031,397,1428,0.7219887955182073
1120,391,1511,0.7412309728656519
1335,570,1905,0.7007874015748031
996,378,1374,0.7248908296943232
376,75,451,0.8337028824833703
1066,403,1469,0.7256637168141593
1103,402,1505,0.7328903654485049
4131,51,4182,0.9878048780487805
1037,560,1597,0.6493425172197871
1044,396,1440,0.725
428,66,494,0.8663967611336032
1363,60,1423,0.9578355586788475
4083,28,4111,0.9931890051082461
385,66,451,0.8536585365853658
4086,27,4113,0.9934354485776805
1312,165,1477,0.8882870683818551
1227,401,1628,0.7536855036855037
371,76,447,0.8299776286353467
399,130,529,0.7542533081285444
370,73,443,0.835214446952596
371,57,428,0.866822429906542
443,95,538,0.8234200743494424
1069,400,1469,0.7277059223961879
4076,25,4101,0.9939039258717386
407,106,513,0.7933723196881092
429,97,526,0.8155893536121673
1296,169,1465,0.884641638225256
4084,73,4157,0.9824392590810681
1223,438,1661,0.7363034316676701
181,112,293,0.6177474402730375
209,217,426,0.49061032863849763
1037,418,1455,0.7127147766323024
1135,416,1551,0.731785944551902
181,66,247,0.7327935222672065
402,98,500,0.804
405,81,486,0.8333333333333334
878,115,993,0.8841893252769386
863,71,934,0.923982869379015
209,144,353,0.5920679886685553
1340,519,1859,0.7208176438945669
1320,264,1584,0.8333333333333334
4106,51,4157,0.9877315371662256
380,68,448,0.8482142857142857
1106,414,1520,0.7276315789473684
127,169,296,0.42905405405405406
376,54,430,0.8744186046511628
372,81,453,0.8211920529801324
1073,375,1448,0.7410220994475138
1121,643,1764,0.6354875283446711
1089,396,1485,0.7333333333333333
1317,210,1527,0.862475442043222
4073,84,4157,0.9797931200384893
209,223,432,0.4837962962962963
1219,375,1594,0.7647427854454203
4081,27,4108,0.9934274586173321
91,16,107,0.8504672897196262
1152,376,1528,0.7539267015706806
191,223,414,0.4613526570048309
4080,63,4143,0.9847936278059377
4088,33,4121,0.9919922348944431
1087,396,1483,0.7329737019554956
1130,396,1526,0.7404980340760158
951,675,1626,0.584870848708487
206,217,423,0.48699763593380613
203,194,397,0.5113350125944585
91,16,107,0.8504672897196262
1046,442,1488,0.7029569892473119
4080,33,4113,0.9919766593727206
2662,140,2802,0.9500356887937188
1313,183,1496,0.8776737967914439
378,60,438,0.863013698630137
371,59,430,0.8627906976744186
386,73,459,0.840958605664488
377,95,472,0.798728813559322
375,70,445,0.8426966292134831
194,217,411,0.4720194647201946
4084,63,4147,0.9848082951531227
309,18,327,0.944954128440367
1174,394,1568,0.7487244897959183
197,144,341,0.5777126099706745
395,105,500,0.79
206,217,423,0.48699763593380613
323,18,341,0.9472140762463344
983,394,1377,0.7138707334785767
404,92,496,0.8145161290322581
406,99,505,0.803960396039604
181,167,348,0.5201149425287356
389,100,489,0.7955010224948875
996,384,1380,0.7217391304347827
1312,212,1524,0.8608923884514436
4072,39,4111,0.9905132571150571
435,89,524,0.8301526717557252
1000,383,1383,0.7230657989877078
1084,415,1499,0.723148765843896
4097,41,4138,0.9900918318028032
408,89,497,0.8209255533199196
402,92,494,0.8137651821862348
4078,58,4136,0.9859767891682786
206,183,389,0.5295629820051414
4085,46,4131,0.9888646816751392
1088,448,1536,0.7083333333333334
382,93,475,0.8042105263157895
4078,41,4119,0.9900461277008983
1278,385,1663,0.7684906794948888
1112,418,1530,0.726797385620915
1136,559,1695,0.6702064896755162
1871,75,1946,0.961459403905447
4089,35,4124,0.9915130940834141
373,82,455,0.8197802197802198
4108,65,4173,0.9844236760124611
1223,395,1618,0.7558714462299134
410,107,517,0.793036750483559
1035,68,1103,0.9383499546690843
159,192,351,0.452991452991453
2584,147,2731,0.9461735627975101
1019,396,1415,0.7201413427561838
2211,35,2246,0.9844167408726625
1031,397,1428,0.7219887955182073
4109,66,4175,0.984191616766467
1010,406,1416,0.713276836158192
1252,375,1627,0.7695144437615242
1316,198,1514,0.869220607661823
450,108,558,0.8064516129032258
378,88,466,0.8111587982832618
395,36,431,0.9164733178654292
212,162,374,0.5668449197860963
1002,417,1419,0.7061310782241015
1110,390,1500,0.74
2487,57,2544,0.9775943396226415
409,120,529,0.7731568998109641
1039,396,1435,0.7240418118466899
385,61,446,0.8632286995515696
1122,43,1165,0.9630901287553648
1044,397,1441,0.7244968771686329
394,101,495,0.795959595959596
40,161,201,0.19900497512437812
1101,418,1519,0.7248189598420013
197,217,414,0.4758454106280193
1058,419,1477,0.7163168584969533
1084,411,1495,0.7250836120401338
1116,396,1512,0.7380952380952381
1037,414,1451,0.7146795313576844
394,74,468,0.8418803418803419
1038,437,1475,0.703728813559322
1003,520,1523,0.6585686145764937
408,89,497,0.8209255533199196
397,109,506,0.7845849802371542
1041,405,1446,0.7199170124481328
427,94,521,0.8195777351247601
721,120,841,0.8573127229488704
1065,406,1471,0.7239972807613868
4088,111,4199,0.9735651345558466
398,113,511,0.7788649706457925
197,162,359,0.5487465181058496
1024,437,1461,0.7008898015058179
461,103,564,0.8173758865248227
4081,112,4193,0.9732888146911519
203,162,365,0.5561643835616439
378,77,455,0.8307692307692308
203,158,361,0.5623268698060941
4080,58,4138,0.985983566940551
1014,401,1415,0.7166077738515901
4080,79,4159,0.9810050492906949
335,18,353,0.9490084985835694
379,79,458,0.8275109170305677
1314,198,1512,0.8690476190476191
983,401,1384,0.7102601156069365
181,144,325,0.556923076923077
1015,406,1421,0.7142857142857143
381,66,447,0.8523489932885906
181,154,335,0.5402985074626866
1026,935,1961,0.5232024477307496
1057,440,1497,0.7060788243152972
418,107,525,0.7961904761904762
1165,387,1552,0.7506443298969072
383,84,467,0.8201284796573876
161,192,353,0.45609065155807366
412,104,516,0.7984496124031008
1314,139,1453,0.9043358568479009
12,204,216,0.05555555555555555
420,98,518,0.8108108108108109
1112,392,1504,0.7393617021276596
1038,397,1435,0.7233449477351916
994,429,1423,0.6985242445537596
1014,84,1098,0.9234972677595629
1007,397,1404,0.7172364672364673
1027,385,1412,0.7273371104815864
1118,399,1517,0.7369808833223468
209,183,392,0.5331632653061225
1116,396,1512,0.7380952380952381
405,65,470,0.8617021276595744
4087,39,4126,0.9905477460009695
1062,394,1456,0.7293956043956044
400,106,506,0.7905138339920948
393,99,492,0.7987804878048781
999,396,1395,0.7161290322580646
384,67,451,0.8514412416851441
1030,417,1447,0.7118175535590877
200,179,379,0.5277044854881267
1090,363,1453,0.7501720578114246
373,89,462,0.8073593073593074
4081,91,4172,0.9781879194630873
1012,375,1387,0.7296322999279019
1110,379,1489,0.7454667562122229
395,43,438,0.9018264840182648
1298,376,1674,0.7753882915173238
407,132,539,0.7551020408163265
314,18,332,0.9457831325301205
1032,397,1429,0.722183344996501
1695,91,1786,0.9490481522956327
1066,399,1465,0.7276450511945393
1298,523,1821,0.7127951674903898
1003,417,1420,0.706338028169014
2501,49,2550,0.9807843137254902
1203,415,1618,0.7435105067985167
1036,389,1425,0.7270175438596491
181,95,276,0.6557971014492754
1030,429,1459,0.7059629883481837
1136,432,1568,0.7244897959183674
1954,106,2060,0.9485436893203884
1027,421,1448,0.7092541436464088
426,91,517,0.8239845261121856
1136,82,1218,0.9326765188834154
1007,373,1380,0.7297101449275363
4082,34,4116,0.9917395529640428
404,108,512,0.7890625
1018,430,1448,0.7030386740331491
1076,395,1471,0.7314751869476547
2051,108,2159,0.9499768411301528
430,104,534,0.8052434456928839
1252,390,1642,0.7624847746650426
1055,413,1468,0.7186648501362398
4091,37,4128,0.9910368217054264
377,48,425,0.8870588235294118
1160,62,1222,0.9492635024549918
4098,41,4139,0.9900942256583716
1028,397,1425,0.7214035087719298
385,84,469,0.8208955223880597
977,393,1370,0.7131386861313869
406,86,492,0.8252032520325203
1078,417,1495,0.7210702341137124
1002,429,1431,0.70020964360587
2846,68,2914,0.9766643788606726
400,82,482,0.8298755186721992
377,68,445,0.8471910112359551
1065,413,1478,0.7205683355886333
392,106,498,0.7871485943775101
1071,411,1482,0.7226720647773279
1007,397,1404,0.7172364672364673
1278,405,1683,0.7593582887700535
1050,396,1446,0.7261410788381742
1311,164,1475,0.8888135593220339
25,165,190,0.13157894736842105
1062,470,1532,0.6932114882506527
1019,375,1394,0.7309899569583931
1315,204,1519,0.8657011191573404
203,217,420,0.48333333333333334
992,416,1408,0.7045454545454546
400,96,496,0.8064516129032258
429,84,513,0.8362573099415205
2059,171,2230,0.9233183856502242
4098,65,4163,0.9843862599087196
721,120,841,0.8573127229488704
4082,71,4153,0.9829039248735854
1495,85,1580,0.9462025316455697
1065,433,1498,0.7109479305740988
1079,462,1541,0.700194678780013
4081,47,4128,0.9886143410852714
1041,429,1470,0.7081632653061225
1216,81,1297,0.9375481881264457
375,58,433,0.8660508083140878
1004,477,1481,0.6779203241053342
410,115,525,0.780952380952381
1363,375,1738,0.784234752589183
1016,399,1415,0.7180212014134275
1351,165,1516,0.8911609498680739
395,76,471,0.8386411889596603
1712,104,1816,0.9427312775330396
209,223,432,0.4837962962962963
191,174,365,0.5232876712328767
1090,411,1501,0.72618254497002
161,192,353,0.45609065155807366
4090,88,4178,0.9789372905696505
1035,68,1103,0.9383499546690843
1313,167,1480,0.8871621621621621
375,77,452,0.8296460176991151
1116,421,1537,0.7260897852960312
787,85,872,0.9025229357798165
1108,414,1522,0.7279894875164258
327,18,345,0.9478260869565217
1055,448,1503,0.7019294743845642
984,396,1380,0.7130434782608696
1465,99,1564,0.9367007672634271
976,375,1351,0.7224278312361214
181,123,304,0.5953947368421053
1116,406,1522,0.7332457293035479
4143,36,4179,0.9913854989231874
1437,82,1519,0.946017116524029
407,90,497,0.8189134808853119
1049,411,1460,0.7184931506849315
2341,46,2387,0.980728948470884
4084,29,4113,0.9929491855093605
384,87,471,0.8152866242038217
1080,559,1639,0.6589383770591825
407,96,503,0.8091451292246521
4077,34,4111,0.9917295062028704
453,53,506,0.8952569169960475
381,93,474,0.8037974683544303
1164,414,1578,0.7376425855513308
1010,419,1429,0.7067879636109167
1014,429,1443,0.7027027027027027
2008,50,2058,0.9757045675413022
384,67,451,0.8514412416851441
1014,419,1433,0.7076064200976971
1024,428,1452,0.7052341597796143
4098,43,4141,0.9896160347742091
1118,415,1533,0.7292889758643183
1190,53,1243,0.9573612228479486
403,86,489,0.8241308793456033
1065,406,1471,0.7239972807613868
1065,447,1512,0.7043650793650794
1065,474,1539,0.6920077972709552
999,418,1417,0.7050105857445307
1795,122,1917,0.936358894105373
1037,386,1423,0.7287420941672523
1036,418,1454,0.7125171939477304
395,95,490,0.8061224489795918
3683,47,3730,0.9873994638069705
1084,445,1529,0.7089601046435579
1090,554,1644,0.6630170316301703
1819,69,1888,0.9634533898305084
998,429,1427,0.6993693062368606
2014,71,2085,0.965947242206235
385,102,487,0.7905544147843943
4081,48,4129,0.988374909178978
2248,69,2317,0.9702201122140699
200,162,362,0.5524861878453039
406,90,496,0.8185483870967742
4074,44,4118,0.9893152015541525
46,233,279,0.16487455197132617
1318,198,1516,0.8693931398416886
237,14,251,0.9442231075697212
1354,148,1502,0.9014647137150466
1054,589,1643,0.6415094339622641
374,59,433,0.8637413394919169
1079,515,1594,0.676913425345044
4077,37,4114,0.9910063198833252
4087,84,4171,0.9798609446175977
395,101,496,0.7963709677419355
1727,129,1856,0.9304956896551724
1018,442,1460,0.6972602739726027
29,177,206,0.1407766990291262
421,81,502,0.8386454183266933
1122,427,1549,0.724338282763073
1315,160,1475,0.8915254237288136
4080,53,4133,0.9871763851923542
895,100,995,0.8994974874371859
403,132,535,0.7532710280373832
1066,429,1495,0.7130434782608696
392,94,486,0.8065843621399177
399,127,526,0.7585551330798479
408,89,497,0.8209255533199196
1007,405,1412,0.7131728045325779
2855,47,2902,0.9838042729152309
400,118,518,0.7722007722007722
976,384,1360,0.7176470588235294
977,368,1345,0.7263940520446097
1118,531,1649,0.6779866585809582
120,11,131,0.916030534351145
1135,377,1512,0.7506613756613757
1096,523,1619,0.6769610870907968
2605,91,2696,0.966246290801187
372,77,449,0.8285077951002228
194,183,377,0.5145888594164456
1023,421,1444,0.7084487534626038
411,162,573,0.7172774869109948
1079,44,1123,0.9608192341941229
393,146,539,0.7291280148423006
429,87,516,0.8313953488372093
3072,99,3171,0.9687795648060549
409,143,552,0.7409420289855072
1299,43,1342,0.9679582712369598
1049,398,1447,0.7249481686247409
4086,757,4843,0.8436919264918439
419,147,566,0.7402826855123675
1062,406,1468,0.723433242506812
91,24,115,0.7913043478260869
378,76,454,0.8325991189427313
1018,397,1415,0.719434628975265
4073,40,4113,0.9902747386336008
1057,413,1470,0.719047619047619
375,70,445,0.8426966292134831
1010,391,1401,0.7209136331192005
1016,397,1413,0.719037508846426
2321,74,2395,0.9691022964509395
4075,38,4113,0.9907610017019207
397,88,485,0.8185567010309278
1050,396,1446,0.7261410788381742
1118,415,1533,0.7292889758643183
1077,51,1128,0.9547872340425532
1164,414,1578,0.7376425855513308
1591,96,1687,0.943094250148192
1147,392,1539,0.7452891487979207
408,96,504,0.8095238095238095
388,49,437,0.8878718535469108
382,65,447,0.854586129753915
1995,56,2051,0.9726962457337884
1079,422,1501,0.7188540972684877
1090,411,1501,0.72618254497002
403,100,503,0.8011928429423459
1215,33,1248,0.9735576923076923
395,88,483,0.8178053830227743
387,60,447,0.8657718120805369
2346,93,2439,0.9618696186961869
1047,414,1461,0.7166324435318275
1110,379,1489,0.7454667562122229
374,66,440,0.85
379,86,465,0.8150537634408602
4125,41,4166,0.9901584253480556
370,70,440,0.8409090909090909
1025,421,1446,0.7088520055325035
181,101,282,0.6418439716312057
1128,377,1505,0.7495016611295681
405,79,484,0.8367768595041323
1337,96,1433,0.9330076762037683
994,468,1462,0.679890560875513
1112,418,1530,0.726797385620915
389,91,480,0.8104166666666667
1128,363,1491,0.7565392354124748
1065,527,1592,0.6689698492462312
4156,71,4227,0.983203217411876
440,82,522,0.842911877394636
1018,387,1405,0.7245551601423488
203,217,420,0.48333333333333334
237,14,251,0.9442231075697212
418,94,512,0.81640625
1252,375,1627,0.7695144437615242
992,416,1408,0.7045454545454546
1086,396,1482,0.7327935222672065
1044,428,1472,0.7092391304347826
4081,46,4127,0.9888538890235038
4105,57,4162,0.986304661220567
1313,135,1448,0.9067679558011049
2683,27,2710,0.9900369003690037
10,143,153,0.06535947712418301
1076,395,1471,0.7314751869476547
381,35,416,0.9158653846153846
4074,40,4114,0.9902771025765679
398,118,516,0.7713178294573644
378,83,461,0.8199566160520607
10,140,150,0.06666666666666667
975,417,1392,0.7004310344827587
1190,425,1615,0.7368421052631579
400,82,482,0.8298755186721992
197,217,414,0.4758454106280193
4089,42,4131,0.9898329702251271
4081,48,4129,0.988374909178978
1030,432,1462,0.7045143638850889
406,102,508,0.7992125984251969
1063,383,1446,0.7351313969571232
401,102,503,0.7972166998011928
428,101,529,0.8090737240075614
1352,230,1582,0.854614412136536
4074,67,4141,0.9838203332528375
1062,565,1627,0.6527350952673633
1041,396,1437,0.7244258872651357
412,89,501,0.8223552894211577
1316,43,1359,0.9683590875643856
1155,432,1587,0.7277882797731569
2858,124,2982,0.9584171696847753
432,89,521,0.8291746641074856
34,136,170,0.2
977,478,1455,0.6714776632302405
422,84,506,0.83399209486166
2554,72,2626,0.9725818735719726
1464,77,1541,0.9500324464633355
181,161,342,0.5292397660818714
2584,104,2688,0.9613095238095238
1054,449,1503,0.7012641383898869
402,102,504,0.7976190476190477
395,81,476,0.8298319327731093
386,91,477,0.8092243186582809
4075,59,4134,0.9857281083696178
1055,429,1484,0.7109164420485176
1142,413,1555,0.7344051446945338
4090,120,4210,0.9714964370546318
4073,39,4112,0.9905155642023347
1388,62,1450,0.9572413793103448
383,88,471,0.8131634819532909
1124,399,1523,0.7380170715692712
371,49,420,0.8833333333333333
1314,187,1501,0.8754163890739507
327,18,345,0.9478260869565217
1096,363,1459,0.7511994516792323
1082,386,1468,0.7370572207084468
4080,70,4150,0.983132530120482
371,72,443,0.837471783295711
4135,52,4187,0.9875806066395988
4078,38,4116,0.9907677356656949
4080,328,4408,0.925589836660617
778,81,859,0.9057043073341094
4073,32,4105,0.992204628501827
4075,44,4119,0.9893177955814518
1014,419,1433,0.7076064200976971
783,53,836,0.9366028708133971
403,91,494,0.8157894736842105
387,66,453,0.8543046357615894
1090,363,1453,0.7501720578114246
4074,50,4124,0.9878758486905916
1034,437,1471,0.7029231815091774
1118,507,1625,0.688
1457,84,1541,0.945489941596366
1043,412,1455,0.7168384879725086
1688,44,1732,0.9745958429561201
918,575,1493,0.6148693904889484
4085,36,4121,0.9912642562484834
4090,46,4136,0.9888781431334622
1090,514,1604,0.6795511221945137
1073,426,1499,0.7158105403602402
407,142,549,0.7413479052823315
1096,513,1609,0.6811684275947794
4122,25,4147,0.9939715456956836
2285,44,2329,0.9811077715757835
4082,45,4127,0.9890961957838623
4077,57,4134,0.9862119013062409
1018,82,1100,0.9254545454545454
403,116,519,0.7764932562620424
390,96,486,0.8024691358024691
4074,37,4111,0.9909997567501825
370,92,462,0.8008658008658008
4081,27,4108,0.9934274586173321
4076,41,4117,0.9900412922030605
377,79,456,0.8267543859649122
393,88,481,0.817047817047817
1057,539,1596,0.6622807017543859
4108,75,4183,0.9820702844848195
2300,66,2366,0.9721048182586645
1943,61,2004,0.969560878243513
224,188,412,0.5436893203883495
4089,72,4161,0.9826964671953857
2478,127,2605,0.9512476007677543
247,14,261,0.946360153256705
1099,501,1600,0.686875
977,403,1380,0.7079710144927536
1591,80,1671,0.9521244763614602
1116,406,1522,0.7332457293035479
1116,429,1545,0.7223300970873786
380,77,457,0.8315098468271335
383,75,458,0.8362445414847162
404,78,482,0.8381742738589212
1082,386,1468,0.7370572207084468
404,108,512,0.7890625
1109,412,1521,0.7291255752794215
2348,95,2443,0.9611133851821531
203,217,420,0.48333333333333334
1624,30,1654,0.9818621523579202
1088,453,1541,0.7060350421804024
1116,399,1515,0.7366336633663366
918,393,1311,0.700228832951945
4080,51,4131,0.9876543209876543
1549,71,1620,0.9561728395061728
1457,69,1526,0.95478374836173
4085,49,4134,0.9881470730527334
2502,96,2598,0.9630484988452656
399,101,500,0.798
1147,85,1232,0.9310064935064936
4083,28,4111,0.9931890051082461
128,180,308,0.4155844155844156
1019,452,1471,0.6927260367097213
400,154,554,0.7220216606498195
1004,632,1636,0.6136919315403423
1050,396,1446,0.7261410788381742
388,119,507,0.7652859960552268
4082,54,4136,0.9869439071566731
406,124,530,0.7660377358490567
1349,206,1555,0.867524115755627
374,86,460,0.8130434782608695
1027,396,1423,0.7217146872803936
1008,392,1400,0.72
4086,33,4119,0.9919883466860888
1119,413,1532,0.7304177545691906
412,89,501,0.8223552894211577
2430,89,2519,0.9646685192536721
401,87,488,0.8217213114754098
1049,375,1424,0.7366573033707865
1108,414,1522,0.7279894875164258
393,99,492,0.7987804878048781
401,114,515,0.7786407766990291
3158,50,3208,0.9844139650872819
382,77,459,0.8322440087145969
181,101,282,0.6418439716312057
1866,101,1967,0.9486527707168276
399,117,516,0.7732558139534884
404,146,550,0.7345454545454545
120,12,132,0.9090909090909091
1317,131,1448,0.9095303867403315
4073,30,4103,0.9926882768705825
401,119,520,0.7711538461538462
1101,375,1476,0.7459349593495935
1276,81,1357,0.9403095062638173
382,63,445,0.8584269662921349
901,89,990,0.9101010101010101
1066,429,1495,0.7130434782608696
4069,41,4110,0.9900243309002433
200,174,374,0.5347593582887701
2603,56,2659,0.978939450921399
4115,64,4179,0.9846853314189997
397,97,494,0.8036437246963563
424,94,518,0.8185328185328186
1056,413,1469,0.718856364874064
247,14,261,0.946360153256705
1010,464,1474,0.6852103120759837
1077,459,1536,0.701171875
1073,669,1742,0.6159586681974741
412,107,519,0.7938342967244701
379,63,442,0.8574660633484162
377,110,487,0.7741273100616016
407,108,515,0.7902912621359224
313,18,331,0.945619335347432
703,105,808,0.870049504950495
723,40,763,0.9475753604193972
387,86,473,0.8181818181818182
2584,137,2721,0.9496508636530687
4077,168,4245,0.9604240282685512
406,87,493,0.8235294117647058
1087,459,1546,0.703104786545925
657,89,746,0.8806970509383378
1043,412,1455,0.7168384879725086
309,18,327,0.944954128440367
410,135,545,0.7522935779816514
2159,95,2254,0.9578527062999113
2631,141,2772,0.9491341991341992
394,93,487,0.8090349075975359
1070,431,1501,0.7128580946035976
1326,224,1550,0.8554838709677419
1730,50,1780,0.9719101123595506
370,48,418,0.8851674641148325
409,166,575,0.711304347826087
397,88,485,0.8185567010309278
369,65,434,0.8502304147465438
4088,73,4161,0.9824561403508771
425,107,532,0.7988721804511278
922,55,977,0.9437052200614124
120,12,132,0.9090909090909091
412,113,525,0.7847619047619048
393,131,524,0.75
372,76,448,0.8303571428571429
387,106,493,0.7849898580121704
976,40,1016,0.9606299212598425
4075,28,4103,0.9931757250792104
1038,479,1517,0.6842452208305867
4029,50,4079,0.9877420936504046
373,76,449,0.8307349665924276
1478,116,1594,0.9272271016311167
425,83,508,0.8366141732283464
2000,63,2063,0.9694619486185168
1313,158,1471,0.8925900747790618
373,74,447,0.8344519015659956
1094,411,1505,0.7269102990033223
386,48,434,0.8894009216589862
4090,131,4221,0.9689647003079839
1190,453,1643,0.7242848447961047
1099,427,1526,0.7201834862385321
382,68,450,0.8488888888888889
120,11,131,0.916030534351145
1013,375,1388,0.7298270893371758
1000,375,1375,0.7272727272727273
4077,98,4175,0.9765269461077845
404,84,488,0.8278688524590164
659,47,706,0.93342776203966
423,97,520,0.8134615384615385
1704,101,1805,0.9440443213296399
405,96,501,0.8083832335329342
4079,29,4108,0.9929406037000974
2871,103,2974,0.9653665097511769
412,95,507,0.8126232741617357
1064,384,1448,0.7348066298342542
993,427,1420,0.6992957746478873
2410,99,2509,0.9605420486249502
918,393,1311,0.700228832951945
412,94,506,0.8142292490118577
203,217,420,0.48333333333333334
393,98,491,0.8004073319755601
1114,396,1510,0.7377483443708609
1161,409,1570,0.7394904458598726
406,90,496,0.8185483870967742
1958,72,2030,0.9645320197044335
1043,419,1462,0.713406292749658
237,14,251,0.9442231075697212
1557,56,1613,0.9652820830750155
1062,44,1106,0.9602169981916817
1082,506,1588,0.681360201511335
372,47,419,0.8878281622911695
382,80,462,0.8268398268398268
371,76,447,0.8299776286353467
1097,397,1494,0.7342704149933066
1054,394,1448,0.7279005524861878
485,91,576,0.8420138888888888
39,132,171,0.22807017543859648
371,93,464,0.7995689655172413
401,88,489,0.820040899795501
4085,42,4127,0.9898231160649382
1060,56,1116,0.9498207885304659
165,217,382,0.4319371727748691
374,63,437,0.8558352402745996
4071,45,4116,0.989067055393586
397,126,523,0.7590822179732314
1300,373,1673,0.7770472205618649
1043,422,1465,0.7119453924914676
1130,80,1210,0.9338842975206612
1079,426,1505,0.7169435215946844
4089,64,4153,0.9845894534071755
7650,102,7752,0.9868421052631579
2594,111,2705,0.9589648798521256
1430,52,1482,0.9649122807017544
4076,31,4107,0.9924519113708303
2277,107,2384,0.9551174496644296
401,109,510,0.7862745098039216
1008,400,1408,0.7159090909090909
659,47,706,0.93342776203966
417,139,556,0.75
1101,391,1492,0.7379356568364611
4079,38,4117,0.9907699781394219
1102,418,1520,0.725
1034,425,1459,0.7087045921864291
4076,60,4136,0.9854932301740812
381,71,452,0.8429203539823009
408,98,506,0.8063241106719368
1082,386,1468,0.7370572207084468
401,90,491,0.8167006109979633
398,108,506,0.7865612648221344
411,88,499,0.8236472945891784
181,121,302,0.5993377483443708
1017,405,1422,0.7151898734177216
389,88,477,0.8155136268343816
395,111,506,0.7806324110671937
994,433,1427,0.6965662228451296
2319,72,2391,0.9698870765370138
4122,52,4174,0.9875419262098706
1040,400,1440,0.7222222222222222
1041,391,1432,0.7269553072625698
1112,94,1206,0.9220563847429519
397,122,519,0.7649325626204239
237,14,251,0.9442231075697212
1019,386,1405,0.7252669039145907
408,97,505,0.807920792079208
4095,56,4151,0.9865092748735245
1238,400,1638,0.7557997557997558
2496,49,2545,0.980746561886051
379,81,460,0.8239130434782609
4088,70,4158,0.9831649831649831
388,101,489,0.7934560327198364
1318,242,1560,0.8448717948717949
993,401,1394,0.712338593974175
988,417,1405,0.703202846975089
2050,36,2086,0.9827420901246404
448,86,534,0.8389513108614233
2055,84,2139,0.9607293127629734
392,42,434,0.9032258064516129
369,60,429,0.8601398601398601
1040,35,1075,0.9674418604651163
401,97,498,0.8052208835341366
424,200,624,0.6794871794871795
1018,375,1393,0.7307968413496052
13,124,137,0.0948905109489051
1313,210,1523,0.8621142481943532
394,139,533,0.7392120075046904
1673,83,1756,0.9527334851936219
4078,46,4124,0.9888457807953444
1001,432,1433,0.6985345429169574
1084,396,1480,0.7324324324324324
1170,43,1213,0.964550700741962
390,89,479,0.81419624217119
1046,429,1475,0.7091525423728814
4085,36,4121,0.9912642562484834
4075,49,4124,0.9881183317167799
4074,55,4129,0.9866795834342456
386,77,463,0.8336933045356372
1087,429,1516,0.7170184696569921
1042,568,1610,0.6472049689440994
375,107,482,0.7780082987551867
4143,74,4217,0.9824519800806261
4105,132,4237,0.9688458815199433
390,94,484,0.8057851239669421
430,95,525,0.819047619047619
400,127,527,0.7590132827324478
385,75,460,0.8369565217391305
1342,58,1400,0.9585714285714285
4085,52,4137,0.9874305051970027
1047,443,1490,0.7026845637583893
410,118,528,0.7765151515151515
1101,385,1486,0.7409152086137282
1741,73,1814,0.9597574421168688
397,111,508,0.781496062992126
398,93,491,0.8105906313645621
1458,59,1517,0.9611074489123269
2613,85,2698,0.9684951816160119
412,81,493,0.8356997971602435
1988,86,2074,0.9585342333654774
375,96,471,0.7961783439490446
448,95,543,0.8250460405156538
4081,30,4111,0.9927025054731209
304,18,322,0.9440993788819876
1321,234,1555,0.8495176848874598
1311,219,1530,0.8568627450980392
1185,523,1708,0.6937939110070258
387,74,461,0.8394793926247288
3145,25,3170,0.9921135646687698
4096,54,4150,0.9869879518072289
1064,429,1493,0.7126590756865372
1024,77,1101,0.9300635785649409
4075,38,4113,0.9907610017019207
1117,390,1507,0.7412076974120769
445,90,535,0.8317757009345794
394,86,480,0.8208333333333333
1013,477,1490,0.6798657718120805
4090,97,4187,0.9768330546930977
1999,63,2062,0.969447138700291
385,74,459,0.8387799564270153
1421,75,1496,0.9498663101604278
1313,200,1513,0.8678122934567085
4082,104,4186,0.9751552795031055
4080,38,4118,0.9907722195240408
979,396,1375,0.712
4079,37,4116,0.9910106899902819
382,83,465,0.821505376344086
4091,33,4124,0.9919980601357905
411,120,531,0.7740112994350282
1137,383,1520,0.7480263157894737
1057,434,1491,0.7089201877934272
440,95,535,0.822429906542056
404,115,519,0.7784200385356455
4093,59,4152,0.9857899807321773
997,517,1514,0.6585204755614267
203,162,365,0.5561643835616439
422,139,561,0.7522281639928698
410,86,496,0.8266129032258065
1328,60,1388,0.9567723342939481
1159,414,1573,0.736808645899555
1196,418,1614,0.7410161090458488
1017,405,1422,0.7151898734177216
310,18,328,0.9451219512195121
4089,57,4146,0.9862518089725036
1008,414,1422,0.7088607594936709
4082,98,4180,0.976555023923445
1039,397,1436,0.7235376044568245
4077,51,4128,0.9876453488372093
379,68,447,0.8478747203579419
1436,50,1486,0.9663526244952894
1021,391,1412,0.7230878186968839
1009,442,1451,0.6953824948311509
4088,218,4306,0.9493729679516953
383,91,474,0.8080168776371308
984,396,1380,0.7130434782608696
1046,429,1475,0.7091525423728814
383,67,450,0.8511111111111112
1054,399,1453,0.7253957329662767
386,74,460,0.8391304347826087
4084,61,4145,0.9852834740651387
390,95,485,0.8041237113402062
381,51,432,0.8819444444444444
4076,35,4111,0.9914862563853077
419,97,516,0.812015503875969
1495,124,1619,0.9234095120444719
161,223,384,0.4192708333333333
434,82,516,0.8410852713178295
2584,163,2747,0.9406625409537678
4082,154,4236,0.9636449480642115
399,109,508,0.7854330708661418
411,100,511,0.8043052837573386
1079,391,1470,0.7340136054421769
1000,544,1544,0.6476683937823834
1177,413,1590,0.740251572327044
1064,383,1447,0.7353144436765722
388,103,491,0.790224032586558
2467,69,2536,0.9727917981072555
181,130,311,0.5819935691318328
1031,600,1631,0.6321275291232373
1194,598,1792,0.6662946428571429
307,18,325,0.9446153846153846
4086,59,4145,0.9857659831121833
1285,95,1380,0.9311594202898551
1019,396,1415,0.7201413427561838
402,99,501,0.8023952095808383
3102,77,3179,0.9757785467128027
1054,393,1447,0.728403593642018
1097,427,1524,0.7198162729658792
1160,74,1234,0.940032414910859
4086,53,4139,0.9871949746315535
1020,405,1425,0.7157894736842105
1116,436,1552,0.7190721649484536
1008,414,1422,0.7088607594936709
2584,137,2721,0.9496508636530687
399,89,488,0.8176229508196722
1319,129,1448,0.9109116022099447
397,105,502,0.7908366533864541
1081,385,1466,0.737380627557981
4072,37,4109,0.9909953760038939
4087,28,4115,0.9931956257594168
1315,205,1520,0.8651315789473685
1313,142,1455,0.902405498281787
2584,143,2727,0.9475614228089475
4108,47,4155,0.9886883273164861
163,205,368,0.4429347826086957
1064,96,1160,0.9172413793103448
165,173,338,0.4881656804733728
4075,31,4106,0.9924500730638091
996,418,1414,0.7043847241867044
4088,33,4121,0.9919922348944431
1002,391,1393,0.719310839913855
1019,408,1427,0.7140854940434478
1100,128,1228,0.8957654723127035
4076,48,4124,0.988360814742968
408,80,488,0.8360655737704918
405,85,490,0.826530612244898
1047,383,1430,0.7321678321678322
1111,391,1502,0.7396804260985352
1447,84,1531,0.9451338994121489
4078,75,4153,0.9819407657115339
4109,63,4172,0.9848993288590604
372,45,417,0.8920863309352518
372,65,437,0.851258581235698
1196,378,1574,0.7598475222363406
377,52,429,0.8787878787878788
4085,27,4112,0.9934338521400778
4110,77,4187,0.9816097444470981
431,87,518,0.832046332046332
408,106,514,0.7937743190661478
1041,390,1431,0.7274633123689728
448,121,569,0.7873462214411248
387,84,471,0.821656050955414
977,540,1517,0.6440342781806196
1354,155,1509,0.8972829688535454
417,108,525,0.7942857142857143
212,217,429,0.49417249417249415
405,149,554,0.7310469314079422
1059,373,1432,0.7395251396648045
407,73,480,0.8479166666666667
393,100,493,0.7971602434077079
1724,107,1831,0.9415619879847078
1109,435,1544,0.7182642487046632
8,188,196,0.04081632653061224
4081,49,4130,0.988135593220339
426,108,534,0.797752808988764
4084,57,4141,0.9862352088867423
394,92,486,0.8106995884773662
4094,72,4166,0.9827172347575612
4093,62,4155,0.9850782190132371
406,96,502,0.8087649402390438
1101,385,1486,0.7409152086137282
2501,66,2567,0.9742890533696923
2238,81,2319,0.9650711513583441
388,100,488,0.7950819672131147
390,95,485,0.8041237113402062
1959,31,1990,0.9844221105527639
1662,93,1755,0.947008547008547
4111,66,4177,0.9841991860186737
1025,431,1456,0.7039835164835165
396,138,534,0.7415730337078652
1040,433,1473,0.7060420909708078
420,107,527,0.7969639468690702
2343,43,2386,0.9819782062028499
120,12,132,0.9090909090909091
391,98,489,0.7995910020449898
1027,56,1083,0.948291782086796
404,105,509,0.793713163064833
788,52,840,0.9380952380952381
1971,109,2080,0.9475961538461538
402,95,497,0.8088531187122736
977,396,1373,0.7115804806991989
379,83,462,0.8203463203463204
1316,144,1460,0.9013698630136986
372,60,432,0.8611111111111112
401,100,501,0.8003992015968064
402,101,503,0.7992047713717694
299,18,317,0.943217665615142
410,128,538,0.7620817843866171
1073,623,1696,0.6326650943396226
1037,430,1467,0.7068847989093388
2647,85,2732,0.968887262079063
379,48,427,0.8875878220140515
1048,414,1462,0.7168262653898769
370,61,431,0.8584686774941995
403,108,511,0.7886497064579256
377,91,468,0.8055555555555556
873,87,960,0.909375
382,72,454,0.8414096916299559
1645,41,1686,0.9756820877817319
4074,52,4126,0.9873969946679593
411,25,436,0.9426605504587156
1380,88,1468,0.9400544959128065
1077,375,1452,0.7417355371900827
181,108,289,0.6262975778546713
319,18,337,0.9465875370919882
1016,442,1458,0.6968449931412894
405,106,511,0.7925636007827789
4082,37,4119,0.9910172371934935
1001,372,1373,0.729060451565914
4071,84,4155,0.9797833935018051
402,96,498,0.8072289156626506
988,383,1371,0.7206418672501823
1399,79,1478,0.9465493910690121
4088,27,4115,0.9934386391251518
1080,81,1161,0.9302325581395349
1566,57,1623,0.9648798521256932
314,436,750,0.4186666666666667
421,109,530,0.7943396226415095
1094,411,1505,0.7269102990033223
1698,50,1748,0.971395881006865
27,129,156,0.17307692307692307
1193,401,1594,0.7484316185696361
1005,420,1425,0.7052631578947368
2369,28,2397,0.9883187317480183
404,91,495,0.8161616161616162
371,84,455,0.8153846153846154
374,64,438,0.8538812785388128
895,83,978,0.9151329243353783
4116,70,4186,0.9832775919732442
402,73,475,0.8463157894736842
1087,403,1490,0.7295302013422819
406,141,547,0.7422303473491774
383,63,446,0.8587443946188341
1627,78,1705,0.9542521994134897
4074,38,4112,0.9907587548638133
1117,401,1518,0.735836627140975
412,102,514,0.8015564202334631
237,14,251,0.9442231075697212
417,83,500,0.834
394,94,488,0.8073770491803278
404,139,543,0.7440147329650092
4082,39,4121,0.9905362776025236
994,427,1421,0.6995073891625616
413,91,504,0.8194444444444444
1087,372,1459,0.7450308430431802
1032,395,1427,0.7231955150665732
1020,461,1481,0.6887238352464551
4077,82,4159,0.9802837220485694
392,96,488,0.8032786885245902
4074,41,4115,0.9900364520048602
1662,92,1754,0.9475484606613455
401,85,486,0.8251028806584362
400,91,491,0.814663951120163
1048,401,1449,0.7232574189095928
371,81,452,0.8207964601769911
1009,402,1411,0.7150956768249468
402,81,483,0.8322981366459627
1425,55,1480,0.9628378378378378
380,28,408,0.9313725490196079
1068,395,1463,0.7300068352699932
1038,401,1439,0.7213342599027102
409,96,505,0.80990099009901
4086,134,4220,0.9682464454976303
3216,92,3308,0.9721886336154776
4089,35,4124,0.9915130940834141
931,46,977,0.9529170931422722
203,162,365,0.5561643835616439
415,123,538,0.7713754646840149
1083,379,1462,0.740766073871409
414,103,517,0.8007736943907157
1504,83,1587,0.9477000630119723
1038,431,1469,0.7066031313818925
1992,50,2042,0.9755142017629774
385,51,436,0.8830275229357798
1256,48,1304,0.9631901840490797
396,99,495,0.8
396,113,509,0.7779960707269156
1050,440,1490,0.7046979865771812
396,108,504,0.7857142857142857
401,97,498,0.8052208835341366
4135,35,4170,0.9916067146282974
4082,43,4125,0.9895757575757576
1073,396,1469,0.730428863172226
374,69,443,0.8442437923250564
1101,666,1767,0.6230899830220713
412,138,550,0.7490909090909091
393,102,495,0.793939393939394
1011,384,1395,0.7247311827956989
1056,366,1422,0.7426160337552743
1064,433,1497,0.7107548430193721
1191,74,1265,0.941501976284585
383,63,446,0.8587443946188341
368,48,416,0.8846153846153846
1315,230,1545,0.8511326860841424
1043,421,1464,0.712431693989071
1204,72,1276,0.9435736677115988
988,395,1383,0.7143890093998554
978,80,1058,0.9243856332703214
4080,68,4148,0.9836065573770492
1048,395,1443,0.7262647262647263
4082,27,4109,0.9934290581650036
441,81,522,0.8448275862068966
4078,39,4117,0.9905270828273014
1101,449,1550,0.7103225806451613
1058,394,1452,0.7286501377410468
389,87,476,0.8172268907563025
381,75,456,0.8355263157894737
181,142,323,0.5603715170278638
1046,407,1453,0.7198898830006882
1081,385,1466,0.737380627557981
403,90,493,0.8174442190669371
221,223,444,0.49774774774774777
427,90,517,0.8259187620889749
4079,27,4106,0.9934242571846079
373,53,426,0.8755868544600939
1035,397,1432,0.7227653631284916
378,83,461,0.8199566160520607
123,152,275,0.44727272727272727
2013,67,2080,0.9677884615384615
379,95,474,0.79957805907173
396,164,560,0.7071428571428572
181,86,267,0.6779026217228464
4084,25,4109,0.9939157945972256
376,66,442,0.8506787330316742
4079,100,4179,0.9760708303421871
4092,71,4163,0.9829449915926015
432,63,495,0.8727272727272727
1048,414,1462,0.7168262653898769
2517,109,2626,0.9584920030464585
890,32,922,0.96529284164859
400,101,501,0.7984031936127745
402,200,602,0.6677740863787376
398,134,532,0.7481203007518797
391,118,509,0.768172888015717
402,82,484,0.8305785123966942
397,112,509,0.7799607072691552
4102,61,4163,0.9853471054527985
393,99,492,0.7987804878048781
408,91,499,0.8176352705410822
403,140,543,0.7421731123388582
1031,426,1457,0.7076183939601922
2738,63,2801,0.9775080328454123
1313,198,1511,0.8689609530112509
1004,374,1378,0.7285921625544267
4091,79,4170,0.9810551558752998
406,93,499,0.8136272545090181
4072,42,4114,0.9897909577053962
1106,530,1636,0.676039119804401
4081,33,4114,0.9919786096256684
1425,100,1525,0.9344262295081968
395,100,495,0.797979797979798
394,97,491,0.8024439918533605
27,219,246,0.10975609756097561
391,111,502,0.7788844621513944
431,107,538,0.8011152416356877
1475,84,1559,0.946119307248236
4081,79,4160,0.9810096153846154
414,105,519,0.7976878612716763
876,85,961,0.9115504682622269
4072,56,4128,0.9864341085271318
4081,72,4153,0.9826631350830725
1663,71,1734,0.9590542099192618
4086,80,4166,0.9807969275084013
407,75,482,0.8443983402489627
2561,81,2642,0.9693414080242241
1315,203,1518,0.8662714097496707
412,117,529,0.77882797731569
1044,374,1418,0.7362482369534555
384,103,487,0.7885010266940452
415,108,523,0.7934990439770554
394,90,484,0.8140495867768595
1086,95,1181,0.9195596951735817
1044,378,1422,0.7341772151898734
390,88,478,0.8158995815899581
390,61,451,0.8647450110864745
237,14,251,0.9442231075697212
1230,52,1282,0.9594383775351014
1062,51,1113,0.954177897574124
2584,153,2737,0.9440993788819876
454,122,576,0.7881944444444444
1060,398,1458,0.7270233196159122
479,75,554,0.8646209386281588
2399,59,2458,0.9759967453213995
1045,418,1463,0.7142857142857143
399,80,479,0.8329853862212944
963,406,1369,0.7034331628926224
432,88,520,0.8307692307692308
395,106,501,0.7884231536926147
390,72,462,0.8441558441558441
1164,437,1601,0.7270455965021861
2613,85,2698,0.9684951816160119
242,14,256,0.9453125
4134,49,4183,0.9882859191967488
389,89,478,0.8138075313807531
435,106,541,0.8040665434380776
1101,40,1141,0.964943032427695
383,63,446,0.8587443946188341
1095,429,1524,0.718503937007874
379,58,437,0.8672768878718535
4085,76,4161,0.9817351598173516
1188,48,1236,0.9611650485436893
988,395,1383,0.7143890093998554
1940,42,1982,0.9788092835519677
1076,434,1510,0.7125827814569536
412,102,514,0.8015564202334631
1109,410,1519,0.7300855826201448
4083,111,4194,0.9735336194563662
307,312,619,0.49596122778675283
983,546,1529,0.6429038587311968
386,86,472,0.8177966101694916
1054,414,1468,0.717983651226158
1112,463,1575,0.706031746031746
1013,375,1388,0.7298270893371758
1110,405,1515,0.7326732673267327
181,1000,1181,0.15325994919559696
1091,410,1501,0.7268487674883412
405,160,565,0.7168141592920354
1194,598,1792,0.6662946428571429
4079,60,4139,0.9855037448659096
407,87,494,0.8238866396761133
1106,530,1636,0.676039119804401
407,95,502,0.8107569721115537
1069,421,1490,0.7174496644295302
1118,458,1576,0.7093908629441624
2409,82,2491,0.9670814933761541
398,96,494,0.805668016194332
4096,55,4151,0.9867501806793544
399,132,531,0.751412429378531
402,84,486,0.8271604938271605
983,482,1465,0.6709897610921501
4152,64,4216,0.9848197343453511
4075,39,4114,0.9905201750121536
398,96,494,0.805668016194332
2810,102,2912,0.9649725274725275
402,107,509,0.7897838899803536
2099,58,2157,0.9731108020398702
378,53,431,0.877030162412993
1208,66,1274,0.9481946624803768
1992,56,2048,0.97265625
4088,84,4172,0.9798657718120806
929,141,1070,0.8682242990654205
429,104,533,0.8048780487804879
1120,571,1691,0.6623299822590183
1518,130,1648,0.9211165048543689
394,100,494,0.7975708502024291
165,217,382,0.4319371727748691
2432,53,2485,0.9786720321931589
391,101,492,0.7947154471544715
1112,401,1513,0.7349636483807006
1032,399,1431,0.7211740041928721
446,101,547,0.8153564899451554
401,147,548,0.7317518248175182
1084,403,1487,0.7289845326160054
405,95,500,0.81
4085,83,4168,0.9800863723608445
408,103,511,0.7984344422700587
4086,78,4164,0.9812680115273775
388,64,452,0.8584070796460177
1606,107,1713,0.9375364856976065
4133,44,4177,0.9894661240124492
440,95,535,0.822429906542056
402,108,510,0.788235294117647
369,88,457,0.8074398249452954
383,83,466,0.8218884120171673
426,93,519,0.8208092485549133
1005,405,1410,0.7127659574468085
383,38,421,0.9097387173396675
181,221,402,0.4502487562189055
1313,161,1474,0.8907734056987788
1350,264,1614,0.8364312267657993
417,200,617,0.6758508914100486
379,63,442,0.8574660633484162
4095,55,4150,0.9867469879518073
1034,398,1432,0.7220670391061452
120,12,132,0.9090909090909091
1872,62,1934,0.96794208893485
4080,197,4277,0.9539396773439327
1055,411,1466,0.7196452933151433
4085,28,4113,0.9931923170435205
4086,52,4138,0.9874335427742871
1087,516,1603,0.6781035558328135
393,97,490,0.8020408163265306
416,122,538,0.7732342007434945
1002,413,1415,0.7081272084805653
378,66,444,0.8513513513513513
181,187,368,0.49184782608695654
4090,45,4135,0.9891172914147521
411,105,516,0.7965116279069767
1291,58,1349,0.9570051890289103
383,91,474,0.8080168776371308
404,89,493,0.8194726166328601
878,40,918,0.9564270152505446
1055,424,1479,0.7133198106828939
2584,164,2748,0.9403202328966521
299,18,317,0.943217665615142
1044,381,1425,0.7326315789473684
4078,33,4111,0.991972756020433
1089,401,1490,0.7308724832214765
1051,399,1450,0.7248275862068966
1001,608,1609,0.6221255438160348
1173,378,1551,0.7562862669245648
423,96,519,0.815028901734104
1113,375,1488,0.7479838709677419
4084,55,4139,0.9867117661270839
3718,115,3833,0.969997391077485
417,81,498,0.8373493975903614
1034,398,1432,0.7220670391061452
1539,43,1582,0.972819216182048
388,88,476,0.8151260504201681
1034,89,1123,0.9207479964381122
1434,86,1520,0.9434210526315789
419,92,511,0.8199608610567515
411,91,502,0.8187250996015937
400,125,525,0.7619047619047619
392,110,502,0.7808764940239044
382,76,458,0.834061135371179
1496,50,1546,0.9676584734799483
4103,36,4139,0.9913022469195458
385,25,410,0.9390243902439024
399,92,491,0.8126272912423625
194,162,356,0.5449438202247191
410,96,506,0.8102766798418972
969,395,1364,0.7104105571847508
389,101,490,0.7938775510204081
1124,96,1220,0.921311475409836
402,99,501,0.8023952095808383
398,96,494,0.805668016194332
1352,149,1501,0.9007328447701533
4084,69,4153,0.9833855044546111
430,72,502,0.8565737051792829
1009,523,1532,0.6586161879895561
4104,35,4139,0.9915438511717807
4086,46,4132,0.9888673765730881
4080,54,4134,0.9869375907111756
385,68,453,0.8498896247240618
1087,373,1460,0.7445205479452055
4081,64,4145,0.9845597104945718
4088,44,4132,0.989351403678606
373,92,465,0.8021505376344086
3246,130,3376,0.9614928909952607
1109,374,1483,0.7478084962913014
2728,118,2846,0.9585382993675334
381,76,457,0.8336980306345733
4076,52,4128,0.9874031007751938
414,93,507,0.8165680473372781
1391,52,1443,0.963963963963964
375,53,428,0.8761682242990654
376,105,481,0.7817047817047817
206,217,423,0.48699763593380613
4084,53,4137,0.9871887841430989
4076,75,4151,0.981932064562756
161,168,329,0.48936170212765956
383,57,440,0.8704545454545455
1055,378,1433,0.7362177250523377
11,167,178,0.06179775280898876
1103,392,1495,0.7377926421404682
1056,429,1485,0.7111111111111111
1328,82,1410,0.9418439716312057
398,96,494,0.805668016194332
436,91,527,0.8273244781783681
126,203,329,0.3829787234042553
1047,414,1461,0.7166324435318275
402,82,484,0.8305785123966942
394,71,465,0.8473118279569892
2221,190,2411,0.9211945250933222
375,61,436,0.8600917431192661
1164,401,1565,0.7437699680511182
1004,403,1407,0.7135749822316987
1076,81,1157,0.9299913569576491
1115,104,1219,0.9146841673502871
1277,390,1667,0.7660467906418716
391,80,471,0.8301486199575372
400,134,534,0.7490636704119851
1076,389,1465,0.7344709897610922
1662,88,1750,0.9497142857142857
379,81,460,0.8239130434782609
410,97,507,0.8086785009861933
396,81,477,0.8301886792452831
4100,56,4156,0.9865255052935515
1614,104,1718,0.9394644935972061
375,87,462,0.8116883116883117
2217,90,2307,0.9609882964889467
410,126,536,0.7649253731343284
419,81,500,0.838
1120,396,1516,0.7387862796833773
395,108,503,0.7852882703777336
1054,414,1468,0.717983651226158
464,90,554,0.8375451263537906
1161,428,1589,0.7306482064191315
371,62,433,0.8568129330254042
209,217,426,0.49061032863849763
181,171,352,0.5142045454545454
394,80,474,0.8312236286919831
1142,396,1538,0.7425227568270482
1044,407,1451,0.7195037904893177
995,396,1391,0.715312724658519
1054,414,1468,0.717983651226158
394,100,494,0.7975708502024291
429,112,541,0.7929759704251387
394,97,491,0.8024439918533605
906,114,1020,0.888235294117647
400,106,506,0.7905138339920948
4087,99,4186,0.9763497372193024
381,89,470,0.8106382978723404
1352,130,1482,0.9122807017543859
4185,64,4249,0.9849376323840904
397,89,486,0.8168724279835391
4095,179,4274,0.9581188582124474
402,98,500,0.804
9,190,199,0.04522613065326633
4078,193,4271,0.9548115195504566
1134,397,1531,0.7406923579359895
2878,111,2989,0.9628638340582134
372,82,454,0.8193832599118943
1141,375,1516,0.7526385224274407
1109,462,1571,0.705919796308084
4076,59,4135,0.9857315598548972
394,94,488,0.8073770491803278
1095,398,1493,0.7334226389819156
1525,88,1613,0.9454432734035958
4076,29,4105,0.9929354445797808
2496,109,2605,0.9581573896353167
2565,89,2654,0.96646571213263
1052,398,1450,0.7255172413793104
1313,204,1517,0.8655240606460118
409,94,503,0.8131212723658051
1156,405,1561,0.740550928891736
378,51,429,0.8811188811188811
404,100,504,0.8015873015873016
1050,423,1473,0.7128309572301426
373,58,431,0.8654292343387471
492,98,590,0.8338983050847457
4081,54,4135,0.9869407496977025
382,75,457,0.8358862144420132
4089,48,4137,0.9883973894126178
120,12,132,0.9090909090909091
4073,62,4135,0.985006045949214
1314,142,1456,0.9024725274725275
200,204,404,0.49504950495049505
386,65,451,0.8558758314855875
1124,419,1543,0.728451069345431
1187,438,1625,0.7304615384615385
1112,401,1513,0.7349636483807006
1045,418,1463,0.7142857142857143
1095,398,1493,0.7334226389819156
400,46,446,0.8968609865470852
398,141,539,0.738404452690167
4081,53,4134,0.9871794871794872
420,57,477,0.8805031446540881
4106,48,4154,0.9884448724121329
1182,477,1659,0.7124773960216998
1625,50,1675,0.9701492537313433
1358,174,1532,0.8864229765013055
390,85,475,0.8210526315789474
2100,55,2155,0.974477958236659
422,85,507,0.8323471400394478
406,76,482,0.8423236514522822
419,88,507,0.8264299802761341
402,65,467,0.860813704496788
4080,43,4123,0.9895707009459132
433,101,534,0.8108614232209738
386,63,449,0.8596881959910914
390,104,494,0.7894736842105263
1115,404,1519,0.7340355497037525
203,217,420,0.48333333333333334
391,90,481,0.8128898128898129
2183,55,2238,0.9754244861483468
394,90,484,0.8140495867768595
429,89,518,0.8281853281853282
4077,48,4125,0.9883636363636363
1015,451,1466,0.6923601637107776
247,14,261,0.946360153256705
2607,32,2639,0.9878741947707464
4089,49,4138,0.9881585306911551
1203,379,1582,0.7604298356510746
10,114,124,0.08064516129032258
392,99,491,0.7983706720977597
1209,595,1804,0.6701773835920177
1186,643,1829,0.6484417714598141
880,413,1293,0.6805877803557618
2948,54,3002,0.9820119920053297
397,93,490,0.810204081632653
429,95,524,0.8187022900763359
2282,67,2349,0.9714772243507875
1317,176,1493,0.8821165438713998
378,76,454,0.8325991189427313
397,83,480,0.8270833333333333
379,79,458,0.8275109170305677
4096,67,4163,0.9839058371366802
4096,31,4127,0.992488490428883
1125,90,1215,0.9259259259259259
4092,38,4130,0.9907990314769975
2308,99,2407,0.9588699626090569
1034,440,1474,0.7014925373134329
404,91,495,0.8161616161616162
1051,399,1450,0.7248275862068966
389,76,465,0.8365591397849462
1995,56,2051,0.9726962457337884
1050,379,1429,0.7347795661301609
420,113,533,0.7879924953095685
401,91,492,0.8150406504065041
4072,117,4189,0.9720697063738363
2135,75,2210,0.9660633484162896
1185,74,1259,0.9412231930103256
4082,35,4117,0.9914986640757834
4082,168,4250,0.9604705882352941
396,88,484,0.8181818181818182
1044,393,1437,0.7265135699373695
394,109,503,0.7833001988071571
961,399,1360,0.7066176470588236
1044,483,1527,0.6836935166994106
4081,47,4128,0.9886143410852714
4088,142,4230,0.9664302600472813
237,14,251,0.9442231075697212
4095,42,4137,0.9898477157360406
2339,39,2378,0.9835996635828427
1035,386,1421,0.7283603096410978
411,105,516,0.7965116279069767
2142,33,2175,0.9848275862068966
1047,414,1461,0.7166324435318275
1103,371,1474,0.748303934871099
389,46,435,0.8942528735632184
1165,442,1607,0.7249533291848165
418,86,504,0.8293650793650794
4089,44,4133,0.9893539801596903
409,135,544,0.7518382352941176
4098,38,4136,0.9908123791102514
4084,63,4147,0.9848082951531227
2168,66,2234,0.9704565801253358
181,134,315,0.5746031746031746
4092,27,4119,0.9934450109249818
4076,99,4175,0.9762874251497006
450,83,533,0.8442776735459663
4082,26,4108,0.9936708860759493
409,94,503,0.8131212723658051
1159,398,1557,0.7443802183686576
880,413,1293,0.6805877803557618
1114,579,1693,0.6580035440047254
4105,46,4151,0.9889183329318236
4139,69,4208,0.9836026615969582
1062,460,1522,0.6977660972404731
420,117,537,0.7821229050279329
393,68,461,0.8524945770065075
4076,34,4110,0.991727493917275
400,125,525,0.7619047619047619
393,71,464,0.8469827586206896
407,126,533,0.7636022514071295
386,77,463,0.8336933045356372
2005,131,2136,0.9386704119850188
4097,38,4135,0.9908101571946796
181,104,285,0.6350877192982456
2356,85,2441,0.9651782056534207
1067,436,1503,0.709913506320692
1085,540,1625,0.6676923076923077
403,65,468,0.8611111111111112
397,89,486,0.8168724279835391
2669,49,2718,0.9819720382634289
1243,373,1616,0.7691831683168316
181,157,338,0.5355029585798816
4158,80,4238,0.9811231713072204
408,94,502,0.8127490039840638
1171,414,1585,0.738801261829653
375,82,457,0.8205689277899344
402,119,521,0.7715930902111324
402,98,500,0.804
4075,109,4184,0.9739483747609943
373,80,453,0.8233995584988962
403,103,506,0.7964426877470355
4161,53,4214,0.987422876127195
411,163,574,0.7160278745644599
403,79,482,0.8360995850622407
374,75,449,0.8329621380846325
1881,115,1996,0.9423847695390781
4092,30,4122,0.992721979621543
379,92,471,0.8046709129511678
373,58,431,0.8654292343387471
396,102,498,0.7951807228915663
390,78,468,0.8333333333333334
4080,73,4153,0.9824223452925596
1182,477,1659,0.7124773960216998
392,88,480,0.8166666666666667
4076,58,4134,0.9859700048379294
4153,206,4359,0.9527414544620326
3534,45,3579,0.9874266554903605
1315,184,1499,0.8772515010006671
411,100,511,0.8043052837573386
415,191,606,0.6848184818481848
379,105,484,0.7830578512396694
203,217,420,0.48333333333333334
1164,477,1641,0.7093235831809872
394,66,460,0.8565217391304348
4078,56,4134,0.9864537977745524
2605,57,2662,0.978587528174305
413,93,506,0.8162055335968379
1194,428,1622,0.7361282367447596
392,85,477,0.8218029350104822
4115,65,4180,0.9844497607655502
2002,113,2115,0.9465721040189126
4073,27,4100,0.9934146341463415
961,433,1394,0.6893830703012912
1170,599,1769,0.6613906161673262
1067,427,1494,0.714190093708166
4078,76,4154,0.9817043813192105
2615,80,2695,0.9703153988868275
1332,79,1411,0.9440113394755493
407,94,501,0.812375249500998
1164,379,1543,0.7543745949449125
5244,47,5291,0.9911169911169911
1849,99,1948,0.9491786447638604
1976,67,2043,0.9672050905531082
1134,394,1528,0.7421465968586387
1352,180,1532,0.8825065274151436
459,98,557,0.8240574506283662
414,85,499,0.8296593186372746
1162,603,1765,0.658356940509915
396,74,470,0.8425531914893617
374,72,446,0.8385650224215246
384,75,459,0.8366013071895425
4094,95,4189,0.9773215564573884
1166,598,1764,0.6609977324263039
1036,451,1487,0.6967047747141897
395,93,488,0.8094262295081968
4084,43,4127,0.9895808093045796
4076,50,4126,0.9878817256422685
4094,80,4174,0.9808337326305702
1114,516,1630,0.6834355828220859
1051,399,1450,0.7248275862068966
4088,49,4137,0.988155668358714
457,112,569,0.8031634446397188
370,59,429,0.8624708624708625
194,217,411,0.4720194647201946
391,57,448,0.8727678571428571
1722,47,1769,0.9734313171283211
1142,396,1538,0.7425227568270482
421,70,491,0.8574338085539714
1165,386,1551,0.7511283043197937
375,76,451,0.8314855875831486
432,90,522,0.8275862068965517
379,83,462,0.8203463203463204
4124,51,4175,0.9877844311377245
401,75,476,0.842436974789916
1457,103,1560,0.933974358974359
304,18,322,0.9440993788819876
442,90,532,0.8308270676691729
1314,174,1488,0.8830645161290323
406,98,504,0.8055555555555556
1277,188,1465,0.8716723549488055
422,112,534,0.7902621722846442
1135,439,1574,0.7210927573062261
1186,607,1793,0.6614612381483547
1505,80,1585,0.9495268138801262
4082,35,4117,0.9914986640757834
181,136,317,0.5709779179810726
386,68,454,0.8502202643171806
1773,70,1843,0.9620184481823114
1159,398,1557,0.7443802183686576
4084,30,4114,0.9927078269324259
394,104,498,0.7911646586345381
412,78,490,0.8408163265306122
4078,32,4110,0.9922141119221412
789,140,929,0.8493003229278795
2551,47,2598,0.9819091608929946
1068,939,2007,0.5321375186846039
2819,34,2853,0.9880827199439187
1317,160,1477,0.8916723087339201
377,59,436,0.8646788990825688
1164,603,1767,0.6587436332767402
401,91,492,0.8150406504065041
375,58,433,0.8660508083140878
1055,462,1517,0.6954515491100857
456,125,581,0.7848537005163512
408,88,496,0.8225806451612904
2310,54,2364,0.9771573604060914
382,106,488,0.7827868852459017
4833,59,4892,0.9879394930498774
391,126,517,0.7562862669245648
1474,56,1530,0.9633986928104575
2396,81,2477,0.9672991522002422
377,77,454,0.8303964757709251
375,69,444,0.8445945945945946
181,86,267,0.6779026217228464
1193,419,1612,0.7400744416873449
4075,36,4111,0.9912430065677451
438,81,519,0.8439306358381503
4083,41,4124,0.9900581959262852
4094,46,4140,0.9888888888888889
399,125,524,0.7614503816793893
396,121,517,0.7659574468085106
380,59,439,0.8656036446469249
403,79,482,0.8360995850622407
456,97,553,0.8245931283905967
391,95,486,0.8045267489711934
2378,72,2450,0.9706122448979592
400,114,514,0.7782101167315175
398,87,485,0.8206185567010309
872,467,1339,0.6512322628827483
419,175,594,0.7053872053872053
389,64,453,0.8587196467991169
389,98,487,0.7987679671457906
389,153,542,0.7177121771217713
4086,49,4135,0.9881499395405079
376,87,463,0.8120950323974082
403,109,512,0.787109375
2221,193,2414,0.920049710024855
2822,58,2880,0.9798611111111111
462,87,549,0.8415300546448088
392,75,467,0.8394004282655246
2185,74,2259,0.9672421425409473
398,154,552,0.7210144927536232
4082,48,4130,0.9883777239709443
383,74,457,0.838074398249453
212,162,374,0.5668449197860963
408,87,495,0.8242424242424242
381,98,479,0.7954070981210856
1171,598,1769,0.6619559072922555
4085,82,4167,0.9803215742740581
181,131,312,0.5801282051282052
1184,643,1827,0.6480569239189928
391,71,462,0.8463203463203464
330,18,348,0.9482758620689655
4079,92,4171,0.9779429393430832
394,113,507,0.777120315581854
4079,130,4209,0.9691138037538608
407,94,501,0.812375249500998
1315,149,1464,0.898224043715847
408,89,497,0.8209255533199196
4074,43,4117,0.9895555015788196
1044,393,1437,0.7265135699373695
4083,136,4219,0.9677648731926997
1141,365,1506,0.7576361221779548
2481,27,2508,0.9892344497607656
985,431,1416,0.6956214689265536
409,110,519,0.7880539499036608
1053,388,1441,0.7307425399028452
1095,429,1524,0.718503937007874
414,104,518,0.7992277992277992
1995,50,2045,0.9755501222493888
4072,37,4109,0.9909953760038939
2642,68,2710,0.9749077490774908
4075,48,4123,0.9883579917535775
880,395,1275,0.6901960784313725
398,154,552,0.7210144927536232
1992,50,2042,0.9755142017629774
417,132,549,0.7595628415300546
379,56,435,0.871264367816092
1189,598,1787,0.6653609401231113
4069,48,4117,0.9883410250182172
1203,539,1742,0.6905855338691159
410,106,516,0.7945736434108527
4088,67,4155,0.9838748495788207
2681,54,2735,0.9802559414990859
422,96,518,0.8146718146718147
4098,40,4138,0.9903334944417593
1067,397,1464,0.7288251366120219
1834,43,1877,0.9770911028236547
4082,30,4112,0.992704280155642
373,62,435,0.8574712643678161
1203,45,1248,0.9639423076923077
397,92,489,0.8118609406952966
379,53,432,0.8773148148148148
2002,77,2079,0.9629629629629629
384,80,464,0.8275862068965517
372,60,432,0.8611111111111112
4074,45,4119,0.989075018208303
1135,370,1505,0.7541528239202658
1313,177,1490,0.8812080536912752
1313,191,1504,0.8730053191489362
181,244,425,0.4258823529411765
434,82,516,0.8410852713178295
415,88,503,0.8250497017892644
380,115,495,0.7676767676767676
1003,501,1504,0.6668882978723404
1076,414,1490,0.7221476510067114
4084,86,4170,0.9793764988009592
1135,409,1544,0.7351036269430051
366,92,458,0.7991266375545851
372,72,444,0.8378378378378378
408,115,523,0.780114722753346
128,205,333,0.3843843843843844
385,88,473,0.813953488372093
4087,119,4206,0.9717070851165003
1049,534,1583,0.6626658243840808
1168,414,1582,0.7383059418457648
951,429,1380,0.6891304347826087
1134,394,1528,0.7421465968586387
1209,598,1807,0.6690647482014388
397,86,483,0.8219461697722568
181,109,290,0.6241379310344828
1234,421,1655,0.7456193353474321
1171,395,1566,0.7477650063856961
372,75,447,0.8322147651006712
935,85,1020,0.9166666666666666
1284,57,1341,0.9574944071588367
405,94,499,0.811623246492986
401,107,508,0.7893700787401575
449,83,532,0.8439849624060151
421,99,520,0.8096153846153846
1888,92,1980,0.9535353535353536
418,108,526,0.7946768060836502
4076,246,4322,0.9430819065247571
1371,72,1443,0.9501039501039501
1577,79,1656,0.9522946859903382
396,89,485,0.8164948453608247
20,142,162,0.12345679012345678
409,112,521,0.7850287907869482
1127,379,1506,0.748339973439575
1053,427,1480,0.7114864864864865
1165,387,1552,0.7506443298969072
411,102,513,0.8011695906432749
957,411,1368,0.6995614035087719
396,132,528,0.75
388,96,484,0.8016528925619835
4104,49,4153,0.9882013002648687
396,72,468,0.8461538461538461
4078,137,4215,0.967497034400949
2616,69,2685,0.9743016759776536
395,103,498,0.7931726907630522
393,100,493,0.7971602434077079
4081,67,4148,0.983847637415622
181,154,335,0.5402985074626866
1018,471,1489,0.6836803223640027
1073,72,1145,0.9371179039301311
4145,47,4192,0.9887881679389313
379,95,474,0.79957805907173
371,47,418,0.8875598086124402
1148,430,1578,0.7275031685678074
1010,400,1410,0.7163120567375887
317,18,335,0.9462686567164179
3018,79,3097,0.974491443332257
4093,50,4143,0.9879314506396332
4079,30,4109,0.9926989535166707
1044,456,1500,0.696
378,66,444,0.8513513513513513
394,91,485,0.8123711340206186
880,415,1295,0.6795366795366795
403,94,497,0.8108651911468813
1187,450,1637,0.7251069028711057
209,174,383,0.5456919060052219
4090,134,4224,0.9682765151515151
1159,398,1557,0.7443802183686576
413,90,503,0.8210735586481114
386,101,487,0.7926078028747433
1194,428,1622,0.7361282367447596
4089,154,4243,0.9637049257600754
1003,454,1457,0.6884008236101579
1076,414,1490,0.7221476510067114
4086,69,4155,0.9833935018050541
1992,108,2100,0.9485714285714286
1121,428,1549,0.723692704970949
120,12,132,0.9090909090909091
1182,595,1777,0.6651660101294317
2491,44,2535,0.9826429980276135
407,108,515,0.7902912621359224
1503,107,1610,0.9335403726708075
1266,405,1671,0.7576301615798923
4110,174,4284,0.9593837535014006
1168,414,1582,0.7383059418457648
391,101,492,0.7947154471544715
4142,75,4217,0.9822148446763102
381,73,454,0.8392070484581498
2218,47,2265,0.9792494481236204
2234,33,2267,0.9854433171592413
882,394,1276,0.6912225705329154
1094,31,1125,0.9724444444444444
4088,64,4152,0.9845857418111753
1239,428,1667,0.743251349730054
1314,199,1513,0.8684732319894249
459,105,564,0.8138297872340425
4118,239,4357,0.9451457424833601
407,77,484,0.8409090909090909
391,84,475,0.8231578947368421
1182,595,1777,0.6651660101294317
393,103,496,0.7923387096774194
381,77,458,0.8318777292576419
2404,60,2464,0.9756493506493507
203,161,364,0.5576923076923077
376,57,433,0.8683602771362586
4074,30,4104,0.9926900584795322
181,126,307,0.5895765472312704
420,92,512,0.8203125
4086,88,4174,0.9789171058936272
442,129,571,0.7740805604203153
377,62,439,0.8587699316628702
1135,394,1529,0.7423152387181164
383,56,439,0.8724373576309795
1234,410,1644,0.7506082725060828
2008,50,2058,0.9757045675413022
4089,69,4158,0.9834054834054834
3306,85,3391,0.9749336478914774
879,400,1279,0.6872556684910086
181,162,343,0.5276967930029155
2927,85,3012,0.9717795484727756
400,85,485,0.8247422680412371
1243,463,1706,0.7286049237983587
1273,421,1694,0.7514757969303424
408,137,545,0.7486238532110092
436,121,557,0.7827648114901257
386,48,434,0.8894009216589862
69,117,186,0.3709677419354839
374,99,473,0.7906976744186046
4071,103,4174,0.9753234307618591
1049,443,1492,0.703083109919571
399,96,495,0.806060606060606
2363,82,2445,0.9664621676891616
4079,87,4166,0.9791166586653864
4094,69,4163,0.9834254143646409
1322,257,1579,0.8372387587080431
181,113,294,0.6156462585034014
1171,400,1571,0.7453851050286442
200,179,379,0.5277044854881267
380,62,442,0.8597285067873304
4080,70,4150,0.983132530120482
1080,47,1127,0.9582963620230701
206,162,368,0.5597826086956522
1931,48,1979,0.9757453259221829
384,71,455,0.843956043956044
181,135,316,0.5727848101265823
419,119,538,0.7788104089219331
385,104,489,0.787321063394683
378,68,446,0.8475336322869955
434,96,530,0.8188679245283019
161,205,366,0.43989071038251365
2150,64,2214,0.971093044263776
401,93,494,0.8117408906882592
1044,456,1500,0.696
1500,119,1619,0.9264978381717109
4088,36,4124,0.991270611057226
377,63,440,0.8568181818181818
393,56,449,0.8752783964365256
371,80,451,0.8226164079822617
385,80,465,0.8279569892473119
371,69,440,0.8431818181818181
75,138,213,0.352112676056338
392,55,447,0.8769574944071589
4089,26,4115,0.993681652490887
4084,43,4127,0.9895808093045796
900,420,1320,0.6818181818181818
203,183,386,0.5259067357512953
376,87,463,0.8120950323974082
404,100,504,0.8015873015873016
1818,51,1869,0.9727126805778491
4939,65,5004,0.9870103916866507
415,162,577,0.7192374350086655
4095,80,4175,0.9808383233532935
1166,610,1776,0.6565315315315315
401,83,484,0.8285123966942148
1193,598,1791,0.666108319374651
2584,109,2693,0.9595246936502042
4073,56,4129,0.9864373940421409
439,39,478,0.9184100418410042
395,82,477,0.8280922431865828
397,86,483,0.8219461697722568
403,109,512,0.787109375
2338,93,2431,0.9617441382147265
381,51,432,0.8819444444444444
4096,102,4198,0.975702715578847
4123,230,4353,0.947162876177349
1047,394,1441,0.7265787647467037
1475,77,1552,0.9503865979381443
4076,68,4144,0.9835907335907336
409,103,512,0.798828125
417,153,570,0.7315789473684211
378,57,435,0.8689655172413793
1848,101,1949,0.948178553104156
2481,66,2547,0.9740871613663133
4119,52,4171,0.9875329657156557
4094,51,4145,0.9876960193003619
1193,598,1791,0.666108319374651
1121,50,1171,0.9573014517506405
396,110,506,0.782608695652174
1073,464,1537,0.6981132075471698
1148,403,1551,0.7401676337846551
4081,31,4112,0.9924610894941635
390,104,494,0.7894736842105263
933,405,1338,0.6973094170403588
4087,38,4125,0.9907878787878788
1116,378,1494,0.7469879518072289
4135,32,4167,0.992320614350852
906,425,1331,0.6806912096168295
383,102,485,0.7896907216494845
1031,76,1107,0.931345980126468
380,99,479,0.7933194154488518
405,111,516,0.7848837209302325
397,99,496,0.8004032258064516
1093,550,1643,0.6652465003043213
1992,80,2072,0.9613899613899614
388,79,467,0.8308351177730193
4113,57,4170,0.9863309352517986
1324,236,1560,0.8487179487179487
4080,48,4128,0.9883720930232558
378,99,477,0.7924528301886793
392,61,453,0.8653421633554084
4086,34,4120,0.9917475728155339
882,399,1281,0.6885245901639344
377,66,443,0.8510158013544018
4078,58,4136,0.9859767891682786
439,101,540,0.812962962962963
1239,429,1668,0.7428057553956835
4088,89,4177,0.978692841752454
4086,31,4117,0.9924702453242652
1018,30,1048,0.9713740458015268
1210,60,1270,0.952755905511811
1314,236,1550,0.847741935483871
1071,397,1468,0.7295640326975477
4074,116,4190,0.9723150357995227
422,144,566,0.7455830388692579
1184,393,1577,0.7507926442612556
1071,399,1470,0.7285714285714285
4078,41,4119,0.9900461277008983
1230,420,1650,0.7454545454545455
425,184,609,0.6978653530377669
1186,659,1845,0.6428184281842818
1101,385,1486,0.7409152086137282
1104,447,1551,0.7117988394584139
2716,74,2790,0.9734767025089606
237,14,251,0.9442231075697212
373,80,453,0.8233995584988962
1131,393,1524,0.7421259842519685
379,78,457,0.8293216630196937
1266,50,1316,0.9620060790273556
1082,424,1506,0.7184594953519257
4082,51,4133,0.9876602951850956
4079,53,4132,0.9871732817037754
4112,75,4187,0.9820874134224982
372,68,440,0.8454545454545455
1559,54,1613,0.9665220086794792
181,155,336,0.5386904761904762
372,53,425,0.8752941176470588
167,217,384,0.4348958333333333
1135,430,1565,0.7252396166134185
384,72,456,0.8421052631578947
2505,58,2563,0.9773702692157628
402,129,531,0.7570621468926554
1076,427,1503,0.7159015302727878
383,80,463,0.8272138228941684
1155,47,1202,0.9608985024958403
1241,126,1367,0.9078273591806877
1266,405,1671,0.7576301615798923
1182,595,1777,0.6651660101294317
4080,55,4135,0.9866989117291415
376,70,446,0.8430493273542601
404,95,499,0.8096192384769539
906,423,1329,0.6817155756207675
378,15,393,0.9618320610687023
4086,51,4137,0.9876722262509064
181,290,471,0.3842887473460722
4081,66,4147,0.9840848806366048
428,80,508,0.84251968503937
409,109,518,0.7895752895752896
1313,163,1476,0.8895663956639567
4075,104,4179,0.9751136635558746
1120,409,1529,0.7325049051667757
1995,56,2051,0.9726962457337884
1140,416,1556,0.7326478149100257
163,205,368,0.4429347826086957
375,70,445,0.8426966292134831
1104,415,1519,0.7267939433838051
4077,37,4114,0.9910063198833252
4085,44,4129,0.9893436667473965
382,60,442,0.8642533936651584
1060,384,1444,0.7340720221606648
387,101,488,0.7930327868852459
6781,41,6822,0.9939900322486075
2911,131,3042,0.9569362261669954
4085,35,4120,0.991504854368932
401,101,502,0.798804780876494
1020,565,1585,0.6435331230283912
1129,401,1530,0.7379084967320262
1171,442,1613,0.7259764414135151
1148,388,1536,0.7473958333333334
383,116,499,0.7675350701402806
378,72,450,0.84
377,55,432,0.8726851851851852
372,73,445,0.8359550561797753
4078,31,4109,0.9924555853005598
4081,42,4123,0.9898132427843803
1276,50,1326,0.9622926093514329
4099,64,4163,0.9846264712947393
1086,424,1510,0.7192052980132451
990,89,1079,0.917516218721038
383,92,475,0.8063157894736842
1071,400,1471,0.7280761386811693
4085,63,4148,0.9848119575699132
431,112,543,0.7937384898710865
882,402,1284,0.6869158878504673
1316,143,1459,0.9019876627827279
1154,404,1558,0.7406931964056482
1292,88,1380,0.936231884057971
1022,406,1428,0.7156862745098039
2402,72,2474,0.9708973322554567
379,74,453,0.8366445916114791
374,77,451,0.8292682926829268
1010,411,1421,0.7107670654468684
372,60,432,0.8611111111111112
1230,421,1651,0.7450030284675954
393,82,475,0.8273684210526315
375,82,457,0.8205689277899344
4112,42,4154,0.9898892633606162
1140,400,1540,0.7402597402597403
2212,97,2309,0.9579904720658293
407,107,514,0.791828793774319
398,90,488,0.8155737704918032
425,89,514,0.8268482490272373
2165,59,2224,0.9734712230215827
4081,56,4137,0.9864636209813875
415,52,467,0.8886509635974305
382,70,452,0.8451327433628318
1073,411,1484,0.7230458221024259
396,59,455,0.8703296703296703
386,189,575,0.671304347826087
414,84,498,0.8313253012048193
379,77,456,0.831140350877193
432,78,510,0.8470588235294118
4135,36,4171,0.9913689762646847
1014,394,1408,0.7201704545454546
4095,63,4158,0.9848484848484849
971,36,1007,0.9642502482621649
381,85,466,0.8175965665236051
381,61,442,0.8619909502262444
396,95,491,0.8065173116089613
403,98,501,0.8043912175648703
1116,406,1522,0.7332457293035479
409,98,507,0.8067061143984221
2104,45,2149,0.9790600279199628
374,84,458,0.8165938864628821
400,150,550,0.7272727272727273
455,95,550,0.8272727272727273
1086,424,1510,0.7192052980132451
1026,429,1455,0.7051546391752578
382,72,454,0.8414096916299559
4154,42,4196,0.9899904671115348
933,401,1334,0.699400299850075
423,94,517,0.8181818181818182
209,167,376,0.5558510638297872
1101,397,1498,0.7349799732977303
1254,26,1280,0.9796875
1062,427,1489,0.7132303559435863
1358,52,1410,0.9631205673758865
4074,62,4136,0.9850096711798839
4085,39,4124,0.9905431619786615
378,51,429,0.8811188811188811
1172,75,1247,0.9398556535685646
4077,41,4118,0.9900437105390967
1077,483,1560,0.6903846153846154
392,60,452,0.8672566371681416
373,52,425,0.8776470588235294
1168,452,1620,0.7209876543209877
2726,86,2812,0.9694167852062588
1326,45,1371,0.9671772428884027
1131,424,1555,0.727331189710611
382,86,468,0.8162393162393162
1162,607,1769,0.6568682871678915
385,83,468,0.8226495726495726
393,95,488,0.805327868852459
1111,435,1546,0.7186287192755498
4092,189,4281,0.9558514365802383
1203,616,1819,0.6613523914238593
1080,393,1473,0.7331975560081466
374,63,437,0.8558352402745996
380,92,472,0.8050847457627118
1188,48,1236,0.9611650485436893
4082,167,4249,0.9606966345022359
4094,51,4145,0.9876960193003619
386,84,470,0.8212765957446808
4086,139,4225,0.9671005917159763
416,64,480,0.8666666666666667
4075,39,4114,0.9905201750121536
4090,51,4141,0.9876841342670852
409,98,507,0.8067061143984221
1085,424,1509,0.7190192180251822
378,75,453,0.8344370860927153
1168,395,1563,0.7472808701215611
4078,42,4120,0.9898058252427184
398,87,485,0.8206185567010309
404,93,497,0.8128772635814889
380,81,461,0.824295010845987
399,57,456,0.875
410,35,445,0.9213483146067416
412,114,526,0.7832699619771863
1070,409,1479,0.7234617985125085
398,117,515,0.7728155339805826
1020,565,1585,0.6435331230283912
377,95,472,0.798728813559322
1120,423,1543,0.7258587167854829
416,136,552,0.7536231884057971
420,100,520,0.8076923076923077
997,529,1526,0.6533420707732635
1077,429,1506,0.7151394422310757
1093,611,1704,0.6414319248826291
997,427,1424,0.7001404494382022
414,82,496,0.8346774193548387
1028,442,1470,0.6993197278911565
389,136,525,0.7409523809523809
405,97,502,0.8067729083665338
181,128,309,0.5857605177993528
1132,75,1207,0.9378624689312345
1410,107,1517,0.9294660514172709
6061,133,6194,0.9785276073619632
4086,47,4133,0.9886281151705782
194,217,411,0.4720194647201946
25,174,199,0.12562814070351758
1082,405,1487,0.7276395427034297
1588,48,1636,0.9706601466992665
197,217,414,0.4758454106280193
385,87,472,0.815677966101695
4087,39,4126,0.9905477460009695
396,94,490,0.8081632653061225
1154,401,1555,0.7421221864951768
1014,385,1399,0.7248034310221587
906,429,1335,0.6786516853932584
375,59,434,0.8640552995391705
983,399,1382,0.711287988422576
181,98,279,0.6487455197132617
407,89,496,0.8205645161290323
391,60,451,0.8669623059866962
409,88,497,0.8229376257545271
1187,606,1793,0.6620189626324595
206,194,400,0.515
4162,50,4212,0.9881291547958214
1062,505,1567,0.6777281429483089
181,107,288,0.6284722222222222
1074,401,1475,0.7281355932203389
191,161,352,0.5426136363636364
420,68,488,0.860655737704918
4119,32,4151,0.9922910142134426
375,154,529,0.7088846880907372
379,44,423,0.8959810874704491
452,51,503,0.8986083499005965
203,161,364,0.5576923076923077
1071,421,1492,0.717828418230563
1104,395,1499,0.7364909939959974
377,93,470,0.8021276595744681
385,81,466,0.8261802575107297
406,100,506,0.8023715415019763
396,113,509,0.7779960707269156
4076,90,4166,0.9783965434469515
4101,53,4154,0.9872412132883968
197,217,414,0.4758454106280193
388,49,437,0.8878718535469108
382,78,460,0.8304347826086956
1074,393,1467,0.7321063394683026
418,86,504,0.8293650793650794
61,188,249,0.24497991967871485
391,97,488,0.8012295081967213
1111,388,1499,0.7411607738492328
1014,401,1415,0.7166077738515901
1316,201,1517,0.8675016479894528
1182,591,1773,0.6666666666666666
394,72,466,0.8454935622317596
407,104,511,0.7964774951076321
1193,598,1791,0.666108319374651
403,143,546,0.7380952380952381
399,43,442,0.9027149321266968
383,81,464,0.8254310344827587
1095,130,1225,0.8938775510204081
1026,400,1426,0.7194950911640954
2584,141,2725,0.948256880733945
1510,74,1584,0.9532828282828283
416,68,484,0.859504132231405
410,89,499,0.8216432865731463
4085,47,4132,0.9886253630203291
418,140,558,0.7491039426523297
1313,234,1547,0.8487394957983193
1070,439,1509,0.7090788601722995
427,88,515,0.829126213592233
463,129,592,0.7820945945945946
14,180,194,0.07216494845360824
411,103,514,0.7996108949416343
2734,68,2802,0.9757316202712348
4086,74,4160,0.9822115384615384
4080,42,4122,0.9898107714701602
407,95,502,0.8107569721115537
377,68,445,0.8471910112359551
393,89,482,0.8153526970954357
4090,34,4124,0.9917555771096024
4136,31,4167,0.9925605951523878
416,90,506,0.8221343873517787
4085,200,4285,0.9533255542590432
686,50,736,0.9320652173913043
4080,92,4172,0.9779482262703739
393,86,479,0.8204592901878914
1082,581,1663,0.650631389055923
4089,54,4143,0.9869659666908037
407,118,525,0.7752380952380953
375,69,444,0.8445945945945946
1955,95,2050,0.9536585365853658
391,85,476,0.8214285714285714
1016,93,1109,0.9161406672678089
1116,406,1522,0.7332457293035479
432,99,531,0.8135593220338984
2058,101,2159,0.953219082908754
983,402,1385,0.7097472924187725
2022,68,2090,0.9674641148325359
4085,35,4120,0.991504854368932
4141,45,4186,0.9892498805542284
4079,71,4150,0.9828915662650602
1062,383,1445,0.7349480968858132
1085,413,1498,0.7242990654205608
388,77,465,0.8344086021505376
4089,38,4127,0.9907923431063727
215,217,432,0.4976851851851852
4086,73,4159,0.982447703774946
4116,58,4174,0.9861044561571634
1244,35,1279,0.9726348709929633
2731,55,2786,0.9802584350323044
1022,415,1437,0.7112038970076549
4100,37,4137,0.9910563210055596
1154,388,1542,0.748378728923476
4078,52,4130,0.987409200968523
1060,399,1459,0.726525017135024
376,44,420,0.8952380952380953
392,86,478,0.8200836820083682
387,75,462,0.8376623376623377
4082,108,4190,0.9742243436754177
398,105,503,0.7912524850894632
404,88,492,0.8211382113821138
4081,482,4563,0.8943677405215866
386,142,528,0.7310606060606061
433,107,540,0.8018518518518518
389,100,489,0.7955010224948875
374,7,381,0.9816272965879265
122,171,293,0.41638225255972694
407,95,502,0.8107569721115537
181,91,272,0.6654411764705882
1073,464,1537,0.6981132075471698
4091,51,4142,0.9876871076774505
1071,415,1486,0.7207267833109018
438,81,519,0.8439306358381503
1753,72,1825,0.9605479452054795
382,94,476,0.8025210084033614
407,104,511,0.7964774951076321
385,110,495,0.7777777777777778
4073,46,4119,0.9888322408351542
1698,39,1737,0.9775474956822107
398,79,477,0.8343815513626834
380,74,454,0.8370044052863436
941,103,1044,0.9013409961685823
181,111,292,0.6198630136986302
369,59,428,0.8621495327102804
4074,48,4122,0.9883551673944687
4078,67,4145,0.9838359469240048
2461,46,2507,0.981651376146789
387,87,474,0.8164556962025317
900,396,1296,0.6944444444444444
4086,54,4140,0.9869565217391304
4089,27,4116,0.9934402332361516
4086,41,4127,0.9900654228252969
410,98,508,0.8070866141732284
407,89,496,0.8205645161290323
4077,36,4113,0.9912472647702407
399,89,488,0.8176229508196722
1044,420,1464,0.7131147540983607
1108,53,1161,0.954349698535745
394,92,486,0.8106995884773662
407,96,503,0.8091451292246521
2341,56,2397,0.9766374634960368
383,61,444,0.8626126126126126
1060,420,1480,0.7162162162162162
437,138,575,0.76
397,82,479,0.8288100208768268
1317,181,1498,0.8791722296395194
892,60,952,0.9369747899159664
1080,393,1473,0.7331975560081466
2641,101,2742,0.963165572574763
4089,39,4128,0.9905523255813954
4076,82,4158,0.9802789802789803
1091,396,1487,0.7336919973100202
1025,76,1101,0.9309718437783833
1077,428,1505,0.7156146179401993
2698,70,2768,0.9747109826589595
404,117,521,0.7754318618042226
4109,56,4165,0.9865546218487395
406,101,507,0.8007889546351085
390,86,476,0.819327731092437
387,68,455,0.8505494505494505
384,145,529,0.725897920604915
389,73,462,0.841991341991342
2088,54,2142,0.9747899159663865
4084,51,4135,0.9876662636033857
2241,86,2327,0.9630425440481306
381,78,459,0.8300653594771242
399,120,519,0.7687861271676301
374,59,433,0.8637413394919169
393,92,485,0.8103092783505155
401,85,486,0.8251028806584362
1611,104,1715,0.9393586005830904
387,84,471,0.821656050955414
2054,94,2148,0.9562383612662942
4114,55,4169,0.9868073878627969
4084,65,4149,0.9843335743552664
385,93,478,0.805439330543933
383,127,510,0.7509803921568627
1086,536,1622,0.6695437731196054
382,62,444,0.8603603603603603
392,103,495,0.7919191919191919
4104,39,4143,0.9905865314989138
1182,591,1773,0.6666666666666666
396,148,544,0.7279411764705882
407,103,510,0.7980392156862746
4121,50,4171,0.9880124670342844
387,74,461,0.8394793926247288
387,92,479,0.8079331941544885
401,86,487,0.8234086242299795
25,132,157,0.1592356687898089
4075,26,4101,0.9936600829066081
405,85,490,0.826530612244898
1006,395,1401,0.7180585296216988
1062,428,1490,0.7127516778523489
4082,59,4141,0.9857522337599613
983,391,1374,0.715429403202329
383,64,447,0.8568232662192393
4083,74,4157,0.9821987009862881
2596,50,2646,0.981103552532124
2441,37,2478,0.9850686037126715
1028,442,1470,0.6993197278911565
181,183,364,0.49725274725274726
395,101,496,0.7963709677419355
379,76,455,0.832967032967033
1085,395,1480,0.7331081081081081
426,89,515,0.8271844660194175
391,75,466,0.8390557939914163
1014,429,1443,0.7027027027027027
4088,53,4141,0.9872011591403043
404,102,506,0.7984189723320159
4084,67,4151,0.9838593110093953
396,102,498,0.7951807228915663
390,92,482,0.8091286307053942
4074,58,4132,0.9859632139399807
418,85,503,0.831013916500994
371,68,439,0.8451025056947609
4074,39,4113,0.9905178701677607
4356,91,4447,0.9795367663593434
120,11,131,0.916030534351145
1168,452,1620,0.7209876543209877
1248,75,1323,0.9433106575963719
411,153,564,0.7287234042553191
4092,50,4142,0.987928536938677
2221,174,2395,0.9273486430062631
371,108,479,0.7745302713987474
29,195,224,0.12946428571428573
376,95,471,0.7983014861995754
1230,423,1653,0.7441016333938294
426,86,512,0.83203125
438,107,545,0.8036697247706422
1070,400,1470,0.7278911564625851
411,103,514,0.7996108949416343
416,110,526,0.7908745247148289
389,110,499,0.779559118236473
2339,34,2373,0.9856721449641803
1236,385,1621,0.7624922887106724
4073,82,4155,0.9802647412755716
376,68,444,0.8468468468468469
1020,565,1585,0.6435331230283912
419,146,565,0.7415929203539823
404,153,557,0.725314183123878
390,58,448,0.8705357142857143
909,429,1338,0.679372197309417
380,66,446,0.852017937219731
396,96,492,0.8048780487804879
381,84,465,0.8193548387096774
2221,192,2413,0.9204309987567344
375,59,434,0.8640552995391705
4082,58,4140,0.9859903381642512
417,94,511,0.8160469667318982
1074,393,1467,0.7321063394683026
4081,69,4150,0.9833734939759036
4146,69,4215,0.9836298932384342
2359,52,2411,0.9784321858150146
4082,80,4162,0.9807784718885152
379,92,471,0.8046709129511678
959,450,1409,0.680624556422995
396,116,512,0.7734375
383,37,420,0.9119047619047619
4085,43,4128,0.9895833333333334
2315,80,2395,0.9665970772442589
4074,38,4112,0.9907587548638133
4091,63,4154,0.9848338950409244
181,102,283,0.6395759717314488
897,429,1326,0.6764705882352942
4090,169,4259,0.960319323784926
1337,123,1460,0.9157534246575343
408,67,475,0.8589473684210527
1047,397,1444,0.7250692520775623
2170,60,2230,0.9730941704035875
1315,166,1481,0.8879135719108711
381,81,462,0.8246753246753247
997,529,1526,0.6533420707732635
404,92,496,0.8145161290322581
415,83,498,0.8333333333333334
401,94,495,0.8101010101010101
436,91,527,0.8273244781783681
394,84,478,0.8242677824267782
314,18,332,0.9457831325301205
373,50,423,0.8817966903073287
405,104,509,0.7956777996070727
385,66,451,0.8536585365853658
4091,44,4135,0.9893591293833132
206,163,369,0.5582655826558266
373,78,451,0.8270509977827051
389,89,478,0.8138075313807531
394,95,489,0.8057259713701431
91,16,107,0.8504672897196262
394,103,497,0.7927565392354124
407,91,498,0.8172690763052208
2390,142,2532,0.9439178515007899
4083,35,4118,0.991500728508985
393,112,505,0.7782178217821782
391,105,496,0.7883064516129032
4087,53,4140,0.9871980676328502
1014,394,1408,0.7201704545454546
4074,55,4129,0.9866795834342456
405,103,508,0.797244094488189
1995,100,2095,0.9522673031026253
371,68,439,0.8451025056947609
1047,535,1582,0.6618204804045512
4081,86,4167,0.9793616510679146
393,83,476,0.8256302521008403
371,48,419,0.8854415274463007
398,141,539,0.738404452690167
399,83,482,0.8278008298755186
371,91,462,0.803030303030303
197,217,414,0.4758454106280193
4088,27,4115,0.9934386391251518
877,395,1272,0.6894654088050315
406,88,494,0.8218623481781376
4078,39,4117,0.9905270828273014
380,132,512,0.7421875
380,53,433,0.8775981524249422
443,110,553,0.8010849909584087
4078,241,4319,0.9442000463070155
372,49,421,0.8836104513064132
3747,120,3867,0.9689681923972071
4092,45,4137,0.9891225525743292
425,87,512,0.830078125
1091,412,1503,0.7258815701929474
4079,29,4108,0.9929406037000974
418,83,501,0.8343313373253493
4074,34,4108,0.9917234664070107
1680,48,1728,0.9722222222222222
374,49,423,0.8841607565011821
321,18,339,0.9469026548672567
2584,160,2744,0.9416909620991254
1070,373,1443,0.7415107415107415
4079,42,4121,0.989808298956564
370,70,440,0.8409090909090909
4075,42,4117,0.98979839689094
403,90,493,0.8174442190669371
418,88,506,0.8260869565217391
405,89,494,0.819838056680162
397,134,531,0.7476459510357816
943,142,1085,0.8691244239631336
394,82,476,0.8277310924369747
376,68,444,0.8468468468468469
378,53,431,0.877030162412993
378,70,448,0.84375
414,123,537,0.770949720670391
212,183,395,0.5367088607594936
169,168,337,0.5014836795252225
4093,61,4154,0.9853153586904189
4083,54,4137,0.9869470630891951
4085,29,4114,0.9929508993680116
376,74,450,0.8355555555555556
181,201,382,0.4738219895287958
4076,107,4183,0.9744202725316758
408,89,497,0.8209255533199196
4079,61,4140,0.9852657004830918
4084,57,4141,0.9862352088867423
397,98,495,0.802020202020202
2724,109,2833,0.9615248852806213
4083,75,4158,0.9819624819624819
391,161,552,0.7083333333333334
1014,394,1408,0.7201704545454546
385,97,482,0.7987551867219918
415,113,528,0.7859848484848485
4084,25,4109,0.9939157945972256
412,101,513,0.8031189083820662
4074,50,4124,0.9878758486905916
1111,459,1570,0.7076433121019108
2376,45,2421,0.9814126394052045
407,113,520,0.7826923076923077
2966,55,3021,0.9817941079112876
380,73,453,0.8388520971302428
382,99,481,0.7941787941787942
375,52,427,0.8782201405152225
206,158,364,0.5659340659340659
410,96,506,0.8102766798418972
1036,451,1487,0.6967047747141897
375,41,416,0.9014423076923077
385,102,487,0.7905544147843943
374,79,453,0.82560706401766
4077,26,4103,0.9936631732878382
181,142,323,0.5603715170278638
428,95,523,0.8183556405353728
376,42,418,0.8995215311004785
1315,160,1475,0.8915254237288136
374,87,461,0.8112798264642083
382,78,460,0.8304347826086956
4081,53,4134,0.9871794871794872
334,18,352,0.9488636363636364
381,96,477,0.7987421383647799
4081,69,4150,0.9833734939759036
371,87,458,0.8100436681222707
4077,71,4148,0.9828833172613307
2584,115,2699,0.9573916265283439
200,183,383,0.5221932114882507
374,63,437,0.8558352402745996
873,382,1255,0.6956175298804781
4087,39,4126,0.9905477460009695
404,144,548,0.7372262773722628
4086,110,4196,0.9737845567206864
200,179,379,0.5277044854881267
376,52,428,0.8785046728971962
2335,93,2428,0.9616968698517299
4085,39,4124,0.9905431619786615
382,87,469,0.814498933901919
913,447,1360,0.6713235294117647
1066,403,1469,0.7256637168141593
392,65,457,0.8577680525164114
396,162,558,0.7096774193548387
4078,92,4170,0.9779376498800959
2066,36,2102,0.9828734538534729
4086,34,4120,0.9917475728155339
1049,939,1988,0.5276659959758552
2284,111,2395,0.9536534446764092
1220,60,1280,0.953125
1152,394,1546,0.7451487710219923
9,118,127,0.07086614173228346
382,45,427,0.8946135831381733
913,394,1307,0.6985462892119357
1152,418,1570,0.7337579617834394
4079,58,4137,0.9859801788735799
412,141,553,0.7450271247739603
385,85,470,0.8191489361702128
2511,105,2616,0.9598623853211009
1044,395,1439,0.7255038220986796
385,87,472,0.815677966101695
376,76,452,0.831858407079646
453,153,606,0.7475247524752475
1071,426,1497,0.7154308617234469
913,394,1307,0.6985462892119357
389,72,461,0.8438177874186551
1725,70,1795,0.9610027855153204
372,69,441,0.8435374149659864
4073,95,4168,0.9772072936660269
403,90,493,0.8174442190669371
4108,152,4260,0.964319248826291
370,51,421,0.8788598574821853
964,49,1013,0.9516288252714709
4124,49,4173,0.9882578480709322
371,83,454,0.8171806167400881
909,425,1334,0.6814092953523239
1042,385,1427,0.7302032235459005
4090,39,4129,0.9905546137079196
303,18,321,0.9439252336448598
4078,56,4134,0.9864537977745524
1006,398,1404,0.7165242165242165
376,99,475,0.791578947368421
1017,534,1551,0.655705996131528
2265,71,2336,0.9696061643835616
403,95,498,0.8092369477911646
404,153,557,0.725314183123878
1030,365,1395,0.7383512544802867
394,95,489,0.8057259713701431
405,70,475,0.8526315789473684
2304,54,2358,0.9770992366412213
4087,47,4134,0.9886308659893566
418,101,519,0.8053949903660886
426,88,514,0.8287937743190662
395,92,487,0.811088295687885
954,50,1004,0.950199203187251
392,89,481,0.814968814968815
373,66,439,0.8496583143507973
1271,102,1373,0.9257101238164603
380,92,472,0.8050847457627118
376,85,461,0.8156182212581344
379,83,462,0.8203463203463204
421,67,488,0.8627049180327869
2221,127,2348,0.9459114139693356
4079,74,4153,0.9821815555020467
4081,41,4122,0.990053372149442
379,121,500,0.758
1014,394,1408,0.7201704545454546
383,93,476,0.8046218487394958
867,409,1276,0.6794670846394985
27,187,214,0.1261682242990654
197,217,414,0.4758454106280193
877,395,1272,0.6894654088050315
874,394,1268,0.6892744479495269
4076,27,4103,0.9934194491835242
375,54,429,0.8741258741258742
431,158,589,0.7317487266553481
1247,401,1648,0.7566747572815534
898,403,1301,0.690238278247502
412,112,524,0.7862595419847328
428,101,529,0.8090737240075614
403,92,495,0.8141414141414142
395,91,486,0.8127572016460906
4073,30,4103,0.9926882768705825
1313,130,1443,0.9099099099099099
394,92,486,0.8106995884773662
1011,56,1067,0.9475164011246485
406,106,512,0.79296875
4099,49,4148,0.9881870781099324
405,98,503,0.805168986083499
383,72,455,0.8417582417582418
1042,385,1427,0.7302032235459005
375,62,437,0.8581235697940504
383,66,449,0.8530066815144766
1060,384,1444,0.7340720221606648
385,91,476,0.8088235294117647
1099,403,1502,0.7316910785619174
403,120,523,0.7705544933078394
480,86,566,0.8480565371024735
399,158,557,0.7163375224416517
4082,24,4106,0.9941548952752071
4079,65,4144,0.9843146718146718
4074,57,4131,0.9862018881626725
1236,415,1651,0.7486371895820715
1785,58,1843,0.9685295713510581
4080,535,4615,0.8840736728060672
377,57,434,0.868663594470046
4095,42,4137,0.9898477157360406
391,133,524,0.7461832061068703
1089,631,1720,0.6331395348837209
4086,100,4186,0.9761108456760631
4080,37,4117,0.9910128734515424
889,403,1292,0.6880804953560371
402,95,497,0.8088531187122736
397,98,495,0.802020202020202
1078,416,1494,0.7215528781793842
2689,95,2784,0.9658764367816092
383,64,447,0.8568232662192393
1072,45,1117,0.9597135183527306
4078,46,4124,0.9888457807953444
1014,389,1403,0.7227369921596579
959,465,1424,0.6734550561797753
370,79,449,0.8240534521158129
4075,48,4123,0.9883579917535775
4093,70,4163,0.9831852029786212
410,98,508,0.8070866141732284
393,52,445,0.8831460674157303
181,106,287,0.6306620209059234
1070,412,1482,0.7219973009446694
913,397,1310,0.6969465648854962
4103,42,4145,0.9898673100120627
4083,72,4155,0.9826714801444043
897,429,1326,0.6764705882352942
1073,454,1527,0.7026850032743942
400,106,506,0.7905138339920948
1085,409,1494,0.7262382864792504
1102,400,1502,0.7336884154460719
402,113,515,0.7805825242718447
1029,396,1425,0.7221052631578947
4073,38,4111,0.9907565069326199
393,108,501,0.7844311377245509
203,159,362,0.5607734806629834
1082,577,1659,0.6522001205545509
370,79,449,0.8240534521158129
2008,66,2074,0.9681774349083896
4110,755,4865,0.8448098663926003
120,12,132,0.9090909090909091
4074,45,4119,0.989075018208303
4078,75,4153,0.9819407657115339
400,110,510,0.7843137254901961
2444,50,2494,0.9799518845228549
1560,52,1612,0.967741935483871
4075,92,4167,0.9779217662586993
4088,69,4157,0.9834014914601876
215,163,378,0.5687830687830688
379,85,464,0.8168103448275862
4227,70,4297,0.98370956481266
1928,98,2026,0.9516288252714709
375,76,451,0.8314855875831486
867,413,1280,0.67734375
875,406,1281,0.6830601092896175
378,73,451,0.8381374722838137
380,51,431,0.8816705336426914
873,403,1276,0.6841692789968652
2361,73,2434,0.9700082169268693
4155,43,4198,0.9897570271557885
4077,50,4127,0.9878846619820693
4075,72,4147,0.9826380516035689
409,89,498,0.821285140562249
4081,52,4133,0.9874183401887249
913,382,1295,0.705019305019305
406,100,506,0.8023715415019763
1123,411,1534,0.7320730117340287
393,57,450,0.8733333333333333
398,101,499,0.7975951903807615
372,53,425,0.8752941176470588
4081,37,4118,0.9910150558523555
381,134,515,0.7398058252427184
3723,120,3843,0.9687743950039032
1075,362,1437,0.7480862908837856
4078,37,4115,0.9910085054678007
410,159,569,0.7205623901581723
385,80,465,0.8279569892473119
4073,198,4271,0.9536408335284476
404,79,483,0.8364389233954451
4086,41,4127,0.9900654228252969
384,78,462,0.8311688311688312
329,18,347,0.9481268011527377
4079,41,4120,0.9900485436893204
421,112,533,0.7898686679174484
395,84,479,0.824634655532359
401,194,595,0.6739495798319328
4089,102,4191,0.9756621331424481
1314,202,1516,0.866754617414248
423,103,526,0.8041825095057035
381,70,451,0.844789356984479
402,134,536,0.75
181,133,314,0.5764331210191083
2355,70,2425,0.9711340206185567
2495,116,2611,0.9555725775564917
4083,148,4231,0.9650200898132829
381,86,467,0.815845824411135
2340,26,2366,0.989010989010989
1291,48,1339,0.964152352501867
1089,428,1517,0.7178642056690837
32,192,224,0.14285714285714285
399,86,485,0.822680412371134
383,60,443,0.8645598194130926
371,70,441,0.8412698412698413
406,83,489,0.8302658486707567
409,93,502,0.8147410358565738
410,91,501,0.8183632734530938
393,108,501,0.7844311377245509
4118,72,4190,0.9828162291169451
460,95,555,0.8288288288288288
1071,428,1499,0.71447631754503
372,75,447,0.8322147651006712
4082,82,4164,0.9803073967339097
31,125,156,0.1987179487179487
966,432,1398,0.6909871244635193
402,91,493,0.8154158215010142
377,49,426,0.8849765258215962
398,90,488,0.8155737704918032
447,117,564,0.7925531914893617
379,64,443,0.8555304740406321
1313,159,1472,0.891983695652174
1017,613,1630,0.6239263803680981
425,84,509,0.8349705304518664
4089,49,4138,0.9881585306911551
412,110,522,0.789272030651341
874,394,1268,0.6892744479495269
2200,43,2243,0.9808292465448061
1259,46,1305,0.9647509578544061
4120,44,4164,0.989433237271854
371,64,435,0.8528735632183908
427,99,526,0.811787072243346
1117,410,1527,0.7314996725605762
1041,576,1617,0.6437847866419295
181,311,492,0.3678861788617886
4094,45,4139,0.9891278086494323
397,88,485,0.8185567010309278
386,106,492,0.7845528455284553
897,397,1294,0.6931993817619784
411,110,521,0.7888675623800384
203,167,370,0.5486486486486486
3116,107,3223,0.9668011169717654
406,94,500,0.812
410,113,523,0.7839388145315488
327,18,345,0.9478260869565217
397,96,493,0.8052738336713996
1030,408,1438,0.7162726008344924
1014,394,1408,0.7201704545454546
1115,396,1511,0.7379219060225016
376,87,463,0.8120950323974082
1168,452,1620,0.7209876543209877
424,107,531,0.7984934086629002
181,186,367,0.49318801089918257
4073,76,4149,0.9816823330923115
1147,93,1240,0.925
4082,28,4110,0.9931873479318735
1020,565,1585,0.6435331230283912
2491,55,2546,0.9783974862529458
4084,136,4220,0.9677725118483412
393,100,493,0.7971602434077079
4079,232,4311,0.9461841800046393
371,55,426,0.8708920187793427
371,65,436,0.8509174311926605
1586,104,1690,0.9384615384615385
4073,35,4108,0.9914800389483934
1017,397,1414,0.7192362093352193
376,75,451,0.8337028824833703
379,48,427,0.8875878220140515
877,409,1286,0.6819595645412131
4087,52,4139,0.9874365788837883
1110,411,1521,0.7297830374753451
408,127,535,0.7626168224299066
1997,81,2078,0.9610202117420596
167,217,384,0.4348958333333333
1315,181,1496,0.8790106951871658
4078,43,4121,0.9895656394079106
410,132,542,0.7564575645756457
4076,42,4118,0.9898008742107819
404,92,496,0.8145161290322581
909,428,1337,0.6798803290949887
405,114,519,0.7803468208092486
181,112,293,0.6177474402730375
4082,46,4128,0.9888565891472868
5380,46,5426,0.9915223000368596
376,61,437,0.8604118993135011
389,90,479,0.8121085594989561
1031,395,1426,0.7230014025245441
1236,415,1651,0.7486371895820715
417,72,489,0.852760736196319
1166,37,1203,0.969243557772236
4087,50,4137,0.9879139473048103
373,107,480,0.7770833333333333
3356,90,3446,0.9738827626233314
424,54,478,0.8870292887029289
54,190,244,0.22131147540983606
452,92,544,0.8308823529411765
401,88,489,0.820040899795501
405,96,501,0.8083832335329342
375,67,442,0.8484162895927602
898,403,1301,0.690238278247502
408,93,501,0.8143712574850299
430,96,526,0.8174904942965779
1094,442,1536,0.7122395833333334
746,68,814,0.9164619164619164
4075,44,4119,0.9893177955814518
386,69,455,0.8483516483516483
412,102,514,0.8015564202334631
391,86,477,0.8197064989517819
1041,589,1630,0.6386503067484662
1085,409,1494,0.7262382864792504
370,51,421,0.8788598574821853
171,164,335,0.5104477611940299
3513,72,3585,0.9799163179916318
407,101,508,0.8011811023622047
4079,36,4115,0.9912515188335358
400,108,508,0.7874015748031497
1053,450,1503,0.7005988023952096
861,124,985,0.8741116751269036
398,93,491,0.8105906313645621
375,72,447,0.8389261744966443
4078,36,4114,0.9912493923189111
423,103,526,0.8041825095057035
4088,60,4148,0.9855351976856316
406,102,508,0.7992125984251969
397,107,504,0.7876984126984127
1505,110,1615,0.9318885448916409
394,86,480,0.8208333333333333
2700,77,2777,0.9722722362261433
387,72,459,0.8431372549019608
1894,109,2003,0.945581627558662
386,80,466,0.8283261802575107
2152,75,2227,0.9663224068253256
1123,409,1532,0.7330287206266318
406,108,514,0.7898832684824902
3086,45,3131,0.9856275950175662
322,18,340,0.9470588235294117
4073,56,4129,0.9864373940421409
401,90,491,0.8167006109979633
405,93,498,0.8132530120481928
397,82,479,0.8288100208768268
385,95,480,0.8020833333333334
406,132,538,0.7546468401486989
410,108,518,0.7915057915057915
4096,58,4154,0.9860375541646605
420,104,524,0.8015267175572519
408,85,493,0.8275862068965517
373,71,444,0.8400900900900901
4083,31,4114,0.99246475449684
206,162,368,0.5597826086956522
376,50,426,0.8826291079812206
386,74,460,0.8391304347826087
4084,43,4127,0.9895808093045796
397,106,503,0.7892644135188867
399,105,504,0.7916666666666666
391,95,486,0.8045267489711934
4127,45,4172,0.9892138063279002
394,111,505,0.7801980198019802
401,93,494,0.8117408906882592
159,210,369,0.43089430894308944
58,129,187,0.31016042780748665
1131,398,1529,0.7396991497710922
1314,204,1518,0.8656126482213439
4077,44,4121,0.9893229798592574
4089,92,4181,0.9779956948098542
405,85,490,0.826530612244898
404,99,503,0.8031809145129225
392,85,477,0.8218029350104822
4075,28,4103,0.9931757250792104
400,126,526,0.7604562737642585
4079,78,4157,0.9812364686071686
433,86,519,0.8342967244701349
4088,86,4174,0.9793962625778629
4087,38,4125,0.9907878787878788
429,77,506,0.8478260869565217
2057,101,2158,0.9531974050046339
404,107,511,0.7906066536203522
4090,27,4117,0.9934418265727472
1111,48,1159,0.9585849870578085
400,86,486,0.823045267489712
4077,109,4186,0.9739608217869088
405,141,546,0.7417582417582418
4081,38,4119,0.9907744598203447
403,97,500,0.806
376,72,448,0.8392857142857143
372,50,422,0.8815165876777251
1037,385,1422,0.729254571026723
4089,44,4133,0.9893539801596903
1247,396,1643,0.7589774802191114
1099,377,1476,0.744579945799458
420,172,592,0.7094594594594594
4092,87,4179,0.9791816223977028
2451,32,2483,0.9871123640757149
390,63,453,0.8609271523178808
4081,42,4123,0.9898132427843803
125,158,283,0.4416961130742049
1110,398,1508,0.7360742705570292
406,117,523,0.7762906309751434
181,83,264,0.6856060606060606
401,127,528,0.759469696969697
395,112,507,0.7790927021696252
385,80,465,0.8279569892473119
1313,223,1536,0.8548177083333334
1992,63,2055,0.9693430656934306
372,58,430,0.8651162790697674
385,116,501,0.7684630738522954
4091,61,4152,0.9853082851637764
1101,421,1522,0.7233902759526938
409,92,501,0.8163672654690619
3732,147,3879,0.9621036349574633
398,96,494,0.805668016194332
406,108,514,0.7898832684824902
407,143,550,0.74
424,85,509,0.8330058939096268
4091,60,4151,0.9855456516502048
4078,232,4310,0.9461716937354988
419,54,473,0.8858350951374208
4374,114,4488,0.9745989304812834
393,83,476,0.8256302521008403
408,85,493,0.8275862068965517
1595,107,1702,0.9371327849588719
397,98,495,0.802020202020202
1111,423,1534,0.7242503259452412
374,51,425,0.88
1310,147,1457,0.8991077556623198
181,133,314,0.5764331210191083
399,143,542,0.7361623616236163
2628,96,2724,0.9647577092511013
431,115,546,0.7893772893772893
386,91,477,0.8092243186582809
36,133,169,0.21301775147928995
4098,68,4166,0.9836773883821411
374,90,464,0.8060344827586207
413,96,509,0.8113948919449901
4100,62,4162,0.9851033157135992
440,92,532,0.8270676691729323
3984,113,4097,0.9724188430558945
4093,127,4220,0.9699052132701422
425,148,573,0.7417102966841187
404,104,508,0.7952755905511811
395,107,502,0.7868525896414342
385,49,434,0.8870967741935484
1141,520,1661,0.686935580975316
1993,50,2043,0.9755261869799314
395,112,507,0.7790927021696252
181,160,341,0.530791788856305
410,183,593,0.6913996627318718
1760,132,1892,0.9302325581395349
4076,78,4154,0.9812229176697159
4099,60,4159,0.9855734551574897
4094,28,4122,0.9932071809801067
4084,69,4153,0.9833855044546111
4094,43,4137,0.9896059946821368
390,90,480,0.8125
4082,38,4120,0.9907766990291262
398,96,494,0.805668016194332
398,53,451,0.8824833702882483
399,92,491,0.8126272912423625
873,428,1301,0.671022290545734
429,104,533,0.8048780487804879
2752,68,2820,0.975886524822695
414,100,514,0.8054474708171206
1793,99,1892,0.9476744186046512
120,12,132,0.9090909090909091
867,413,1280,0.67734375
181,182,363,0.4986225895316804
380,72,452,0.8407079646017699
4086,60,4146,0.9855282199710564
4127,40,4167,0.9904007679385649
398,90,488,0.8155737704918032
424,68,492,0.8617886178861789
374,62,436,0.8577981651376146
4146,56,4202,0.9866730128510233
132,160,292,0.4520547945205479
1018,401,1419,0.7174066243833686
403,88,491,0.8207739307535642
387,24,411,0.9416058394160584
399,110,509,0.7838899803536346
4094,107,4201,0.974529873839562
1077,96,1173,0.9181585677749361
398,92,490,0.8122448979591836
381,73,454,0.8392070484581498
370,54,424,0.8726415094339622
397,98,495,0.802020202020202
1092,373,1465,0.7453924914675768
1349,199,1548,0.8714470284237726
386,69,455,0.8483516483516483
404,145,549,0.7358834244080146
386,131,517,0.746615087040619
3602,93,3695,0.974830852503383
399,103,502,0.7948207171314741
406,128,534,0.7602996254681648
966,427,1393,0.6934673366834171
1886,144,2030,0.929064039408867
376,92,468,0.8034188034188035
312,18,330,0.9454545454545454
212,179,391,0.5421994884910486
4079,27,4106,0.9934242571846079
1060,507,1567,0.6764518187619656
401,168,569,0.7047451669595782
1042,385,1427,0.7302032235459005
1662,108,1770,0.9389830508474576
1053,428,1481,0.7110060769750168
376,48,424,0.8867924528301887
4080,31,4111,0.9924592556555583
378,69,447,0.8456375838926175
4143,79,4222,0.9812884888678352
420,81,501,0.8383233532934131
1061,416,1477,0.7183480027081923
411,104,515,0.7980582524271844
384,84,468,0.8205128205128205
1090,424,1514,0.7199471598414795
4085,43,4128,0.9895833333333334
394,109,503,0.7833001988071571
426,109,535,0.7962616822429907
300,18,318,0.9433962264150944
1101,385,1486,0.7409152086137282
4077,90,4167,0.978401727861771
383,70,453,0.8454746136865342
4089,54,4143,0.9869659666908037
4075,56,4131,0.9864439603001695
4080,26,4106,0.9936678032148076
397,89,486,0.8168724279835391
1141,391,1532,0.7447780678851175
1648,60,1708,0.9648711943793911
402,119,521,0.7715930902111324
4084,66,4150,0.9840963855421687
4083,32,4115,0.9922235722964763
381,73,454,0.8392070484581498
412,151,563,0.7317939609236235
395,112,507,0.7790927021696252
2625,81,2706,0.9700665188470067
2460,114,2574,0.9557109557109557
421,108,529,0.7958412098298677
181,121,302,0.5993377483443708
393,95,488,0.805327868852459
372,62,434,0.8571428571428571
409,136,545,0.7504587155963303
396,109,505,0.7841584158415842
1424,122,1546,0.9210866752910737
373,76,449,0.8307349665924276
4072,27,4099,0.9934130275676994
4087,39,4126,0.9905477460009695
1119,99,1218,0.9187192118226601
400,123,523,0.7648183556405354
4121,52,4173,0.9875389408099688
402,129,531,0.7570621468926554
393,95,488,0.805327868852459
2411,45,2456,0.9816775244299675
4080,47,4127,0.9886115822631452
429,100,529,0.8109640831758034
397,78,475,0.8357894736842105
4083,56,4139,0.986470161874849
395,93,488,0.8094262295081968
4128,59,4187,0.9859087652256986
409,90,499,0.8196392785571143
434,91,525,0.8266666666666667
1026,528,1554,0.6602316602316602
426,85,511,0.8336594911937377
986,592,1578,0.6248415716096325
408,87,495,0.8242424242424242
1430,78,1508,0.9482758620689655
399,95,494,0.8076923076923077
4088,336,4424,0.9240506329113924
385,74,459,0.8387799564270153
377,78,455,0.8285714285714286
4084,42,4126,0.9898206495395055
380,84,464,0.8189655172413793
1004,78,1082,0.9279112754158965
4083,161,4244,0.9620640904806786
4079,87,4166,0.9791166586653864
504,105,609,0.8275862068965517
373,82,455,0.8197802197802198
1424,65,1489,0.9563465413028879
430,104,534,0.8052434456928839
1894,90,1984,0.9546370967741935
398,94,492,0.8089430894308943
4081,111,4192,0.9735209923664122
427,92,519,0.8227360308285164
4075,27,4102,0.9934178449536811
978,110,1088,0.8988970588235294
375,69,444,0.8445945945945946
408,100,508,0.8031496062992126
377,75,452,0.834070796460177
396,92,488,0.8114754098360656
1041,576,1617,0.6437847866419295
393,88,481,0.817047817047817
212,162,374,0.5668449197860963
885,87,972,0.9104938271604939
397,57,454,0.8744493392070485
396,76,472,0.8389830508474576
4080,73,4153,0.9824223452925596
1110,411,1521,0.7297830374753451
408,123,531,0.768361581920904
375,83,458,0.8187772925764192
4090,54,4144,0.986969111969112
4077,28,4105,0.9931790499390987
373,75,448,0.8325892857142857
4093,29,4122,0.9929645803008248
1827,103,1930,0.9466321243523316
382,59,441,0.8662131519274376
4082,36,4118,0.9912578921806702
1078,388,1466,0.7353342428376535
4088,42,4130,0.9898305084745763
380,84,464,0.8189655172413793
4075,135,4210,0.9679334916864608
4088,64,4152,0.9845857418111753
391,131,522,0.7490421455938697
4089,71,4160,0.9829326923076923
181,162,343,0.5276967930029155
4075,43,4118,0.9895580378824672
413,102,515,0.8019417475728156
4086,46,4132,0.9888673765730881
410,112,522,0.7854406130268199
237,14,251,0.9442231075697212
386,76,462,0.8354978354978355
409,115,524,0.7805343511450382
386,69,455,0.8483516483516483
1964,65,2029,0.9679645145391819
398,111,509,0.7819253438113949
397,116,513,0.7738791423001949
394,93,487,0.8090349075975359
120,12,132,0.9090909090909091
407,101,508,0.8011811023622047
1058,418,1476,0.7168021680216802
1807,117,1924,0.9391891891891891
452,87,539,0.8385899814471243
406,200,606,0.66996699669967
4080,79,4159,0.9810050492906949
383,106,489,0.7832310838445807
402,134,536,0.75
4100,172,4272,0.9597378277153558
1821,112,1933,0.942058975685463
1930,51,1981,0.9742554265522464
1174,73,1247,0.9414595028067362
382,95,477,0.80083857442348
4080,47,4127,0.9886115822631452
1317,153,1470,0.8959183673469387
394,88,482,0.8174273858921162
402,91,493,0.8154158215010142
4149,41,4190,0.9902147971360382
1190,414,1604,0.7418952618453866
409,145,554,0.7382671480144405
383,90,473,0.8097251585623678
903,89,992,0.9102822580645161
391,103,494,0.791497975708502
4084,37,4121,0.9910215966998301
401,167,568,0.7059859154929577
397,55,452,0.8783185840707964
203,183,386,0.5259067357512953
404,82,486,0.831275720164609
4095,30,4125,0.9927272727272727
401,97,498,0.8052208835341366
1813,53,1866,0.9715969989281886
387,109,496,0.780241935483871
385,89,474,0.8122362869198312
4080,28,4108,0.9931840311587147
374,84,458,0.8165938864628821
2343,70,2413,0.9709904682967261
382,72,454,0.8414096916299559
406,97,503,0.8071570576540755
4087,171,4258,0.9598403006106153
1977,72,2049,0.9648609077598829
372,81,453,0.8211920529801324
4107,43,4150,0.9896385542168674
381,109,490,0.7775510204081633
1152,394,1546,0.7451487710219923
2510,107,2617,0.9591134887275506
409,105,514,0.7957198443579766
392,77,469,0.835820895522388
374,65,439,0.8519362186788155
28,121,149,0.18791946308724833
1018,401,1419,0.7174066243833686
399,110,509,0.7838899803536346
405,95,500,0.81
1052,97,1149,0.9155787641427328
1734,85,1819,0.9532710280373832
398,109,507,0.7850098619329389
4089,41,4130,0.9900726392251816
427,109,536,0.7966417910447762
417,116,533,0.7823639774859287
406,96,502,0.8087649402390438
392,83,475,0.8252631578947368
1087,95,1182,0.9196277495769881
2383,78,2461,0.9683055668427468
1099,63,1162,0.9457831325301205
388,76,464,0.8362068965517241
392,80,472,0.8305084745762712
1024,608,1632,0.6274509803921569
395,136,531,0.743879472693032
387,71,458,0.8449781659388647
4095,56,4151,0.9865092748735245
1890,79,1969,0.9598781107160995
1101,385,1486,0.7409152086137282
411,125,536,0.7667910447761194
456,101,557,0.8186714542190305
1027,430,1457,0.7048730267673301
377,71,448,0.8415178571428571
4085,51,4136,0.9876692456479691
384,54,438,0.8767123287671232
399,157,556,0.7176258992805755
397,101,498,0.7971887550200804
375,76,451,0.8314855875831486
391,51,442,0.8846153846153846
4078,154,4232,0.9636105860113422
402,103,505,0.7960396039603961
394,183,577,0.682842287694974
422,180,602,0.7009966777408638
897,395,1292,0.6942724458204335
419,53,472,0.8877118644067796
404,77,481,0.83991683991684
408,87,495,0.8242424242424242
397,91,488,0.8135245901639344
422,137,559,0.7549194991055456
439,94,533,0.8236397748592871
370,52,422,0.8767772511848341
4075,46,4121,0.988837660761951
375,49,424,0.8844339622641509
405,78,483,0.8385093167701864
4083,87,4170,0.979136690647482
1783,90,1873,0.9519487453283503
420,109,529,0.7939508506616257
181,326,507,0.35700197238658776
380,80,460,0.8260869565217391
405,117,522,0.7758620689655172
1087,534,1621,0.6705737199259716
1178,437,1615,0.7294117647058823
200,161,361,0.554016620498615
447,114,561,0.7967914438502673
4087,57,4144,0.9862451737451737
1060,507,1567,0.6764518187619656
398,83,481,0.8274428274428275
4078,53,4131,0.9871701767126604
4090,144,4234,0.9659896079357582
1190,392,1582,0.7522123893805309
4090,28,4118,0.9932005828071879
4085,48,4133,0.9883861601742076
1610,88,1698,0.9481743227326266
4076,53,4129,0.9871639622184548
412,110,522,0.789272030651341
398,99,497,0.8008048289738431
1092,422,1514,0.7212681638044914
4073,98,4171,0.9765044353871973
4126,59,4185,0.9859020310633214
375,91,466,0.8047210300429185
4097,53,4150,0.9872289156626506
371,78,449,0.8262806236080178
382,94,476,0.8025210084033614
394,100,494,0.7975708502024291
420,95,515,0.8155339805825242
379,76,455,0.832967032967033
410,90,500,0.82
378,61,439,0.8610478359908884
4079,32,4111,0.9922160058379956
385,32,417,0.9232613908872902
406,109,515,0.7883495145631068
4099,69,4168,0.9834452975047985
740,83,823,0.8991494532199271
405,116,521,0.7773512476007678
389,96,485,0.8020618556701031
400,90,490,0.8163265306122449
7,142,149,0.04697986577181208
4080,48,4128,0.9883720930232558
403,100,503,0.8011928429423459
384,65,449,0.8552338530066815
387,82,469,0.8251599147121536
422,96,518,0.8146718146718147
399,96,495,0.806060606060606
4090,60,4150,0.9855421686746988
378,90,468,0.8076923076923077
1152,49,1201,0.9592006661115737
409,100,509,0.8035363457760314
395,85,480,0.8229166666666666
415,84,499,0.8316633266533067
1315,226,1541,0.8533419857235561
4083,127,4210,0.9698337292161521
1201,375,1576,0.7620558375634517
2367,56,2423,0.9768881551795295
1017,534,1551,0.655705996131528
386,111,497,0.7766599597585513
4076,33,4109,0.9919688488683378
1141,95,1236,0.9231391585760518
4509,134,4643,0.9711393495584751
380,90,470,0.8085106382978723
398,126,524,0.7595419847328244
405,162,567,0.7142857142857143
374,110,484,0.7727272727272727
4078,154,4232,0.9636105860113422
4081,56,4137,0.9864636209813875
401,93,494,0.8117408906882592
406,93,499,0.8136272545090181
378,90,468,0.8076923076923077
401,109,510,0.7862745098039216
401,108,509,0.787819253438114
910,91,1001,0.9090909090909091
381,87,468,0.8141025641025641
402,83,485,0.8288659793814434
4078,34,4112,0.9917315175097277
404,95,499,0.8096192384769539
422,111,533,0.7917448405253283
390,102,492,0.7926829268292683
1181,125,1306,0.9042879019908117
4133,83,4216,0.9803130929791272
4082,107,4189,0.974456910957269
386,79,465,0.8301075268817204
378,152,530,0.7132075471698113
406,149,555,0.7315315315315315
400,91,491,0.814663951120163
1010,444,1454,0.6946354883081155
389,92,481,0.8087318087318087
419,46,465,0.9010752688172043
1314,54,1368,0.9605263157894737
4149,88,4237,0.9792305876799622
407,86,493,0.8255578093306288
2178,133,2311,0.9424491562094331
374,59,433,0.8637413394919169
410,104,514,0.7976653696498055
405,98,503,0.805168986083499
373,68,441,0.8458049886621315
440,132,572,0.7692307692307693
398,129,527,0.7552182163187856
4072,139,4211,0.9669912134884825
912,42,954,0.9559748427672956
4088,52,4140,0.9874396135265701
398,78,476,0.8361344537815126
399,100,499,0.7995991983967936
4078,84,4162,0.9798173954829409
4159,68,4227,0.9839129406198249
4155,48,4203,0.9885795860099929
380,71,451,0.8425720620842572
400,137,537,0.74487895716946
130,205,335,0.3880597014925373
1178,409,1587,0.7422810333963453
459,327,786,0.583969465648855
403,147,550,0.7327272727272728
4079,57,4136,0.9862185686653772
438,95,533,0.8217636022514071
405,111,516,0.7848837209302325
8,159,167,0.04790419161676647
1319,189,1508,0.8746684350132626
406,94,500,0.812
396,90,486,0.8148148148148148
378,66,444,0.8513513513513513
403,125,528,0.7632575757575758
8,131,139,0.05755395683453238
378,127,505,0.7485148514851485
408,113,521,0.783109404990403
416,97,513,0.8109161793372319
430,52,482,0.8921161825726142
4074,39,4113,0.9905178701677607
386,70,456,0.8464912280701754
379,73,452,0.838495575221239
395,41,436,0.9059633027522935
4080,36,4116,0.9912536443148688
30,139,169,0.17751479289940827
4083,41,4124,0.9900581959262852
394,84,478,0.8242677824267782
377,80,457,0.824945295404814
388,61,449,0.8641425389755011
1078,401,1479,0.7288708586883029
4095,40,4135,0.9903264812575574
399,85,484,0.8243801652892562
425,160,585,0.7264957264957265
1018,393,1411,0.7214741318214033
398,85,483,0.8240165631469979
1183,372,1555,0.7607717041800643
421,85,506,0.8320158102766798
387,85,472,0.8199152542372882
398,135,533,0.7467166979362101
1186,415,1601,0.740787008119925
410,112,522,0.7854406130268199
407,89,496,0.8205645161290323
377,59,436,0.8646788990825688
4106,35,4141,0.991547935281333
4091,35,4126,0.991517207949588
4082,57,4139,0.9862285576226142
452,86,538,0.8401486988847584
4098,104,4202,0.9752498810090433
408,82,490,0.8326530612244898
1004,467,1471,0.6825288919102651
416,109,525,0.7923809523809524
1505,77,1582,0.9513274336283186
446,96,542,0.8228782287822878
4121,69,4190,0.9835322195704057
314,18,332,0.9457831325301205
4084,62,4146,0.9850458273034249
2946,90,3036,0.9703557312252964
404,87,491,0.8228105906313645
2309,67,2376,0.9718013468013468
392,93,485,0.8082474226804124
399,136,535,0.7457943925233644
419,107,526,0.7965779467680608
4084,36,4120,0.9912621359223301
4131,44,4175,0.9894610778443114
390,92,482,0.8091286307053942
1088,423,1511,0.7200529450694904
1993,50,2043,0.9755261869799314
372,88,460,0.808695652173913
379,95,474,0.79957805907173
404,97,501,0.8063872255489022
1508,114,1622,0.9297163995067818
371,71,442,0.8393665158371041
4084,66,4150,0.9840963855421687
4080,28,4108,0.9931840311587147
4086,133,4219,0.9684759421663901
1353,155,1508,0.8972148541114059
404,81,485,0.8329896907216495
398,88,486,0.8189300411522634
1010,407,1417,0.7127734650670431
462,84,546,0.8461538461538461
400,104,504,0.7936507936507936
401,78,479,0.837160751565762
1321,75,1396,0.9462750716332379
443,88,531,0.8342749529190208
406,103,509,0.7976424361493124
1678,88,1766,0.9501698754246886
879,84,963,0.9127725856697819
2738,137,2875,0.9523478260869566
4165,108,4273,0.9747250175520712
2700,77,2777,0.9722722362261433
838,91,929,0.9020452099031216
384,48,432,0.8888888888888888
401,127,528,0.759469696969697
381,75,456,0.8355263157894737
11,182,193,0.05699481865284974
1190,414,1604,0.7418952618453866
393,77,470,0.8361702127659575
428,87,515,0.8310679611650486
395,64,459,0.8605664488017429
403,90,493,0.8174442190669371
4077,115,4192,0.9725667938931297
4087,42,4129,0.9898280455316057
1820,76,1896,0.959915611814346
390,88,478,0.8158995815899581
4084,44,4128,0.9893410852713178
203,217,420,0.48333333333333334
378,82,460,0.8217391304347826
4143,47,4190,0.9887828162291169
2221,50,2271,0.9779832672831352
4081,67,4148,0.983847637415622
393,92,485,0.8103092783505155
956,106,1062,0.9001883239171374
4098,41,4139,0.9900942256583716
4092,146,4238,0.9655497876356772
396,107,503,0.7872763419483101
372,63,435,0.8551724137931035
393,125,518,0.7586872586872587
371,54,425,0.8729411764705882
379,42,421,0.9002375296912114
397,92,489,0.8118609406952966
405,95,500,0.81
4101,68,4169,0.9836891340849124
399,150,549,0.726775956284153
387,84,471,0.821656050955414
4076,46,4122,0.9888403687530325
4088,95,4183,0.9772890270141047
377,71,448,0.8415178571428571
383,78,461,0.8308026030368764
374,86,460,0.8130434782608695
396,89,485,0.8164948453608247
1110,28,1138,0.9753954305799648
986,592,1578,0.6248415716096325
4086,28,4114,0.9931939718035975
406,99,505,0.803960396039604
429,82,511,0.8395303326810176
4086,42,4128,0.9898255813953488
373,76,449,0.8307349665924276
421,92,513,0.8206627680311891
378,49,427,0.8852459016393442
407,101,508,0.8011811023622047
4094,65,4159,0.9843712430872806
1884,43,1927,0.9776855215360665
381,78,459,0.8300653594771242
4098,98,4196,0.9766444232602478
402,108,510,0.788235294117647
389,87,476,0.8172268907563025
371,71,442,0.8393665158371041
1026,42,1068,0.9606741573033708
374,70,444,0.8423423423423423
3795,56,3851,0.9854583225136329
397,82,479,0.8288100208768268
4074,40,4114,0.9902771025765679
1102,52,1154,0.9549393414211439
415,95,510,0.8137254901960784
398,83,481,0.8274428274428275
398,109,507,0.7850098619329389
306,18,324,0.9444444444444444
430,92,522,0.8237547892720306
2585,101,2686,0.962397617274758
1792,94,1886,0.9501590668080594
4077,45,4122,0.9890829694323144
403,107,510,0.7901960784313725
407,139,546,0.7454212454212454
1783,73,1856,0.9606681034482759
4079,43,4122,0.9895681707908782
1010,409,1419,0.711768851303735
404,103,507,0.796844181459566
406,81,487,0.8336755646817249
181,148,329,0.5501519756838906
389,86,475,0.8189473684210526
372,84,456,0.8157894736842105
374,78,452,0.827433628318584
1330,47,1377,0.9658678286129266
4074,66,4140,0.9840579710144928
883,47,930,0.9494623655913978
4075,39,4114,0.9905201750121536
4087,37,4124,0.9910281280310378
369,74,443,0.8329571106094809
426,75,501,0.8502994011976048
4145,59,4204,0.985965746907707
4098,47,4145,0.9886610373944511
4091,63,4154,0.9848338950409244
375,67,442,0.8484162895927602
4088,40,4128,0.9903100775193798
3807,56,3863,0.9855034946932436
4132,76,4208,0.9819391634980988
380,91,471,0.8067940552016986
22,105,127,0.1732283464566929
1111,617,1728,0.6429398148148148
390,108,498,0.7831325301204819
4107,68,4175,0.9837125748502994
400,172,572,0.6993006993006993
386,111,497,0.7766599597585513
410,115,525,0.780952380952381
1113,383,1496,0.7439839572192514
1314,150,1464,0.8975409836065574
4080,34,4114,0.9917355371900827
4088,49,4137,0.988155668358714
371,61,432,0.8587962962962963
390,110,500,0.78
418,126,544,0.7683823529411765
1085,440,1525,0.7114754098360656
423,145,568,0.7447183098591549
384,89,473,0.8118393234672304
380,77,457,0.8315098468271335
1773,102,1875,0.9456
1156,74,1230,0.9398373983739837
417,90,507,0.8224852071005917
402,93,495,0.8121212121212121
374,101,475,0.7873684210526316
374,94,468,0.7991452991452992
386,64,450,0.8577777777777778
1201,543,1744,0.6886467889908257
4077,57,4134,0.9862119013062409
4074,58,4132,0.9859632139399807
1622,95,1717,0.9446709376820035
407,88,495,0.8222222222222222
402,81,483,0.8322981366459627
372,120,492,0.7560975609756098
1051,388,1439,0.7303683113273106
395,73,468,0.844017094017094
4089,53,4142,0.9872042491549976
4084,42,4126,0.9898206495395055
382,75,457,0.8358862144420132
2,93,95,0.021052631578947368
381,176,557,0.6840215439856373
409,86,495,0.8262626262626263
375,136,511,0.7338551859099804
404,120,524,0.7709923664122137
392,91,483,0.8115942028985508
4088,48,4136,0.988394584139265
420,95,515,0.8155339805825242
1315,142,1457,0.9025394646533974
1036,386,1422,0.7285513361462729
4078,103,4181,0.9753647452762497
1161,59,1220,0.9516393442622951
1099,526,1625,0.6763076923076923
1212,61,1273,0.9520816967792616
395,79,474,0.8333333333333334
4074,43,4117,0.9895555015788196
242,14,256,0.9453125
495,95,590,0.8389830508474576
4089,28,4117,0.9931989312606266
399,83,482,0.8278008298755186
1058,415,1473,0.7182620502376104
428,81,509,0.8408644400785854
442,83,525,0.8419047619047619
1113,408,1521,0.7317554240631163
4078,45,4123,0.9890856172689789
374,73,447,0.8366890380313199
2118,110,2228,0.9506283662477558
396,60,456,0.868421052631579
373,60,433,0.8614318706697459
383,78,461,0.8308026030368764
4081,41,4122,0.990053372149442
387,64,451,0.8580931263858093
432,111,543,0.7955801104972375
414,99,513,0.8070175438596491
4086,55,4141,0.9867181840135233
375,104,479,0.7828810020876826
986,423,1409,0.6997870830376153
399,91,490,0.8142857142857143
203,217,420,0.48333333333333334
1364,39,1403,0.9722024233784747
1692,98,1790,0.9452513966480447
4078,40,4118,0.9902865468674114
2229,105,2334,0.9550128534704371
382,63,445,0.8584269662921349
411,94,505,0.8138613861386138
448,91,539,0.8311688311688312
383,97,480,0.7979166666666667
1136,396,1532,0.741514360313316
385,145,530,0.7264150943396226
395,89,484,0.8161157024793388
379,77,456,0.831140350877193
181,107,288,0.6284722222222222
400,92,492,0.8130081300813008
416,108,524,0.7938931297709924
384,90,474,0.810126582278481
391,116,507,0.7712031558185405
2584,141,2725,0.948256880733945
2159,88,2247,0.960836671117045
417,107,524,0.7958015267175572
4090,94,4184,0.9775334608030593
415,81,496,0.8366935483870968
4100,142,4242,0.9665252239509665
372,79,451,0.8248337028824834
1065,413,1478,0.7205683355886333
1193,45,1238,0.9636510500807755
378,80,458,0.8253275109170306
384,63,447,0.8590604026845637
375,54,429,0.8741258741258742
880,96,976,0.9016393442622951
442,92,534,0.8277153558052435
412,81,493,0.8356997971602435
1641,143,1784,0.9198430493273543
390,91,481,0.8108108108108109
410,102,512,0.80078125
4075,55,4130,0.986682808716707
1111,414,1525,0.7285245901639344
1025,426,1451,0.7064093728463129
879,89,968,0.9080578512396694
440,86,526,0.8365019011406845
1467,113,1580,0.9284810126582278
385,79,464,0.8297413793103449
4084,46,4130,0.988861985472155
395,135,530,0.7452830188679245
397,87,484,0.8202479338842975
417,96,513,0.8128654970760234
1231,45,1276,0.9647335423197492
2694,90,2784,0.9676724137931034
411,133,544,0.7555147058823529
1312,159,1471,0.8919102651257648
419,88,507,0.8264299802761341
393,88,481,0.817047817047817
376,74,450,0.8355555555555556
4077,105,4182,0.9748923959827833
413,81,494,0.8360323886639676
374,68,442,0.8461538461538461
4081,67,4148,0.983847637415622
418,86,504,0.8293650793650794
377,46,423,0.8912529550827423
404,120,524,0.7709923664122137
388,108,496,0.782258064516129
398,90,488,0.8155737704918032
405,103,508,0.797244094488189
421,106,527,0.7988614800759013
406,100,506,0.8023715415019763
4076,58,4134,0.9859700048379294
1080,413,1493,0.7233757535164099
1067,373,1440,0.7409722222222223
4077,31,4108,0.9924537487828627
4143,74,4217,0.9824519800806261
4077,32,4109,0.9922122170844487
4080,50,4130,0.9878934624697336
378,92,470,0.8042553191489362
181,118,299,0.6053511705685619
1200,399,1599,0.7504690431519699
4082,28,4110,0.9931873479318735
406,122,528,0.7689393939393939
375,55,430,0.872093023255814
396,83,479,0.826722338204593
4085,48,4133,0.9883861601742076
442,88,530,0.8339622641509434
385,78,463,0.8315334773218143
475,114,589,0.8064516129032258
1058,397,1455,0.727147766323024
2296,54,2350,0.9770212765957447
2447,121,2568,0.9528816199376947
4077,48,4125,0.9883636363636363
2494,85,2579,0.9670414889492052
2538,94,2632,0.9642857142857143
1010,472,1482,0.6815114709851552
394,73,467,0.8436830835117773
396,153,549,0.7213114754098361
1099,572,1671,0.6576900059844405
380,79,459,0.8278867102396514
4081,87,4168,0.9791266794625719
1137,416,1553,0.7321313586606568
372,123,495,0.7515151515151515
3000,45,3045,0.9852216748768473
406,114,520,0.7807692307692308
393,121,514,0.7645914396887159
4092,54,4146,0.9869753979739508
403,92,495,0.8141414141414142
4085,41,4126,0.9900630150266602
459,102,561,0.8181818181818182
377,52,429,0.8787878787878788
4078,84,4162,0.9798173954829409
1069,396,1465,0.7296928327645051
392,137,529,0.7410207939508506
181,230,411,0.44038929440389296
942,86,1028,0.9163424124513618
392,98,490,0.8
402,89,491,0.8187372708757638
1314,232,1546,0.8499353169469599
395,79,474,0.8333333333333334
395,89,484,0.8161157024793388
1138,395,1533,0.7423352902804957
1071,395,1466,0.7305593451568895
1094,429,1523,0.7183191070256073
4076,38,4114,0.9907632474477395
379,108,487,0.7782340862422998
2443,119,2562,0.953551912568306
449,95,544,0.8253676470588235
4078,28,4106,0.9931807111544082
387,104,491,0.7881873727087576
4076,68,4144,0.9835907335907336
4076,29,4105,0.9929354445797808
1059,375,1434,0.7384937238493724
4987,54,5041,0.9892878397143424
412,84,496,0.8306451612903226
372,65,437,0.851258581235698
377,86,463,0.8142548596112311
4076,73,4149,0.9824053988912991
392,160,552,0.7101449275362319
1134,385,1519,0.7465437788018433
181,84,265,0.6830188679245283
1086,77,1163,0.9337919174548581
4076,64,4140,0.9845410628019323
4086,54,4140,0.9869565217391304
1070,415,1485,0.7205387205387206
1066,415,1481,0.7197839297771775
4077,37,4114,0.9910063198833252
391,90,481,0.8128898128898129
212,191,403,0.5260545905707196
383,57,440,0.8704545454545455
4079,63,4142,0.9847899565427329
1036,565,1601,0.6470955652717052
375,65,440,0.8522727272727273
402,93,495,0.8121212121212121
1992,56,2048,0.97265625
447,125,572,0.7814685314685315
4159,48,4207,0.9885904444972664
377,67,444,0.8490990990990991
908,90,998,0.9098196392785571
1460,50,1510,0.9668874172185431
405,166,571,0.7092819614711033
2175,89,2264,0.9606890459363958
181,90,271,0.6678966789667896
4073,37,4110,0.9909975669099756
395,76,471,0.8386411889596603
372,84,456,0.8157894736842105
1042,395,1437,0.7251217814892137
181,116,297,0.6094276094276094
1358,52,1410,0.9631205673758865
392,99,491,0.7983706720977597
402,91,493,0.8154158215010142
406,139,545,0.744954128440367
375,99,474,0.7911392405063291
4089,43,4132,0.989593417231365
402,182,584,0.6883561643835616
1035,405,1440,0.71875
1070,406,1476,0.7249322493224932
424,87,511,0.8297455968688845
4086,34,4120,0.9917475728155339
4098,36,4134,0.9912917271407837
4075,28,4103,0.9931757250792104
4080,27,4107,0.9934258582907232
393,106,499,0.7875751503006012
1313,190,1503,0.8735861610113107
334,18,352,0.9488636363636364
456,78,534,0.8539325842696629
1316,213,1529,0.8606932635709614
416,118,534,0.7790262172284644
374,50,424,0.8820754716981132
398,95,493,0.8073022312373225
4091,137,4228,0.96759697256386
382,82,464,0.8232758620689655
387,86,473,0.8181818181818182
437,90,527,0.8292220113851992
406,150,556,0.7302158273381295
394,90,484,0.8140495867768595
398,91,489,0.8139059304703476
1052,514,1566,0.6717752234993615
908,89,997,0.9107321965897693
398,86,484,0.8223140495867769
389,100,489,0.7955010224948875
4078,108,4186,0.9741997133301481
457,88,545,0.8385321100917431
413,74,487,0.8480492813141683
440,82,522,0.842911877394636
1604,96,1700,0.9435294117647058
1573,126,1699,0.9258387286639199
4075,49,4124,0.9881183317167799
1069,411,1480,0.7222972972972973
1099,572,1671,0.6576900059844405
405,98,503,0.805168986083499
1040,439,1479,0.7031778228532792
403,100,503,0.8011928429423459
1059,446,1505,0.7036544850498339
405,125,530,0.7641509433962265
402,171,573,0.7015706806282722
1229,88,1317,0.9331814730447988
404,100,504,0.8015873015873016
398,88,486,0.8189300411522634
1357,138,1495,0.9076923076923077
4079,39,4118,0.990529383195726
401,108,509,0.787819253438114
998,96,1094,0.9122486288848263
4102,75,4177,0.9820445295666747
398,98,496,0.8024193548387096
375,68,443,0.8465011286681715
379,84,463,0.8185745140388769
120,12,132,0.9090909090909091
1065,414,1479,0.7200811359026369
372,105,477,0.779874213836478
423,86,509,0.831041257367387
4113,52,4165,0.9875150060024009
1108,534,1642,0.6747868453105969
1933,97,2030,0.952216748768473
4082,32,4114,0.9922216820612543
1136,437,1573,0.7221869040050858
4092,51,4143,0.9876900796524257
396,127,523,0.7571701720841301
396,94,490,0.8081632653061225
395,97,492,0.8028455284552846
2320,120,2440,0.9508196721311475
410,97,507,0.8086785009861933
2530,35,2565,0.98635477582846
1315,149,1464,0.898224043715847
4078,58,4136,0.9859767891682786
4071,38,4109,0.9907520077877829
4082,340,4422,0.9231117141564903
409,94,503,0.8131212723658051
381,93,474,0.8037974683544303
4075,72,4147,0.9826380516035689
384,46,430,0.8930232558139535
4075,41,4116,0.9900388726919339
1128,386,1514,0.7450462351387054
2026,78,2104,0.9629277566539924
4079,96,4175,0.9770059880239521
412,80,492,0.8373983739837398
376,69,445,0.8449438202247191
401,101,502,0.798804780876494
1200,407,1607,0.7467330429371499
398,131,529,0.7523629489603024
4080,26,4106,0.9936678032148076
1217,135,1352,0.9001479289940828
399,87,486,0.8209876543209876
4077,103,4180,0.9753588516746412
408,97,505,0.807920792079208
4087,53,4140,0.9871980676328502
12,151,163,0.0736196319018405
4386,86,4472,0.9807692307692307
4089,45,4134,0.9891146589259797
374,106,480,0.7791666666666667
407,91,498,0.8172690763052208
402,107,509,0.7897838899803536
406,105,511,0.7945205479452054
397,121,518,0.7664092664092664
1086,560,1646,0.6597812879708383
398,124,522,0.7624521072796935
1029,407,1436,0.7165738161559888
385,97,482,0.7987551867219918
392,101,493,0.795131845841785
181,119,300,0.6033333333333334
408,111,519,0.7861271676300579
4098,47,4145,0.9886610373944511
397,106,503,0.7892644135188867
4151,45,4196,0.9892755004766445
393,92,485,0.8103092783505155
396,130,526,0.752851711026616
380,66,446,0.852017937219731
394,81,475,0.8294736842105264
397,109,506,0.7845849802371542
393,104,497,0.7907444668008048
1358,69,1427,0.9516468114926419
1036,545,1581,0.6552814674256799
377,79,456,0.8267543859649122
375,163,538,0.6970260223048327
1144,396,1540,0.7428571428571429
2584,137,2721,0.9496508636530687
309,18,327,0.944954128440367
1261,74,1335,0.9445692883895132
1242,124,1366,0.9092240117130308
423,137,560,0.7553571428571428
396,82,478,0.8284518828451883
438,132,570,0.7684210526315789
4080,51,4131,0.9876543209876543
1314,170,1484,0.8854447439353099
451,96,547,0.8244972577696527
385,82,467,0.8244111349036403
404,130,534,0.7565543071161048
396,97,493,0.8032454361054767
181,103,284,0.6373239436619719
404,90,494,0.8178137651821862
400,100,500,0.8
412,116,528,0.7803030303030303
1083,384,1467,0.7382413087934561
382,74,456,0.8377192982456141
403,89,492,0.8191056910569106
385,69,454,0.8480176211453745
1460,70,1530,0.954248366013072
4140,55,4195,0.9868891537544696
415,111,526,0.7889733840304183
4121,109,4230,0.9742316784869977
3436,36,3472,0.9896313364055299
1315,191,1506,0.8731739707835325
395,82,477,0.8280922431865828
4083,70,4153,0.9831447146640983
4085,38,4123,0.9907834101382489
373,74,447,0.8344519015659956
424,85,509,0.8330058939096268
390,126,516,0.7558139534883721
1315,195,1510,0.8708609271523179
4074,54,4128,0.9869186046511628
428,88,516,0.8294573643410853
2453,65,2518,0.9741858617950755
7,109,116,0.0603448275862069
416,99,515,0.8077669902912621
1049,496,1545,0.6789644012944984
393,147,540,0.7277777777777777
4091,60,4151,0.9855456516502048
863,44,907,0.9514884233737596
242,14,256,0.9453125
400,140,540,0.7407407407407407
1193,71,1264,0.9438291139240507
449,61,510,0.8803921568627451
1017,388,1405,0.7238434163701067
120,12,132,0.9090909090909091
1058,395,1453,0.7281486579490709
382,77,459,0.8322440087145969
386,90,476,0.8109243697478992
418,113,531,0.7871939736346516
382,84,466,0.8197424892703863
4082,56,4138,0.9864668922184631
2783,80,2863,0.97205728257073
1593,84,1677,0.9499105545617174
397,99,496,0.8004032258064516
390,71,461,0.8459869848156182
4163,81,4244,0.9809142318567389
379,97,476,0.7962184873949579
395,118,513,0.7699805068226121
943,138,1081,0.8723404255319149
4131,72,4203,0.9828693790149893
22,150,172,0.12790697674418605
1123,407,1530,0.7339869281045751
4097,42,4139,0.9898526214061367
380,93,473,0.8033826638477801
4089,58,4147,0.986013986013986
377,109,486,0.7757201646090535
431,108,539,0.7996289424860853
1063,415,1478,0.7192151556156969
1096,412,1508,0.726790450928382
432,89,521,0.8291746641074856
181,97,278,0.6510791366906474
326,18,344,0.9476744186046512
1137,445,1582,0.7187104930467763
413,83,496,0.8326612903225806
401,93,494,0.8117408906882592
414,110,524,0.7900763358778626
181,147,328,0.551829268292683
372,63,435,0.8551724137931035
386,56,442,0.8733031674208145
411,146,557,0.7378815080789947
4072,60,4132,0.9854791868344628
400,124,524,0.7633587786259542
405,94,499,0.811623246492986
394,80,474,0.8312236286919831
14,172,186,0.07526881720430108
406,97,503,0.8071570576540755
1040,539,1579,0.6586447118429386
474,86,560,0.8464285714285714
405,131,536,0.7555970149253731
1153,118,1271,0.9071597167584579
374,76,450,0.8311111111111111
384,125,509,0.7544204322200393
400,71,471,0.8492569002123143
441,134,575,0.7669565217391304
989,396,1385,0.7140794223826715
1363,163,1526,0.8931847968545217
382,66,448,0.8526785714285714
437,74,511,0.8551859099804305
411,89,500,0.822
387,47,434,0.8917050691244239
4079,49,4128,0.9881298449612403
406,88,494,0.8218623481781376
181,145,326,0.5552147239263804
4087,153,4240,0.9639150943396226
380,82,462,0.8225108225108225
372,68,440,0.8454545454545455
4075,40,4115,0.9902794653705954
120,12,132,0.9090909090909091
1138,390,1528,0.7447643979057592
409,140,549,0.7449908925318761
386,79,465,0.8301075268817204
1307,43,1350,0.9681481481481482
2249,36,2285,0.9842450765864332
407,93,500,0.814
4075,43,4118,0.9895580378824672
376,67,443,0.8487584650112867
406,102,508,0.7992125984251969
1074,371,1445,0.7432525951557093
1165,47,1212,0.9612211221122112
377,80,457,0.824945295404814
4080,46,4126,0.9888511875908871
1616,87,1703,0.9489136817381092
877,105,982,0.8930753564154786
392,95,487,0.8049281314168378
391,85,476,0.8214285714285714
4097,41,4138,0.9900918318028032
436,94,530,0.8226415094339623
1695,56,1751,0.9680182752712736
374,33,407,0.918918918918919
385,65,450,0.8555555555555555
4110,67,4177,0.9839597797462294
385,79,464,0.8297413793103449
194,217,411,0.4720194647201946
399,110,509,0.7838899803536346
372,62,434,0.8571428571428571
408,132,540,0.7555555555555555
403,81,484,0.8326446280991735
181,127,308,0.5876623376623377
4085,103,4188,0.9754059216809933
4077,34,4111,0.9917295062028704
2240,115,2355,0.9511677282377919
417,100,517,0.8065764023210832
408,102,510,0.8
181,176,357,0.5070028011204482
1036,386,1422,0.7285513361462729
407,104,511,0.7964774951076321
1010,536,1546,0.6532988357050453
405,92,497,0.8148893360160966
4081,44,4125,0.9893333333333333
414,142,556,0.7446043165467626
998,92,1090,0.9155963302752294
369,60,429,0.8601398601398601
438,84,522,0.8390804597701149
1821,137,1958,0.9300306435137896
4117,92,4209,0.9781420765027322
1096,400,1496,0.732620320855615
4075,56,4131,0.9864439603001695
1026,446,1472,0.6970108695652174
1113,406,1519,0.7327188940092166
4087,67,4154,0.9838709677419355
4077,58,4135,0.9859733978234583
418,110,528,0.7916666666666666
1382,73,1455,0.949828178694158
394,123,517,0.7620889748549323
392,97,489,0.8016359918200409
400,85,485,0.8247422680412371
391,93,484,0.8078512396694215
394,95,489,0.8057259713701431
4004,73,4077,0.9820946774589159
72,224,296,0.24324324324324326
4090,86,4176,0.9794061302681992
4085,53,4138,0.9871918801353311
414,164,578,0.7162629757785467
382,61,443,0.8623024830699775
4089,174,4263,0.9591836734693877
405,159,564,0.7180851063829787
2674,47,2721,0.9827269386255053
389,84,473,0.8224101479915433
400,151,551,0.7259528130671506
1091,100,1191,0.9160369437447523
382,75,457,0.8358862144420132
4085,84,4169,0.9798512832813624
381,93,474,0.8037974683544303
1298,202,1500,0.8653333333333333
1996,77,2073,0.9628557645923782
4088,62,4150,0.9850602409638555
2557,132,2689,0.9509111193752324
1038,390,1428,0.726890756302521
420,187,607,0.6919275123558485
964,396,1360,0.7088235294117647
404,123,527,0.7666034155597723
393,123,516,0.7616279069767442
421,99,520,0.8096153846153846
4103,40,4143,0.9903451605117065
461,86,547,0.8427787934186471
385,76,461,0.8351409978308026
4089,47,4136,0.9886363636363636
396,102,498,0.7951807228915663
2560,34,2594,0.9868928296067849
4077,29,4106,0.9929371651242085
378,64,442,0.8552036199095022
181,101,282,0.6418439716312057
4101,97,4198,0.9768937589328252
413,107,520,0.7942307692307692
4077,110,4187,0.9737282063529974
4093,44,4137,0.989364273628233
4094,48,4142,0.9884113954611299
391,96,487,0.8028747433264887
4083,43,4126,0.9895782840523509
4091,47,4138,0.9886418559690672
4102,50,4152,0.9879576107899807
386,78,464,0.8318965517241379
410,87,497,0.8249496981891348
402,90,492,0.8170731707317073
395,97,492,0.8028455284552846
1048,470,1518,0.6903820816864296
308,18,326,0.9447852760736196
4074,38,4112,0.9907587548638133
431,86,517,0.8336557059961315
1316,198,1514,0.869220607661823
376,70,446,0.8430493273542601
4088,29,4117,0.9929560359485062
758,49,807,0.9392812887236679
1098,497,1595,0.6884012539184953
392,73,465,0.843010752688172
393,85,478,0.8221757322175732
1017,436,1453,0.6999311768754302
1586,67,1653,0.9594676346037507
403,100,503,0.8011928429423459
4076,42,4118,0.9898008742107819
374,97,471,0.7940552016985138
1029,411,1440,0.7145833333333333
1335,49,1384,0.9645953757225434
374,77,451,0.8292682926829268
376,62,438,0.8584474885844748
425,98,523,0.8126195028680688
4087,44,4131,0.9893488259501332
410,93,503,0.8151093439363817
4075,41,4116,0.9900388726919339
400,110,510,0.7843137254901961
387,69,456,0.8486842105263158
4082,47,4129,0.9886170985710826
4088,34,4122,0.9917515769044153
4095,136,4231,0.967856298747341
989,388,1377,0.7182280319535221
1058,47,1105,0.9574660633484163
1314,261,1575,0.8342857142857143
4075,43,4118,0.9895580378824672
403,87,490,0.8224489795918367
985,414,1399,0.7040743388134382
2000,76,2076,0.9633911368015414
382,63,445,0.8584269662921349
1313,144,1457,0.9011667810569663
417,144,561,0.7433155080213903
4093,42,4135,0.9898428053204353
1017,476,1493,0.681178834561286
424,122,546,0.7765567765567766
1071,446,1517,0.7059986816084377
398,93,491,0.8105906313645621
418,86,504,0.8293650793650794
395,88,483,0.8178053830227743
1328,185,1513,0.8777263714474554
386,79,465,0.8301075268817204
4078,46,4124,0.9888457807953444
374,28,402,0.9303482587064676
399,147,546,0.7307692307692307
2427,83,2510,0.9669322709163347
2143,124,2267,0.9453021614468461
181,127,308,0.5876623376623377
4078,42,4120,0.9898058252427184
375,59,434,0.8640552995391705
392,84,476,0.8235294117647058
1713,58,1771,0.9672501411631846
393,100,493,0.7971602434077079
388,92,480,0.8083333333333333
1118,522,1640,0.6817073170731708
1081,411,1492,0.7245308310991957
392,75,467,0.8394004282655246
1112,423,1535,0.7244299674267101
372,59,431,0.8631090487238979
4116,91,4207,0.978369384359401
1049,388,1437,0.7299930410577592
1083,422,1505,0.7196013289036545
4088,53,4141,0.9872011591403043
395,117,512,0.771484375
405,119,524,0.7729007633587787
400,85,485,0.8247422680412371
402,81,483,0.8322981366459627
4078,140,4218,0.9668089141773353
4075,113,4188,0.973018147086915
436,88,524,0.8320610687022901
387,93,480,0.80625
402,106,508,0.7913385826771654
4090,53,4143,0.987207337678011
20,129,149,0.1342281879194631
399,73,472,0.8453389830508474
375,70,445,0.8426966292134831
4095,39,4134,0.9905660377358491
392,90,482,0.8132780082987552
237,14,251,0.9442231075697212
4089,86,4175,0.9794011976047904
1797,97,1894,0.9487856388595565
399,126,525,0.76
387,97,484,0.7995867768595041
1084,440,1524,0.7112860892388452
996,451,1447,0.6883206634416034
374,80,454,0.8237885462555066
1238,71,1309,0.9457601222307105
1046,440,1486,0.7039030955585465
396,108,504,0.7857142857142857
4081,39,4120,0.9905339805825243
410,86,496,0.8266129032258065
432,200,632,0.6835443037974683
394,119,513,0.7680311890838206
1040,534,1574,0.6607369758576874
1315,217,1532,0.858355091383812
419,101,520,0.8057692307692308
428,97,525,0.8152380952380952
181,158,339,0.5339233038348082
398,168,566,0.7031802120141343
1684,77,1761,0.956274843838728
4075,57,4132,0.9862052274927396
418,120,538,0.7769516728624535
4078,24,4102,0.9941491955143832
1036,564,1600,0.6475
402,97,499,0.8056112224448898
377,89,466,0.8090128755364807
1328,88,1416,0.9378531073446328
400,87,487,0.8213552361396304
414,89,503,0.8230616302186878
1046,489,1535,0.6814332247557003
181,110,291,0.6219931271477663
1074,433,1507,0.7126741871267419
4081,49,4130,0.988135593220339
380,85,465,0.8172043010752689
382,123,505,0.7564356435643564
1086,85,1171,0.9274124679760888
2798,80,2878,0.9722029186935371
4085,46,4131,0.9888646816751392
373,50,423,0.8817966903073287
1048,480,1528,0.6858638743455497
424,96,520,0.8153846153846154
398,89,487,0.8172484599589322
1727,86,1813,0.9525648097076669
1085,440,1525,0.7114754098360656
371,64,435,0.8528735632183908
4100,54,4154,0.9870004814636495
1080,413,1493,0.7233757535164099
380,88,468,0.811965811965812
2301,42,2343,0.9820742637644047
391,49,440,0.8886363636363637
386,48,434,0.8894009216589862
394,58,452,0.8716814159292036
1999,63,2062,0.969447138700291
2361,81,2442,0.9668304668304668
4097,71,4168,0.9829654510556622
4084,88,4172,0.9789069990412272
386,78,464,0.8318965517241379
378,56,434,0.8709677419354839
1046,532,1578,0.6628643852978454
406,114,520,0.7807692307692308
414,94,508,0.8149606299212598
4081,55,4136,0.9867021276595744
1039,414,1453,0.7150722642807984
404,114,518,0.7799227799227799
181,147,328,0.551829268292683
4076,47,4123,0.9886005335920446
4088,57,4145,0.9862484921592279
2303,83,2386,0.9652137468566638
405,133,538,0.7527881040892194
406,99,505,0.803960396039604
369,57,426,0.8661971830985915
1017,462,1479,0.6876267748478702
4084,29,4113,0.9929491855093605
394,108,502,0.7848605577689243
408,73,481,0.8482328482328483
5305,43,5348,0.9919596110695588
400,120,520,0.7692307692307693
169,217,386,0.4378238341968912
422,107,529,0.7977315689981096
1313,124,1437,0.9137091162143354
4078,29,4107,0.9929388848307767
833,68,901,0.9245283018867925
4075,98,4173,0.9765156961418644
4075,46,4121,0.988837660761951
410,96,506,0.8102766798418972
1099,572,1671,0.6576900059844405
4080,53,4133,0.9871763851923542
385,69,454,0.8480176211453745
1122,587,1709,0.6565242832065535
4079,60,4139,0.9855037448659096
1988,48,2036,0.9764243614931237
373,53,426,0.8755868544600939
409,87,496,0.8245967741935484
373,105,478,0.7803347280334728
181,91,272,0.6654411764705882
375,100,475,0.7894736842105263
461,94,555,0.8306306306306306
4082,110,4192,0.9737595419847328
237,14,251,0.9442231075697212
4084,68,4152,0.9836223506743738
373,77,450,0.8288888888888889
372,60,432,0.8611111111111112
373,99,472,0.7902542372881356
4178,64,4242,0.9849127769919849
1314,206,1520,0.8644736842105263
2695,107,2802,0.9618129907209136
413,65,478,0.8640167364016736
1131,412,1543,0.7329876863253403
403,140,543,0.7421731123388582
3922,124,4046,0.9693524468610973
4089,54,4143,0.9869659666908037
1044,398,1442,0.723994452149792
4089,36,4125,0.9912727272727273
4087,112,4199,0.9733269826149084
1043,413,1456,0.7163461538461539
386,122,508,0.7598425196850394
1834,95,1929,0.9507516848107828
1312,65,1377,0.9527959331880901
1095,50,1145,0.9563318777292577
4083,49,4132,0.9881413359148112
4088,77,4165,0.9815126050420168
1008,418,1426,0.7068723702664796
4086,78,4164,0.9812680115273775
397,64,461,0.8611713665943601
4084,46,4130,0.988861985472155
407,72,479,0.8496868475991649
4086,33,4119,0.9919883466860888
399,121,520,0.7673076923076924
434,102,536,0.8097014925373134
2489,101,2590,0.961003861003861
436,85,521,0.836852207293666
181,91,272,0.6654411764705882
4077,64,4141,0.9845447959430089
419,64,483,0.8674948240165632
4079,89,4168,0.9786468330134357
395,101,496,0.7963709677419355
422,100,522,0.8084291187739464
912,85,997,0.9147442326980942
382,61,443,0.8623024830699775
2125,132,2257,0.9415152857775808
1029,396,1425,0.7221052631578947
206,183,389,0.5295629820051414
377,65,442,0.8529411764705882
1081,402,1483,0.7289278489548213
376,64,440,0.8545454545454545
1014,396,1410,0.7191489361702128
374,28,402,0.9303482587064676
376,67,443,0.8487584650112867
897,141,1038,0.8641618497109826
4092,56,4148,0.9864995178399228
402,88,490,0.8204081632653061
2623,95,2718,0.9650478292862399
395,93,488,0.8094262295081968
2363,50,2413,0.9792789059262329
385,85,470,0.8191489361702128
2584,170,2754,0.9382716049382716
418,95,513,0.8148148148148148
399,123,522,0.764367816091954
4070,49,4119,0.9881039087157077
4120,70,4190,0.9832935560859188
31,157,188,0.16489361702127658
415,103,518,0.8011583011583011
1759,66,1825,0.9638356164383561
401,94,495,0.8101010101010101
120,12,132,0.9090909090909091
389,97,486,0.8004115226337448
387,110,497,0.778672032193159
4079,90,4169,0.9784120892300312
1317,243,1560,0.8442307692307692
401,127,528,0.759469696969697
428,87,515,0.8310679611650486
4116,57,4173,0.9863407620416966
387,79,466,0.8304721030042919
1315,231,1546,0.8505821474773609
239,14,253,0.9446640316205533
426,92,518,0.8223938223938224
1919,70,1989,0.9648064353946707
4085,55,4140,0.9867149758454107
2840,99,2939,0.966315073154134
1293,45,1338,0.9663677130044843
1017,426,1443,0.7047817047817048
397,87,484,0.8202479338842975
197,162,359,0.5487465181058496
4123,60,4183,0.9856562275878556
4320,116,4436,0.9738503155996393
394,155,549,0.7176684881602914
454,40,494,0.9190283400809717
4097,38,4135,0.9908101571946796
1192,393,1585,0.7520504731861198
373,80,453,0.8233995584988962
4082,48,4130,0.9883777239709443
396,134,530,0.7471698113207547
396,94,490,0.8081632653061225
408,88,496,0.8225806451612904
4072,199,4271,0.9534066963240458
406,98,504,0.8055555555555556
395,134,529,0.7466918714555766
203,158,361,0.5623268698060941
373,56,429,0.8694638694638694
811,42,853,0.9507620164126612
397,133,530,0.7490566037735849
1316,159,1475,0.8922033898305085
375,68,443,0.8465011286681715
384,72,456,0.8421052631578947
4076,78,4154,0.9812229176697159
1218,45,1263,0.9643705463182898
865,47,912,0.9484649122807017
473,110,583,0.8113207547169812
4076,33,4109,0.9919688488683378
181,73,254,0.7125984251968503
1048,420,1468,0.7138964577656676
1324,166,1490,0.8885906040268456
1113,406,1519,0.7327188940092166
381,69,450,0.8466666666666667
381,105,486,0.7839506172839507
413,81,494,0.8360323886639676
1029,394,1423,0.7231201686577653
409,96,505,0.80990099009901
934,452,1386,0.6738816738816739
400,109,509,0.7858546168958742
4074,73,4147,0.9823969134313962
181,145,326,0.5552147239263804
398,100,498,0.7991967871485943
4083,63,4146,0.9848046309696092
381,76,457,0.8336980306345733
415,104,519,0.7996146435452793
1156,438,1594,0.7252195734002509
313,18,331,0.945619335347432
403,97,500,0.806
399,102,501,0.7964071856287425
725,36,761,0.9526938239159002
401,84,485,0.8268041237113402
401,97,498,0.8052208835341366
1045,91,1136,0.9198943661971831
377,73,450,0.8377777777777777
407,131,538,0.7565055762081785
4092,35,4127,0.9915192633874486
1481,63,1544,0.9591968911917098
473,93,566,0.8356890459363958
709,106,815,0.8699386503067484
374,93,467,0.8008565310492506
401,96,497,0.806841046277666
387,83,470,0.823404255319149
397,84,481,0.8253638253638254
2440,83,2523,0.9671026555687673
4078,87,4165,0.9791116446578632
4077,62,4139,0.9850205363614399
4074,43,4117,0.9895555015788196
1153,77,1230,0.9373983739837398
1038,436,1474,0.7042062415196744
374,64,438,0.8538812785388128
2092,72,2164,0.966728280961183
374,56,430,0.8697674418604651
408,83,491,0.8309572301425662
4090,69,4159,0.9834094734311133
396,96,492,0.8048780487804879
181,179,360,0.5027777777777778
2744,89,2833,0.9685845393575715
374,109,483,0.7743271221532091
392,86,478,0.8200836820083682
2010,66,2076,0.9682080924855492
200,138,338,0.591715976331361
374,61,435,0.8597701149425288
1073,396,1469,0.730428863172226
419,76,495,0.8464646464646465
374,75,449,0.8329621380846325
410,81,491,0.835030549898167
387,66,453,0.8543046357615894
4088,61,4149,0.9852976620872499
4158,40,4198,0.9904716531681753
1273,58,1331,0.9564237415477085
391,107,498,0.785140562248996
381,77,458,0.8318777292576419
1100,33,1133,0.970873786407767
1077,501,1578,0.6825095057034221
967,398,1365,0.7084249084249085
401,98,499,0.8036072144288577
1389,82,1471,0.9442556084296397
375,75,450,0.8333333333333334
1073,401,1474,0.7279511533242876
4079,66,4145,0.9840772014475272
4084,73,4157,0.9824392590810681
4075,26,4101,0.9936600829066081
2058,50,2108,0.976280834914611
420,103,523,0.8030592734225621
398,90,488,0.8155737704918032
374,60,434,0.8617511520737328
4093,24,4117,0.9941705125091086
420,75,495,0.8484848484848485
410,140,550,0.7454545454545455
2604,51,2655,0.9807909604519774
4088,167,4255,0.9607520564042303
376,82,458,0.8209606986899564
398,92,490,0.8122448979591836
1081,375,1456,0.742445054945055
4077,37,4114,0.9910063198833252
1156,373,1529,0.7560497056899934
390,89,479,0.81419624217119
385,67,452,0.8517699115044248
4092,28,4120,0.9932038834951457
1197,90,1287,0.9300699300699301
304,18,322,0.9440993788819876
4077,27,4104,0.993421052631579
398,104,502,0.7928286852589641
378,83,461,0.8199566160520607
2639,93,2732,0.9659590043923866
1057,427,1484,0.7122641509433962
419,167,586,0.7150170648464164
1038,557,1595,0.6507836990595611
404,121,525,0.7695238095238095
1118,414,1532,0.7297650130548303
1076,435,1511,0.7121111846459298
397,102,499,0.7955911823647295
49,161,210,0.23333333333333334
418,109,527,0.793168880455408
401,111,512,0.783203125
4077,40,4117,0.990284187515181
403,105,508,0.7933070866141733
4076,46,4122,0.9888403687530325
389,60,449,0.8663697104677061
435,140,575,0.7565217391304347
378,56,434,0.8709677419354839
409,92,501,0.8163672654690619
431,99,530,0.8132075471698114
406,143,549,0.7395264116575592
2778,87,2865,0.9696335078534032
4085,89,4174,0.9786775275515094
372,57,429,0.8671328671328671
373,85,458,0.8144104803493449
394,91,485,0.8123711340206186
404,103,507,0.796844181459566
417,97,514,0.811284046692607
4081,48,4129,0.988374909178978
4075,17,4092,0.9958455522971652
1805,124,1929,0.935717988595127
434,81,515,0.8427184466019417
1045,417,1462,0.7147742818057455
4084,135,4219,0.9680018961839298
4076,48,4124,0.988360814742968
2689,83,2772,0.9700577200577201
1254,44,1298,0.9661016949152542
384,97,481,0.7983367983367984
400,92,492,0.8130081300813008
4078,47,4125,0.9886060606060606
371,78,449,0.8262806236080178
432,79,511,0.8454011741682974
52,124,176,0.29545454545454547
398,111,509,0.7819253438113949
394,92,486,0.8106995884773662
1268,82,1350,0.9392592592592592
389,66,455,0.8549450549450549
4084,228,4312,0.9471243042671614
383,61,444,0.8626126126126126
1035,101,1136,0.9110915492957746
2161,109,2270,0.9519823788546256
402,110,512,0.78515625
373,66,439,0.8496583143507973
4077,39,4116,0.9905247813411079
4073,34,4107,0.9917214511809106
1276,122,1398,0.9127324749642346
4074,38,4112,0.9907587548638133
3484,55,3539,0.9844588866911557
413,77,490,0.8428571428571429
391,99,490,0.7979591836734694
2266,79,2345,0.9663113006396589
380,85,465,0.8172043010752689
1313,184,1497,0.8770875083500334
17,206,223,0.07623318385650224
402,122,524,0.767175572519084
1056,415,1471,0.7178789938817132
181,139,320,0.565625
378,101,479,0.7891440501043842
4083,81,4164,0.9805475504322767
428,95,523,0.8183556405353728
374,68,442,0.8461538461538461
398,93,491,0.8105906313645621
964,396,1360,0.7088235294117647
387,101,488,0.7930327868852459
404,96,500,0.808
4091,36,4127,0.9912769566270899
4075,46,4121,0.988837660761951
4083,72,4155,0.9826714801444043
4085,67,4152,0.9838631984585742
985,414,1399,0.7040743388134382
386,95,481,0.8024948024948025
1077,501,1578,0.6825095057034221
371,44,415,0.8939759036144578
419,100,519,0.8073217726396917
4090,42,4132,0.989835430784124
4086,30,4116,0.9927113702623906
384,58,442,0.8687782805429864
1529,68,1597,0.9574201628052599
396,97,493,0.8032454361054767
403,135,538,0.7490706319702602
1080,385,1465,0.7372013651877133
394,73,467,0.8436830835117773
4084,52,4136,0.9874274661508704
2494,84,2578,0.9674166020170675
4089,47,4136,0.9886363636363636
1174,388,1562,0.7516005121638925
382,72,454,0.8414096916299559
1969,110,2079,0.9470899470899471
374,56,430,0.8697674418604651
400,92,492,0.8130081300813008
1314,189,1503,0.874251497005988
1056,415,1471,0.7178789938817132
384,82,466,0.8240343347639485
1010,385,1395,0.7240143369175627
1039,395,1434,0.7245467224546722
1083,394,1477,0.7332430602572783
4098,116,4214,0.9724727100142383
4097,49,4146,0.9881813796430294
430,93,523,0.8221797323135756
1056,396,1452,0.7272727272727273
418,81,499,0.8376753507014028
383,92,475,0.8063157894736842
1088,472,1560,0.6974358974358974
398,86,484,0.8223140495867769
4100,89,4189,0.978753879207448
1055,420,1475,0.7152542372881356
372,69,441,0.8435374149659864
2318,101,2419,0.95824720959074
2113,93,2206,0.9578422484134179
398,187,585,0.6803418803418804
402,91,493,0.8154158215010142
1131,533,1664,0.6796875
1140,78,1218,0.9359605911330049
424,86,510,0.8313725490196079
2075,80,2155,0.962877030162413
402,105,507,0.7928994082840237
4143,40,4183,0.9904374850585704
1017,539,1556,0.653598971722365
395,97,492,0.8028455284552846
2343,95,2438,0.961033634126333
194,161,355,0.5464788732394367
4086,79,4165,0.9810324129651861
2240,75,2315,0.9676025917926566
455,87,542,0.8394833948339483
2047,153,2200,0.9304545454545454
4083,45,4128,0.9890988372093024
409,138,547,0.7477148080438757
4088,110,4198,0.9737970462124821
761,87,848,0.8974056603773585
4088,82,4170,0.9803357314148681
374,69,443,0.8442437923250564
1300,405,1705,0.7624633431085044
1043,642,1685,0.6189910979228487
430,100,530,0.8113207547169812
1042,396,1438,0.7246175243393602
392,77,469,0.835820895522388
4087,103,4190,0.975417661097852
385,88,473,0.813953488372093
410,100,510,0.803921568627451
1044,413,1457,0.7165408373369938
1464,82,1546,0.9469598965071151
385,73,458,0.8406113537117904
1093,517,1610,0.6788819875776397
181,255,436,0.4151376146788991
2000,63,2063,0.9694619486185168
2145,71,2216,0.9679602888086642
4095,54,4149,0.9869848156182213
1403,29,1432,0.9797486033519553
4088,42,4130,0.9898305084745763
408,84,492,0.8292682926829268
428,142,570,0.7508771929824561
4084,65,4149,0.9843335743552664
397,105,502,0.7908366533864541
1032,456,1488,0.6935483870967742
370,84,454,0.8149779735682819
410,91,501,0.8183632734530938
1020,394,1414,0.7213578500707214
386,70,456,0.8464912280701754
4083,41,4124,0.9900581959262852
376,81,457,0.8227571115973742
372,95,467,0.7965738758029979
2010,95,2105,0.9548693586698337
393,60,453,0.8675496688741722
387,87,474,0.8164556962025317
4088,53,4141,0.9872011591403043
399,110,509,0.7838899803536346
381,66,447,0.8523489932885906
388,67,455,0.8527472527472527
1321,144,1465,0.9017064846416383
2383,28,2411,0.9883865615927001
306,18,324,0.9444444444444444
447,111,558,0.8010752688172043
1313,186,1499,0.875917278185457
398,87,485,0.8206185567010309
393,94,487,0.8069815195071869
400,95,495,0.8080808080808081
1113,89,1202,0.9259567387687188
1025,91,1116,0.9184587813620072
181,168,349,0.5186246418338109
1122,589,1711,0.6557568673290474
380,84,464,0.8189655172413793
20,168,188,0.10638297872340426
389,102,491,0.7922606924643585
1037,414,1451,0.7146795313576844
395,88,483,0.8178053830227743
395,76,471,0.8386411889596603
376,98,474,0.7932489451476793
387,78,465,0.832258064516129
4120,50,4170,0.988009592326139
419,156,575,0.7286956521739131
398,92,490,0.8122448979591836
4078,42,4120,0.9898058252427184
395,117,512,0.771484375
387,68,455,0.8505494505494505
4074,50,4124,0.9878758486905916
1016,413,1429,0.7109867039888034
1057,428,1485,0.7117845117845117
459,274,733,0.626193724420191
410,83,493,0.8316430020283976
424,91,515,0.8233009708737864
2544,32,2576,0.9875776397515528
389,76,465,0.8365591397849462
396,90,486,0.8148148148148148
4093,75,4168,0.9820057581573897
408,89,497,0.8209255533199196
398,104,502,0.7928286852589641
1874,64,1938,0.9669762641898865
4157,466,4623,0.899199653904391
393,95,488,0.805327868852459
1055,415,1470,0.717687074829932
393,89,482,0.8153526970954357
417,81,498,0.8373493975903614
392,80,472,0.8305084745762712
1314,212,1526,0.8610747051114024
408,101,509,0.8015717092337917
4076,57,4133,0.9862085652068715
1009,94,1103,0.914777878513146
4078,182,4260,0.9572769953051643
1028,392,1420,0.723943661971831
4092,53,4145,0.9872135102533173
4122,64,4186,0.9847109412326803
409,92,501,0.8163672654690619
375,69,444,0.8445945945945946
1604,96,1700,0.9435294117647058
1554,80,1634,0.9510403916768666
440,112,552,0.7971014492753623
2671,45,2716,0.9834315169366715
1381,373,1754,0.7873432155074116
395,95,490,0.8061224489795918
2054,106,2160,0.950925925925926
1012,429,1441,0.7022900763358778
4077,40,4117,0.990284187515181
1099,375,1474,0.7455902306648575
4075,70,4145,0.9831121833534379
4081,36,4117,0.9912557687636628
426,92,518,0.8223938223938224
385,96,481,0.8004158004158004
1785,58,1843,0.9685295713510581
985,397,1382,0.7127351664254703
988,63,1051,0.9400570884871551
1005,394,1399,0.7183702644746247
4089,35,4124,0.9915130940834141
2450,79,2529,0.9687623566627125
1075,403,1478,0.7273342354533153
1036,397,1433,0.7229588276343336
401,107,508,0.7893700787401575
1024,406,1430,0.7160839160839161
374,92,466,0.8025751072961373
387,80,467,0.828693790149893
378,53,431,0.877030162412993
410,110,520,0.7884615384615384
380,72,452,0.8407079646017699
4093,71,4164,0.9829490874159462
4079,38,4117,0.9907699781394219
1519,93,1612,0.9423076923076923
392,99,491,0.7983706720977597
4089,68,4157,0.9836420495549675
396,80,476,0.8319327731092437
4092,40,4132,0.9903194578896418
4076,42,4118,0.9898008742107819
181,226,407,0.44471744471744473
4134,55,4189,0.9868703747911196
391,108,499,0.7835671342685371
2592,168,2760,0.9391304347826087
408,114,522,0.7816091954022989
374,72,446,0.8385650224215246
647,54,701,0.9229671897289586
381,61,442,0.8619909502262444
1025,396,1421,0.7213230119634061
379,58,437,0.8672768878718535
4087,102,4189,0.9756505132489854
405,90,495,0.8181818181818182
403,54,457,0.8818380743982495
4077,48,4125,0.9883636363636363
399,107,506,0.7885375494071146
367,62,429,0.8554778554778555
390,89,479,0.81419624217119
400,94,494,0.8097165991902834
394,93,487,0.8090349075975359
1422,88,1510,0.9417218543046357
1720,85,1805,0.9529085872576177
4106,66,4172,0.9841802492809204
1012,396,1408,0.71875
181,112,293,0.6177474402730375
1359,115,1474,0.9219810040705563
4086,47,4133,0.9886281151705782
1320,107,1427,0.9250175192711984
4095,33,4128,0.9920058139534884
1111,406,1517,0.7323665128543178
1075,413,1488,0.7224462365591398
400,101,501,0.7984031936127745
393,94,487,0.8069815195071869
416,93,509,0.8172888015717092
2584,142,2726,0.9479090242112986
2283,81,2364,0.9657360406091371
395,124,519,0.7610789980732178
4087,64,4151,0.9845820284268851
209,162,371,0.5633423180592992
1619,122,1741,0.9299253302699598
206,162,368,0.5597826086956522
405,93,498,0.8132530120481928
378,69,447,0.8456375838926175
4105,61,4166,0.985357657225156
383,76,459,0.8344226579520697
393,82,475,0.8273684210526315
1485,56,1541,0.963659961064244
4129,169,4298,0.960679385760819
4092,45,4137,0.9891225525743292
393,85,478,0.8221757322175732
388,52,440,0.8818181818181818
380,63,443,0.8577878103837472
4075,30,4105,0.9926918392204629
4078,31,4109,0.9924555853005598
386,57,443,0.871331828442438
1016,413,1429,0.7109867039888034
419,64,483,0.8674948240165632
4083,36,4119,0.9912600145666424
386,59,445,0.8674157303370786
4102,39,4141,0.9905819850277711
389,104,493,0.7890466531440162
387,57,444,0.8716216216216216
419,95,514,0.8151750972762646
4091,66,4157,0.9841231657445273
396,97,493,0.8032454361054767
1315,105,1420,0.926056338028169
1561,43,1604,0.9731920199501247
4089,131,4220,0.968957345971564
409,102,511,0.8003913894324853
449,82,531,0.8455743879472694
4072,50,4122,0.9878699660359049
3105,56,3161,0.9822840873141411
1098,399,1497,0.7334669338677354
394,110,504,0.7817460317460317
416,105,521,0.7984644913627639
4081,39,4120,0.9905339805825243
414,124,538,0.7695167286245354
378,104,482,0.7842323651452282
424,99,523,0.8107074569789675
181,109,290,0.6241379310344828
386,129,515,0.7495145631067961
400,92,492,0.8130081300813008
439,95,534,0.8220973782771536
404,98,502,0.8047808764940239
384,53,437,0.8787185354691075
4081,43,4124,0.9895732298739088
1318,222,1540,0.8558441558441559
383,82,465,0.8236559139784946
384,62,446,0.8609865470852018
390,90,480,0.8125
4127,45,4172,0.9892138063279002
1014,375,1389,0.7300215982721382
417,94,511,0.8160469667318982
1106,375,1481,0.7467927076299797
3699,49,3748,0.9869263607257204
513,90,603,0.8507462686567164
4095,119,4214,0.9717607973421927
2397,59,2456,0.9759771986970684
1040,384,1424,0.7303370786516854
4076,46,4122,0.9888403687530325
385,123,508,0.7578740157480315
379,64,443,0.8555304740406321
4086,17,4103,0.9958566902266635
395,85,480,0.8229166666666666
392,72,464,0.8448275862068966
1182,46,1228,0.9625407166123778
394,153,547,0.720292504570384
427,95,522,0.8180076628352491
1306,78,1384,0.9436416184971098
4075,51,4126,0.9876393601551139
2419,143,2562,0.944184231069477
381,90,471,0.8089171974522293
4081,44,4125,0.9893333333333333
4081,294,4375,0.9328
404,89,493,0.8194726166328601
4082,51,4133,0.9876602951850956
4111,58,4169,0.9860877908371312
1934,85,2019,0.95789995047053
369,78,447,0.825503355704698
4098,47,4145,0.9886610373944511
990,438,1428,0.6932773109243697
4094,56,4150,0.9865060240963855
380,67,447,0.8501118568232662
429,90,519,0.8265895953757225
4081,38,4119,0.9907744598203447
4106,39,4145,0.9905910735826297
1043,380,1423,0.7329585382993675
399,119,518,0.7702702702702703
405,99,504,0.8035714285714286
4117,77,4194,0.9816404387219838
1334,79,1413,0.9440905874026894
400,113,513,0.7797270955165692
398,136,534,0.7453183520599251
200,181,381,0.5249343832020997
4157,86,4243,0.9797313221777044
4090,31,4121,0.9924775539917495
376,77,453,0.8300220750551877
1022,575,1597,0.6399499060738886
378,96,474,0.7974683544303798
1682,99,1781,0.9444132509825941
400,87,487,0.8213552361396304
4086,29,4115,0.9929526123936816
95,175,270,0.35185185185185186
430,88,518,0.8301158301158301
1275,427,1702,0.7491186839012925
1074,400,1474,0.728629579375848
4080,49,4129,0.9881327197868733
404,99,503,0.8031809145129225
442,170,612,0.7222222222222222
2841,146,2987,0.9511215266153331
4089,111,4200,0.9735714285714285
1035,429,1464,0.7069672131147541
990,50,1040,0.9519230769230769
1227,416,1643,0.7468046256847231
1037,383,1420,0.7302816901408451
399,127,526,0.7585551330798479
1344,101,1445,0.9301038062283737
2561,25,2586,0.9903325599381284
400,78,478,0.8368200836820083
1120,427,1547,0.7239819004524887
454,86,540,0.8407407407407408
989,396,1385,0.7140794223826715
4079,113,4192,0.973043893129771
383,76,459,0.8344226579520697
1012,428,1440,0.7027777777777777
395,101,496,0.7963709677419355
377,46,423,0.8912529550827423
380,108,488,0.7786885245901639
421,116,537,0.7839851024208566
181,146,327,0.5535168195718655
380,50,430,0.8837209302325582
2605,70,2675,0.9738317757009346
375,71,446,0.8408071748878924
307,18,325,0.9446153846153846
1755,91,1846,0.9507042253521126
1111,446,1557,0.7135517019910084
237,14,251,0.9442231075697212
393,118,511,0.7690802348336595
1080,517,1597,0.6762680025046963
391,89,480,0.8145833333333333
403,162,565,0.7132743362831858
379,69,448,0.8459821428571429
197,217,414,0.4758454106280193
395,82,477,0.8280922431865828
400,102,502,0.796812749003984
4091,41,4132,0.9900774443368828
377,66,443,0.8510158013544018
407,121,528,0.7708333333333334
399,86,485,0.822680412371134
385,73,458,0.8406113537117904
437,100,537,0.813780260707635
375,86,461,0.8134490238611713
2540,100,2640,0.9621212121212122
402,113,515,0.7805825242718447
379,50,429,0.8834498834498834
394,83,477,0.8259958071278826
1022,429,1451,0.70434183321847
402,90,492,0.8170731707317073
1549,81,1630,0.9503067484662576
426,97,523,0.8145315487571702
415,101,516,0.8042635658914729
1314,195,1509,0.8707753479125249
417,153,570,0.7315789473684211
462,77,539,0.8571428571428571
1056,433,1489,0.7092008059100067
406,100,506,0.8023715415019763
391,88,479,0.8162839248434238
372,54,426,0.8732394366197183
452,87,539,0.8385899814471243
386,65,451,0.8558758314855875
1077,90,1167,0.922879177377892
1416,53,1469,0.9639210347174949
394,96,490,0.8040816326530612
1090,662,1752,0.6221461187214612
994,396,1390,0.7151079136690648
4152,38,4190,0.9909307875894988
389,72,461,0.8438177874186551
4084,36,4120,0.9912621359223301
410,82,492,0.8333333333333334
1103,561,1664,0.6628605769230769
203,223,426,0.4765258215962441
4081,50,4131,0.9878963931251513
378,86,464,0.8146551724137931
1084,85,1169,0.9272882805816938
4082,336,4418,0.923947487550928
425,108,533,0.797373358348968
181,152,333,0.5435435435435435
4141,88,4229,0.9791912981792386
424,64,488,0.8688524590163934
398,81,479,0.8308977035490606
1314,462,1776,0.7398648648648649
2136,112,2248,0.9501779359430605
1661,53,1714,0.9690781796966161
4085,164,4249,0.9614026829842316
986,395,1381,0.7139753801593048
402,79,481,0.8357588357588358
4086,87,4173,0.9791516894320632
408,102,510,0.8
375,86,461,0.8134490238611713
1319,201,1520,0.8677631578947368
2627,116,2743,0.957710535909588
4078,48,4126,0.9883664566165778
404,138,542,0.7453874538745388
392,89,481,0.814968814968815
4082,38,4120,0.9907766990291262
2616,86,2702,0.9681717246484086
455,111,566,0.803886925795053
400,83,483,0.8281573498964804
394,87,481,0.8191268191268192
373,69,442,0.8438914027149321
372,53,425,0.8752941176470588
379,78,457,0.8293216630196937
395,94,489,0.8077709611451943
1062,377,1439,0.7380125086865879
4080,46,4126,0.9888511875908871
1068,375,1443,0.7401247401247402
382,89,471,0.8110403397027601
4080,70,4150,0.983132530120482
395,118,513,0.7699805068226121
390,63,453,0.8609271523178808
393,62,455,0.8637362637362638
396,91,487,0.813141683778234
4085,49,4134,0.9881470730527334
206,217,423,0.48699763593380613
394,122,516,0.7635658914728682
206,179,385,0.535064935064935
394,149,543,0.7255985267034991
4075,37,4112,0.9910019455252919
377,57,434,0.868663594470046
396,95,491,0.8065173116089613
962,390,1352,0.7115384615384616
1098,411,1509,0.7276341948310139
476,112,588,0.8095238095238095
4076,32,4108,0.9922103213242454
1073,464,1537,0.6981132075471698
2563,55,2618,0.9789915966386554
4077,47,4124,0.9886032977691561
10,133,143,0.06993006993006994
2152,107,2259,0.9526339088092076
389,95,484,0.8037190082644629
320,18,338,0.9467455621301775
4078,41,4119,0.9900461277008983
203,162,365,0.5561643835616439
398,105,503,0.7912524850894632
42,156,198,0.21212121212121213
1080,413,1493,0.7233757535164099
433,56,489,0.885480572597137
4079,39,4118,0.990529383195726
401,119,520,0.7711538461538462
4075,163,4238,0.9615384615384616
430,57,487,0.8829568788501027
403,106,509,0.7917485265225933
4083,48,4131,0.9883805374001452
4081,41,4122,0.990053372149442
391,116,507,0.7712031558185405
1062,520,1582,0.6713021491782554
835,56,891,0.9371492704826038
209,162,371,0.5633423180592992
2079,42,2121,0.9801980198019802
404,142,546,0.73992673992674
1313,145,1458,0.9005486968449932
398,100,498,0.7991967871485943
406,144,550,0.7381818181818182
1350,270,1620,0.8333333333333334
4077,34,4111,0.9917295062028704
383,88,471,0.8131634819532909
390,94,484,0.8057851239669421
1099,378,1477,0.7440758293838863
408,96,504,0.8095238095238095
393,92,485,0.8103092783505155
4082,43,4125,0.9895757575757576
1014,394,1408,0.7201704545454546
2550,49,2599,0.9811465948441709
4081,71,4152,0.9828998073217726
395,126,521,0.7581573896353166
398,91,489,0.8139059304703476
2208,117,2325,0.9496774193548387
399,126,525,0.76
383,94,477,0.8029350104821803
396,125,521,0.7600767754318618
400,91,491,0.814663951120163
385,84,469,0.8208955223880597
2022,79,2101,0.9623988576868158
2584,166,2750,0.9396363636363636
398,88,486,0.8189300411522634
4096,82,4178,0.9803733843944471
398,117,515,0.7728155339805826
4091,67,4158,0.9838864838864839
423,103,526,0.8041825095057035
409,110,519,0.7880539499036608
1218,43,1261,0.9659000793021412
4096,44,4140,0.9893719806763285
390,98,488,0.7991803278688525
1317,173,1490,0.8838926174496644
4077,63,4140,0.9847826086956522
406,89,495,0.8202020202020202
388,122,510,0.7607843137254902
1316,396,1712,0.7686915887850467
403,96,499,0.8076152304609219
403,91,494,0.8157894736842105
203,161,364,0.5576923076923077
421,116,537,0.7839851024208566
1122,420,1542,0.7276264591439688
378,100,478,0.7907949790794979
4082,51,4133,0.9876602951850956
4087,74,4161,0.9822158135063687
380,67,447,0.8501118568232662
399,118,517,0.7717601547388782
997,414,1411,0.7065910701630049
2212,77,2289,0.9663608562691132
405,112,517,0.7833655705996132
400,85,485,0.8247422680412371
396,121,517,0.7659574468085106
411,144,555,0.7405405405405405
397,105,502,0.7908366533864541
315,18,333,0.9459459459459459
2473,80,2553,0.9686643164904034
399,108,507,0.7869822485207101
4095,46,4141,0.9888915720840377
206,157,363,0.5674931129476584
1056,505,1561,0.6764894298526586
395,161,556,0.710431654676259
389,70,459,0.8474945533769063
1012,454,1466,0.6903137789904502
181,342,523,0.34608030592734224
4179,51,4230,0.9879432624113476
406,104,510,0.796078431372549
405,136,541,0.7486136783733827
181,513,694,0.260806916426513
395,80,475,0.8315789473684211
378,65,443,0.8532731376975169
989,411,1400,0.7064285714285714
995,396,1391,0.715312724658519
1012,429,1441,0.7022900763358778
372,58,430,0.8651162790697674
1100,397,1497,0.7348029392117569
4091,35,4126,0.991517207949588
408,99,507,0.8047337278106509
373,62,435,0.8574712643678161
389,86,475,0.8189473684210526
441,102,543,0.8121546961325967
413,96,509,0.8113948919449901
1184,104,1288,0.9192546583850931
2045,67,2112,0.9682765151515151
397,106,503,0.7892644135188867
406,95,501,0.810379241516966
396,119,515,0.7689320388349514
430,89,519,0.8285163776493256
381,71,452,0.8429203539823009
42,165,207,0.2028985507246377
393,81,474,0.8291139240506329
400,100,500,0.8
409,100,509,0.8035363457760314
383,75,458,0.8362445414847162
378,32,410,0.9219512195121952
801,84,885,0.9050847457627119
1497,99,1596,0.9379699248120301
4098,42,4140,0.9898550724637681
374,82,456,0.8201754385964912
163,217,380,0.42894736842105263
23,121,144,0.1597222222222222
1022,396,1418,0.7207334273624824
405,85,490,0.826530612244898
369,56,425,0.8682352941176471
384,85,469,0.8187633262260128
4073,46,4119,0.9888322408351542
181,116,297,0.6094276094276094
968,419,1387,0.6979091564527757
1114,391,1505,0.7401993355481727
1106,399,1505,0.7348837209302326
394,97,491,0.8024439918533605
409,91,500,0.818
398,107,505,0.7881188118811882
385,91,476,0.8088235294117647
407,170,577,0.7053726169844021
2410,42,2452,0.9828711256117455
381,60,441,0.8639455782312925
1314,210,1524,0.8622047244094488
402,104,506,0.7944664031620553
1317,243,1560,0.8442307692307692
401,117,518,0.7741312741312741
434,91,525,0.8266666666666667
1516,90,1606,0.9439601494396015
4072,34,4106,0.9917194349732099
406,102,508,0.7992125984251969
371,64,435,0.8528735632183908
4099,125,4224,0.970407196969697
4075,28,4103,0.9931757250792104
2470,48,2518,0.9809372517871326
1083,397,1480,0.7317567567567568
4085,54,4139,0.9869533703793186
385,60,445,0.8651685393258427
397,100,497,0.7987927565392354
398,87,485,0.8206185567010309
4087,27,4114,0.9934370442391833
416,84,500,0.832
399,94,493,0.8093306288032455
4077,66,4143,0.9840695148443157
1090,495,1585,0.6876971608832808
399,143,542,0.7361623616236163
417,78,495,0.8424242424242424
1001,429,1430,0.7
1049,408,1457,0.7199725463280714
389,60,449,0.8663697104677061
380,60,440,0.8636363636363636
396,93,489,0.8098159509202454
399,80,479,0.8329853862212944
1315,200,1515,0.8679867986798679
1697,47,1744,0.9730504587155964
1058,431,1489,0.7105439892545332
408,105,513,0.7953216374269005
4081,44,4125,0.9893333333333333
1275,54,1329,0.9593679458239278
1033,507,1540,0.6707792207792208
1103,391,1494,0.7382864792503346
412,95,507,0.8126232741617357
2099,93,2192,0.9575729927007299
4085,133,4218,0.9684684684684685
392,84,476,0.8235294117647058
1068,384,1452,0.7355371900826446
383,60,443,0.8645598194130926
392,89,481,0.814968814968815
871,40,911,0.9560922063666301
1073,380,1453,0.7384721266345492
409,105,514,0.7957198443579766
418,84,502,0.8326693227091634
397,137,534,0.7434456928838952
372,57,429,0.8671328671328671
1086,393,1479,0.7342799188640974
2297,38,2335,0.9837259100642398
397,108,505,0.7861386138613862
2756,106,2862,0.9629629629629629
385,88,473,0.813953488372093
4087,77,4164,0.9815081652257445
998,388,1386,0.7200577200577201
408,55,463,0.8812095032397408
405,105,510,0.7941176470588235
2236,55,2291,0.9759930161501528
401,106,507,0.7909270216962525
1131,397,1528,0.7401832460732984
438,93,531,0.8248587570621468
396,123,519,0.7630057803468208
2215,63,2278,0.9723441615452151
400,108,508,0.7874015748031497
422,93,515,0.8194174757281554
429,95,524,0.8187022900763359
1842,101,1943,0.9480185280494081
397,91,488,0.8135245901639344
2817,261,3078,0.9152046783625731
409,94,503,0.8131212723658051
4078,46,4124,0.9888457807953444
4083,42,4125,0.9898181818181818
403,94,497,0.8108651911468813
412,123,535,0.7700934579439253
426,103,529,0.8052930056710775
2845,87,2932,0.9703274215552524
415,121,536,0.7742537313432836
4091,39,4130,0.9905569007263922
2180,128,2308,0.9445407279029463
1318,183,1501,0.8780812791472352
389,76,465,0.8365591397849462
380,53,433,0.8775981524249422
4106,46,4152,0.9889210019267822
200,153,353,0.56657223796034
4111,139,4250,0.9672941176470589
374,86,460,0.8130434782608695
1031,361,1392,0.7406609195402298
400,102,502,0.796812749003984
408,108,516,0.7906976744186046
398,124,522,0.7624521072796935
398,135,533,0.7467166979362101
413,101,514,0.8035019455252919
395,107,502,0.7868525896414342
1969,111,2080,0.9466346153846154
946,80,1026,0.9220272904483431
181,130,311,0.5819935691318328
390,147,537,0.7262569832402235
414,164,578,0.7162629757785467
4089,84,4173,0.9798705966930266
1895,113,2008,0.9437250996015937
1316,159,1475,0.8922033898305085
396,85,481,0.8232848232848233
1315,145,1460,0.9006849315068494
395,124,519,0.7610789980732178
423,86,509,0.831041257367387
404,85,489,0.8261758691206544
408,87,495,0.8242424242424242
2101,47,2148,0.9781191806331471
1107,442,1549,0.7146546158812137
437,85,522,0.8371647509578544
181,179,360,0.5027777777777778
212,182,394,0.5380710659898477
402,163,565,0.7115044247787611
395,87,482,0.8195020746887967
1069,397,1466,0.7291950886766713
2375,186,2561,0.9273721202655213
375,76,451,0.8314855875831486
396,78,474,0.8354430379746836
409,97,506,0.808300395256917
1018,415,1433,0.7103977669225401
396,97,493,0.8032454361054767
388,114,502,0.7729083665338645
1032,376,1408,0.7329545454545454
1083,431,1514,0.7153236459709379
426,103,529,0.8052930056710775
418,134,552,0.7572463768115942
1030,550,1580,0.6518987341772152
1097,396,1493,0.7347622237106497
2759,53,2812,0.9811522048364154
963,109,1072,0.898320895522388
393,113,506,0.7766798418972332
393,118,511,0.7690802348336595
410,104,514,0.7976653696498055
400,110,510,0.7843137254901961
404,163,567,0.7125220458553791
407,131,538,0.7565055762081785
382,66,448,0.8526785714285714
1137,108,1245,0.9132530120481928
181,221,402,0.4502487562189055
413,111,524,0.7881679389312977
1777,90,1867,0.951794322442421
402,119,521,0.7715930902111324
393,101,494,0.7955465587044535
394,100,494,0.7975708502024291
410,98,508,0.8070866141732284
426,84,510,0.8352941176470589
4092,92,4184,0.9780114722753346
416,89,505,0.8237623762376237
424,86,510,0.8313725490196079
427,79,506,0.8438735177865613
1033,90,1123,0.9198575244879786
983,407,1390,0.7071942446043166
409,140,549,0.7449908925318761
194,217,411,0.4720194647201946
1374,99,1473,0.9327902240325866
400,145,545,0.7339449541284404
403,108,511,0.7886497064579256
402,90,492,0.8170731707317073
393,104,497,0.7907444668008048
389,120,509,0.7642436149312377
1072,439,1511,0.7094639311714097
429,88,517,0.8297872340425532
424,102,526,0.8060836501901141
393,139,532,0.7387218045112782
1108,82,1190,0.9310924369747899
1080,64,1144,0.9440559440559441
410,97,507,0.8086785009861933
2052,120,2172,0.9447513812154696
427,109,536,0.7966417910447762
1969,111,2080,0.9466346153846154
997,459,1456,0.6847527472527473
311,18,329,0.9452887537993921
1049,408,1457,0.7199725463280714
181,131,312,0.5801282051282052
2251,101,2352,0.9570578231292517
422,89,511,0.8258317025440313
2617,84,2701,0.9689004072565717
1082,431,1513,0.7151354923992069
1315,180,1495,0.8795986622073578
429,107,536,0.8003731343283582
990,384,1374,0.7205240174672489
397,94,491,0.8085539714867617
1453,88,1541,0.9428942245295263
1167,420,1587,0.7353497164461248
4078,193,4271,0.9548115195504566
1031,89,1120,0.9205357142857142
1724,60,1784,0.9663677130044843
409,85,494,0.8279352226720648
308,18,326,0.9447852760736196
181,106,287,0.6306620209059234
1027,55,1082,0.9491682070240296
206,179,385,0.535064935064935
120,12,132,0.9090909090909091
408,93,501,0.8143712574850299
400,110,510,0.7843137254901961
395,95,490,0.8061224489795918
1312,134,1446,0.9073305670816044
401,128,529,0.7580340264650284
4074,30,4104,0.9926900584795322
376,81,457,0.8227571115973742
966,387,1353,0.7139689578713969
1023,383,1406,0.7275960170697012
400,132,532,0.7518796992481203
402,89,491,0.8187372708757638
397,97,494,0.8036437246963563
2221,208,2429,0.914368052696583
435,98,533,0.8161350844277674
2442,47,2489,0.9811169144234633
3601,53,3654,0.9854953475643131
394,104,498,0.7911646586345381
415,83,498,0.8333333333333334
453,111,564,0.8031914893617021
994,372,1366,0.7276720351390923
406,100,506,0.8023715415019763
405,97,502,0.8067729083665338
1314,184,1498,0.87716955941255
2851,68,2919,0.9767043508050702
2584,151,2735,0.9447897623400365
408,122,530,0.769811320754717
1110,396,1506,0.7370517928286853
2423,49,2472,0.9801779935275081
2003,76,2079,0.9634439634439634
905,131,1036,0.8735521235521235
421,123,544,0.7738970588235294
1018,122,1140,0.8929824561403509
404,95,499,0.8096192384769539
2326,47,2373,0.9801938474504847
416,81,497,0.8370221327967807
181,75,256,0.70703125
400,86,486,0.823045267489712
1046,389,1435,0.7289198606271777
1036,81,1117,0.927484333034915
1049,413,1462,0.7175102599179206
421,90,511,0.8238747553816047
957,442,1399,0.684060042887777
400,100,500,0.8
181,83,264,0.6856060606060606
422,99,521,0.8099808061420346
1139,429,1568,0.7264030612244898
1097,396,1493,0.7347622237106497
1316,122,1438,0.9151599443671766
408,112,520,0.7846153846153846
1520,594,2114,0.7190160832544938
527,41,568,0.9278169014084507
372,39,411,0.9051094890510949
391,99,490,0.7979591836734694
1835,85,1920,0.9557291666666666
881,75,956,0.9215481171548117
411,116,527,0.7798861480075902
398,87,485,0.8206185567010309
1316,149,1465,0.8982935153583618
206,162,368,0.5597826086956522
1220,66,1286,0.9486780715396579
389,97,486,0.8004115226337448
403,80,483,0.8343685300207039
2516,60,2576,0.9767080745341615
1315,150,1465,0.8976109215017065
961,395,1356,0.7087020648967551
206,153,359,0.5738161559888579
409,122,531,0.7702448210922788
310,18,328,0.9451219512195121
3837,73,3910,0.9813299232736573
181,94,275,0.6581818181818182
420,95,515,0.8155339805825242
1972,75,2047,0.9633610161211529
397,100,497,0.7987927565392354
181,95,276,0.6557971014492754
451,82,533,0.8461538461538461
966,414,1380,0.7
16,182,198,0.08080808080808081
394,143,537,0.7337057728119181
1013,393,1406,0.7204836415362731
414,89,503,0.8230616302186878
403,123,526,0.7661596958174905
1702,80,1782,0.9551066217732884
1436,93,1529,0.9391759319816874
415,142,557,0.7450628366247756
1352,103,1455,0.9292096219931272
400,100,500,0.8
209,179,388,0.538659793814433
407,91,498,0.8172690763052208
1097,414,1511,0.7260092653871608
415,115,530,0.7830188679245284
206,193,399,0.5162907268170426
1320,151,1471,0.8973487423521413
2298,121,2419,0.9499793303017776
4078,117,4195,0.9721096543504172
960,394,1354,0.7090103397341211
1107,442,1549,0.7146546158812137
398,101,499,0.7975951903807615
1316,125,1441,0.9132546842470507
1035,385,1420,0.7288732394366197
409,152,561,0.7290552584670231
1621,110,1731,0.9364529173887927
405,107,512,0.791015625
416,98,514,0.8093385214007782
1245,79,1324,0.9403323262839879
415,111,526,0.7889733840304183
1140,382,1522,0.7490144546649146
1846,123,1969,0.9375317420010157
1402,66,1468,0.9550408719346049
398,90,488,0.8155737704918032
181,161,342,0.5292397660818714
553,40,593,0.9325463743676222
1080,430,1510,0.7152317880794702
450,118,568,0.7922535211267606
1161,68,1229,0.9446704637917006
1034,415,1449,0.7135955831608005
181,130,311,0.5819935691318328
1829,191,2020,0.9054455445544555
393,105,498,0.7891566265060241
416,92,508,0.8188976377952756
1315,130,1445,0.9100346020761245
405,133,538,0.7527881040892194
1052,375,1427,0.7372109320252278
395,95,490,0.8061224489795918
1139,425,1564,0.7282608695652174
1651,86,1737,0.9504893494530801
181,274,455,0.3978021978021978
237,14,251,0.9442231075697212
203,217,420,0.48333333333333334
1020,429,1449,0.7039337474120083
407,134,541,0.7523105360443623
395,107,502,0.7868525896414342
981,415,1396,0.7027220630372493
1118,383,1501,0.7448367754830113
1139,429,1568,0.7264030612244898
2073,87,2160,0.9597222222222223
2513,110,2623,0.9580632863133817
4092,91,4183,0.9782452785082477
237,14,251,0.9442231075697212
388,87,475,0.8168421052631579
956,405,1361,0.7024246877296105
412,197,609,0.6765188834154351
411,83,494,0.8319838056680162
200,183,383,0.5221932114882507
1098,407,1505,0.7295681063122924
1678,102,1780,0.9426966292134832
404,95,499,0.8096192384769539
1130,373,1503,0.7518296739853626
1166,92,1258,0.9268680445151033
1333,77,1410,0.9453900709219858
401,101,502,0.798804780876494
1008,407,1415,0.7123674911660778
403,142,545,0.7394495412844037
390,86,476,0.819327731092437
2173,38,2211,0.9828132066938037
407,102,509,0.7996070726915521
704,74,778,0.9048843187660668
960,394,1354,0.7090103397341211
400,81,481,0.8316008316008316
398,134,532,0.7481203007518797
403,169,572,0.7045454545454546
988,63,1051,0.9400570884871551
1350,132,1482,0.9109311740890689
388,84,472,0.8220338983050848
401,103,504,0.7956349206349206
27,113,140,0.19285714285714287
404,89,493,0.8194726166328601
396,89,485,0.8164948453608247
4109,50,4159,0.9879778792979081
1083,500,1583,0.6841440303221731
396,109,505,0.7841584158415842
922,78,1000,0.922
402,80,482,0.8340248962655602
763,76,839,0.9094159713945172
2108,101,2209,0.9542779538252603
19,158,177,0.10734463276836158
407,90,497,0.8189134808853119
413,121,534,0.7734082397003745
400,96,496,0.8064516129032258
1080,398,1478,0.7307171853856563
324,18,342,0.9473684210526315
1097,393,1490,0.736241610738255
2584,131,2715,0.9517495395948434
1675,88,1763,0.9500850822461713
200,161,361,0.554016620498615
434,146,580,0.7482758620689656
966,498,1464,0.6598360655737705
203,217,420,0.48333333333333334
966,377,1343,0.7192851824274014
1069,402,1471,0.7267165193745752
411,93,504,0.8154761904761905
415,127,542,0.7656826568265682
398,108,506,0.7865612648221344
2017,46,2063,0.9777023751817742
307,18,325,0.9446153846153846
403,106,509,0.7917485265225933
983,410,1393,0.7056712132089017
434,80,514,0.8443579766536965
2008,116,2124,0.9453860640301318
413,126,539,0.7662337662337663
425,87,512,0.830078125
767,83,850,0.9023529411764706
1098,407,1505,0.7295681063122924
1369,62,1431,0.9566736547868623
1182,143,1325,0.8920754716981132
1350,147,1497,0.9018036072144289
4121,62,4183,0.9851781018407841
2500,105,2605,0.9596928982725528
926,106,1032,0.8972868217054264
1239,59,1298,0.9545454545454546
395,101,496,0.7963709677419355
181,72,253,0.7154150197628458
398,81,479,0.8308977035490606
621,96,717,0.8661087866108786
444,114,558,0.7956989247311828
1312,136,1448,0.9060773480662984
1802,31,1833,0.9830878341516639
1895,170,2065,0.9176755447941889
395,93,488,0.8094262295081968
206,186,392,0.5255102040816326
394,82,476,0.8277310924369747
2626,90,2716,0.9668630338733432
1649,52,1701,0.969429747207525
1130,373,1503,0.7518296739853626
2399,40,2439,0.98359983599836
181,94,275,0.6581818181818182
419,146,565,0.7415929203539823
1353,197,1550,0.8729032258064516
2435,48,2483,0.9806685461135722
1064,400,1464,0.726775956284153
397,92,489,0.8118609406952966
1405,61,1466,0.9583901773533424
966,443,1409,0.6855926188786373
408,86,494,0.8259109311740891
407,102,509,0.7996070726915521
1702,93,1795,0.9481894150417828
2718,61,2779,0.9780496581504138
1864,84,1948,0.9568788501026694
404,101,505,0.8
397,84,481,0.8253638253638254
754,66,820,0.9195121951219513
392,83,475,0.8252631578947368
390,105,495,0.7878787878787878
1008,388,1396,0.7220630372492837
2072,107,2179,0.9508949059201468
418,82,500,0.836
2013,48,2061,0.9767103347889374
1313,215,1528,0.8592931937172775
396,139,535,0.7401869158878505
194,217,411,0.4720194647201946
434,90,524,0.8282442748091603
1778,95,1873,0.9492792311799253
404,148,552,0.7318840579710145
1341,81,1422,0.9430379746835443
406,86,492,0.8252032520325203
2972,78,3050,0.9744262295081967
406,85,491,0.8268839103869654
404,101,505,0.8
2324,75,2399,0.968736973739058
966,422,1388,0.6959654178674352
946,445,1391,0.6800862688713156
1046,389,1435,0.7289198606271777
830,87,917,0.9051254089422028
398,91,489,0.8139059304703476
1404,100,1504,0.9335106382978723
394,99,493,0.7991886409736308
1040,133,1173,0.886615515771526
393,90,483,0.8136645962732919
120,12,132,0.9090909090909091
421,95,516,0.8158914728682171
1871,82,1953,0.9580133128520225
390,90,480,0.8125
958,414,1372,0.6982507288629738
398,93,491,0.8105906313645621
1060,411,1471,0.7205982324949014
181,111,292,0.6198630136986302
399,114,513,0.7777777777777778
395,92,487,0.811088295687885
418,99,517,0.8085106382978723
1020,399,1419,0.718816067653277
409,121,530,0.7716981132075472
1141,363,1504,0.7586436170212766
395,78,473,0.8350951374207188
419,90,509,0.8231827111984283
1055,411,1466,0.7196452933151433
394,97,491,0.8024439918533605
957,395,1352,0.7078402366863905
1315,172,1487,0.8843308675184937
960,396,1356,0.7079646017699115
2319,37,2356,0.984295415959253
457,101,558,0.8189964157706093
425,106,531,0.800376647834275
1063,100,1163,0.9140154772141015
405,98,503,0.805168986083499
1118,429,1547,0.7226890756302521
181,277,458,0.3951965065502183
395,100,495,0.797979797979798
4077,42,4119,0.9898033503277495
1931,78,2009,0.9611747137879542
1208,373,1581,0.7640733712839974
2541,71,2612,0.9728177641653905
1096,432,1528,0.7172774869109948
1096,414,1510,0.7258278145695364
391,76,467,0.8372591006423983
395,83,478,0.8263598326359832
1139,425,1564,0.7282608695652174
397,87,484,0.8202479338842975
1140,382,1522,0.7490144546649146
2331,106,2437,0.9565038982355355
212,217,429,0.49417249417249415
404,91,495,0.8161616161616162
57,159,216,0.2638888888888889
1110,374,1484,0.7479784366576819
399,104,503,0.7932405566600398
1949,52,2001,0.9740129935032483
423,96,519,0.815028901734104
1240,96,1336,0.9281437125748503
392,154,546,0.717948717948718
1523,50,1573,0.9682136045772409
308,18,326,0.9447852760736196
871,38,909,0.9581958195819582
858,90,948,0.9050632911392406
2007,98,2105,0.9534441805225653
1706,77,1783,0.9568143578238923
946,442,1388,0.6815561959654178
1044,377,1421,0.7346938775510204
1313,197,1510,0.8695364238410596
390,142,532,0.7330827067669173
405,98,503,0.805168986083499
1026,389,1415,0.7250883392226148
464,104,568,0.8169014084507042
181,169,350,0.5171428571428571
1076,405,1481,0.7265361242403782
42,168,210,0.2
396,92,488,0.8114754098360656
396,99,495,0.8
406,117,523,0.7762906309751434
1129,40,1169,0.9657827202737382
956,513,1469,0.6507828454731109
1772,75,1847,0.9593936112615051
413,90,503,0.8210735586481114
1013,408,1421,0.712878254750176
2076,86,2162,0.9602220166512488
374,54,428,0.8738317757009346
2534,49,2583,0.981029810298103
1020,399,1419,0.718816067653277
1314,130,1444,0.909972299168975
401,94,495,0.8101010101010101
886,138,1024,0.865234375
400,99,499,0.8016032064128257
181,97,278,0.6510791366906474
399,101,500,0.798
1802,87,1889,0.9539438856537851
395,117,512,0.771484375
411,100,511,0.8043052837573386
400,84,484,0.8264462809917356
1316,158,1474,0.89280868385346
181,309,490,0.3693877551020408
958,395,1353,0.7080561714708056
1901,101,2002,0.9495504495504495
426,111,537,0.7932960893854749
421,99,520,0.8096153846153846
402,130,532,0.7556390977443609
16,190,206,0.07766990291262135
1186,45,1231,0.9634443541835905
1262,59,1321,0.9553368660105981
1314,202,1516,0.866754617414248
419,105,524,0.799618320610687
385,109,494,0.7793522267206477
412,104,516,0.7984496124031008
405,119,524,0.7729007633587787
946,399,1345,0.7033457249070632
1139,398,1537,0.7410540013012362
966,404,1370,0.7051094890510949
410,92,502,0.8167330677290837
2918,85,3003,0.9716949716949717
120,12,132,0.9090909090909091
1008,378,1386,0.7272727272727273
400,78,478,0.8368200836820083
391,135,526,0.7433460076045627
2418,94,2512,0.9625796178343949
1139,426,1565,0.7277955271565495
400,99,499,0.8016032064128257
397,91,488,0.8135245901639344
1117,401,1518,0.735836627140975
403,115,518,0.777992277992278
1098,407,1505,0.7295681063122924
390,96,486,0.8024691358024691
181,116,297,0.6094276094276094
405,118,523,0.7743785850860421
1080,446,1526,0.7077326343381389
394,84,478,0.8242677824267782
413,141,554,0.7454873646209387
1097,393,1490,0.736241610738255
1933,49,1982,0.9752774974772956
1139,71,1210,0.9413223140495868
403,94,497,0.8108651911468813
1012,396,1408,0.71875
1681,46,1727,0.973364215402432
396,144,540,0.7333333333333333
421,89,510,0.8254901960784313
1380,113,1493,0.9243134628265238
1024,414,1438,0.7121001390820584
406,100,506,0.8023715415019763
2584,147,2731,0.9461735627975101
396,94,490,0.8081632653061225
418,128,546,0.7655677655677655
1902,37,1939,0.9809179989685405
419,148,567,0.7389770723104057
1069,937,2006,0.532901296111665
1060,363,1423,0.7449051300070274
25,182,207,0.12077294685990338
1118,390,1508,0.7413793103448276
1513,36,1549,0.9767591994835377
424,94,518,0.8185328185328186
2019,112,2131,0.9474425152510558
1208,388,1596,0.7568922305764411
391,82,473,0.8266384778012685
1055,397,1452,0.7265840220385675
397,117,514,0.7723735408560312
391,124,515,0.7592233009708738
4082,40,4122,0.990295972828724
3110,46,3156,0.985424588086185
1313,170,1483,0.8853674983142279
396,94,490,0.8081632653061225
402,132,534,0.7528089887640449
1164,29,1193,0.9756915339480302
1352,129,1481,0.9128966914247131
401,83,484,0.8285123966942148
398,120,518,0.7683397683397684
396,102,498,0.7951807228915663
2876,129,3005,0.957071547420965
1312,180,1492,0.8793565683646113
1140,382,1522,0.7490144546649146
1316,149,1465,0.8982935153583618
966,438,1404,0.688034188034188
946,408,1354,0.6986706056129985
399,106,505,0.7900990099009901
1221,115,1336,0.9139221556886228
387,93,480,0.80625
398,121,519,0.766859344894027
42,101,143,0.2937062937062937
1674,53,1727,0.9693109438332368
396,87,483,0.8198757763975155
181,156,337,0.5370919881305638
1702,50,1752,0.9714611872146118
1139,429,1568,0.7264030612244898
1016,373,1389,0.7314614830813535
171,164,335,0.5104477611940299
400,97,497,0.8048289738430584
1130,373,1503,0.7518296739853626
1520,594,2114,0.7190160832544938
838,91,929,0.9020452099031216
2281,96,2377,0.9596129575094657
2584,147,2731,0.9461735627975101
402,106,508,0.7913385826771654
1548,90,1638,0.945054945054945
1117,415,1532,0.72911227154047
1316,121,1437,0.9157967988865693
403,150,553,0.72875226039783
959,426,1385,0.6924187725631769
2355,118,2473,0.9522846744844319
1052,375,1427,0.7372109320252278
1012,382,1394,0.7259684361549498
442,90,532,0.8308270676691729
433,111,544,0.7959558823529411
2874,68,2942,0.9768864717878993
981,400,1381,0.7103548153511948
409,90,499,0.8196392785571143
161,217,378,0.42592592592592593
392,89,481,0.814968814968815
398,114,512,0.77734375
898,89,987,0.9098277608915907
1021,52,1073,0.9515377446411929
397,89,486,0.8168724279835391
2101,47,2148,0.9781191806331471
408,80,488,0.8360655737704918
237,14,251,0.9442231075697212
197,162,359,0.5487465181058496
1199,108,1307,0.9173680183626626
424,175,599,0.7078464106844741
1356,64,1420,0.9549295774647887
1016,421,1437,0.7070285316631872
966,377,1343,0.7192851824274014
1026,403,1429,0.7179846046186145
397,135,532,0.7462406015037594
409,94,503,0.8131212723658051
745,73,818,0.910757946210269
2299,94,2393,0.9607187630589219
406,93,499,0.8136272545090181
391,135,526,0.7433460076045627
956,415,1371,0.6973012399708242
388,90,478,0.8117154811715481
1433,109,1542,0.9293125810635539
408,82,490,0.8326530612244898
411,114,525,0.7828571428571428
408,108,516,0.7906976744186046
395,94,489,0.8077709611451943
1139,428,1567,0.7268666241225271
403,99,502,0.8027888446215139
395,100,495,0.797979797979798
411,108,519,0.791907514450867
1076,514,1590,0.6767295597484276
4140,66,4206,0.9843081312410842
1096,416,1512,0.7248677248677249
209,162,371,0.5633423180592992
392,98,490,0.8
406,101,507,0.8007889546351085
165,192,357,0.46218487394957986
422,144,566,0.7455830388692579
413,86,499,0.8276553106212425
380,87,467,0.8137044967880086
1678,66,1744,0.9621559633027523
181,118,299,0.6053511705685619
394,164,558,0.7060931899641577
979,84,1063,0.9209783631232361
2235,80,2315,0.9654427645788337
401,95,496,0.8084677419354839
2584,168,2752,0.938953488372093
1044,390,1434,0.7280334728033473
424,95,519,0.8169556840077071
181,125,306,0.5915032679738562
1141,449,1590,0.7176100628930817
206,163,369,0.5582655826558266
1314,186,1500,0.876
1024,414,1438,0.7121001390820584
2856,147,3003,0.951048951048951
394,87,481,0.8191268191268192
400,91,491,0.814663951120163
1318,163,1481,0.8899392302498312
1312,121,1433,0.9155617585484996
181,169,350,0.5171428571428571
1097,386,1483,0.7397167902899529
1094,140,1234,0.8865478119935171
3305,45,3350,0.9865671641791045
392,87,479,0.8183716075156576
2019,114,2133,0.9465541490857946
1034,61,1095,0.9442922374429223
388,100,488,0.7950819672131147
181,92,273,0.663003663003663
989,373,1362,0.7261380323054332
437,93,530,0.8245283018867925
961,445,1406,0.6834992887624467
403,111,514,0.7840466926070039
1012,414,1426,0.7096774193548387
407,127,534,0.7621722846441947
1711,87,1798,0.9516129032258065
1117,395,1512,0.7387566137566137
1016,373,1389,0.7314614830813535
409,90,499,0.8196392785571143
385,89,474,0.8122362869198312
422,83,505,0.8356435643564356
1114,462,1576,0.7068527918781726
1509,97,1606,0.9396014943960149
959,426,1385,0.6924187725631769
200,211,411,0.48661800486618007
855,31,886,0.9650112866817155
402,104,506,0.7944664031620553
27,152,179,0.15083798882681565
416,142,558,0.7455197132616488
167,158,325,0.5138461538461538
1313,176,1489,0.8817998656816656
959,400,1359,0.7056659308314938
402,146,548,0.7335766423357665
2186,116,2302,0.9496090356211989
403,139,542,0.7435424354243543
401,88,489,0.820040899795501
426,87,513,0.8304093567251462
395,106,501,0.7884231536926147
895,98,993,0.9013091641490433
416,99,515,0.8077669902912621
1208,415,1623,0.7443006777572396
2598,69,2667,0.9741282339707537
1736,78,1814,0.9570011025358324
1787,103,1890,0.9455026455026455
412,134,546,0.7545787545787546
1604,35,1639,0.9786455155582673
1005,415,1420,0.7077464788732394
418,84,502,0.8326693227091634
26,158,184,0.14130434782608695
28,132,160,0.175
1020,389,1409,0.7239176721078779
394,99,493,0.7991886409736308
14,145,159,0.0880503144654088
397,129,526,0.7547528517110266
959,373,1332,0.71996996996997
398,102,500,0.796
417,79,496,0.8407258064516129
426,84,510,0.8352941176470589
2411,83,2494,0.9667201283079391
1149,43,1192,0.9639261744966443
410,182,592,0.6925675675675675
1012,396,1408,0.71875
416,98,514,0.8093385214007782
403,146,549,0.7340619307832422
392,102,494,0.7935222672064778
1097,393,1490,0.736241610738255
424,135,559,0.7584973166368515
392,96,488,0.8032786885245902
312,18,330,0.9454545454545454
395,193,588,0.6717687074829932
388,145,533,0.7279549718574109
396,102,498,0.7951807228915663
413,200,613,0.6737357259380098
1114,426,1540,0.7233766233766233
2655,53,2708,0.9804283604135894
1108,391,1499,0.7391594396264176
401,104,505,0.7940594059405941
120,12,132,0.9090909090909091
181,104,285,0.6350877192982456
399,97,496,0.8044354838709677
410,100,510,0.803921568627451
982,157,1139,0.8621597892888498
1015,420,1435,0.7073170731707317
518,100,618,0.8381877022653722
2415,87,2502,0.9652278177458034
420,200,620,0.6774193548387096
1005,415,1420,0.7077464788732394
181,96,277,0.6534296028880866
402,131,533,0.7542213883677298
387,83,470,0.823404255319149
395,172,567,0.6966490299823633
406,105,511,0.7945205479452054
385,79,464,0.8297413793103449
1316,178,1494,0.8808567603748326
1337,38,1375,0.9723636363636363
405,94,499,0.811623246492986
2367,93,2460,0.9621951219512195
2413,85,2498,0.9659727782225781
1015,394,1409,0.7203690560681334
390,88,478,0.8158995815899581
397,100,497,0.7987927565392354
958,395,1353,0.7080561714708056
1185,110,1295,0.915057915057915
1243,50,1293,0.9613302397525135
1015,395,1410,0.7198581560283688
2594,115,2709,0.9575489110372831
403,137,540,0.7462962962962963
395,107,502,0.7868525896414342
1062,429,1491,0.7122736418511066
1100,440,1540,0.7142857142857143
414,113,527,0.7855787476280834
2762,143,2905,0.9507745266781411
409,90,499,0.8196392785571143
203,174,377,0.5384615384615384
414,106,520,0.7961538461538461
404,98,502,0.8047808764940239
1992,50,2042,0.9755142017629774
403,87,490,0.8224489795918367
394,85,479,0.8225469728601252
6335,100,6435,0.9844599844599845
1339,91,1430,0.9363636363636364
2584,152,2736,0.9444444444444444
400,91,491,0.814663951120163
3375,77,3452,0.977694090382387
407,129,536,0.7593283582089553
442,107,549,0.8051001821493625
1351,178,1529,0.8835840418574231
1657,71,1728,0.9589120370370371
395,83,478,0.8263598326359832
1064,82,1146,0.9284467713787086
242,14,256,0.9453125
2126,85,2211,0.9615558570782451
1501,48,1549,0.9690122659780503
2069,81,2150,0.9623255813953489
181,133,314,0.5764331210191083
181,178,359,0.5041782729805014
948,55,1003,0.9451645064805583
391,81,472,0.8283898305084746
911,122,1033,0.8818973862536302
2842,86,2928,0.9706284153005464
4624,98,4722,0.9792460821685727
212,162,374,0.5668449197860963
959,426,1385,0.6924187725631769
1912,56,1968,0.9715447154471545
411,98,509,0.8074656188605108
395,91,486,0.8127572016460906
901,118,1019,0.8842001962708538
410,94,504,0.8134920634920635
402,99,501,0.8023952095808383
396,91,487,0.813141683778234
401,104,505,0.7940594059405941
986,427,1413,0.6978060863411182
396,97,493,0.8032454361054767
1052,375,1427,0.7372109320252278
401,152,553,0.7251356238698011
181,338,519,0.348747591522158
1312,150,1462,0.8974008207934336
403,90,493,0.8174442190669371
1312,180,1492,0.8793565683646113
436,94,530,0.8226415094339623
1039,396,1435,0.7240418118466899
864,54,918,0.9411764705882353
4181,51,4232,0.9879489603024575
394,91,485,0.8123711340206186
514,122,636,0.8081761006289309
1243,50,1293,0.9613302397525135
1532,99,1631,0.9393010423053342
1181,416,1597,0.7395115842204133
242,14,256,0.9453125
391,115,506,0.7727272727272727
387,91,478,0.8096234309623431
400,93,493,0.8113590263691683
416,101,517,0.804642166344294
404,130,534,0.7565543071161048
1062,425,1487,0.7141896435776731
393,102,495,0.793939393939394
181,251,432,0.41898148148148145
432,99,531,0.8135593220338984
397,99,496,0.8004032258064516
1108,391,1499,0.7391594396264176
2985,58,3043,0.9809398619783108
1785,84,1869,0.9550561797752809
326,18,344,0.9476744186046512
974,375,1349,0.7220163083765753
394,121,515,0.7650485436893204
206,160,366,0.5628415300546448
409,94,503,0.8131212723658051
1072,388,1460,0.7342465753424657
3817,107,3924,0.9727319062181448
410,77,487,0.8418891170431212
433,94,527,0.8216318785578748
1259,43,1302,0.966973886328725
1063,375,1438,0.739221140472879
1012,414,1426,0.7096774193548387
191,74,265,0.720754716981132
402,86,488,0.8237704918032787
399,105,504,0.7916666666666666
406,150,556,0.7302158273381295
409,109,518,0.7895752895752896
39,201,240,0.1625
2584,159,2743,0.9420342690484871
411,84,495,0.8303030303030303
1024,456,1480,0.6918918918918919
394,82,476,0.8277310924369747
394,134,528,0.7462121212121212
1130,395,1525,0.740983606557377
947,72,1019,0.929342492639843
1062,419,1481,0.7170830519918974
194,67,261,0.7432950191570882
418,99,517,0.8085106382978723
392,196,588,0.6666666666666666
1315,165,1480,0.8885135135135135
1064,395,1459,0.7292666209732693
1097,370,1467,0.7477845944103613
396,84,480,0.825
406,101,507,0.8007889546351085
227,55,282,0.8049645390070922
393,86,479,0.8204592901878914
218,101,319,0.6833855799373041
214,103,317,0.6750788643533123
1510,69,1579,0.9563014566181127
202,76,278,0.7266187050359713
417,88,505,0.8257425742574257
1015,421,1436,0.7068245125348189
507,82,589,0.8607809847198642
405,104,509,0.7956777996070727
398,94,492,0.8089430894308943
391,116,507,0.7712031558185405
214,96,310,0.6903225806451613
1198,416,1614,0.7422552664188352
237,14,251,0.9442231075697212
238,77,315,0.7555555555555555
400,109,509,0.7858546168958742
414,95,509,0.8133595284872298
398,150,548,0.7262773722627737
416,97,513,0.8109161793372319
407,115,522,0.7796934865900383
409,120,529,0.7731568998109641
243,124,367,0.662125340599455
405,121,526,0.7699619771863118
1315,94,1409,0.9332860184528035
195,75,270,0.7222222222222222
1314,252,1566,0.8390804597701149
409,90,499,0.8196392785571143
1039,411,1450,0.716551724137931
1324,201,1525,0.8681967213114754
1052,93,1145,0.9187772925764193
1020,403,1423,0.7167955024595924
399,97,496,0.8044354838709677
424,127,551,0.7695099818511797
205,146,351,0.584045584045584
195,72,267,0.7303370786516854
763,129,892,0.8553811659192825
415,100,515,0.8058252427184466
1048,411,1459,0.7183002056202878
404,100,504,0.8015873015873016
2065,137,2202,0.9377838328792008
406,185,591,0.6869712351945855
161,205,366,0.43989071038251365
209,162,371,0.5633423180592992
225,123,348,0.646551724137931
186,106,292,0.636986301369863
410,99,509,0.8055009823182712
401,114,515,0.7786407766990291
1064,395,1459,0.7292666209732693
11,130,141,0.07801418439716312
407,101,508,0.8011811023622047
189,47,236,0.8008474576271186
181,107,288,0.6284722222222222
195,122,317,0.6151419558359621
183,64,247,0.7408906882591093
1585,47,1632,0.9712009803921569
400,95,495,0.8080808080808081
181,100,281,0.6441281138790036
983,453,1436,0.6845403899721448
218,123,341,0.6392961876832844
959,414,1373,0.6984705025491624
1027,415,1442,0.7122052704576977
1114,443,1557,0.7154784842646115
421,148,569,0.7398945518453427
1460,66,1526,0.9567496723460026
2172,125,2297,0.9455811928602526
3367,124,3491,0.9644800916642796
1043,388,1431,0.7288609364081062
479,123,602,0.7956810631229236
181,134,315,0.5746031746031746
178,62,240,0.7416666666666667
700,74,774,0.9043927648578811
249,94,343,0.7259475218658892
387,101,488,0.7930327868852459
412,107,519,0.7938342967244701
1062,419,1481,0.7170830519918974
400,99,499,0.8016032064128257
418,84,502,0.8326693227091634
1176,116,1292,0.9102167182662538
123,147,270,0.45555555555555555
2424,51,2475,0.9793939393939394
246,106,352,0.6988636363636364
670,40,710,0.9436619718309859
218,100,318,0.6855345911949685
1103,416,1519,0.7261356155365372
205,79,284,0.721830985915493
1318,124,1442,0.9140083217753121
235,67,302,0.7781456953642384
1012,395,1407,0.7192608386638237
790,52,842,0.9382422802850356
245,98,343,0.7142857142857143
1888,113,2001,0.9435282358820589
400,87,487,0.8213552361396304
181,214,395,0.4582278481012658
238,95,333,0.7147147147147147
195,76,271,0.7195571955719557
1045,463,1508,0.6929708222811671
404,103,507,0.796844181459566
215,178,393,0.5470737913486005
425,200,625,0.68
398,129,527,0.7552182163187856
399,96,495,0.806060606060606
203,217,420,0.48333333333333334
1081,68,1149,0.9408181026979983
400,95,495,0.8080808080808081
1005,415,1420,0.7077464788732394
2750,157,2907,0.9459924320605435
195,137,332,0.5873493975903614
393,80,473,0.8308668076109936
216,103,319,0.677115987460815
406,105,511,0.7945205479452054
224,112,336,0.6666666666666666
2100,88,2188,0.9597806215722121
2005,152,2157,0.9295317570700047
2124,45,2169,0.979253112033195
193,59,252,0.7658730158730159
1178,120,1298,0.9075500770416025
2002,116,2118,0.9452313503305004
2529,111,2640,0.9579545454545455
2005,66,2071,0.9681313375181072
1065,382,1447,0.7360055286800277
14,112,126,0.1111111111111111
431,93,524,0.8225190839694656
996,401,1397,0.7129563350035791
419,123,542,0.7730627306273062
412,81,493,0.8356997971602435
1063,429,1492,0.7124664879356568
405,89,494,0.819838056680162
813,44,857,0.9486581096849475
262,44,306,0.8562091503267973
1316,186,1502,0.8761651131824234
1315,186,1501,0.8760826115922719
408,100,508,0.8031496062992126
1108,397,1505,0.7362126245847176
429,96,525,0.8171428571428572
181,131,312,0.5801282051282052
221,88,309,0.7152103559870551
413,138,551,0.7495462794918331
11,70,81,0.13580246913580246
394,89,483,0.8157349896480331
48,176,224,0.21428571428571427
2269,88,2357,0.9626644039032669
974,375,1349,0.7220163083765753
419,149,568,0.7376760563380281
986,532,1518,0.6495388669301713
967,395,1362,0.7099853157121879
1041,412,1453,0.7164487267721955
238,117,355,0.6704225352112676
422,99,521,0.8099808061420346
420,94,514,0.8171206225680934
226,106,332,0.6807228915662651
403,134,537,0.750465549348231
389,99,488,0.7971311475409836
204,67,271,0.7527675276752768
428,91,519,0.8246628131021194
2108,93,2201,0.9577464788732394
185,150,335,0.5522388059701493
1112,451,1563,0.7114523352527191
202,122,324,0.6234567901234568
417,106,523,0.7973231357552581
209,64,273,0.7655677655677655
207,70,277,0.7472924187725631
15,97,112,0.13392857142857142
432,98,530,0.8150943396226416
255,129,384,0.6640625
420,128,548,0.7664233576642335
1318,252,1570,0.8394904458598726
187,166,353,0.5297450424929179
400,106,506,0.7905138339920948
763,61,824,0.9259708737864077
400,120,520,0.7692307692307693
233,156,389,0.5989717223650386
229,60,289,0.7923875432525952
1243,50,1293,0.9613302397525135
396,88,484,0.8181818181818182
2743,94,2837,0.9668664081776525
1744,98,1842,0.9467969598262758
153,153,306,0.5
225,128,353,0.6373937677053825
2313,72,2385,0.969811320754717
404,104,508,0.7952755905511811
507,111,618,0.8203883495145631
1015,418,1433,0.7083042568039079
899,93,992,0.90625
2779,120,2899,0.9586064160055191
216,156,372,0.5806451612903226
1181,420,1601,0.7376639600249844
216,65,281,0.7686832740213523
1100,440,1540,0.7142857142857143
402,97,499,0.8056112224448898
86,105,191,0.450261780104712
1023,88,1111,0.9207920792079208
400,100,500,0.8
967,395,1362,0.7099853157121879
757,72,829,0.9131483715319663
3690,100,3790,0.9736147757255936
2519,186,2705,0.9312384473197782
438,109,547,0.8007312614259597
219,119,338,0.6479289940828402
415,84,499,0.8316633266533067
63,98,161,0.391304347826087
233,116,349,0.667621776504298
390,109,499,0.781563126252505
1062,419,1481,0.7170830519918974
203,217,420,0.48333333333333334
181,103,284,0.6373239436619719
1045,393,1438,0.7267037552155772
248,63,311,0.797427652733119
983,450,1433,0.685973482205164
193,130,323,0.5975232198142415
231,91,322,0.717391304347826
395,94,489,0.8077709611451943
405,98,503,0.805168986083499
1918,92,2010,0.954228855721393
205,168,373,0.5495978552278821
1039,411,1450,0.716551724137931
397,87,484,0.8202479338842975
2584,130,2714,0.9521002210759028
1048,400,1448,0.7237569060773481
187,122,309,0.6051779935275081
200,60,260,0.7692307692307693
1043,394,1437,0.7258176757132916
795,120,915,0.8688524590163934
410,112,522,0.7854406130268199
181,90,271,0.6678966789667896
200,151,351,0.5698005698005698
186,116,302,0.6158940397350994
1198,416,1614,0.7422552664188352
1062,429,1491,0.7122736418511066
960,395,1355,0.7084870848708487
1119,83,1202,0.9309484193011647
390,96,486,0.8024691358024691
1015,414,1429,0.7102869139258222
411,160,571,0.7197898423817863
212,150,362,0.585635359116022
393,92,485,0.8103092783505155
1315,185,1500,0.8766666666666667
395,92,487,0.811088295687885
1060,411,1471,0.7205982324949014
398,125,523,0.7609942638623327
1104,149,1253,0.8810853950518756
822,181,1003,0.8195413758723828
971,456,1427,0.680448493342677
225,119,344,0.6540697674418605
846,39,885,0.9559322033898305
195,151,346,0.5635838150289018
1460,66,1526,0.9567496723460026
650,104,754,0.8620689655172413
3734,177,3911,0.9547430324725135
3874,152,4026,0.9622454048683556
242,124,366,0.6612021857923497
889,157,1046,0.8499043977055449
1072,388,1460,0.7342465753424657
251,139,390,0.6435897435897436
414,89,503,0.8230616302186878
3866,171,4037,0.9576418132276443
597,63,660,0.9045454545454545
200,69,269,0.7434944237918215
247,45,292,0.8458904109589042
181,81,262,0.6908396946564885
409,127,536,0.7630597014925373
1644,163,1807,0.9097952407304926
385,90,475,0.8105263157894737
405,86,491,0.824847250509165
239,114,353,0.6770538243626062
911,95,1006,0.9055666003976143
206,179,385,0.535064935064935
406,127,533,0.7617260787992496
409,83,492,0.8313008130081301
1064,395,1459,0.7292666209732693
24,150,174,0.13793103448275862
390,111,501,0.7784431137724551
437,87,524,0.833969465648855
971,395,1366,0.7108345534407028
2023,50,2073,0.9758803666184274
225,123,348,0.646551724137931
190,73,263,0.7224334600760456
1198,416,1614,0.7422552664188352
3789,148,3937,0.9624079248158496
402,95,497,0.8088531187122736
233,49,282,0.8262411347517731
211,53,264,0.7992424242424242
397,147,544,0.7297794117647058
464,114,578,0.8027681660899654
206,165,371,0.555256064690027
679,165,844,0.8045023696682464
1003,90,1093,0.9176578225068619
222,96,318,0.6981132075471698
173,126,299,0.5785953177257525
2706,26,2732,0.9904831625183016
408,106,514,0.7937743190661478
1130,464,1594,0.7089084065244667
1103,377,1480,0.7452702702702703
401,126,527,0.7609108159392789
217,90,307,0.7068403908794788
400,99,499,0.8016032064128257
419,100,519,0.8073217726396917
222,73,295,0.752542372881356
218,111,329,0.662613981762918
4527,72,4599,0.9843444227005871
777,89,866,0.8972286374133949
405,98,503,0.805168986083499
280,60,340,0.8235294117647058
195,146,341,0.5718475073313783
1039,92,1131,0.918656056587091
435,90,525,0.8285714285714286
1935,147,2082,0.9293948126801153
960,67,1027,0.934761441090555
974,381,1355,0.718819188191882
2886,94,2980,0.9684563758389262
176,55,231,0.7619047619047619
1314,170,1484,0.8854447439353099
864,150,1014,0.8520710059171598
2110,45,2155,0.9791183294663574
427,102,529,0.8071833648393195
411,99,510,0.8058823529411765
1072,385,1457,0.7357584076870282
30,140,170,0.17647058823529413
1165,64,1229,0.9479251423921887
397,116,513,0.7738791423001949
223,122,345,0.6463768115942029
209,152,361,0.5789473684210527
236,99,335,0.7044776119402985
2722,77,2799,0.9724901750625223
400,79,479,0.8350730688935282
1118,121,1239,0.9023405972558515
205,120,325,0.6307692307692307
436,84,520,0.8384615384615385
399,138,537,0.7430167597765364
932,63,995,0.9366834170854271
214,135,349,0.6131805157593123
210,77,287,0.7317073170731707
394,100,494,0.7975708502024291
401,135,536,0.7481343283582089
996,433,1429,0.6969909027291813
932,45,977,0.9539406345957011
227,80,307,0.739413680781759
215,157,372,0.5779569892473119
989,373,1362,0.7261380323054332
578,131,709,0.8152327221438646
391,82,473,0.8266384778012685
181,54,235,0.7702127659574468
14,91,105,0.13333333333333333
420,107,527,0.7969639468690702
229,100,329,0.6960486322188449
181,125,306,0.5915032679738562
201,55,256,0.78515625
397,92,489,0.8118609406952966
3240,154,3394,0.9546258102533883
1114,91,1205,0.9244813278008299
403,143,546,0.7380952380952381
983,372,1355,0.7254612546125462
889,113,1002,0.8872255489021956
2346,34,2380,0.9857142857142858
67,95,162,0.41358024691358025
1328,252,1580,0.8405063291139241
1020,403,1423,0.7167955024595924
396,97,493,0.8032454361054767
1786,171,1957,0.912621359223301
3589,170,3759,0.9547752061718542
200,70,270,0.7407407407407407
406,113,519,0.7822736030828517
394,88,482,0.8174273858921162
202,109,311,0.6495176848874598
138,77,215,0.641860465116279
3589,136,3725,0.963489932885906
1078,415,1493,0.7220361687876758
79,151,230,0.34347826086956523
3866,151,4017,0.9624097585262634
189,112,301,0.627906976744186
117,114,231,0.5064935064935064
412,116,528,0.7803030303030303
1067,151,1218,0.8760262725779967
221,61,282,0.7836879432624113
125,49,174,0.7183908045977011
243,92,335,0.7253731343283583
395,113,508,0.7775590551181102
1027,403,1430,0.7181818181818181
1611,130,1741,0.9253302699597932
2393,136,2529,0.9462238038750495
663,56,719,0.9221140472878998
1181,411,1592,0.7418341708542714
241,110,351,0.6866096866096866
237,126,363,0.6528925619834711
210,65,275,0.7636363636363637
3769,44,3813,0.9884605297665879
398,130,528,0.7537878787878788
1610,82,1692,0.9515366430260047
2584,157,2741,0.9427216344399854
395,89,484,0.8161157024793388
388,133,521,0.744721689059501
228,68,296,0.7702702702702703
398,87,485,0.8206185567010309
1596,56,1652,0.9661016949152542
213,100,313,0.6805111821086262
407,120,527,0.7722960151802657
1011,520,1531,0.6603527106466361
1318,144,1462,0.9015047879616963
201,258,459,0.43790849673202614
192,49,241,0.7966804979253111
399,86,485,0.822680412371134
2425,82,2507,0.9672915835660152
1651,73,1724,0.9576566125290024
214,51,265,0.8075471698113208
396,97,493,0.8032454361054767
1041,391,1432,0.7269553072625698
1023,396,1419,0.7209302325581395
214,160,374,0.5721925133689839
2517,111,2628,0.9577625570776256
7,84,91,0.07692307692307693
400,140,540,0.7407407407407407
208,111,319,0.6520376175548589
1063,375,1438,0.739221140472879
3367,114,3481,0.9672507900028727
247,116,363,0.6804407713498623
2239,93,2332,0.9601200686106347
416,91,507,0.8205128205128205
2853,42,2895,0.9854922279792746
412,92,504,0.8174603174603174
979,93,1072,0.9132462686567164
1130,516,1646,0.6865127582017011
1087,419,1506,0.7217795484727756
399,107,506,0.7885375494071146
1732,159,1891,0.9159175039661555
402,96,498,0.8072289156626506
394,102,496,0.7943548387096774
397,115,512,0.775390625
181,292,473,0.38266384778012685
246,115,361,0.6814404432132964
181,153,334,0.5419161676646707
442,114,556,0.7949640287769785
396,83,479,0.826722338204593
1024,399,1423,0.7196064652143359
394,85,479,0.8225469728601252
413,92,505,0.8178217821782178
240,110,350,0.6857142857142857
227,137,364,0.6236263736263736
391,83,474,0.8248945147679325
215,76,291,0.738831615120275
1983,81,2064,0.9607558139534884
397,90,487,0.8151950718685832
1065,382,1447,0.7360055286800277
210,84,294,0.7142857142857143
926,78,1004,0.9223107569721115
10,103,113,0.08849557522123894
120,12,132,0.9090909090909091
827,46,873,0.9473081328751431
12,132,144,0.08333333333333333
213,132,345,0.6173913043478261
103,130,233,0.44206008583690987
467,87,554,0.8429602888086642
228,128,356,0.6404494382022472
2016,109,2125,0.9487058823529412
1098,47,1145,0.9589519650655022
225,109,334,0.6736526946107785
450,102,552,0.8152173913043478
1660,58,1718,0.9662398137369034
3654,151,3805,0.9603153745072274
216,104,320,0.675
401,83,484,0.8285123966942148
240,117,357,0.6722689075630253
412,103,515,0.8
992,453,1445,0.6865051903114187
960,397,1357,0.707442888725129
173,110,283,0.6113074204946997
221,158,379,0.58311345646438
235,133,368,0.6385869565217391
181,119,300,0.6033333333333334
2508,117,2625,0.9554285714285714
420,99,519,0.8092485549132948
404,110,514,0.7859922178988327
404,110,514,0.7859922178988327
1176,59,1235,0.9522267206477733
1045,393,1438,0.7267037552155772
398,82,480,0.8291666666666667
3831,46,3877,0.9881351560484911
432,159,591,0.7309644670050761
397,127,524,0.7576335877862596
230,84,314,0.732484076433121
400,83,483,0.8281573498964804
228,62,290,0.7862068965517242
747,31,778,0.9601542416452442
433,98,531,0.815442561205273
204,163,367,0.555858310626703
206,134,340,0.6058823529411764
39,140,179,0.21787709497206703
955,213,1168,0.8176369863013698
399,140,539,0.7402597402597403
394,84,478,0.8242677824267782
1313,149,1462,0.8980848153214774
221,48,269,0.8215613382899628
395,120,515,0.7669902912621359
94,128,222,0.42342342342342343
2584,149,2733,0.9454811562385657
3196,56,3252,0.982779827798278
1322,190,1512,0.8743386243386243
391,94,485,0.8061855670103093
228,50,278,0.8201438848920863
415,97,512,0.810546875
99,105,204,0.4852941176470588
15,103,118,0.1271186440677966
10,147,157,0.06369426751592357
388,110,498,0.7791164658634538
396,105,501,0.7904191616766467
210,146,356,0.5898876404494382
452,85,537,0.8417132216014898
404,82,486,0.831275720164609
426,140,566,0.7526501766784452
1024,428,1452,0.7052341597796143
395,91,486,0.8127572016460906
200,164,364,0.5494505494505495
7,80,87,0.08045977011494253
67,93,160,0.41875
960,143,1103,0.8703535811423391
182,73,255,0.7137254901960784
403,96,499,0.8076152304609219
3476,143,3619,0.9604863221884499
894,126,1020,0.8764705882352941
191,157,348,0.5488505747126436
218,196,414,0.5265700483091788
1043,414,1457,0.7158544955387783
971,395,1366,0.7108345534407028
428,97,525,0.8152380952380952
1024,474,1498,0.6835781041388518
1620,128,1748,0.9267734553775744
1380,56,1436,0.9610027855153204
214,48,262,0.816793893129771
401,110,511,0.7847358121330724
1665,129,1794,0.9280936454849499
455,84,539,0.8441558441558441
405,108,513,0.7894736842105263
430,86,516,0.8333333333333334
14,100,114,0.12280701754385964
388,98,486,0.7983539094650206
1127,63,1190,0.9470588235294117
27,138,165,0.16363636363636364
1317,159,1476,0.8922764227642277
412,145,557,0.7396768402154399
2015,75,2090,0.9641148325358851
215,73,288,0.7465277777777778
398,137,535,0.7439252336448599
2686,180,2866,0.9371946964410328
418,92,510,0.8196078431372549
235,146,381,0.6167979002624672
199,59,258,0.7713178294573644
181,139,320,0.565625
1826,105,1931,0.9456240290005179
1312,422,1734,0.7566320645905421
1868,47,1915,0.9754569190600523
405,86,491,0.824847250509165
2479,77,2556,0.9698748043818466
227,86,313,0.7252396166134185
219,57,276,0.7934782608695652
3222,134,3356,0.9600715137067938
393,93,486,0.808641975308642
108,114,222,0.4864864864864865
195,80,275,0.7090909090909091
254,132,386,0.6580310880829016
967,395,1362,0.7099853157121879
402,101,503,0.7992047713717694
427,98,525,0.8133333333333334
407,84,491,0.8289205702647657
2129,87,2216,0.9607400722021661
393,107,500,0.786
1040,95,1135,0.9162995594713657
391,86,477,0.8197064989517819
2434,50,2484,0.9798711755233495
902,87,989,0.9120323559150657
200,130,330,0.6060606060606061
410,96,506,0.8102766798418972
412,90,502,0.8207171314741036
214,86,300,0.7133333333333334
391,101,492,0.7947154471544715
1131,401,1532,0.7382506527415144
18,110,128,0.140625
1103,377,1480,0.7452702702702703
1007,378,1385,0.7270758122743682
251,63,314,0.7993630573248408
407,99,506,0.8043478260869565
240,56,296,0.8108108108108109
401,93,494,0.8117408906882592
412,81,493,0.8356997971602435
1314,138,1452,0.9049586776859504
1572,70,1642,0.9573690621193667
228,138,366,0.6229508196721312
245,128,373,0.6568364611260054
399,103,502,0.7948207171314741
1069,396,1465,0.7296928327645051
210,111,321,0.6542056074766355
396,110,506,0.782608695652174
400,90,490,0.8163265306122449
237,60,297,0.797979797979798
1241,56,1297,0.9568234387047032
1826,56,1882,0.9702444208289054
400,120,520,0.7692307692307693
228,90,318,0.7169811320754716
219,124,343,0.6384839650145773
1313,131,1444,0.9092797783933518
394,116,510,0.7725490196078432
214,136,350,0.6114285714285714
999,396,1395,0.7161290322580646
205,103,308,0.6655844155844156
299,18,317,0.943217665615142
241,108,349,0.6905444126074498
402,177,579,0.694300518134715
222,148,370,0.6
205,191,396,0.5176767676767676
421,95,516,0.8158914728682171
328,61,389,0.8431876606683805
1218,51,1269,0.9598108747044918
1969,59,2028,0.9709072978303748
1011,413,1424,0.7099719101123596
1008,368,1376,0.7325581395348837
1242,29,1271,0.977183320220299
210,70,280,0.75
1315,193,1508,0.8720159151193634
1005,86,1091,0.921173235563703
186,64,250,0.744
1055,396,1451,0.7270847691247415
2298,74,2372,0.9688026981450253
1023,410,1433,0.7138869504535938
188,58,246,0.7642276422764228
192,131,323,0.5944272445820433
395,93,488,0.8094262295081968
247,130,377,0.6551724137931034
79,130,209,0.37799043062200954
171,62,233,0.7339055793991416
1126,414,1540,0.7311688311688311
1041,992,2033,0.5120511559272012
239,107,346,0.6907514450867052
2760,130,2890,0.9550173010380623
1316,167,1483,0.8873904248145651
397,108,505,0.7861386138613862
426,88,514,0.8287937743190662
194,137,331,0.5861027190332326
201,171,372,0.5403225806451613
1019,126,1145,0.8899563318777293
758,37,795,0.9534591194968554
223,107,330,0.6757575757575758
200,179,379,0.5277044854881267
970,395,1365,0.7106227106227107
408,138,546,0.7472527472527473
3331,70,3401,0.9794178182887386
1938,72,2010,0.9641791044776119
197,162,359,0.5487465181058496
1675,45,1720,0.9738372093023255
882,71,953,0.925498426023085
396,95,491,0.8065173116089613
399,99,498,0.8012048192771084
206,118,324,0.6358024691358025
220,131,351,0.6267806267806267
410,101,511,0.8023483365949119
205,53,258,0.7945736434108527
226,49,275,0.8218181818181818
204,118,322,0.6335403726708074
404,150,554,0.7292418772563177
1058,373,1431,0.7393431167016072
181,130,311,0.5819935691318328
1842,124,1966,0.9369277721261444
1104,393,1497,0.7374749498997996
1315,138,1453,0.9050240880935995
1159,92,1251,0.926458832933653
1129,396,1525,0.740327868852459
1838,119,1957,0.9391926417986715
148,127,275,0.5381818181818182
2055,54,2109,0.9743954480796586
456,85,541,0.8428835489833642
404,126,530,0.7622641509433963
461,85,546,0.8443223443223443
1104,462,1566,0.7049808429118773
393,95,488,0.805327868852459
83,72,155,0.535483870967742
389,101,490,0.7938775510204081
189,69,258,0.7325581395348837
254,130,384,0.6614583333333334
242,68,310,0.7806451612903226
120,12,132,0.9090909090909091
216,144,360,0.6
95,134,229,0.4148471615720524
223,54,277,0.8050541516245487
194,97,291,0.6666666666666666
1067,166,1233,0.8653690186536902
1313,133,1446,0.9080221300138313
2,93,95,0.021052631578947368
213,124,337,0.6320474777448071
63,49,112,0.5625
765,72,837,0.9139784946236559
3387,52,3439,0.9848793253852864
405,103,508,0.797244094488189
1097,91,1188,0.9234006734006734
2700,119,2819,0.9577864490954239
5219,113,5332,0.9788072018004501
408,87,495,0.8242424242424242
1010,108,1118,0.9033989266547406
404,100,504,0.8015873015873016
420,98,518,0.8108108108108109
972,414,1386,0.7012987012987013
31,138,169,0.1834319526627219
210,132,342,0.6140350877192983
201,146,347,0.579250720461095
1370,97,1467,0.9338786639400136
487,78,565,0.8619469026548673
409,97,506,0.808300395256917
1318,201,1519,0.8676761026991442
217,138,355,0.6112676056338028
395,110,505,0.7821782178217822
2507,130,2637,0.9507015547971179
240,118,358,0.6703910614525139
2584,154,2738,0.943754565376187
181,85,266,0.6804511278195489
172,201,373,0.46112600536193027
183,155,338,0.5414201183431953
415,112,527,0.7874762808349146
2832,75,2907,0.9742002063983488
1022,68,1090,0.9376146788990826
175,114,289,0.6055363321799307
201,171,372,0.5403225806451613
1780,99,1879,0.9473124002128792
991,362,1353,0.7324464153732446
2935,132,3067,0.9569611998695794
1735,83,1818,0.9543454345434543
1040,462,1502,0.6924101198402131
1316,175,1491,0.8826291079812206
96,118,214,0.4485981308411215
248,52,300,0.8266666666666667
402,103,505,0.7960396039603961
326,161,487,0.6694045174537988
999,373,1372,0.728134110787172
1177,427,1604,0.733790523690773
387,93,480,0.80625
203,74,277,0.7328519855595668
1021,415,1436,0.7110027855153204
201,73,274,0.7335766423357665
396,86,482,0.8215767634854771
200,217,417,0.47961630695443647
220,91,311,0.707395498392283
1540,135,1675,0.9194029850746268
1543,82,1625,0.9495384615384616
235,85,320,0.734375
1314,189,1503,0.874251497005988
1578,75,1653,0.9546279491833031
22,85,107,0.205607476635514
1352,143,1495,0.9043478260869565
391,89,480,0.8145833333333333
209,183,392,0.5331632653061225
2549,75,2624,0.9714176829268293
205,117,322,0.6366459627329193
3672,168,3840,0.95625
390,144,534,0.7303370786516854
860,115,975,0.882051282051282
221,111,332,0.6656626506024096
393,93,486,0.808641975308642
1112,391,1503,0.739853626081171
1316,143,1459,0.9019876627827279
181,117,298,0.6073825503355704
1029,391,1420,0.7246478873239437
1110,382,1492,0.7439678284182306
401,109,510,0.7862745098039216
403,93,496,0.8125
1088,382,1470,0.7401360544217687
237,66,303,0.7821782178217822
985,388,1373,0.7174071376547706
1492,63,1555,0.9594855305466238
404,96,500,0.808
1072,398,1470,0.7292517006802721
1122,373,1495,0.7505016722408027
1791,78,1869,0.9582664526484751
202,94,296,0.6824324324324325
196,84,280,0.7
192,105,297,0.6464646464646465
1106,400,1506,0.7343957503320053
963,80,1043,0.9232981783317353
321,18,339,0.9469026548672567
1267,411,1678,0.7550655542312277
1061,375,1436,0.7388579387186629
409,179,588,0.6955782312925171
987,392,1379,0.7157360406091371
389,81,470,0.8276595744680851
1315,169,1484,0.8861185983827493
1244,58,1302,0.9554531490015361
192,81,273,0.7032967032967034
403,168,571,0.7057793345008757
30,140,170,0.17647058823529413
1268,414,1682,0.7538644470868014
1110,41,1151,0.9643788010425717
1235,373,1608,0.7680348258706468
427,99,526,0.811787072243346
181,107,288,0.6284722222222222
414,90,504,0.8214285714285714
1035,383,1418,0.729901269393512
1970,87,2057,0.95770539620807
985,394,1379,0.7142857142857143
417,159,576,0.7239583333333334
1037,411,1448,0.7161602209944752
1028,427,1455,0.7065292096219932
222,110,332,0.6686746987951807
903,79,982,0.9195519348268839
1051,395,1446,0.7268326417704011
391,111,502,0.7788844621513944
995,416,1411,0.705173635719348
1035,373,1408,0.7350852272727273
212,167,379,0.5593667546174143
1302,70,1372,0.9489795918367347
978,72,1050,0.9314285714285714
913,100,1013,0.9012833168805529
1354,207,1561,0.8673926969891096
1018,427,1445,0.7044982698961938
218,92,310,0.7032258064516129
1238,396,1634,0.7576499388004896
404,104,508,0.7952755905511811
197,162,359,0.5487465181058496
1075,410,1485,0.7239057239057239
428,101,529,0.8090737240075614
1002,414,1416,0.7076271186440678
1059,415,1474,0.7184531886024423
1052,451,1503,0.6999334664005322
207,134,341,0.6070381231671554
1018,300,1318,0.7723823975720789
949,396,1345,0.7055762081784387
1014,388,1402,0.7232524964336662
195,99,294,0.6632653061224489
1309,60,1369,0.956172388604821
401,99,500,0.802
206,80,286,0.7202797202797203
1035,102,1137,0.9102902374670184
1005,593,1598,0.6289111389236546
1182,428,1610,0.7341614906832298
1087,414,1501,0.7241838774150566
1096,385,1481,0.7400405131667792
1063,378,1441,0.7376821651630812
201,62,263,0.7642585551330798
1007,395,1402,0.7182596291012838
385,117,502,0.7669322709163346
873,123,996,0.8765060240963856
971,392,1363,0.7123991195891416
396,172,568,0.6971830985915493
1047,388,1435,0.729616724738676
402,156,558,0.7204301075268817
976,438,1414,0.6902404526166902
398,103,501,0.7944111776447106
885,78,963,0.9190031152647975
239,104,343,0.6967930029154519
400,90,490,0.8163265306122449
402,95,497,0.8088531187122736
5428,137,5565,0.975381850853549
1072,395,1467,0.7307430129516019
1056,389,1445,0.730795847750865
400,101,501,0.7984031936127745
181,101,282,0.6418439716312057
212,90,302,0.7019867549668874
203,152,355,0.571830985915493
2396,75,2471,0.9696479158235533
1312,162,1474,0.8900949796472184
1616,85,1701,0.9500293944738389
1311,135,1446,0.9066390041493776
416,147,563,0.738898756660746
1474,99,1573,0.9370629370629371
2130,97,2227,0.9564436461607544
980,398,1378,0.7111756168359942
1001,474,1475,0.6786440677966101
209,183,392,0.5331632653061225
1096,395,1491,0.7350771294433266
990,373,1363,0.7263389581804842
1316,162,1478,0.8903924221921515
1072,74,1146,0.9354275741710296
1775,50,1825,0.9726027397260274
1014,414,1428,0.7100840336134454
1049,401,1450,0.723448275862069
1014,395,1409,0.7196593328601846
1842,111,1953,0.9431643625192012
1167,394,1561,0.7475976937860346
1040,392,1432,0.7262569832402235
1020,379,1399,0.7290922087205146
1212,75,1287,0.9417249417249417
2322,86,2408,0.9642857142857143
1072,388,1460,0.7342465753424657
994,373,1367,0.7271397220190198
1116,448,1564,0.7135549872122762
1104,421,1525,0.7239344262295082
1067,401,1468,0.7268392370572208
143,85,228,0.6271929824561403
2447,72,2519,0.9714172290591505
316,18,334,0.9461077844311377
996,438,1434,0.694560669456067
224,107,331,0.676737160120846
392,89,481,0.814968814968815
2,93,95,0.021052631578947368
1120,401,1521,0.7363576594345825
1047,462,1509,0.6938369781312127
1002,577,1579,0.6345788473717543
1289,39,1328,0.9706325301204819
393,113,506,0.7766798418972332
248,65,313,0.792332268370607
1050,406,1456,0.7211538461538461
1093,388,1481,0.738014854827819
181,124,305,0.5934426229508196
394,132,526,0.7490494296577946
205,118,323,0.6346749226006192
215,59,274,0.7846715328467153
405,137,542,0.7472324723247232
1101,396,1497,0.7354709418837675
426,80,506,0.841897233201581
218,157,375,0.5813333333333334
239,14,253,0.9446640316205533
1099,394,1493,0.7361018084393838
3675,217,3892,0.9442446043165468
1250,501,1751,0.7138777841233581
2645,55,2700,0.9796296296296296
1146,390,1536,0.74609375
974,396,1370,0.710948905109489
1044,401,1445,0.7224913494809688
131,159,290,0.4517241379310345
159,217,376,0.4228723404255319
985,391,1376,0.715843023255814
448,95,543,0.8250460405156538
1049,396,1445,0.7259515570934256
2265,128,2393,0.946510656080234
1360,142,1502,0.9054593874833555
742,121,863,0.8597914252607184
1052,426,1478,0.7117726657645467
249,101,350,0.7114285714285714
2616,34,2650,0.9871698113207548
1184,420,1604,0.7381546134663342
995,393,1388,0.7168587896253602
1051,388,1439,0.7303683113273106
212,217,429,0.49417249417249415
1005,446,1451,0.6926257753273605
402,125,527,0.7628083491461101
843,89,932,0.9045064377682404
1314,151,1465,0.8969283276450511
714,88,802,0.8902743142144638
1004,553,1557,0.6448298008991651
408,200,608,0.6710526315789473
18,182,200,0.09
3074,65,3139,0.9792927683975788
1119,388,1507,0.7425348374253484
916,120,1036,0.8841698841698842
1075,420,1495,0.7190635451505016
1319,190,1509,0.8740888005301524
1742,107,1849,0.9421308815575987
973,375,1348,0.7218100890207715
404,150,554,0.7292418772563177
206,56,262,0.7862595419847328
2409,69,2478,0.9721549636803875
229,95,324,0.7067901234567902
1101,394,1495,0.7364548494983277
1145,375,1520,0.7532894736842105
1111,72,1183,0.9391377852916315
406,80,486,0.8353909465020576
32,136,168,0.19047619047619047
1013,398,1411,0.7179305457122608
209,112,321,0.6510903426791277
242,56,298,0.8120805369127517
1288,408,1696,0.7594339622641509
1151,404,1555,0.7401929260450161
206,183,389,0.5295629820051414
199,91,290,0.6862068965517242
1037,468,1505,0.6890365448504984
396,84,480,0.825
1005,80,1085,0.9262672811059908
220,95,315,0.6984126984126984
1314,249,1563,0.8406909788867563
1028,388,1416,0.7259887005649718
2425,130,2555,0.949119373776908
234,85,319,0.7335423197492164
395,98,493,0.8012170385395537
1043,407,1450,0.7193103448275862
181,110,291,0.6219931271477663
2714,64,2778,0.9769618430525558
1053,383,1436,0.7332869080779945
410,116,526,0.779467680608365
388,97,485,0.8
1102,417,1519,0.7254772876892692
998,393,1391,0.7174694464414091
1315,172,1487,0.8843308675184937
231,75,306,0.7549019607843137
1460,55,1515,0.9636963696369637
203,138,341,0.5953079178885631
1073,387,1460,0.7349315068493151
1135,388,1523,0.7452396585686146
1041,395,1436,0.7249303621169917
979,414,1393,0.7027997128499641
1314,157,1471,0.8932698844323589
1057,385,1442,0.7330097087378641
985,54,1039,0.9480269489894129
1028,67,1095,0.9388127853881278
1112,393,1505,0.7388704318936877
3119,105,3224,0.9674317617866005
2265,144,2409,0.9402241594022416
1317,210,1527,0.862475442043222
388,94,482,0.8049792531120332
1110,617,1727,0.6427330631152287
3022,62,3084,0.9798962386511024
237,14,251,0.9442231075697212
1084,410,1494,0.7255689424364123
1069,913,1982,0.5393541876892028
191,170,361,0.5290858725761773
952,602,1554,0.6126126126126126
201,116,317,0.6340694006309149
189,131,320,0.590625
165,217,382,0.4319371727748691
1991,132,2123,0.9378238341968912
411,122,533,0.7711069418386491
1437,44,1481,0.9702903443619176
1122,373,1495,0.7505016722408027
419,92,511,0.8199608610567515
1267,377,1644,0.7706812652068127
396,104,500,0.792
1144,427,1571,0.7281985996180776
392,113,505,0.7762376237623763
401,149,550,0.7290909090909091
1734,72,1806,0.9601328903654485
236,82,318,0.7421383647798742
2179,74,2253,0.9671549045716822
402,86,488,0.8237704918032787
1096,420,1516,0.7229551451187335
203,181,384,0.5286458333333334
396,104,500,0.792
198,111,309,0.6407766990291263
843,78,921,0.9153094462540716
387,95,482,0.8029045643153527
981,396,1377,0.7124183006535948
968,425,1393,0.6949030868628858
219,83,302,0.7251655629139073
1100,54,1154,0.9532062391681109
194,217,411,0.4720194647201946
498,119,617,0.807131280388979
1075,375,1450,0.7413793103448276
1116,414,1530,0.7294117647058823
1102,394,1496,0.7366310160427807
393,93,486,0.808641975308642
241,105,346,0.6965317919075145
1092,515,1607,0.6795270690728065
1103,394,1497,0.7368069472277889
2530,89,2619,0.9660175639557083
390,94,484,0.8057851239669421
2260,92,2352,0.9608843537414966
203,162,365,0.5561643835616439
1021,395,1416,0.721045197740113
1088,378,1466,0.7421555252387448
1049,363,1412,0.7429178470254958
1243,413,1656,0.7506038647342995
395,80,475,0.8315789473684211
1143,385,1528,0.7480366492146597
427,92,519,0.8227360308285164
402,116,518,0.7760617760617761
197,78,275,0.7163636363636363
240,72,312,0.7692307692307693
919,155,1074,0.8556797020484171
994,407,1401,0.7094932191291934
1351,145,1496,0.9030748663101604
1168,396,1564,0.7468030690537084
218,179,397,0.5491183879093199
1316,193,1509,0.8721007289595759
1007,390,1397,0.7208303507516106
1011,396,1407,0.7185501066098081
1319,131,1450,0.9096551724137931
898,109,1007,0.8917576961271102
227,132,359,0.6323119777158774
406,148,554,0.7328519855595668
1040,411,1451,0.7167470709855273
1238,61,1299,0.9530408006158584
1070,451,1521,0.7034845496383958
1351,197,1548,0.8727390180878553
187,93,280,0.6678571428571428
181,1000,1181,0.15325994919559696
1002,580,1582,0.6333754740834386
415,112,527,0.7874762808349146
1137,523,1660,0.6849397590361446
997,417,1414,0.7050919377652051
402,111,513,0.783625730994152
410,93,503,0.8151093439363817
414,108,522,0.7931034482758621
1035,404,1439,0.7192494788047255
1221,51,1272,0.9599056603773585
1335,41,1376,0.970203488372093
1048,393,1441,0.7272727272727273
216,80,296,0.7297297297297297
422,94,516,0.8178294573643411
1012,419,1431,0.7071977638015374
2321,87,2408,0.9638704318936877
1021,396,1417,0.7205363443895554
394,127,521,0.7562380038387716
2811,51,2862,0.9821802935010482
2230,78,2308,0.9662045060658578
405,113,518,0.7818532818532818
1096,403,1499,0.7311541027351568
1163,399,1562,0.7445582586427657
1047,385,1432,0.7311452513966481
980,398,1378,0.7111756168359942
242,14,256,0.9453125
1117,379,1496,0.7466577540106952
1025,375,1400,0.7321428571428571
2579,96,2675,0.9641121495327103
229,90,319,0.7178683385579937
181,120,301,0.6013289036544851
1950,66,2016,0.9672619047619048
1035,405,1440,0.71875
1731,109,1840,0.9407608695652174
398,96,494,0.805668016194332
398,91,489,0.8139059304703476
2790,49,2839,0.9827404015498415
906,64,970,0.934020618556701
120,12,132,0.9090909090909091
4428,106,4534,0.976621085134539
212,78,290,0.7310344827586207
1003,375,1378,0.727866473149492
1113,388,1501,0.7415056628914057
973,43,1016,0.9576771653543307
397,84,481,0.8253638253638254
401,103,504,0.7956349206349206
2401,92,2493,0.9630966706778982
1087,406,1493,0.7280643000669792
404,85,489,0.8261758691206544
895,98,993,0.9013091641490433
5787,78,5865,0.9867007672634271
406,123,529,0.7674858223062382
200,91,291,0.6872852233676976
407,95,502,0.8107569721115537
1096,425,1521,0.7205785667324129
655,125,780,0.8397435897435898
422,90,512,0.82421875
1317,179,1496,0.8803475935828877
1250,393,1643,0.7608034083992696
247,64,311,0.7942122186495176
1162,45,1207,0.9627174813587407
1047,386,1433,0.7306350314026517
2295,49,2344,0.9790955631399317
1026,478,1504,0.6821808510638298
1028,446,1474,0.6974219810040706
1314,202,1516,0.866754617414248
977,404,1381,0.7074583635047067
203,91,294,0.6904761904761905
394,119,513,0.7680311890838206
1951,50,2001,0.9750124937531235
970,509,1479,0.6558485463150777
120,12,132,0.9090909090909091
181,190,371,0.48787061994609165
220,62,282,0.7801418439716312
1146,119,1265,0.9059288537549407
649,46,695,0.9338129496402877
185,112,297,0.622895622895623
204,73,277,0.7364620938628159
197,116,313,0.6293929712460063
196,136,332,0.5903614457831325
1836,147,1983,0.9258698940998488
1018,411,1429,0.7123862841147656
2294,72,2366,0.9695688926458157
181,115,296,0.6114864864864865
399,104,503,0.7932405566600398
1081,375,1456,0.742445054945055
1107,391,1498,0.7389853137516689
215,113,328,0.6554878048780488
1130,478,1608,0.7027363184079602
1315,150,1465,0.8976109215017065
249,94,343,0.7259475218658892
1168,375,1543,0.7569669475048607
229,82,311,0.7363344051446945
205,64,269,0.7620817843866171
120,12,132,0.9090909090909091
1321,166,1487,0.8883658372562205
1873,102,1975,0.9483544303797469
1124,392,1516,0.741424802110818
2326,94,2420,0.9611570247933884
141,83,224,0.6294642857142857
1115,1000,2115,0.5271867612293144
1047,395,1442,0.7260748959778086
217,132,349,0.6217765042979942
993,401,1394,0.712338593974175
1058,409,1467,0.7211997273346966
1111,378,1489,0.7461383478844862
2178,101,2279,0.9556823168056165
415,90,505,0.8217821782178217
1146,388,1534,0.7470664928292047
1018,390,1408,0.7230113636363636
389,83,472,0.8241525423728814
1067,536,1603,0.6656269494697442
1177,380,1557,0.7559409120102761
1225,54,1279,0.9577795152462861
1551,72,1623,0.955637707948244
234,109,343,0.6822157434402333
1104,393,1497,0.7374749498997996
2878,117,2995,0.9609348914858097
250,102,352,0.7102272727272727
206,163,369,0.5582655826558266
3572,79,3651,0.978362092577376
1040,414,1454,0.7152682255845942
181,114,295,0.6135593220338983
3200,99,3299,0.9699909063352531
1122,373,1495,0.7505016722408027
197,217,414,0.4758454106280193
398,87,485,0.8206185567010309
1259,373,1632,0.7714460784313726
913,100,1013,0.9012833168805529
1120,447,1567,0.7147415443522654
1047,442,1489,0.7031564808596373
1156,404,1560,0.7410256410256411
1851,45,1896,0.9762658227848101
1974,118,2092,0.9435946462715105
394,110,504,0.7817460317460317
1411,85,1496,0.9431818181818182
1351,409,1760,0.7676136363636363
1128,436,1564,0.7212276214833759
74,113,187,0.39572192513368987
1565,88,1653,0.9467634603750756
1134,401,1535,0.7387622149837133
206,183,389,0.5295629820051414
1042,416,1458,0.7146776406035665
181,369,550,0.3290909090909091
209,217,426,0.49061032863849763
1105,427,1532,0.7212793733681462
1312,183,1495,0.8775919732441472
403,147,550,0.7327272727272728
396,96,492,0.8048780487804879
2312,52,2364,0.9780033840947546
1356,246,1602,0.846441947565543
117,112,229,0.5109170305676856
986,395,1381,0.7139753801593048
984,397,1381,0.7125271542360608
413,152,565,0.7309734513274336
409,98,507,0.8067061143984221
877,101,978,0.8967280163599182
1074,428,1502,0.715046604527297
1128,155,1283,0.8791893998441154
1313,146,1459,0.8999314599040439
1103,414,1517,0.7270929466051417
421,92,513,0.8206627680311891
1077,458,1535,0.701628664495114
1159,415,1574,0.7363405336721728
1420,75,1495,0.9498327759197325
403,108,511,0.7886497064579256
1002,427,1429,0.7011896431070679
226,94,320,0.70625
805,67,872,0.9231651376146789
192,140,332,0.5783132530120482
1082,50,1132,0.9558303886925795
181,156,337,0.5370919881305638
1505,81,1586,0.9489281210592686
206,211,417,0.4940047961630695
949,375,1324,0.7167673716012085
1135,411,1546,0.7341526520051747
1128,388,1516,0.7440633245382586
195,84,279,0.6989247311827957
1100,419,1519,0.7241606319947334
831,86,917,0.906215921483097
1037,414,1451,0.7146795313576844
996,396,1392,0.7155172413793104
2719,71,2790,0.9745519713261649
397,112,509,0.7799607072691552
1070,397,1467,0.7293796864349011
1092,428,1520,0.718421052631579
974,601,1575,0.6184126984126984
1100,392,1492,0.7372654155495979
1122,393,1515,0.7405940594059406
18,128,146,0.1232876712328767
405,97,502,0.8067729083665338
1069,386,1455,0.7347079037800688
395,88,483,0.8178053830227743
211,60,271,0.7785977859778598
16,112,128,0.125
404,97,501,0.8063872255489022
407,87,494,0.8238866396761133
242,14,256,0.9453125
2265,144,2409,0.9402241594022416
1053,412,1465,0.7187713310580205
1230,86,1316,0.9346504559270516
411,101,512,0.802734375
1103,420,1523,0.7242284963887065
1877,109,1986,0.9451158106747231
124,210,334,0.3712574850299401
1027,395,1422,0.7222222222222222
1064,411,1475,0.7213559322033898
1157,414,1571,0.7364735837046468
1083,403,1486,0.7288021534320323
1351,50,1401,0.9643112062812277
28,98,126,0.2222222222222222
206,217,423,0.48699763593380613
154,115,269,0.5724907063197026
1022,375,1397,0.7315676449534717
1061,395,1456,0.7287087912087912
416,99,515,0.8077669902912621
1404,67,1471,0.9544527532290958
681,85,766,0.8890339425587467
403,160,563,0.7158081705150977
1263,386,1649,0.7659187386294725
218,53,271,0.8044280442804428
423,95,518,0.8166023166023166
417,111,528,0.7897727272727273
982,583,1565,0.6274760383386582
22,136,158,0.13924050632911392
2265,144,2409,0.9402241594022416
1204,442,1646,0.7314702308626975
1004,411,1415,0.7095406360424028
3862,43,3905,0.9889884763124199
986,556,1542,0.6394293125810635
194,59,253,0.766798418972332
1329,522,1851,0.7179902755267423
1110,390,1500,0.74
1035,421,1456,0.7108516483516484
984,395,1379,0.7135605511240029
1107,464,1571,0.7046467218332273
215,62,277,0.776173285198556
1238,371,1609,0.7694220012430081
796,94,890,0.8943820224719101
1084,84,1168,0.928082191780822
458,85,543,0.8434622467771639
1068,514,1582,0.6750948166877371
422,97,519,0.8131021194605009
1116,404,1520,0.7342105263157894
1023,45,1068,0.9578651685393258
1312,135,1447,0.9067035245335177
6122,102,6224,0.9836118251928021
237,14,251,0.9442231075697212
249,85,334,0.7455089820359282
1099,382,1481,0.7420661715057394
408,89,497,0.8209255533199196
1887,126,2013,0.9374068554396423
1093,385,1478,0.7395128552097429
1313,167,1480,0.8871621621621621
1006,383,1389,0.7242620590352772
194,74,268,0.7238805970149254
2360,109,2469,0.955852571891454
1259,426,1685,0.7471810089020772
215,213,428,0.5023364485981309
1051,396,1447,0.7263303386316516
1175,363,1538,0.7639791937581274
934,104,1038,0.8998073217726397
203,162,365,0.5561643835616439
1067,402,1469,0.7263444520081688
402,91,493,0.8154158215010142
981,50,1031,0.9515033947623667
2024,46,2070,0.9777777777777777
1127,393,1520,0.7414473684210526
1017,396,1413,0.7197452229299363
981,393,1374,0.7139737991266376
946,394,1340,0.7059701492537314
1016,396,1412,0.7195467422096318
197,183,380,0.5184210526315789
885,95,980,0.9030612244897959
1054,393,1447,0.728403593642018
430,99,529,0.8128544423440454
945,388,1333,0.708927231807952
1020,461,1481,0.6887238352464551
1323,210,1533,0.863013698630137
1611,52,1663,0.9687312086590499
181,180,361,0.5013850415512465
1135,413,1548,0.7332041343669251
1038,413,1451,0.715368711233632
997,394,1391,0.7167505391804457
196,83,279,0.7025089605734767
1095,467,1562,0.7010243277848912
405,85,490,0.826530612244898
1150,396,1546,0.7438551099611902
1018,417,1435,0.7094076655052265
216,64,280,0.7714285714285715
1008,411,1419,0.7103594080338267
725,44,769,0.9427828348504551
184,113,297,0.6195286195286195
237,14,251,0.9442231075697212
1092,537,1629,0.6703499079189686
25,73,98,0.25510204081632654
1137,394,1531,0.7426518615284128
1740,91,1831,0.9503003823047516
963,69,1032,0.9331395348837209
426,93,519,0.8208092485549133
1072,482,1554,0.6898326898326899
197,94,291,0.6769759450171822
1273,407,1680,0.7577380952380952
2349,115,2464,0.953327922077922
203,162,365,0.5561643835616439
234,72,306,0.7647058823529411
1039,401,1440,0.7215277777777778
982,392,1374,0.7147016011644832
1058,407,1465,0.7221843003412969
220,104,324,0.6790123456790124
400,98,498,0.8032128514056225
190,66,256,0.7421875
216,87,303,0.7128712871287128
1234,439,1673,0.7375971309025703
181,296,477,0.37945492662473795
1037,411,1448,0.7161602209944752
1018,86,1104,0.9221014492753623
42,212,254,0.16535433070866143
1043,388,1431,0.7288609364081062
1084,441,1525,0.7108196721311475
1087,396,1483,0.7329737019554956
1044,409,1453,0.7185134205092911
1061,445,1506,0.704515272244356
1073,411,1484,0.7230458221024259
1206,88,1294,0.9319938176197836
1042,396,1438,0.7246175243393602
222,129,351,0.6324786324786325
2484,93,2577,0.9639115250291036
1024,375,1399,0.731951393852752
979,82,1061,0.9227144203581527
1311,210,1521,0.8619329388560157
2330,103,2433,0.957665433621044
1116,414,1530,0.7294117647058823
1314,166,1480,0.8878378378378379
396,87,483,0.8198757763975155
167,165,332,0.5030120481927711
253,89,342,0.7397660818713451
1375,56,1431,0.9608665269042628
3672,157,3829,0.9589971271872552
1123,373,1496,0.7506684491978609
1368,108,1476,0.926829268292683
420,133,553,0.759493670886076
417,96,513,0.8128654970760234
200,193,393,0.5089058524173028
942,101,1043,0.9031639501438159
211,55,266,0.793233082706767
21,151,172,0.12209302325581395
924,74,998,0.9258517034068137
939,135,1074,0.8743016759776536
393,157,550,0.7145454545454546
181,222,403,0.4491315136476427
236,68,304,0.7763157894736842
2426,141,2567,0.9450720685625243
1400,45,1445,0.9688581314878892
1314,159,1473,0.8920570264765784
235,84,319,0.7366771159874608
851,71,922,0.9229934924078091
1115,397,1512,0.7374338624338624
220,94,314,0.7006369426751592
407,97,504,0.8075396825396826
246,97,343,0.717201166180758
89,87,176,0.5056818181818182
181,90,271,0.6678966789667896
2459,130,2589,0.9497875627655465
994,392,1386,0.7171717171717171
181,221,402,0.4502487562189055
206,69,275,0.7490909090909091
223,76,299,0.745819397993311
219,105,324,0.6759259259259259
1273,592,1865,0.682573726541555
1026,411,1437,0.7139874739039666
1037,425,1462,0.7093023255813954
995,394,1389,0.7163426925845933
977,385,1362,0.7173274596182085
200,183,383,0.5221932114882507
237,14,251,0.9442231075697212
1456,417,1873,0.7773625200213561
402,99,501,0.8023952095808383
203,152,355,0.571830985915493
410,134,544,0.7536764705882353
181,94,275,0.6581818181818182
1079,376,1455,0.7415807560137457
682,34,716,0.952513966480447
197,85,282,0.6985815602836879
203,85,288,0.7048611111111112
1064,428,1492,0.7131367292225201
1185,132,1317,0.8997722095671982
1135,396,1531,0.7413455258001306
1208,415,1623,0.7443006777572396
237,14,251,0.9442231075697212
1209,396,1605,0.7532710280373832
1546,121,1667,0.9274145170965807
213,128,341,0.624633431085044
220,94,314,0.7006369426751592
1465,42,1507,0.9721300597213006
222,70,292,0.7602739726027398
1654,90,1744,0.948394495412844
894,117,1011,0.884272997032641
209,179,388,0.538659793814433
1261,408,1669,0.7555422408627921
3470,53,3523,0.9849560034061879
388,85,473,0.8202959830866807
1088,103,1191,0.9135180520570949
1038,388,1426,0.7279102384291725
206,161,367,0.5613079019073569
1076,411,1487,0.7236045729657028
991,452,1443,0.6867636867636867
218,66,284,0.7676056338028169
1069,518,1587,0.6735979836168872
426,101,527,0.8083491461100569
1005,654,1659,0.6057866184448463
1181,407,1588,0.7437027707808564
1188,93,1281,0.927400468384075
985,390,1375,0.7163636363636363
422,123,545,0.7743119266055046
1245,106,1351,0.921539600296077
403,82,485,0.8309278350515464
1094,396,1490,0.7342281879194631
1315,168,1483,0.8867161159811193
982,375,1357,0.7236551215917465
236,88,324,0.7283950617283951
391,116,507,0.7712031558185405
1047,440,1487,0.7041022192333557
1100,393,1493,0.7367716008037508
1071,618,1689,0.6341030195381883
989,411,1400,0.7064285714285714
1137,428,1565,0.726517571884984
253,84,337,0.7507418397626113
1313,218,1531,0.8576094056172436
1114,417,1531,0.7276290006531678
410,120,530,0.7735849056603774
1036,453,1489,0.6957689724647415
1288,131,1419,0.9076814658210007
200,183,383,0.5221932114882507
1088,568,1656,0.6570048309178744
315,18,333,0.9459459459459459
200,104,304,0.6578947368421053
1947,92,2039,0.9548798430603237
212,90,302,0.7019867549668874
3249,162,3411,0.9525065963060686
198,57,255,0.7764705882352941
200,91,291,0.6872852233676976
1068,521,1589,0.672120830711139
184,103,287,0.6411149825783972
1016,366,1382,0.7351664254703328
23,105,128,0.1796875
1042,396,1438,0.7246175243393602
1183,410,1593,0.7426239799121155
1014,389,1403,0.7227369921596579
1877,94,1971,0.9523084728564181
181,88,269,0.6728624535315985
209,162,371,0.5633423180592992
225,86,311,0.7234726688102894
1112,417,1529,0.7272727272727273
1074,423,1497,0.717434869739479
798,136,934,0.854389721627409
415,122,537,0.7728119180633147
395,84,479,0.824634655532359
1077,414,1491,0.7223340040241448
1058,434,1492,0.7091152815013405
219,77,296,0.7398648648648649
203,183,386,0.5259067357512953
1070,447,1517,0.7053394858272907
302,18,320,0.94375
391,153,544,0.71875
1626,99,1725,0.9426086956521739
3929,107,4036,0.9734886025768087
1315,153,1468,0.8957765667574932
957,83,1040,0.9201923076923076
209,160,369,0.5663956639566395
1111,407,1518,0.7318840579710145
1976,102,2078,0.9509143407122232
181,171,352,0.5142045454545454
181,169,350,0.5171428571428571
1143,457,1600,0.714375
1089,514,1603,0.6793512164691204
193,121,314,0.6146496815286624
388,102,490,0.7918367346938775
1079,429,1508,0.7155172413793104
407,104,511,0.7964774951076321
2584,125,2709,0.9538575119970469
1051,537,1588,0.6618387909319899
404,93,497,0.8128772635814889
1009,398,1407,0.7171286425017769
206,101,307,0.6710097719869706
184,89,273,0.673992673992674
2977,74,3051,0.9757456571615863
2611,70,2681,0.9738903394255874
1041,391,1432,0.7269553072625698
400,102,502,0.796812749003984
1544,65,1609,0.9596022374145432
40,132,172,0.23255813953488372
1289,56,1345,0.958364312267658
1061,378,1439,0.7373175816539264
1079,387,1466,0.7360163710777626
957,60,1017,0.9410029498525073
181,199,380,0.4763157894736842
1136,519,1655,0.686404833836858
196,57,253,0.7747035573122529
1037,388,1425,0.727719298245614
205,61,266,0.7706766917293233
223,75,298,0.7483221476510067
195,119,314,0.6210191082802548
1189,76,1265,0.9399209486166008
397,112,509,0.7799607072691552
206,217,423,0.48699763593380613
18,154,172,0.10465116279069768
1185,395,1580,0.75
396,96,492,0.8048780487804879
181,221,402,0.4502487562189055
1117,395,1512,0.7387566137566137
1303,423,1726,0.7549246813441484
3069,155,3224,0.9519230769230769
239,14,253,0.9446640316205533
202,80,282,0.7163120567375887
1051,422,1473,0.7135098438560761
2546,65,2611,0.9751053236307928
223,115,338,0.6597633136094675
1085,395,1480,0.7331081081081081
197,217,414,0.4758454106280193
393,97,490,0.8020408163265306
388,96,484,0.8016528925619835
1172,429,1601,0.7320424734540912
848,79,927,0.9147788565264293
1114,375,1489,0.748153122901276
401,97,498,0.8052208835341366
1451,89,1540,0.9422077922077922
404,121,525,0.7695238095238095
120,12,132,0.9090909090909091
1049,414,1463,0.7170198222829802
1181,384,1565,0.7546325878594249
1129,404,1533,0.7364644487932159
1108,407,1515,0.7313531353135313
371,77,448,0.828125
197,82,279,0.7060931899641577
1051,433,1484,0.7082210242587601
1044,366,1410,0.7404255319148936
1067,384,1451,0.735354927636113
1135,92,1227,0.9250203748981255
471,158,629,0.7488076311605724
2040,72,2112,0.9659090909090909
1026,429,1455,0.7051546391752578
1083,398,1481,0.7312626603646185
1043,396,1439,0.7248088950660181
2134,105,2239,0.9531040643144261
885,107,992,0.8921370967741935
1549,61,1610,0.962111801242236
1313,151,1464,0.8968579234972678
200,144,344,0.5813953488372093
197,164,361,0.5457063711911357
1047,520,1567,0.6681557115507338
300,18,318,0.9433962264150944
1135,502,1637,0.693341478313989
1319,171,1490,0.885234899328859
416,103,519,0.8015414258188824
213,69,282,0.7553191489361702
1055,406,1461,0.7221081451060917
1119,397,1516,0.7381266490765171
1066,416,1482,0.7192982456140351
203,152,355,0.571830985915493
1131,410,1541,0.7339390006489293
90,20,110,0.8181818181818182
216,67,283,0.7632508833922261
195,59,254,0.7677165354330708
957,127,1084,0.8828413284132841
1086,411,1497,0.7254509018036072
987,445,1432,0.6892458100558659
1788,58,1846,0.9685807150595883
182,86,268,0.6791044776119403
229,97,326,0.7024539877300614
884,133,1017,0.8692232055063913
1532,43,1575,0.9726984126984127
1043,462,1505,0.6930232558139535
1265,409,1674,0.7556750298685783
1071,392,1463,0.7320574162679426
1179,399,1578,0.747148288973384
1136,421,1557,0.7296082209377007
1424,82,1506,0.9455511288180611
994,496,1490,0.6671140939597315
196,86,282,0.6950354609929078
733,60,793,0.9243379571248423
587,120,707,0.8302687411598303
1056,398,1454,0.7262723521320495
397,107,504,0.7876984126984127
413,107,520,0.7942307692307692
227,60,287,0.7909407665505227
1055,412,1467,0.7191547375596455
1026,398,1424,0.7205056179775281
1113,403,1516,0.7341688654353562
1117,417,1534,0.728161668839635
395,103,498,0.7931726907630522
1061,430,1491,0.7116029510395707
406,94,500,0.812
229,79,308,0.7435064935064936
458,141,599,0.7646076794657763
2628,84,2712,0.9690265486725663
396,83,479,0.826722338204593
222,59,281,0.7900355871886121
1143,394,1537,0.7436564736499675
1039,397,1436,0.7235376044568245
754,40,794,0.9496221662468514
39,237,276,0.14130434782608695
1099,401,1500,0.7326666666666667
220,99,319,0.6896551724137931
1119,394,1513,0.7395902181097158
1119,446,1565,0.7150159744408946
865,81,946,0.9143763213530656
1108,418,1526,0.7260812581913499
181,179,360,0.5027777777777778
1149,45,1194,0.9623115577889447
1034,383,1417,0.7297106563161609
1152,503,1655,0.6960725075528701
1024,614,1638,0.6251526251526252
181,280,461,0.3926247288503254
198,89,287,0.6898954703832753
1309,56,1365,0.958974358974359
1156,643,1799,0.6425792106725959
396,85,481,0.8232848232848233
1469,62,1531,0.9595035924232528
395,80,475,0.8315789473684211
1030,37,1067,0.9653233364573571
240,86,326,0.7361963190184049
992,110,1102,0.9001814882032668
2478,49,2527,0.9806094182825484
1205,89,1294,0.9312210200927357
1075,405,1480,0.7263513513513513
3364,147,3511,0.958131586442609
120,12,132,0.9090909090909091
405,153,558,0.7258064516129032
1059,429,1488,0.7116935483870968
1249,445,1694,0.7373081463990555
28,157,185,0.15135135135135136
206,179,385,0.535064935064935
1072,373,1445,0.7418685121107267
1109,412,1521,0.7291255752794215
1005,91,1096,0.916970802919708
458,109,567,0.8077601410934744
200,194,394,0.5076142131979695
1092,375,1467,0.7443762781186094
401,84,485,0.8268041237113402
1080,407,1487,0.7262945527908541
1082,379,1461,0.7405886379192334
120,12,132,0.9090909090909091
169,90,259,0.6525096525096525
249,88,337,0.7388724035608308
237,14,251,0.9442231075697212
1164,441,1605,0.7252336448598131
899,88,987,0.9108409321175278
4184,59,4243,0.9860947442847042
181,268,449,0.40311804008908686
401,82,483,0.8302277432712215
1016,622,1638,0.6202686202686203
230,80,310,0.7419354838709677
1172,595,1767,0.6632710809281268
209,59,268,0.7798507462686567
313,18,331,0.945619335347432
1055,402,1457,0.7240905971173645
1313,152,1465,0.8962457337883959
1195,388,1583,0.7548957675300063
1009,388,1397,0.7222619899785254
1118,383,1501,0.7448367754830113
402,86,488,0.8237704918032787
395,89,484,0.8161157024793388
2677,92,2769,0.9667750090285302
400,101,501,0.7984031936127745
245,78,323,0.7585139318885449
1266,381,1647,0.7686703096539163
1130,531,1661,0.6803130644190247
1059,487,1546,0.684993531694696
418,102,520,0.8038461538461539
420,72,492,0.8536585365853658
229,48,277,0.8267148014440433
311,18,329,0.9452887537993921
189,113,302,0.6258278145695364
181,87,268,0.6753731343283582
1048,483,1531,0.6845199216198563
229,89,318,0.720125786163522
1047,520,1567,0.6681557115507338
1254,404,1658,0.7563329312424608
1064,400,1464,0.726775956284153
1066,406,1472,0.7241847826086957
4090,41,4131,0.9900750423626241
56,230,286,0.1958041958041958
401,87,488,0.8217213114754098
1252,482,1734,0.7220299884659747
2102,101,2203,0.9541534271448026
206,211,417,0.4940047961630695
190,64,254,0.7480314960629921
1055,431,1486,0.7099596231493943
1079,420,1499,0.7198132088058706
2002,80,2082,0.9615754082612872
1332,409,1741,0.7650775416427341
1080,419,1499,0.7204803202134756
1062,386,1448,0.7334254143646409
1252,404,1656,0.7560386473429952
1128,523,1651,0.6832222895215021
1058,431,1489,0.7105439892545332
1023,397,1420,0.7204225352112676
239,14,253,0.9446640316205533
1151,517,1668,0.6900479616306955
2221,102,2323,0.9560912613000431
1001,398,1399,0.7155110793423874
1009,415,1424,0.7085674157303371
181,141,322,0.562111801242236
3291,71,3362,0.9788816180844735
1119,410,1529,0.7318508829300197
955,48,1003,0.9521435692921236
742,54,796,0.9321608040201005
98,132,230,0.4260869565217391
983,90,1073,0.9161230195712954
1079,433,1512,0.7136243386243386
201,89,290,0.6931034482758621
397,85,482,0.8236514522821576
422,115,537,0.7858472998137802
1015,379,1394,0.7281205164992827
392,75,467,0.8394004282655246
209,217,426,0.49061032863849763
722,95,817,0.8837209302325582
181,113,294,0.6156462585034014
400,93,493,0.8113590263691683
1047,414,1461,0.7166324435318275
1319,170,1489,0.8858294157152451
211,73,284,0.7429577464788732
181,133,314,0.5764331210191083
187,72,259,0.722007722007722
994,392,1386,0.7171717171717171
1230,386,1616,0.7611386138613861
1399,88,1487,0.9408204438466712
200,167,367,0.5449591280653951
408,96,504,0.8095238095238095
1158,396,1554,0.7451737451737451
2584,167,2751,0.9392948018902217
242,14,256,0.9453125
1009,410,1419,0.7110641296687809
1027,402,1429,0.7186843946815955
197,162,359,0.5487465181058496
207,94,301,0.6877076411960132
1229,938,2167,0.567143516382095
3164,69,3233,0.9786575935663471
1122,395,1517,0.7396176664469347
1143,427,1570,0.7280254777070063
1303,533,1836,0.7096949891067538
1102,385,1487,0.7410894418291862
223,102,325,0.6861538461538461
218,77,295,0.7389830508474576
197,144,341,0.5777126099706745
174,79,253,0.6877470355731226
215,74,289,0.7439446366782007
214,70,284,0.7535211267605634
1166,40,1206,0.966832504145937
202,115,317,0.637223974763407
401,170,571,0.702276707530648
1366,96,1462,0.9343365253077975
202,87,289,0.698961937716263
1085,396,1481,0.7326130992572586
1359,54,1413,0.9617834394904459
406,90,496,0.8185483870967742
252,94,346,0.7283236994219653
1312,162,1474,0.8900949796472184
1111,446,1557,0.7135517019910084
214,75,289,0.740484429065744
391,93,484,0.8078512396694215
181,180,361,0.5013850415512465
2444,28,2472,0.988673139158576
200,183,383,0.5221932114882507
1073,415,1488,0.7211021505376344
424,142,566,0.7491166077738516
32,112,144,0.2222222222222222
4828,118,4946,0.9761423372422159
181,88,269,0.6728624535315985
241,120,361,0.667590027700831
203,93,296,0.6858108108108109
1115,611,1726,0.6460023174971031
200,181,381,0.5249343832020997
399,98,497,0.8028169014084507
1085,396,1481,0.7326130992572586
202,107,309,0.6537216828478964
1854,72,1926,0.9626168224299065
1313,177,1490,0.8812080536912752
1315,415,1730,0.7601156069364162
1154,506,1660,0.6951807228915663
407,81,488,0.8340163934426229
948,80,1028,0.9221789883268483
1153,394,1547,0.7453135100193924
1265,433,1698,0.7449941107184923
195,95,290,0.6724137931034483
203,162,365,0.5561643835616439
404,93,497,0.8128772635814889
1314,206,1520,0.8644736842105263
1033,399,1432,0.7213687150837989
1049,404,1453,0.7219545767377838
207,115,322,0.6428571428571429
17,81,98,0.17346938775510204
384,66,450,0.8533333333333334
1113,384,1497,0.7434869739478958
3413,88,3501,0.9748643244787204
220,118,338,0.650887573964497
203,207,410,0.4951219512195122
1129,406,1535,0.7355048859934853
185,67,252,0.7341269841269841
1992,59,2051,0.9712335446123842
1090,388,1478,0.7374830852503383
213,110,323,0.6594427244582043
419,91,510,0.8215686274509804
957,44,1001,0.9560439560439561
1314,166,1480,0.8878378378378379
197,87,284,0.6936619718309859
385,102,487,0.7905544147843943
1479,134,1613,0.91692498450093
1110,468,1578,0.7034220532319392
2020,151,2171,0.9304467987102718
1155,551,1706,0.6770222743259086
2606,87,2693,0.967694021537319
1132,414,1546,0.7322121604139715
2506,107,2613,0.9590508993494068
181,73,254,0.7125984251968503
220,138,358,0.6145251396648045
225,59,284,0.7922535211267606
182,106,288,0.6319444444444444
1116,444,1560,0.7153846153846154
228,59,287,0.794425087108014
1071,450,1521,0.7041420118343196
231,81,312,0.7403846153846154
197,52,249,0.7911646586345381
212,217,429,0.49417249417249415
1590,76,1666,0.9543817527010804
204,85,289,0.7058823529411765
181,145,326,0.5552147239263804
208,57,265,0.7849056603773585
405,88,493,0.821501014198783
400,86,486,0.823045267489712
2177,71,2248,0.9684163701067615
2070,102,2172,0.9530386740331491
44,103,147,0.29931972789115646
1094,425,1519,0.7202106649111257
203,167,370,0.5486486486486486
543,84,627,0.8660287081339713
230,49,279,0.8243727598566308
7,116,123,0.056910569105691054
1117,397,1514,0.73778071334214
1256,386,1642,0.7649208282582217
1046,410,1456,0.7184065934065934
1035,616,1651,0.6268927922471229
1119,414,1533,0.7299412915851272
1186,409,1595,0.7435736677115987
1060,420,1480,0.7162162162162162
417,90,507,0.8224852071005917
411,104,515,0.7980582524271844
191,161,352,0.5426136363636364
996,536,1532,0.6501305483028721
1128,396,1524,0.7401574803149606
331,18,349,0.9484240687679083
1047,402,1449,0.722567287784679
181,121,302,0.5993377483443708
208,101,309,0.6731391585760518
869,108,977,0.8894575230296827
427,89,516,0.8275193798449613
887,86,973,0.9116135662898253
194,92,286,0.6783216783216783
127,96,223,0.5695067264573991
234,58,292,0.8013698630136986
420,110,530,0.7924528301886793
401,92,493,0.8133874239350912
1005,415,1420,0.7077464788732394
181,106,287,0.6306620209059234
1061,441,1502,0.7063914780292943
1211,413,1624,0.7456896551724138
1167,447,1614,0.7230483271375465
1100,455,1555,0.707395498392283
404,146,550,0.7345454545454545
200,179,379,0.5277044854881267
396,101,497,0.7967806841046278
165,192,357,0.46218487394957986
393,92,485,0.8103092783505155
400,104,504,0.7936507936507936
1065,391,1456,0.7314560439560439
1063,405,1468,0.7241144414168937
1093,420,1513,0.722405816259088
1115,398,1513,0.73694646397885
647,114,761,0.8501971090670171
200,102,302,0.6622516556291391
1105,444,1549,0.7133634602969657
181,112,293,0.6177474402730375
231,90,321,0.719626168224299
1877,108,1985,0.9455919395465995
966,502,1468,0.6580381471389646
1352,49,1401,0.9650249821556032
393,92,485,0.8103092783505155
1005,78,1083,0.9279778393351801
1090,395,1485,0.734006734006734
236,79,315,0.7492063492063492
1003,444,1447,0.6931582584657913
1317,200,1517,0.8681608437705999
1107,434,1541,0.718364698247891
391,125,516,0.7577519379844961
1050,386,1436,0.7311977715877437
338,83,421,0.8028503562945368
1081,400,1481,0.7299122214719784
1603,91,1694,0.9462809917355371
2040,100,2140,0.9532710280373832
216,133,349,0.6189111747851003
1053,449,1502,0.7010652463382158
1120,433,1553,0.721184803605924
480,96,576,0.8333333333333334
194,90,284,0.6830985915492958
1081,411,1492,0.7245308310991957
192,76,268,0.7164179104477612
1103,417,1520,0.7256578947368421
2470,66,2536,0.9739747634069401
220,99,319,0.6896551724137931
1313,177,1490,0.8812080536912752
1326,413,1739,0.7625071880391029
208,78,286,0.7272727272727273
1318,191,1509,0.873426110006627
1122,384,1506,0.7450199203187251
104,73,177,0.5875706214689266
994,374,1368,0.7266081871345029
204,52,256,0.796875
2136,70,2206,0.9682683590208522
396,100,496,0.7983870967741935
239,95,334,0.7155688622754491
433,92,525,0.8247619047619048
1119,370,1489,0.7515110812625924
196,89,285,0.6877192982456141
207,92,299,0.6923076923076923
197,217,414,0.4758454106280193
200,80,280,0.7142857142857143
184,83,267,0.6891385767790262
1320,155,1475,0.8949152542372881
1126,484,1610,0.6993788819875777
228,82,310,0.7354838709677419
119,12,131,0.9083969465648855
408,200,608,0.6710526315789473
1107,396,1503,0.7365269461077845
197,67,264,0.7462121212121212
997,118,1115,0.8941704035874439
395,93,488,0.8094262295081968
4380,47,4427,0.9893833295685566
214,84,298,0.7181208053691275
30,116,146,0.2054794520547945
2312,130,2442,0.9467649467649467
230,68,298,0.7718120805369127
1226,404,1630,0.7521472392638037
670,90,760,0.881578947368421
181,90,271,0.6678966789667896
1028,428,1456,0.7060439560439561
1036,393,1429,0.7249825052484254
206,217,423,0.48699763593380613
402,137,539,0.7458256029684601
197,65,262,0.7519083969465649
827,80,907,0.9117971334068358
194,112,306,0.6339869281045751
1058,379,1437,0.7362560890744607
1320,196,1516,0.8707124010554089
1325,182,1507,0.8792302587923025
1288,404,1692,0.7612293144208038
1035,429,1464,0.7069672131147541
1310,375,1685,0.7774480712166172
202,96,298,0.6778523489932886
1116,428,1544,0.7227979274611399
1427,83,1510,0.9450331125827814
2345,74,2419,0.9694088466308391
11,61,72,0.1527777777777778
209,101,310,0.6741935483870968
401,84,485,0.8268041237113402
1136,62,1198,0.9482470784641068
395,127,522,0.7567049808429118
19,86,105,0.18095238095238095
990,546,1536,0.64453125
1082,427,1509,0.7170311464546058
246,108,354,0.6949152542372882
185,76,261,0.7088122605363985
210,111,321,0.6542056074766355
1095,490,1585,0.6908517350157729
914,86,1000,0.914
203,88,291,0.697594501718213
208,100,308,0.6753246753246753
996,389,1385,0.7191335740072202
181,158,339,0.5339233038348082
205,76,281,0.7295373665480427
1350,163,1513,0.8922670191672174
1033,382,1415,0.7300353356890459
401,97,498,0.8052208835341366
393,93,486,0.808641975308642
403,133,536,0.7518656716417911
1048,396,1444,0.7257617728531855
3955,106,4061,0.9738980546663384
1321,63,1384,0.9544797687861272
1073,440,1513,0.7091870456047588
389,123,512,0.759765625
1053,432,1485,0.7090909090909091
223,86,309,0.7216828478964401
230,69,299,0.7692307692307693
203,91,294,0.6904761904761905
458,200,658,0.6960486322188449
2268,89,2357,0.962240135765804
395,94,489,0.8077709611451943
437,74,511,0.8551859099804305
393,109,502,0.7828685258964143
210,80,290,0.7241379310344828
867,31,898,0.965478841870824
2351,147,2498,0.9411529223378703
413,99,512,0.806640625
402,107,509,0.7897838899803536
459,334,793,0.5788146279949559
1078,390,1468,0.7343324250681199
208,63,271,0.7675276752767528
225,44,269,0.8364312267657993
402,111,513,0.783625730994152
45,86,131,0.3435114503816794
393,128,521,0.7543186180422264
1145,404,1549,0.7391865719819238
181,147,328,0.551829268292683
1057,442,1499,0.705136757838559
1058,470,1528,0.6924083769633508
218,89,307,0.7100977198697068
1313,440,1753,0.749001711351968
201,91,292,0.6883561643835616
1018,422,1440,0.7069444444444445
210,87,297,0.7070707070707071
1332,73,1405,0.9480427046263346
1593,109,1702,0.935957696827262
391,100,491,0.7963340122199593
428,128,556,0.7697841726618705
203,217,420,0.48333333333333334
1118,400,1518,0.7364953886693018
217,75,292,0.7431506849315068
224,51,275,0.8145454545454546
1091,398,1489,0.732706514439221
399,95,494,0.8076923076923077
1476,168,1644,0.8978102189781022
2136,129,2265,0.9430463576158941
220,97,317,0.694006309148265
12,77,89,0.1348314606741573
209,217,426,0.49061032863849763
1240,414,1654,0.7496977025392987
1069,411,1480,0.7222972972972973
1066,509,1575,0.6768253968253968
1317,247,1564,0.842071611253197
223,58,281,0.7935943060498221
1165,396,1561,0.7463164638052531
62,113,175,0.35428571428571426
396,169,565,0.7008849557522124
213,131,344,0.6191860465116279
211,111,322,0.65527950310559
1106,395,1501,0.7368421052631579
1315,139,1454,0.9044016506189821
2134,52,2186,0.9762122598353157
992,443,1435,0.6912891986062718
234,85,319,0.7335423197492164
972,89,1061,0.9161168708765316
399,95,494,0.8076923076923077
31,70,101,0.3069306930693069
232,71,303,0.7656765676567657
2799,112,2911,0.9615252490553075
392,92,484,0.8099173553719008
1072,455,1527,0.702030124426981
1329,93,1422,0.9345991561181435
914,99,1013,0.9022704837117473
172,98,270,0.6370370370370371
250,81,331,0.7552870090634441
1088,420,1508,0.7214854111405835
2050,95,2145,0.9557109557109557
1206,116,1322,0.9122541603630863
402,76,478,0.8410041841004184
2608,72,2680,0.9731343283582089
1113,396,1509,0.7375745526838966
394,93,487,0.8090349075975359
1072,646,1718,0.6239813736903376
407,88,495,0.8222222222222222
405,137,542,0.7472324723247232
209,179,388,0.538659793814433
939,117,1056,0.8892045454545454
386,78,464,0.8318965517241379
1037,414,1451,0.7146795313576844
968,58,1026,0.9434697855750487
432,103,535,0.8074766355140187
405,134,539,0.75139146567718
996,97,1093,0.9112534309240622
197,111,308,0.6396103896103896
1071,553,1624,0.6594827586206896
2435,96,2531,0.9620703279336231
1109,378,1487,0.7457969065232011
2705,125,2830,0.9558303886925795
220,78,298,0.738255033557047
178,112,290,0.6137931034482759
180,122,302,0.5960264900662252
411,152,563,0.7300177619893428
5421,39,5460,0.9928571428571429
395,89,484,0.8161157024793388
209,70,279,0.7491039426523297
1350,172,1522,0.8869908015768725
401,152,553,0.7251356238698011
1105,395,1500,0.7366666666666667
299,18,317,0.943217665615142
394,107,501,0.7864271457085829
1002,601,1603,0.6250779787897692
219,80,299,0.7324414715719063
222,81,303,0.7326732673267327
1137,385,1522,0.7470433639947438
1064,419,1483,0.7174645987862441
327,18,345,0.9478260869565217
393,89,482,0.8153526970954357
246,90,336,0.7321428571428571
1276,42,1318,0.9681335356600911
180,74,254,0.7086614173228346
1004,422,1426,0.7040673211781207
221,81,302,0.7317880794701986
1119,396,1515,0.7386138613861386
817,56,873,0.9358533791523482
1319,240,1559,0.8460551635663887
20,70,90,0.2222222222222222
1639,64,1703,0.9624192601291838
2539,134,2673,0.9498690609801721
1122,390,1512,0.7420634920634921
1185,406,1591,0.7448145820238844
251,67,318,0.789308176100629
1517,104,1621,0.9358420727945712
184,127,311,0.5916398713826366
1352,174,1526,0.8859764089121888
399,85,484,0.8243801652892562
181,146,327,0.5535168195718655
1100,399,1499,0.733822548365577
1025,408,1433,0.7152826238660154
1313,441,1754,0.7485746864310148
209,162,371,0.5633423180592992
443,94,537,0.8249534450651769
1068,510,1578,0.6768060836501901
1633,64,1697,0.9622863877430761
399,96,495,0.806060606060606
394,134,528,0.7462121212121212
199,73,272,0.7316176470588235
181,174,355,0.5098591549295775
209,217,426,0.49061032863849763
397,86,483,0.8219461697722568
2593,101,2694,0.9625092798812175
135,132,267,0.5056179775280899
228,60,288,0.7916666666666666
221,68,289,0.7647058823529411
411,71,482,0.8526970954356846
1072,629,1701,0.630217519106408
1837,75,1912,0.9607740585774058
407,101,508,0.8011811023622047
203,52,255,0.796078431372549
219,75,294,0.7448979591836735
224,101,325,0.6892307692307692
1115,427,1542,0.7230869001297017
399,114,513,0.7777777777777778
205,81,286,0.7167832167832168
15,78,93,0.16129032258064516
403,141,544,0.7408088235294118
1131,411,1542,0.7334630350194552
819,72,891,0.9191919191919192
189,100,289,0.6539792387543253
1095,387,1482,0.7388663967611336
241,71,312,0.7724358974358975
1006,399,1405,0.7160142348754448
254,80,334,0.7604790419161677
1120,400,1520,0.7368421052631579
212,77,289,0.7335640138408305
1044,393,1437,0.7265135699373695
1149,426,1575,0.7295238095238096
406,103,509,0.7976424361493124
2203,118,2321,0.949159844894442
1073,379,1452,0.7389807162534435
2646,81,2727,0.9702970297029703
251,72,323,0.7770897832817337
3384,51,3435,0.9851528384279477
2089,83,2172,0.9617863720073665
387,87,474,0.8164556962025317
211,75,286,0.7377622377622378
203,165,368,0.5516304347826086
431,98,529,0.8147448015122873
213,76,289,0.7370242214532872
213,81,294,0.7244897959183674
401,94,495,0.8101010101010101
194,93,287,0.6759581881533101
202,81,283,0.7137809187279152
200,164,364,0.5494505494505495
1746,70,1816,0.961453744493392
181,331,512,0.353515625
209,64,273,0.7655677655677655
399,89,488,0.8176229508196722
176,161,337,0.5222551928783383
211,112,323,0.653250773993808
196,122,318,0.6163522012578616
1332,92,1424,0.9353932584269663
196,75,271,0.7232472324723247
937,394,1331,0.7039819684447783
215,78,293,0.7337883959044369
1458,98,1556,0.9370179948586118
2491,124,2615,0.9525812619502868
189,100,289,0.6539792387543253
2249,125,2374,0.947346251053075
1048,462,1510,0.6940397350993377
1339,421,1760,0.7607954545454545
193,121,314,0.6146496815286624
1319,186,1505,0.8764119601328904
218,71,289,0.754325259515571
237,36,273,0.8681318681318682
206,68,274,0.7518248175182481
200,179,379,0.5277044854881267
1240,407,1647,0.7528840315725561
1087,407,1494,0.7275769745649264
1085,377,1462,0.7421340629274966
1076,623,1699,0.633313713949382
430,87,517,0.8317214700193424
2022,79,2101,0.9623988576868158
406,87,493,0.8235294117647058
213,111,324,0.6574074074074074
1095,386,1481,0.7393652937204591
394,124,518,0.7606177606177607
1041,410,1451,0.7174362508614749
235,86,321,0.7320872274143302
1057,501,1558,0.6784338896020539
414,178,592,0.6993243243243243
1123,614,1737,0.6465169833045481
407,90,497,0.8189134808853119
1221,383,1604,0.7612219451371571
945,106,1051,0.8991436726926736
11,125,136,0.08088235294117647
1093,486,1579,0.6922102596580114
438,86,524,0.8358778625954199
1273,136,1409,0.9034776437189496
1031,396,1427,0.7224947442186405
390,91,481,0.8108108108108109
2308,77,2385,0.9677148846960167
1887,114,2001,0.9430284857571214
1416,405,1821,0.7775947281713345
18,210,228,0.07894736842105263
429,98,527,0.8140417457305503
215,101,316,0.680379746835443
396,78,474,0.8354430379746836
1058,462,1520,0.6960526315789474
1320,230,1550,0.8516129032258064
1313,198,1511,0.8689609530112509
1157,401,1558,0.7426187419768935
1088,90,1178,0.9235993208828522
396,106,502,0.7888446215139442
1217,397,1614,0.7540272614622057
407,103,510,0.7980392156862746
1072,588,1660,0.6457831325301204
42,149,191,0.2198952879581152
3077,77,3154,0.9755865567533291
2729,58,2787,0.97918909221385
1117,427,1544,0.7234455958549223
197,137,334,0.5898203592814372
221,96,317,0.6971608832807571
1247,663,1910,0.6528795811518324
1315,200,1515,0.8679867986798679
1062,442,1504,0.7061170212765957
1412,421,1833,0.7703218767048554
1110,430,1540,0.7207792207792207
1315,218,1533,0.857795172863666
120,12,132,0.9090909090909091
56,120,176,0.3181818181818182
194,96,290,0.6689655172413793
200,107,307,0.6514657980456026
1332,81,1413,0.9426751592356688
376,94,470,0.8
183,137,320,0.571875
832,89,921,0.9033659066232356
403,83,486,0.8292181069958847
907,148,1055,0.8597156398104265
1135,636,1771,0.6408808582721626
1100,425,1525,0.7213114754098361
328,18,346,0.9479768786127167
214,99,313,0.6837060702875399
550,110,660,0.8333333333333334
120,12,132,0.9090909090909091
206,162,368,0.5597826086956522
1036,400,1436,0.7214484679665738
428,97,525,0.8152380952380952
1690,63,1753,0.96406160867085
1049,82,1131,0.9274977895667551
1007,427,1434,0.702231520223152
1141,107,1248,0.9142628205128205
5588,112,5700,0.9803508771929824
318,18,336,0.9464285714285714
1116,432,1548,0.7209302325581395
397,200,597,0.6649916247906198
1084,121,1205,0.8995850622406639
206,217,423,0.48699763593380613
394,77,471,0.8365180467091295
1273,116,1389,0.9164866810655148
388,115,503,0.7713717693836978
209,162,371,0.5633423180592992
1091,421,1512,0.7215608465608465
1339,420,1759,0.7612279704377487
2451,132,2583,0.9488966318234611
1104,415,1519,0.7267939433838051
1070,511,1581,0.676786843769766
2166,81,2247,0.9639519359145527
393,88,481,0.817047817047817
208,122,330,0.6303030303030303
303,18,321,0.9439252336448598
404,108,512,0.7890625
749,64,813,0.9212792127921279
1071,414,1485,0.7212121212121212
400,124,524,0.7633587786259542
210,58,268,0.7835820895522388
1412,377,1789,0.7892677473448854
196,117,313,0.6261980830670927
1019,428,1447,0.7042156185210781
1195,411,1606,0.7440846824408468
433,55,488,0.8872950819672131
1051,66,1117,0.9409131602506714
1770,98,1868,0.9475374732334048
1185,535,1720,0.688953488372093
225,97,322,0.6987577639751553
185,53,238,0.7773109243697479
391,128,519,0.7533718689788054
1129,387,1516,0.7447229551451188
1122,104,1226,0.9151712887438825
7219,61,7280,0.9916208791208792
23,45,68,0.3382352941176471
388,95,483,0.8033126293995859
3155,69,3224,0.9785980148883374
2542,74,2616,0.9717125382262997
410,99,509,0.8055009823182712
2273,121,2394,0.9494569757727652
5667,74,5741,0.9871102595366661
411,90,501,0.8203592814371258
403,81,484,0.8326446280991735
402,147,549,0.73224043715847
323,62,385,0.8389610389610389
219,77,296,0.7398648648648649
782,104,886,0.8826185101580135
391,83,474,0.8248945147679325
389,92,481,0.8087318087318087
2219,112,2331,0.9519519519519519
394,122,516,0.7635658914728682
1117,411,1528,0.731020942408377
230,68,298,0.7718120805369127
1149,546,1695,0.6778761061946903
459,93,552,0.8315217391304348
5035,71,5106,0.9860947904426165
181,223,404,0.44801980198019803
3086,75,3161,0.9762733312242962
883,129,1012,0.8725296442687747
1146,426,1572,0.7290076335877863
399,81,480,0.83125
992,50,1042,0.9520153550863724
1251,36,1287,0.972027972027972
3200,69,3269,0.9788926277148975
403,137,540,0.7462962962962963
3238,109,3347,0.9674335225575142
1072,588,1660,0.6457831325301204
642,113,755,0.8503311258278146
391,87,478,0.8179916317991632
394,108,502,0.7848605577689243
1069,384,1453,0.735719201651755
391,136,527,0.7419354838709677
4798,83,4881,0.9829952878508502
1021,427,1448,0.705110497237569
2598,44,2642,0.9833459500378501
241,81,322,0.7484472049689441
3783,78,3861,0.9797979797979798
1038,688,1726,0.6013904982618772
5125,141,5266,0.9732244587922522
237,14,251,0.9442231075697212
396,81,477,0.8301886792452831
1848,132,1980,0.9333333333333333
5654,62,5716,0.9891532540237928
388,69,457,0.849015317286652
185,138,323,0.5727554179566563
890,97,987,0.9017223910840932
1100,396,1496,0.7352941176470589
1316,146,1462,0.9001367989056087
1887,130,2017,0.9355478433316807
1026,396,1422,0.7215189873417721
223,42,265,0.8415094339622642
1045,467,1512,0.6911375661375662
448,128,576,0.7777777777777778
397,110,507,0.7830374753451677
1067,604,1671,0.6385397965290245
185,86,271,0.6826568265682657
1115,415,1530,0.7287581699346405
1182,401,1583,0.7466835123183828
3079,132,3211,0.9588913111180317
1144,382,1526,0.7496723460026212
1536,58,1594,0.9636135508155583
219,57,276,0.7934782608695652
3297,115,3412,0.966295427901524
1010,33,1043,0.9683604985618408
1072,504,1576,0.6802030456852792
75,88,163,0.4601226993865031
409,97,506,0.808300395256917
1105,399,1504,0.7347074468085106
204,141,345,0.591304347826087
2161,100,2261,0.9557717823971694
2671,107,2778,0.9614830813534917
3297,59,3356,0.982419547079857
2451,110,2561,0.957048028114018
1029,373,1402,0.7339514978601998
407,104,511,0.7964774951076321
404,142,546,0.73992673992674
777,121,898,0.8652561247216035
181,206,387,0.46770025839793283
2066,123,2189,0.9438099588853358
1162,396,1558,0.7458279845956355
724,86,810,0.8938271604938272
1119,396,1515,0.7386138613861386
181,260,441,0.41043083900226757
1055,939,1994,0.529087261785356
415,129,544,0.7628676470588235
1087,406,1493,0.7280643000669792
2004,105,2109,0.9502133712660028
2183,124,2307,0.9462505418292154
472,122,594,0.7946127946127947
1394,148,1542,0.9040207522697795
1109,388,1497,0.7408149632598531
4941,76,5017,0.9848515048833965
633,91,724,0.8743093922651933
399,92,491,0.8126272912423625
203,194,397,0.5113350125944585
1071,414,1485,0.7212121212121212
4201,124,4325,0.9713294797687861
1476,124,1600,0.9225
1312,234,1546,0.8486416558861578
2107,63,2170,0.9709677419354839
3589,82,3671,0.9776627621901389
369,93,462,0.7987012987012987
397,127,524,0.7576335877862596
2455,74,2529,0.9707394226967181
1416,395,1811,0.781888459414688
1098,420,1518,0.7233201581027668
1315,216,1531,0.8589157413455258
903,115,1018,0.8870333988212181
1073,439,1512,0.7096560846560847
203,217,420,0.48333333333333334
1671,125,1796,0.9304008908685969
3536,132,3668,0.9640130861504908
200,167,367,0.5449591280653951
218,67,285,0.7649122807017544
1313,219,1532,0.8570496083550914
1093,403,1496,0.7306149732620321
224,140,364,0.6153846153846154
200,217,417,0.47961630695443647
185,67,252,0.7341269841269841
392,137,529,0.7410207939508506
1157,395,1552,0.7454896907216495
1073,365,1438,0.7461752433936022
119,12,131,0.9083969465648855
2467,300,2767,0.8915793277918324
405,107,512,0.791015625
1314,186,1500,0.876
28,157,185,0.15135135135135136
4831,84,4915,0.9829094608341811
998,97,1095,0.9114155251141552
1476,122,1598,0.9236545682102628
410,124,534,0.7677902621722846
332,69,401,0.827930174563591
181,159,340,0.5323529411764706
1146,386,1532,0.7480417754569191
1073,375,1448,0.7410220994475138
2413,75,2488,0.969855305466238
2447,300,2747,0.8907899526756462
400,94,494,0.8097165991902834
5997,190,6187,0.9692904477129465
194,162,356,0.5449438202247191
2584,156,2740,0.9430656934306569
3238,90,3328,0.9729567307692307
1041,410,1451,0.7174362508614749
2227,39,2266,0.9827890556045896
1206,42,1248,0.9663461538461539
407,89,496,0.8205645161290323
534,89,623,0.8571428571428571
731,121,852,0.857981220657277
181,163,344,0.5261627906976745
1072,57,1129,0.9495128432240921
746,96,842,0.8859857482185273
1169,59,1228,0.9519543973941368
1114,429,1543,0.7219701879455606
387,92,479,0.8079331941544885
181,105,286,0.6328671328671329
1070,401,1471,0.7273963290278722
2961,65,3026,0.9785194976867151
1021,394,1415,0.7215547703180212
825,114,939,0.8785942492012779
267,151,418,0.638755980861244
1286,45,1331,0.966190833959429
1493,41,1534,0.9732724902216427
399,178,577,0.6915077989601387
4941,62,5003,0.9876074355386768
924,396,1320,0.7
420,80,500,0.84
898,87,985,0.9116751269035533
2121,82,2203,0.9627780299591466
475,88,563,0.8436944937833037
1020,388,1408,0.7244318181818182
404,118,522,0.7739463601532567
839,84,923,0.9089924160346695
4831,64,4895,0.9869254341164454
181,177,358,0.505586592178771
2585,52,2637,0.9802806219188471
4867,99,4966,0.9800644381796214
1620,105,1725,0.9391304347826087
210,64,274,0.7664233576642335
2427,116,2543,0.9543845851356665
2737,93,2830,0.9671378091872792
396,116,512,0.7734375
405,94,499,0.811623246492986
391,98,489,0.7995910020449898
1069,401,1470,0.7272108843537415
388,129,517,0.7504835589941973
423,93,516,0.8197674418604651
194,51,245,0.7918367346938775
398,120,518,0.7683397683397684
1314,157,1471,0.8932698844323589
1271,82,1353,0.9393939393939394
1313,132,1445,0.9086505190311419
188,144,332,0.5662650602409639
1079,577,1656,0.6515700483091788
2475,109,2584,0.9578173374613003
413,87,500,0.826
2853,40,2893,0.9861735222951953
2427,100,2527,0.9604273842500989
1172,115,1287,0.9106449106449106
2361,112,2473,0.9547108774767489
1002,411,1413,0.7091295116772823
3536,144,3680,0.9608695652173913
1042,383,1425,0.7312280701754386
125,57,182,0.6868131868131868
2004,154,2158,0.9286376274328082
2313,49,2362,0.9792548687552921
941,98,1039,0.9056785370548605
1060,396,1456,0.728021978021978
432,96,528,0.8181818181818182
1505,110,1615,0.9318885448916409
1075,550,1625,0.6615384615384615
4864,124,4988,0.97514033680834
1228,403,1631,0.7529123237277744
400,89,489,0.8179959100204499
1042,400,1442,0.7226074895977809
1084,518,1602,0.6766541822721598
2018,85,2103,0.9595815501664289
403,121,524,0.7690839694656488
1069,377,1446,0.7392807745504841
390,89,479,0.81419624217119
403,107,510,0.7901960784313725
3079,134,3213,0.9582944288826641
5997,119,6116,0.9805428384565075
1058,390,1448,0.7306629834254144
1053,380,1433,0.7348220516399162
1046,378,1424,0.7345505617977528
1072,588,1660,0.6457831325301204
181,119,300,0.6033333333333334
5244,30,5274,0.9943117178612059
835,94,929,0.898815931108719
1114,426,1540,0.7233766233766233
3293,64,3357,0.9809353589514448
249,76,325,0.7661538461538462
1180,90,1270,0.9291338582677166
401,89,490,0.8183673469387756
2173,36,2209,0.9837030330466274
421,101,522,0.8065134099616859
5803,67,5870,0.9885860306643952
1104,404,1508,0.7320954907161804
2576,121,2697,0.9551353355580274
314,18,332,0.9457831325301205
1320,231,1551,0.851063829787234
1204,403,1607,0.7492221530802738
223,119,342,0.652046783625731
922,76,998,0.9238476953907816
2563,84,2647,0.9682659614658103
673,112,785,0.8573248407643312
228,55,283,0.8056537102473498
1051,407,1458,0.7208504801097394
1079,401,1480,0.7290540540540541
1185,414,1599,0.7410881801125704
1462,97,1559,0.9377806286080821
798,98,896,0.890625
463,123,586,0.7901023890784983
2069,126,2195,0.9425968109339408
4158,99,4257,0.9767441860465116
941,88,1029,0.9144800777453839
1098,411,1509,0.7276341948310139
226,140,366,0.6174863387978142
404,117,521,0.7754318618042226
1254,396,1650,0.76
228,73,301,0.7574750830564784
181,171,352,0.5142045454545454
1103,396,1499,0.7358238825883923
1057,396,1453,0.7274604267033723
2584,145,2729,0.9468669842433126
1055,401,1456,0.7245879120879121
178,65,243,0.7325102880658436
1109,415,1524,0.7276902887139107
5185,76,5261,0.9855540771716403
393,96,489,0.803680981595092
206,194,400,0.515
1318,404,1722,0.7653890824622532
1102,420,1522,0.7240473061760841
181,98,279,0.6487455197132617
631,78,709,0.8899858956276445
2584,145,2729,0.9468669842433126
989,468,1457,0.6787920384351407
1074,430,1504,0.714095744680851
322,18,340,0.9470588235294117
203,167,370,0.5486486486486486
990,424,1414,0.7001414427157001
1265,429,1694,0.7467532467532467
1249,396,1645,0.7592705167173253
1135,417,1552,0.7313144329896907
194,217,411,0.4720194647201946
702,105,807,0.8698884758364313
1033,406,1439,0.7178596247394023
1046,378,1424,0.7345505617977528
2124,99,2223,0.9554655870445344
1127,396,1523,0.7399868680236376
1006,396,1402,0.717546362339515
1116,954,2070,0.5391304347826087
218,70,288,0.7569444444444444
1083,404,1487,0.7283120376597175
2714,37,2751,0.9865503453289712
1094,433,1527,0.7164374590700721
2465,161,2626,0.9386900228484387
249,87,336,0.7410714285714286
1091,397,1488,0.7331989247311828
181,100,281,0.6441281138790036
401,124,525,0.7638095238095238
1093,385,1478,0.7395128552097429
165,159,324,0.5092592592592593
2926,82,3008,0.9727393617021277
200,167,367,0.5449591280653951
1054,405,1459,0.7224126113776559
2072,64,2136,0.9700374531835206
728,99,827,0.8802902055622733
1061,408,1469,0.7222600408441117
5416,95,5511,0.9827617492288151
1075,408,1483,0.724881995954147
1100,396,1496,0.7352941176470589
2574,204,2778,0.9265658747300216
1217,396,1613,0.7544947303161811
724,112,836,0.8660287081339713
1315,112,1427,0.9215136650315346
1207,418,1625,0.7427692307692307
1776,104,1880,0.9446808510638298
1030,416,1446,0.7123098201936376
1118,401,1519,0.7360105332455563
2197,42,2239,0.9812416257257704
401,96,497,0.806841046277666
1223,405,1628,0.7512285012285013
1122,383,1505,0.7455149501661129
237,143,380,0.6236842105263158
435,88,523,0.8317399617590823
399,144,543,0.7348066298342542
1087,429,1516,0.7170184696569921
5166,68,5234,0.9870080244554834
1086,411,1497,0.7254509018036072
1313,130,1443,0.9099099099099099
884,167,1051,0.8411037107516651
17,156,173,0.09826589595375723
1204,421,1625,0.7409230769230769
996,427,1423,0.6999297259311315
203,223,426,0.4765258215962441
1178,396,1574,0.7484116899618806
1183,89,1272,0.9300314465408805
394,93,487,0.8090349075975359
1311,139,1450,0.9041379310344828
200,183,383,0.5221932114882507
399,82,481,0.8295218295218295
1063,428,1491,0.7129443326626426
954,116,1070,0.891588785046729
924,403,1327,0.6963074604370761
825,78,903,0.9136212624584718
239,64,303,0.7887788778877888
1029,415,1444,0.7126038781163435
1127,412,1539,0.7322936972059779
2961,67,3028,0.9778731836195509
210,83,293,0.7167235494880546
1262,79,1341,0.9410887397464579
406,98,504,0.8055555555555556
1017,386,1403,0.7248752672843906
1043,418,1461,0.7138945927446955
335,18,353,0.9490084985835694
1727,91,1818,0.9499449944994499
1110,435,1545,0.7184466019417476
1550,69,1619,0.9573810994441013
1141,401,1542,0.7399481193255513
237,94,331,0.716012084592145
223,60,283,0.7879858657243817
4800,78,4878,0.984009840098401
981,375,1356,0.7234513274336283
4773,112,4885,0.9770726714431934
614,114,728,0.8434065934065934
556,87,643,0.864696734059098
1667,68,1735,0.960806916426513
1023,399,1422,0.7194092827004219
401,88,489,0.820040899795501
1234,405,1639,0.7528981086028066
226,49,275,0.8218181818181818
1309,442,1751,0.7475728155339806
1950,99,2049,0.9516837481698389
399,107,506,0.7885375494071146
412,89,501,0.8223552894211577
2467,76,2543,0.9701140385371608
1166,419,1585,0.7356466876971609
424,98,522,0.8122605363984674
1066,125,1191,0.8950461796809404
618,134,752,0.8218085106382979
200,161,361,0.554016620498615
91,16,107,0.8504672897196262
744,89,833,0.8931572629051621
702,57,759,0.924901185770751
622,88,710,0.8760563380281691
1861,66,1927,0.9657498702646601
1099,605,1704,0.6449530516431925
408,104,512,0.796875
1459,109,1568,0.9304846938775511
52,146,198,0.26262626262626265
206,186,392,0.5255102040816326
1042,396,1438,0.7246175243393602
395,94,489,0.8077709611451943
618,87,705,0.8765957446808511
580,95,675,0.8592592592592593
1102,502,1604,0.6870324189526185
428,88,516,0.8294573643410853
1140,564,1704,0.6690140845070423
1083,508,1591,0.6807039597737272
981,411,1392,0.7047413793103449
5166,163,5329,0.9694126477763183
613,103,716,0.8561452513966481
834,85,919,0.9075081610446137
970,508,1478,0.6562922868741543
1363,111,1474,0.9246947082767978
195,55,250,0.78
1459,152,1611,0.9056486654252017
2383,92,2475,0.9628282828282828
8,117,125,0.064
1268,442,1710,0.7415204678362574
181,101,282,0.6418439716312057
5105,153,5258,0.9709014834537847
385,90,475,0.8105263157894737
1084,489,1573,0.6891290527654164
866,88,954,0.9077568134171907
434,98,532,0.8157894736842105
1018,498,1516,0.6715039577836411
1066,105,1171,0.910333048676345
171,74,245,0.6979591836734694
406,88,494,0.8218623481781376
1968,127,2095,0.9393794749403341
5981,53,6034,0.9912164401723567
1073,588,1661,0.645996387718242
72,138,210,0.34285714285714286
208,129,337,0.6172106824925816
1455,68,1523,0.9553512803676953
1102,459,1561,0.7059577194106342
404,78,482,0.8381742738589212
1093,393,1486,0.7355316285329744
1960,189,2149,0.9120521172638436
1060,383,1443,0.7345807345807346
2366,151,2517,0.9400079459674215
385,86,471,0.8174097664543525
684,94,778,0.8791773778920309
398,97,495,0.804040404040404
1292,440,1732,0.745958429561201
970,91,1061,0.9142318567389256
5388,103,5491,0.9812420324166818
2466,67,2533,0.9735491512041058
1153,388,1541,0.7482154445165476
1174,145,1319,0.890068233510235
2498,123,2621,0.953071346814193
1121,114,1235,0.9076923076923077
1342,73,1415,0.9484098939929329
1966,118,2084,0.9433781190019194
2520,97,2617,0.9629346580053496
417,90,507,0.8224852071005917
989,411,1400,0.7064285714285714
2226,86,2312,0.96280276816609
2431,84,2515,0.9666003976143142
437,91,528,0.8276515151515151
165,217,382,0.4319371727748691
618,145,763,0.8099606815203145
1416,377,1793,0.7897378694924707
454,80,534,0.850187265917603
1121,484,1605,0.6984423676012461
134,81,215,0.6232558139534884
804,70,874,0.919908466819222
216,111,327,0.6605504587155964
4232,94,4326,0.9782709200184928
401,88,489,0.820040899795501
2304,110,2414,0.9544324772162386
1087,393,1480,0.7344594594594595
1122,394,1516,0.7401055408970977
1369,109,1478,0.9262516914749662
1315,200,1515,0.8679867986798679
399,92,491,0.8126272912423625
417,133,550,0.7581818181818182
1245,50,1295,0.9613899613899614
1094,417,1511,0.7240238252812706
1177,115,1292,0.9109907120743034
207,59,266,0.7781954887218046
419,111,530,0.7905660377358491
395,83,478,0.8263598326359832
965,110,1075,0.8976744186046511
428,94,522,0.8199233716475096
1152,382,1534,0.7509778357235984
2584,138,2722,0.9493019838354151
932,55,987,0.9442755825734549
817,135,952,0.8581932773109243
556,47,603,0.9220563847429519
3150,96,3246,0.9704251386321626
201,68,269,0.7472118959107806
459,331,790,0.5810126582278481
618,117,735,0.8408163265306122
445,97,542,0.8210332103321033
1179,81,1260,0.9357142857142857
618,76,694,0.8904899135446686
682,100,782,0.8721227621483376
406,98,504,0.8055555555555556
403,169,572,0.7045454545454546
800,106,906,0.8830022075055187
1338,64,1402,0.9543509272467903
1233,75,1308,0.9426605504587156
838,95,933,0.8981779206859593
1491,134,1625,0.9175384615384615
888,120,1008,0.8809523809523809
1143,411,1554,0.7355212355212355
413,93,506,0.8162055335968379
1693,123,1816,0.9322687224669604
5936,63,5999,0.9894982497082847
415,90,505,0.8217821782178217
1313,180,1493,0.8794373744139317
1136,416,1552,0.7319587628865979
203,162,365,0.5561643835616439
181,218,399,0.45363408521303256
410,91,501,0.8183632734530938
1782,73,1855,0.9606469002695418
400,90,490,0.8163265306122449
2189,40,2229,0.9820547330641544
4100,103,4203,0.9754936949797763
2956,122,3078,0.9603638726445743
1118,90,1208,0.9254966887417219
2019,78,2097,0.9628040057224606
1043,397,1440,0.7243055555555555
233,59,292,0.797945205479452
159,217,376,0.4228723404255319
885,120,1005,0.8805970149253731
855,124,979,0.8733401430030644
884,85,969,0.9122807017543859
1078,417,1495,0.7210702341137124
1317,178,1495,0.8809364548494983
1356,197,1553,0.8731487443657437
2226,77,2303,0.9665653495440729
4463,106,4569,0.9768001750930182
1314,122,1436,0.915041782729805
1076,411,1487,0.7236045729657028
1314,176,1490,0.8818791946308725
1702,123,1825,0.9326027397260274
1058,416,1474,0.7177747625508819
67,110,177,0.3785310734463277
742,35,777,0.954954954954955
1012,388,1400,0.7228571428571429
442,158,600,0.7366666666666667
1633,146,1779,0.9179314221472737
1068,411,1479,0.7221095334685599
1097,415,1512,0.7255291005291006
416,91,507,0.8205128205128205
1075,426,1501,0.7161892071952032
91,16,107,0.8504672897196262
1477,105,1582,0.9336283185840708
1079,393,1472,0.733016304347826
201,54,255,0.788235294117647
203,152,355,0.571830985915493
1070,379,1449,0.738440303657695
2923,159,3082,0.9484101232965607
1219,114,1333,0.9144786196549137
1030,395,1425,0.7228070175438597
1245,50,1295,0.9613899613899614
895,109,1004,0.8914342629482072
397,139,536,0.7406716417910447
344,123,467,0.7366167023554604
1844,109,1953,0.9441884280593958
3164,137,3301,0.9584974250227204
1083,508,1591,0.6807039597737272
589,83,672,0.8764880952380952
1238,443,1681,0.7364663890541344
397,106,503,0.7892644135188867
1280,122,1402,0.912981455064194
1416,396,1812,0.7814569536423841
3210,98,3308,0.9703748488512697
1127,412,1539,0.7322936972059779
4804,87,4891,0.9822122265385401
1024,401,1425,0.7185964912280701
2073,77,2150,0.9641860465116279
2429,124,2553,0.9514296905601254
194,183,377,0.5145888594164456
4232,127,4359,0.9708648772654278
1046,587,1633,0.640538885486834
1075,567,1642,0.6546894031668696
203,217,420,0.48333333333333334
1799,100,1899,0.9473407056345445
868,129,997,0.8706118355065195
1336,385,1721,0.7762928529924462
394,104,498,0.7911646586345381
1971,73,2044,0.9642857142857143
993,385,1378,0.7206095791001451
412,79,491,0.8391038696537678
967,95,1062,0.9105461393596986
1619,72,1691,0.9574216439976345
1212,390,1602,0.7565543071161048
311,18,329,0.9452887537993921
1147,472,1619,0.7084620135886349
1280,63,1343,0.953090096798213
2806,102,2908,0.9649243466299863
1961,87,2048,0.95751953125
258,77,335,0.7701492537313432
433,84,517,0.8375241779497099
407,130,537,0.7579143389199255
1069,416,1485,0.7198653198653199
2069,146,2215,0.9340857787810384
2424,203,2627,0.9227255424438523
1099,450,1549,0.709489993544222
1373,120,1493,0.9196249162759544
1315,71,1386,0.9487734487734488
2812,110,2922,0.9623545516769336
403,102,505,0.7980198019801981
1110,475,1585,0.7003154574132492
1094,397,1491,0.7337357478202549
1314,163,1477,0.8896411645226812
212,217,429,0.49417249417249415
181,76,257,0.7042801556420234
403,154,557,0.7235188509874326
1060,402,1462,0.7250341997264022
1075,426,1501,0.7161892071952032
2448,159,2607,0.9390103567318757
787,121,908,0.8667400881057269
407,101,508,0.8011811023622047
181,192,373,0.48525469168900803
1416,396,1812,0.7814569536423841
996,396,1392,0.7155172413793104
391,104,495,0.7898989898989899
1075,397,1472,0.7302989130434783
3414,134,3548,0.9622322435174746
400,143,543,0.7366482504604052
723,135,858,0.8426573426573427
981,394,1375,0.7134545454545455
1040,420,1460,0.7123287671232876
206,162,368,0.5597826086956522
41,67,108,0.37962962962962965
2339,64,2403,0.9733666250520183
1702,118,1820,0.9351648351648352
1137,418,1555,0.7311897106109325
3617,61,3678,0.9834148994018488
1015,398,1413,0.7183297947629158
1073,420,1493,0.7186872069658405
1961,101,2062,0.9510184287099903
2288,98,2386,0.9589270746018441
6461,67,6528,0.9897365196078431
2609,59,2668,0.9778860569715142
5868,110,5978,0.9815991970558715
373,133,506,0.7371541501976284
1022,389,1411,0.7243090007087172
1065,417,1482,0.7186234817813765
3979,68,4047,0.9831974301952063
396,83,479,0.826722338204593
395,85,480,0.8229166666666666
1491,122,1613,0.9243645381277124
406,87,493,0.8235294117647058
134,69,203,0.6600985221674877
483,100,583,0.8284734133790738
935,109,1044,0.8955938697318008
1060,415,1475,0.7186440677966102
6212,133,6345,0.9790386130811662
3210,86,3296,0.9739077669902912
1844,116,1960,0.9408163265306122
402,141,543,0.7403314917127072
1201,107,1308,0.9181957186544343
1374,77,1451,0.9469331495520331
413,95,508,0.812992125984252
200,138,338,0.591715976331361
41,67,108,0.37962962962962965
120,12,132,0.9090909090909091
1116,97,1213,0.920032976092333
4975,59,5034,0.988279698053238
413,103,516,0.8003875968992248
416,92,508,0.8188976377952756
3085,66,3151,0.9790542684861948
418,98,516,0.810077519379845
2073,56,2129,0.973696571160169
3452,68,3520,0.9806818181818182
787,119,906,0.8686534216335541
403,131,534,0.7546816479400749
589,91,680,0.8661764705882353
1280,114,1394,0.9182209469153515
2424,107,2531,0.9577242196760174
1032,433,1465,0.7044368600682593
120,12,132,0.9090909090909091
1186,434,1620,0.7320987654320987
181,71,252,0.7182539682539683
1123,429,1552,0.7235824742268041
2923,165,3088,0.9465673575129534
1312,204,1516,0.8654353562005277
1113,110,1223,0.9100572363041701
986,121,1107,0.8906955736224029
459,400,859,0.5343422584400466
408,145,553,0.7377938517179023
1876,143,2019,0.929172857850421
1313,123,1436,0.9143454038997214
1032,440,1472,0.7010869565217391
1646,55,1701,0.9676660787771899
1007,397,1404,0.7172364672364673
181,224,405,0.4469135802469136
5939,72,6011,0.9880219597404758
1965,84,2049,0.95900439238653
227,73,300,0.7566666666666667
5108,115,5223,0.9779820026804519
212,183,395,0.5367088607594936
416,108,524,0.7938931297709924
1137,396,1533,0.7416829745596869
437,100,537,0.813780260707635
2609,96,2705,0.9645101663585952
5243,94,5337,0.9823871088626569
5290,152,5442,0.972069092245498
120,12,132,0.9090909090909091
1633,168,1801,0.9067184897279289
927,84,1011,0.9169139465875371
181,236,417,0.434052757793765
2168,74,2242,0.9669937555753791
1127,429,1556,0.724293059125964
418,125,543,0.7697974217311234
9,140,149,0.06040268456375839
5942,61,6003,0.9898384141262702
394,92,486,0.8106995884773662
91,24,115,0.7913043478260869
1374,95,1469,0.9353301565690946
440,81,521,0.8445297504798465
237,118,355,0.6676056338028169
401,91,492,0.8150406504065041
1257,85,1342,0.936661698956781
1072,413,1485,0.7218855218855219
414,100,514,0.8054474708171206
1027,397,1424,0.7212078651685393
344,116,460,0.7478260869565218
391,102,493,0.7931034482758621
400,113,513,0.7797270955165692
3018,100,3118,0.967928159076331
1060,415,1475,0.7186440677966102
1052,69,1121,0.9384478144513827
405,77,482,0.8402489626556017
235,99,334,0.7035928143712575
209,217,426,0.49061032863849763
415,113,528,0.7859848484848485
1092,438,1530,0.7137254901960784
1114,395,1509,0.7382372432074221
405,94,499,0.811623246492986
191,183,374,0.5106951871657754
1261,151,1412,0.8930594900849859
3085,90,3175,0.9716535433070866
392,98,490,0.8
209,212,421,0.49643705463182897
219,60,279,0.7849462365591398
703,85,788,0.8921319796954315
3452,113,3565,0.9683029453015428
1118,429,1547,0.7226890756302521
1240,104,1344,0.9226190476190477
447,115,562,0.7953736654804271
1094,397,1491,0.7337357478202549
134,103,237,0.5654008438818565
3414,114,3528,0.967687074829932
2753,151,2904,0.9480027548209367
6280,68,6348,0.9892879647132955
1062,397,1459,0.7278958190541467
543,82,625,0.8688
2580,118,2698,0.9562638991845812
653,77,730,0.8945205479452055
1015,398,1413,0.7183297947629158
5776,98,5874,0.9833163091590058
1159,394,1553,0.7462974887314875
1037,92,1129,0.9185119574844995
2429,163,2592,0.9371141975308642
1077,393,1470,0.7326530612244898
388,73,461,0.841648590021692
418,93,511,0.8180039138943248
395,96,491,0.8044806517311609
224,79,303,0.7392739273927392
37,48,85,0.43529411764705883
833,78,911,0.9143798024149287
1076,411,1487,0.7236045729657028
209,179,388,0.538659793814433
432,166,598,0.7224080267558528
1065,417,1482,0.7186234817813765
1083,428,1511,0.7167438782263402
163,205,368,0.4429347826086957
1022,411,1433,0.7131891137473831
241,100,341,0.7067448680351907
222,96,318,0.6981132075471698
5977,122,6099,0.9799967207738973
397,98,495,0.802020202020202
403,97,500,0.806
397,100,497,0.7987927565392354
181,139,320,0.565625
1383,122,1505,0.9189368770764119
396,93,489,0.8098159509202454
3497,114,3611,0.9684297978399335
1045,412,1457,0.7172271791352093
1028,411,1439,0.7143849895760945
197,181,378,0.5211640211640212
2307,99,2406,0.9588528678304239
1314,176,1490,0.8818791946308725
1036,399,1435,0.7219512195121951
235,70,305,0.7704918032786885
3295,130,3425,0.962043795620438
1719,110,1829,0.9398578458173865
2207,144,2351,0.9387494683113569
5345,140,5485,0.9744758432087511
1157,397,1554,0.7445302445302445
1050,396,1446,0.7261410788381742
6352,74,6426,0.9884842826019297
1007,411,1418,0.7101551480959097
5977,116,6093,0.9809617593960283
918,109,1027,0.8938656280428432
2723,109,2832,0.9615112994350282
222,69,291,0.7628865979381443
237,72,309,0.7669902912621359
181,164,345,0.5246376811594203
420,121,541,0.7763401109057301
1366,101,1467,0.9311520109066121
1137,396,1533,0.7416829745596869
1140,394,1534,0.7431551499348109
394,93,487,0.8090349075975359
1009,411,1420,0.7105633802816902
2584,148,2732,0.9458272327964861
1166,37,1203,0.969243557772236
1104,84,1188,0.9292929292929293
1091,411,1502,0.7263648468708389
1261,129,1390,0.9071942446043165
399,77,476,0.8382352941176471
1037,81,1118,0.9275491949910555
1040,420,1460,0.7123287671232876
1022,411,1433,0.7131891137473831
413,124,537,0.7690875232774674
5776,134,5910,0.977326565143824
397,99,496,0.8004032258064516
410,137,547,0.7495429616087751
241,62,303,0.7953795379537953
127,194,321,0.3956386292834891
404,122,526,0.7680608365019012
224,54,278,0.8057553956834532
1031,379,1410,0.7312056737588652
1549,132,1681,0.9214753123140987
1162,396,1558,0.7458279845956355
1613,115,1728,0.9334490740740741
397,80,477,0.8322851153039832
1083,446,1529,0.7083060824068018
27,116,143,0.1888111888111888
927,90,1017,0.911504424778761
1018,411,1429,0.7123862841147656
606,117,723,0.8381742738589212
1312,138,1450,0.9048275862068965
1660,113,1773,0.9362662154540327
989,420,1409,0.7019162526614621
483,95,578,0.8356401384083045
421,89,510,0.8254901960784313
1315,68,1383,0.9508315256688359
181,179,360,0.5027777777777778
1491,57,1548,0.9631782945736435
1633,224,1857,0.8793753365643511
209,174,383,0.5456919060052219
4251,109,4360,0.975
22,129,151,0.1456953642384106
3171,147,3318,0.9556962025316456
1679,108,1787,0.9395635142697258
1416,472,1888,0.75
120,12,132,0.9090909090909091
209,179,388,0.538659793814433
1002,386,1388,0.7219020172910663
1416,407,1823,0.7767416346681295
1032,417,1449,0.7122153209109731
4127,83,4210,0.9802850356294537
1104,83,1187,0.9300758213984835
1161,429,1590,0.730188679245283
1032,447,1479,0.6977687626774848
1366,104,1470,0.9292517006802721
197,163,360,0.5472222222222223
2753,103,2856,0.9639355742296919
428,64,492,0.8699186991869918
1096,415,1511,0.7253474520185308
181,232,413,0.43825665859564167
982,401,1383,0.7100506146059291
7096,111,7207,0.984598307201332
1050,396,1446,0.7261410788381742
1533,69,1602,0.9569288389513109
77,98,175,0.44
4251,81,4332,0.9813019390581718
1054,410,1464,0.7199453551912568
426,122,548,0.7773722627737226
401,101,502,0.798804780876494
998,441,1439,0.6935371785962474
1106,644,1750,0.632
606,65,671,0.9031296572280179
197,176,373,0.5281501340482574
999,411,1410,0.7085106382978723
263,116,379,0.6939313984168866
902,136,1038,0.8689788053949904
1039,395,1434,0.7245467224546722
5345,111,5456,0.9796554252199413
1127,429,1556,0.724293059125964
1055,419,1474,0.7157394843962008
398,79,477,0.8343815513626834
169,217,386,0.4378238341968912
415,111,526,0.7889733840304183
1049,414,1463,0.7170198222829802
465,86,551,0.8439201451905626
1036,399,1435,0.7219512195121951
1032,403,1435,0.7191637630662021
3628,81,3709,0.9781612294418981
389,101,490,0.7938775510204081
1147,163,1310,0.8755725190839695
1075,491,1566,0.6864623243933589
1268,76,1344,0.9434523809523809
200,217,417,0.47961630695443647
1118,388,1506,0.7423638778220452
327,18,345,0.9478260869565217
410,92,502,0.8167330677290837
1904,106,2010,0.9472636815920398
964,609,1573,0.6128417037507946
979,393,1372,0.7135568513119533
1043,392,1435,0.7268292682926829
237,15,252,0.9404761904761905
1495,102,1597,0.9361302442078898
1013,405,1418,0.7143864598025388
3882,105,3987,0.9736644093303235
818,85,903,0.9058693244739756
209,217,426,0.49061032863849763
998,475,1473,0.6775288526816021
415,91,506,0.8201581027667985
647,89,736,0.8790760869565217
1036,395,1431,0.7239692522711391
1026,404,1430,0.7174825174825175
206,217,423,0.48699763593380613
1032,429,1461,0.7063655030800822
584,76,660,0.8848484848484849
1471,50,1521,0.9671268902038133
2348,73,2421,0.969847170590665
403,116,519,0.7764932562620424
209,217,426,0.49061032863849763
177,58,235,0.7531914893617021
981,391,1372,0.7150145772594753
1031,379,1410,0.7312056737588652
1779,121,1900,0.9363157894736842
1032,411,1443,0.7151767151767152
6352,130,6482,0.9799444615859303
1552,51,1603,0.9681846537741734
1045,414,1459,0.7162440027416038
1048,94,1142,0.9176882661996497
2723,146,2869,0.9491111885674451
407,108,515,0.7902912621359224
1028,411,1439,0.7143849895760945
821,150,971,0.8455200823892894
5071,80,5151,0.984469035138808
591,91,682,0.8665689149560117
964,423,1387,0.6950252343186734
408,108,516,0.7906976744186046
1009,398,1407,0.7171286425017769
818,121,939,0.8711395101171459
428,110,538,0.7955390334572491
818,93,911,0.897914379802415
1045,414,1459,0.7162440027416038
1013,94,1107,0.9150858175248419
1022,433,1455,0.7024054982817869
1054,388,1442,0.7309292649098474
733,92,825,0.8884848484848484
181,191,372,0.48655913978494625
1312,172,1484,0.8840970350404312
680,118,798,0.8521303258145363
3171,123,3294,0.9626593806921676
410,105,515,0.7961165048543689
2593,112,2705,0.9585951940850277
209,162,371,0.5633423180592992
400,115,515,0.7766990291262136
400,106,506,0.7905138339920948
1007,397,1404,0.7172364672364673
1348,138,1486,0.9071332436069987
584,83,667,0.8755622188905547
394,80,474,0.8312236286919831
1316,221,1537,0.8562134027325959
374,111,485,0.7711340206185567
1005,414,1419,0.7082452431289641
402,124,526,0.7642585551330798
2774,106,2880,0.9631944444444445
964,444,1408,0.6846590909090909
3882,113,3995,0.9717146433041302
902,95,997,0.9047141424272819
530,117,647,0.8191653786707882
391,110,501,0.780439121756487
821,105,926,0.8866090712742981
1549,139,1688,0.917654028436019
1058,430,1488,0.7110215053763441
206,193,399,0.5162907268170426
238,94,332,0.7168674698795181
1165,37,1202,0.9692179700499168
397,92,489,0.8118609406952966
393,95,488,0.805327868852459
989,418,1407,0.7029140014214641
414,108,522,0.7931034482758621
2479,199,2678,0.9256908140403286
1014,390,1404,0.7222222222222222
1003,392,1395,0.7189964157706094
1018,411,1429,0.7123862841147656
1031,394,1425,0.7235087719298245
1079,83,1162,0.9285714285714286
181,184,365,0.4958904109589041
5572,158,5730,0.9724258289703316
818,114,932,0.8776824034334764
327,110,437,0.7482837528604119
1005,414,1419,0.7082452431289641
408,153,561,0.7272727272727273
181,168,349,0.5186246418338109
213,122,335,0.6358208955223881
1013,399,1412,0.7174220963172805
992,398,1390,0.7136690647482015
5572,126,5698,0.9778869778869779
186,102,288,0.6458333333333334
320,18,338,0.9467455621301775
1045,414,1459,0.7162440027416038
1355,218,1573,0.8614113159567705
400,88,488,0.819672131147541
415,133,548,0.7572992700729927
1049,407,1456,0.720467032967033
1039,414,1453,0.7150722642807984
911,394,1305,0.6980842911877395
392,131,523,0.7495219885277247
1313,146,1459,0.8999314599040439
909,403,1312,0.6928353658536586
1057,414,1471,0.7185588035350102
985,397,1382,0.7127351664254703
1026,411,1437,0.7139874739039666
1006,388,1394,0.7216642754662841
732,54,786,0.9312977099236641
206,192,398,0.5175879396984925
1011,391,1402,0.7211126961483595
1041,391,1432,0.7269553072625698
6352,108,6460,0.98328173374613
2479,117,2596,0.9549306625577813
998,392,1390,0.7179856115107913
1002,386,1388,0.7219020172910663
1316,203,1519,0.8663594470046083
3751,108,3859,0.9720134749935216
1092,404,1496,0.7299465240641712
970,368,1338,0.7249626307922272
7096,162,7258,0.9776798015982364
898,88,986,0.9107505070993914
955,57,1012,0.9436758893280632
401,84,485,0.8268041237113402
2290,89,2379,0.962589323245061
1779,129,1908,0.9323899371069182
181,170,351,0.5156695156695157
931,92,1023,0.9100684261974584
240,72,312,0.7692307692307693
1032,451,1483,0.6958867161159811
647,104,751,0.8615179760319573
239,38,277,0.8628158844765343
407,105,512,0.794921875
406,91,497,0.8169014084507042
998,475,1473,0.6775288526816021
732,99,831,0.8808664259927798
399,118,517,0.7717601547388782
591,109,700,0.8442857142857143
1031,400,1431,0.7204751921733054
909,403,1312,0.6928353658536586
213,69,282,0.7553191489361702
1556,61,1617,0.9622758194186766
13,51,64,0.203125
1451,62,1513,0.9590218109715797
209,162,371,0.5633423180592992
1020,405,1425,0.7157894736842105
26,228,254,0.10236220472440945
733,97,830,0.8831325301204819
1897,78,1975,0.9605063291139241
420,84,504,0.8333333333333334
1926,108,2034,0.9469026548672567
209,217,426,0.49061032863849763
3080,70,3150,0.9777777777777777
231,129,360,0.6416666666666667
1003,615,1618,0.6199011124845488
1904,142,2046,0.9305962854349951
207,62,269,0.7695167286245354
530,165,695,0.762589928057554
212,179,391,0.5421994884910486
2723,166,2889,0.9425406715126341
237,14,251,0.9442231075697212
5071,125,5196,0.9759430331023865
2593,133,2726,0.9512105649303008
218,183,401,0.543640897755611
1076,409,1485,0.7245791245791245
1549,114,1663,0.931449188214071
215,162,377,0.5702917771883289
420,87,507,0.8284023668639053
181,157,338,0.5355029585798816
84,140,224,0.375
414,99,513,0.8070175438596491
1020,390,1410,0.723404255319149
231,63,294,0.7857142857142857
1318,201,1519,0.8676761026991442
1000,396,1396,0.7163323782234957
2053,138,2191,0.9370150616157006
1028,411,1439,0.7143849895760945
422,91,513,0.8226120857699805
997,722,1719,0.5799883653286795
680,154,834,0.815347721822542
1093,585,1678,0.6513706793802145
4157,124,4281,0.971034804952114
2655,119,2774,0.9571016582552271
913,103,1016,0.8986220472440944
617,86,703,0.8776671408250356
732,75,807,0.9070631970260223
331,18,349,0.9484240687679083
212,217,429,0.49417249417249415
252,67,319,0.7899686520376176
3080,57,3137,0.9818297736691106
400,103,503,0.7952286282306164
1039,414,1453,0.7150722642807984
209,162,371,0.5633423180592992
1054,410,1464,0.7199453551912568
211,59,270,0.7814814814814814
231,134,365,0.6328767123287671
437,109,546,0.8003663003663004
4764,69,4833,0.9857231533209186
194,175,369,0.5257452574525745
1049,413,1462,0.7175102599179206
492,55,547,0.8994515539305301
416,136,552,0.7536231884057971
1058,429,1487,0.7114996637525218
974,160,1134,0.8589065255731922
977,429,1406,0.6948790896159317
1466,87,1553,0.943979394719897
1049,400,1449,0.7239475500345065
3751,171,3922,0.9563997960224375
1065,373,1438,0.7406119610570236
396,96,492,0.8048780487804879
1416,407,1823,0.7767416346681295
37,60,97,0.38144329896907214
992,395,1387,0.71521268925739
236,53,289,0.8166089965397924
1211,48,1259,0.9618745035742653
406,89,495,0.8202020202020202
186,118,304,0.6118421052631579
1986,41,2027,0.9797730636408486
3242,115,3357,0.9657432231158772
1057,384,1441,0.7335183900069396
211,48,259,0.8146718146718147
1055,442,1497,0.7047428189712759
181,91,272,0.6654411764705882
1319,142,1461,0.9028062970568104
1076,429,1505,0.7149501661129568
394,103,497,0.7927565392354124
308,18,326,0.9447852760736196
410,86,496,0.8266129032258065
400,86,486,0.823045267489712
1032,430,1462,0.7058823529411765
1020,550,1570,0.6496815286624203
401,89,490,0.8183673469387756
1300,75,1375,0.9454545454545454
1377,112,1489,0.9247817327065144
400,95,495,0.8080808080808081
812,81,893,0.9092945128779395
361,88,449,0.8040089086859689
396,112,508,0.7795275590551181
1416,399,1815,0.7801652892561983
1023,429,1452,0.7045454545454546
1076,429,1505,0.7149501661129568
7096,108,7204,0.9850083287062743
1904,141,2045,0.9310513447432763
394,91,485,0.8123711340206186
403,112,515,0.7825242718446602
898,81,979,0.9172625127681308
413,128,541,0.7634011090573013
3751,150,3901,0.9615483209433479
1237,108,1345,0.9197026022304833
973,109,1082,0.899260628465804
913,93,1006,0.9075546719681908
3930,63,3993,0.9842223891810669
1033,407,1440,0.7173611111111111
1031,415,1446,0.7130013831258645
2221,186,2407,0.9227253842958039
2655,116,2771,0.9581378563695416
395,106,501,0.7884231536926147
1065,435,1500,0.71
1321,154,1475,0.895593220338983
231,89,320,0.721875
317,18,335,0.9462686567164179
197,217,414,0.4758454106280193
4157,117,4274,0.9726251754796443
1926,134,2060,0.9349514563106797
1211,64,1275,0.9498039215686275
408,91,499,0.8176352705410822
1052,414,1466,0.7175989085948158
126,74,200,0.63
1419,132,1551,0.9148936170212766
1039,409,1448,0.7175414364640884
2144,127,2271,0.9440774988991634
1076,441,1517,0.7092946605141727
973,100,1073,0.9068033550792172
219,69,288,0.7604166666666666
888,70,958,0.9269311064718163
2156,90,2246,0.9599287622439893
1314,225,1539,0.8538011695906432
2452,127,2579,0.9507561070182241
391,88,479,0.8162839248434238
1058,386,1444,0.7326869806094183
848,449,1297,0.653816499614495
469,60,529,0.8865784499054821
401,128,529,0.7580340264650284
401,89,490,0.8183673469387756
1005,401,1406,0.7147937411095305
1375,70,1445,0.9515570934256056
1184,375,1559,0.7594611930724824
1076,459,1535,0.7009771986970684
3185,100,3285,0.969558599695586
488,98,586,0.8327645051194539
1416,396,1812,0.7814569536423841
1419,111,1530,0.9274509803921569
390,88,478,0.8158995815899581
1020,414,1434,0.7112970711297071
1031,392,1423,0.724525650035137
1130,388,1518,0.7444005270092227
2423,99,2522,0.9607454401268835
1076,429,1505,0.7149501661129568
3857,132,3989,0.9669089997493105
200,217,417,0.47961630695443647
1049,400,1449,0.7239475500345065
181,92,273,0.663003663003663
400,112,512,0.78125
2135,66,2201,0.9700136301681054
1009,398,1407,0.7171286425017769
1093,481,1574,0.6944091486658196
400,112,512,0.78125
394,89,483,0.8157349896480331
1745,105,1850,0.9432432432432433
1029,645,1674,0.6146953405017921
1300,79,1379,0.9427121102248006
203,162,365,0.5561643835616439
1026,405,1431,0.7169811320754716
15,150,165,0.09090909090909091
1316,218,1534,0.8578878748370273
2735,131,2866,0.9542916957431961
1013,420,1433,0.7069085833914864
315,116,431,0.7308584686774942
215,217,432,0.4976851851851852
1030,63,1093,0.9423604757548033
1330,46,1376,0.9665697674418605
1050,404,1454,0.7221458046767538
120,12,132,0.9090909090909091
1076,448,1524,0.7060367454068242
857,114,971,0.88259526261586
402,117,519,0.7745664739884393
855,91,946,0.9038054968287527
388,86,474,0.8185654008438819
219,82,301,0.7275747508305648
209,217,426,0.49061032863849763
1256,130,1386,0.9062049062049062
680,122,802,0.8478802992518704
403,129,532,0.7575187969924813
1055,385,1440,0.7326388888888888
403,80,483,0.8343685300207039
1012,123,1135,0.8916299559471366
2735,80,2815,0.9715808170515098
1377,165,1542,0.8929961089494164
1019,395,1414,0.7206506364922206
1000,419,1419,0.704721634954193
1024,429,1453,0.70474879559532
4157,102,4259,0.9760507161305471
1237,132,1369,0.9035792549306063
539,129,668,0.8068862275449101
1065,396,1461,0.728952772073922
291,147,438,0.6643835616438356
977,429,1406,0.6948790896159317
1745,107,1852,0.9422246220302376
3751,131,3882,0.9662545079855744
401,100,501,0.8003992015968064
1057,401,1458,0.7249657064471879
6949,103,7052,0.9853942144072604
1011,398,1409,0.7175301632363378
824,90,914,0.9015317286652079
2144,101,2245,0.955011135857461
1060,179,1239,0.8555286521388217
2593,113,2706,0.9582409460458241
1821,90,1911,0.9529042386185244
407,99,506,0.8043478260869565
3815,68,3883,0.9824877671903167
1024,429,1453,0.70474879559532
1040,405,1445,0.7197231833910035
4764,93,4857,0.980852378011118
5377,100,5477,0.9817418294686873
1041,391,1432,0.7269553072625698
1184,416,1600,0.74
390,98,488,0.7991803278688525
423,62,485,0.8721649484536083
1316,239,1555,0.8463022508038586
200,205,405,0.49382716049382713
1438,101,1539,0.9343729694606887
848,436,1284,0.660436137071651
3185,83,3268,0.9746022031823746
315,56,371,0.8490566037735849
971,375,1346,0.7213967310549777
266,74,340,0.7823529411764706
1540,97,1637,0.9407452657299938
909,425,1334,0.6814092953523239
1050,404,1454,0.7221458046767538
1043,411,1454,0.717331499312242
181,236,417,0.434052757793765
200,217,417,0.47961630695443647
1151,57,1208,0.9528145695364238
203,181,384,0.5286458333333334
1194,119,1313,0.9093678598629094
982,390,1372,0.7157434402332361
1014,395,1409,0.7196593328601846
307,18,325,0.9446153846153846
395,102,497,0.7947686116700201
1076,401,1477,0.7285037237643873
971,475,1446,0.6715076071922544
3292,139,3431,0.9594870300204023
291,73,364,0.7994505494505495
194,147,341,0.5689149560117303
1023,430,1453,0.7040605643496215
397,81,478,0.8305439330543933
2268,56,2324,0.9759036144578314
3815,54,3869,0.986042905143448
4527,123,4650,0.9735483870967742
1065,408,1473,0.7230142566191446
427,142,569,0.7504393673110721
402,128,530,0.7584905660377359
203,181,384,0.5286458333333334
1066,440,1506,0.7078353253652059
425,85,510,0.8333333333333334
444,94,538,0.8252788104089219
1417,90,1507,0.940278699402787
1043,448,1491,0.6995305164319249
982,412,1394,0.7044476327116213
394,92,486,0.8106995884773662
1076,448,1524,0.7060367454068242
1416,396,1812,0.7814569536423841
420,124,544,0.7720588235294118
203,138,341,0.5953079178885631
357,100,457,0.7811816192560175
423,72,495,0.8545454545454545
4869,77,4946,0.9844318641326324
1020,550,1570,0.6496815286624203
1032,401,1433,0.7201674808094906
1031,394,1425,0.7235087719298245
2409,76,2485,0.9694164989939638
1072,442,1514,0.7080581241743725
1058,407,1465,0.7221843003412969
402,150,552,0.7282608695652174
3356,61,3417,0.9821480831138426
408,105,513,0.7953216374269005
5158,122,5280,0.9768939393939394
2452,151,2603,0.9419900115251633
403,95,498,0.8092369477911646
2584,153,2737,0.9440993788819876
857,121,978,0.876278118609407
1926,170,2096,0.9188931297709924
181,84,265,0.6830188679245283
947,94,1041,0.909702209414025
5377,85,5462,0.9844379348224094
1076,438,1514,0.7107001321003963
1031,414,1445,0.7134948096885814
1127,77,1204,0.936046511627907
5277,71,5348,0.9867240089753179
403,129,532,0.7575187969924813
1052,414,1466,0.7175989085948158
1065,400,1465,0.726962457337884
397,162,559,0.7101967799642218
1038,414,1452,0.7148760330578512
3751,126,3877,0.9675006448284756
1033,414,1447,0.7138908085694541
1031,404,1435,0.7184668989547038
1320,154,1474,0.8955223880597015
388,64,452,0.8584070796460177
1040,537,1577,0.6594800253646164
200,217,417,0.47961630695443647
1024,411,1435,0.713588850174216
429,67,496,0.8649193548387096
920,77,997,0.9227683049147443
1055,427,1482,0.7118758434547908
947,127,1074,0.8817504655493482
1040,532,1572,0.6615776081424937
1821,88,1909,0.9539025667888947
3728,138,3866,0.9643041903776514
697,93,790,0.8822784810126583
2239,96,2335,0.9588865096359743
1093,72,1165,0.9381974248927039
401,96,497,0.806841046277666
247,105,352,0.7017045454545454
250,48,298,0.8389261744966443
4527,120,4647,0.974176888315042
1012,120,1132,0.8939929328621908
242,14,256,0.9453125
1010,430,1440,0.7013888888888888
3090,91,3181,0.9713926438226973
1209,440,1649,0.7331716191631291
410,123,533,0.7692307692307693
1377,147,1524,0.9035433070866141
395,113,508,0.7775590551181102
1066,410,1476,0.7222222222222222
1010,431,1441,0.7009021512838307
401,140,541,0.7412199630314233
673,94,767,0.877444589308996
435,131,566,0.7685512367491166
395,102,497,0.7947686116700201
3292,149,3441,0.9566986341179889
1241,70,1311,0.9466056445461479
215,217,432,0.4976851851851852
1184,384,1568,0.7551020408163265
1076,429,1505,0.7149501661129568
1055,377,1432,0.736731843575419
1417,88,1505,0.9415282392026578
1024,400,1424,0.7191011235955056
406,94,500,0.812
399,78,477,0.8364779874213837
200,181,381,0.5249343832020997
399,97,496,0.8044354838709677
2867,77,2944,0.9738451086956522
723,77,800,0.90375
984,429,1413,0.6963906581740976
1076,459,1535,0.7009771986970684
1850,49,1899,0.9741969457609269
1315,148,1463,0.898838004101162
391,88,479,0.8162839248434238
194,181,375,0.5173333333333333
1050,404,1454,0.7221458046767538
1241,155,1396,0.8889684813753582
128,194,322,0.39751552795031053
203,179,382,0.5314136125654451
391,98,489,0.7995910020449898
5277,73,5350,0.9863551401869158
1000,396,1396,0.7163323782234957
209,162,371,0.5633423180592992
1052,152,1204,0.8737541528239202
1043,386,1429,0.7298810356892932
1010,431,1441,0.7009021512838307
1680,61,1741,0.9649626651349799
5158,103,5261,0.9804219730089336
91,16,107,0.8504672897196262
1005,414,1419,0.7082452431289641
407,130,537,0.7579143389199255
1066,411,1477,0.7217332430602573
400,115,515,0.7766990291262136
1540,169,1709,0.901111761263897
350,102,452,0.7743362831858407
984,429,1413,0.6963906581740976
1835,125,1960,0.9362244897959183
947,89,1036,0.9140926640926641
1209,399,1608,0.7518656716417911
929,128,1057,0.8789025543992431
929,141,1070,0.8682242990654205
1256,79,1335,0.9408239700374532
393,97,490,0.8020408163265306
453,95,548,0.8266423357664233
987,396,1383,0.7136659436008677
5501,49,5550,0.9911711711711712
1316,186,1502,0.8761651131824234
216,82,298,0.7248322147651006
837,103,940,0.8904255319148936
21,194,215,0.09767441860465116
401,149,550,0.7290909090909091
397,115,512,0.775390625
247,65,312,0.7916666666666666
350,66,416,0.8413461538461539
181,255,436,0.4151376146788991
420,107,527,0.7969639468690702
408,97,505,0.807920792079208
883,88,971,0.9093717816683831
181,140,321,0.5638629283489096
206,217,423,0.48699763593380613
200,162,362,0.5524861878453039
1011,451,1462,0.6915184678522572
977,434,1411,0.6924167257264352
396,112,508,0.7795275590551181
1057,401,1458,0.7249657064471879
1055,427,1482,0.7118758434547908
2635,55,2690,0.9795539033457249
2108,123,2231,0.9448677722994173
1313,181,1494,0.8788487282463187
5652,104,5756,0.9819318971507992
1348,178,1526,0.8833551769331586
411,87,498,0.8253012048192772
61,81,142,0.4295774647887324
412,96,508,0.8110236220472441
1043,414,1457,0.7158544955387783
1096,411,1507,0.7272727272727273
697,95,792,0.8800505050505051
1760,58,1818,0.9680968096809681
202,82,284,0.7112676056338029
400,170,570,0.7017543859649122
415,90,505,0.8217821782178217
1041,451,1492,0.6977211796246648
1041,394,1435,0.7254355400696864
474,163,637,0.7441130298273155
2166,97,2263,0.9571365444100751
2553,94,2647,0.9644880997355497
723,97,820,0.8817073170731707
397,111,508,0.781496062992126
411,93,504,0.8154761904761905
6949,88,7037,0.9874946710245843
398,102,500,0.796
2452,181,2633,0.9312571211545765
2146,128,2274,0.9437115215479331
3747,143,3890,0.9632390745501286
212,183,395,0.5367088607594936
1316,174,1490,0.8832214765100671
1730,125,1855,0.9326145552560647
4722,140,4862,0.9712052653229124
197,217,414,0.4758454106280193
181,170,351,0.5156695156695157
1096,489,1585,0.6914826498422713
1032,430,1462,0.7058823529411765
409,116,525,0.7790476190476191
431,98,529,0.8147448015122873
2091,128,2219,0.9423163587201442
1540,158,1698,0.9069493521790342
982,379,1361,0.7215282880235121
2221,189,2410,0.9215767634854771
1320,158,1478,0.8930987821380244
1024,401,1425,0.7185964912280701
438,112,550,0.7963636363636364
1958,103,2061,0.9500242600679282
1033,391,1424,0.7254213483146067
131,205,336,0.3898809523809524
1316,157,1473,0.8934147997284454
1315,172,1487,0.8843308675184937
987,408,1395,0.7075268817204301
418,200,618,0.6763754045307443
2166,82,2248,0.9635231316725978
1540,124,1664,0.9254807692307693
788,88,876,0.8995433789954338
687,94,781,0.8796414852752881
203,152,355,0.571830985915493
406,165,571,0.7110332749562172
28,133,161,0.17391304347826086
415,92,507,0.8185404339250493
1024,429,1453,0.70474879559532
194,217,411,0.4720194647201946
837,95,932,0.898068669527897
181,252,433,0.418013856812933
200,167,367,0.5449591280653951
2091,78,2169,0.9640387275242047
1065,409,1474,0.7225237449118046
1130,116,1246,0.9069020866773676
399,117,516,0.7732558139534884
2108,136,2244,0.9393939393939394
398,108,506,0.7865612648221344
971,534,1505,0.6451827242524917
3747,76,3823,0.9801203243526027
1020,411,1431,0.7127882599580713
200,217,417,0.47961630695443647
403,102,505,0.7980198019801981
206,186,392,0.5255102040816326
1019,411,1430,0.7125874125874125
197,211,408,0.48284313725490197
519,99,618,0.8398058252427184
687,113,800,0.85875
391,88,479,0.8162839248434238
200,167,367,0.5449591280653951
407,132,539,0.7551020408163265
91,16,107,0.8504672897196262
397,116,513,0.7738791423001949
401,91,492,0.8150406504065041
1010,448,1458,0.6927297668038409
911,413,1324,0.6880664652567976
1409,82,1491,0.9450033534540577
411,90,501,0.8203592814371258
474,103,577,0.8214904679376083
203,217,420,0.48333333333333334
2870,61,2931,0.9791879904469465
2123,87,2210,0.960633484162896
2893,69,2962,0.9767049291019582
455,97,552,0.8242753623188406
203,211,414,0.49033816425120774
2895,99,2994,0.966933867735471
1020,85,1105,0.9230769230769231
947,107,1054,0.8984819734345351
400,96,496,0.8064516129032258
2893,71,2964,0.9760458839406208
1313,145,1458,0.9005486968449932
1020,393,1413,0.721868365180467
19,76,95,0.2
2655,96,2751,0.965103598691385
215,76,291,0.738831615120275
1169,99,1268,0.9219242902208202
1065,398,1463,0.7279562542720438
993,392,1385,0.7169675090252707
194,174,368,0.5271739130434783
1010,448,1458,0.6927297668038409
18,110,128,0.140625
4549,125,4674,0.9732563115104835
1209,395,1604,0.7537406483790524
8,110,118,0.06779661016949153
191,217,408,0.4681372549019608
1409,83,1492,0.9443699731903485
1785,98,1883,0.9479553903345725
399,94,493,0.8093306288032455
2146,76,2222,0.9657965796579658
206,217,423,0.48699763593380613
181,106,287,0.6306620209059234
367,103,470,0.7808510638297872
770,71,841,0.915576694411415
1233,59,1292,0.9543343653250774
2630,47,2677,0.9824430332461711
2584,139,2723,0.9489533602644142
390,124,514,0.7587548638132295
1013,420,1433,0.7069085833914864
3292,139,3431,0.9594870300204023
910,85,995,0.914572864321608
2123,80,2203,0.9636858828869723
181,1000,1181,0.15325994919559696
883,115,998,0.8847695390781564
788,118,906,0.869757174392936
2893,82,2975,0.972436974789916
38,243,281,0.13523131672597866
400,92,492,0.8130081300813008
984,433,1417,0.6944248412138321
984,397,1381,0.7125271542360608
395,153,548,0.7208029197080292
2964,143,3107,0.9539748953974896
1065,398,1463,0.7279562542720438
416,99,515,0.8077669902912621
322,254,576,0.5590277777777778
1037,411,1448,0.7161602209944752
2694,47,2741,0.9828529733673842
676,107,783,0.8633461047254151
5652,153,5805,0.9736434108527132
1314,138,1452,0.9049586776859504
993,411,1404,0.7072649572649573
1838,129,1967,0.9344178952719878
805,61,866,0.9295612009237876
1057,396,1453,0.7274604267033723
203,217,420,0.48333333333333334
1540,124,1664,0.9254807692307693
1037,411,1448,0.7161602209944752
1065,393,1458,0.7304526748971193
1958,125,2083,0.9399903984637542
987,395,1382,0.7141823444283647
1013,420,1433,0.7069085833914864
1043,392,1435,0.7268292682926829
909,425,1334,0.6814092953523239
2435,82,2517,0.9674215335717123
687,126,813,0.8450184501845018
1061,428,1489,0.712558764271323
1043,414,1457,0.7158544955387783
977,408,1385,0.7054151624548737
4722,162,4884,0.9668304668304668
4750,115,4865,0.9763617677286742
3617,77,3694,0.9791553871142393
1543,88,1631,0.9460453709380748
998,458,1456,0.6854395604395604
1065,431,1496,0.7118983957219251
1081,410,1491,0.7250167672702884
1040,536,1576,0.6598984771573604
44,97,141,0.3120567375886525
1058,69,1127,0.9387755102040817
1055,401,1456,0.7245879120879121
1041,394,1435,0.7254355400696864
1080,403,1483,0.7282535401213756
977,411,1388,0.7038904899135446
948,100,1048,0.9045801526717557
1043,414,1457,0.7158544955387783
2832,105,2937,0.9642492339121552
433,112,545,0.7944954128440367
1441,101,1542,0.9345006485084306
1314,164,1478,0.8890392422192152
2584,151,2735,0.9447897623400365
871,85,956,0.9110878661087866
1060,363,1423,0.7449051300070274
979,408,1387,0.7058399423215573
962,417,1379,0.6976069615663524
194,176,370,0.5243243243243243
897,394,1291,0.6948102246320682
969,393,1362,0.711453744493392
1045,414,1459,0.7162440027416038
929,79,1008,0.9216269841269841
2339,93,2432,0.9617598684210527
1005,409,1414,0.7107496463932107
984,437,1421,0.6924700914848698
2440,125,2565,0.9512670565302144
1087,394,1481,0.7339635381498987
3855,44,3899,0.9887150551423441
215,211,426,0.5046948356807511
237,14,251,0.9442231075697212
68,128,196,0.3469387755102041
4765,62,4827,0.9871555831779574
1312,136,1448,0.9060773480662984
888,393,1281,0.6932084309133489
1082,396,1478,0.7320703653585927
1007,386,1393,0.7229002153625269
45,178,223,0.20179372197309417
1282,92,1374,0.9330422125181951
1077,396,1473,0.7311608961303462
1168,396,1564,0.7468030690537084
1942,117,2059,0.9431762991743565
984,437,1421,0.6924700914848698
1065,405,1470,0.7244897959183674
1313,202,1515,0.8666666666666667
305,18,323,0.9442724458204335
1005,397,1402,0.7168330955777461
1151,396,1547,0.7440206851971558
1068,421,1489,0.7172599059771659
200,167,367,0.5449591280653951
1131,429,1560,0.725
911,87,998,0.9128256513026052
1021,427,1448,0.705110497237569
976,429,1405,0.6946619217081851
1025,395,1420,0.721830985915493
171,174,345,0.4956521739130435
1912,108,2020,0.9465346534653465
2374,78,2452,0.968189233278956
1169,379,1548,0.7551679586563308
203,217,420,0.48333333333333334
1084,411,1495,0.7250836120401338
1352,236,1588,0.8513853904282116
897,382,1279,0.7013291634089132
877,415,1292,0.6787925696594427
1064,411,1475,0.7213559322033898
203,176,379,0.5356200527704486
1799,145,1944,0.9254115226337448
976,394,1370,0.7124087591240876
991,420,1411,0.702338766832034
980,395,1375,0.7127272727272728
1043,414,1457,0.7158544955387783
1027,520,1547,0.6638655462184874
1350,159,1509,0.8946322067594433
261,79,340,0.7676470588235295
993,462,1455,0.6824742268041237
878,402,1280,0.6859375
1086,401,1487,0.7303295225285811
181,205,386,0.4689119170984456
962,410,1372,0.7011661807580175
181,198,379,0.47757255936675463
1005,376,1381,0.7277335264301231
1064,397,1461,0.7282683093771389
935,428,1363,0.685986793837124
2655,108,2763,0.9609120521172638
203,223,426,0.4765258215962441
1079,426,1505,0.7169435215946844
1081,396,1477,0.7318889641164523
1098,368,1466,0.7489768076398363
1047,394,1441,0.7265787647467037
1020,405,1425,0.7157894736842105
1121,374,1495,0.7498327759197324
905,91,996,0.9086345381526104
393,72,465,0.8451612903225807
1105,384,1489,0.7421087978509067
947,385,1332,0.710960960960961
979,374,1353,0.7235772357723578
1010,430,1440,0.7013888888888888
191,217,408,0.4681372549019608
984,397,1381,0.7125271542360608
1086,411,1497,0.7254509018036072
215,138,353,0.6090651558073654
979,393,1372,0.7135568513119533
1220,98,1318,0.9256449165402124
1041,363,1404,0.7414529914529915
2831,96,2927,0.9672019132217288
935,388,1323,0.7067271352985639
1048,398,1446,0.7247579529737206
206,179,385,0.535064935064935
897,403,1300,0.69
992,444,1436,0.6908077994428969
1028,375,1403,0.7327156094084105
2763,85,2848,0.9701544943820225
194,147,341,0.5689149560117303
1268,401,1669,0.7597363690832835
899,431,1330,0.6759398496240602
1848,86,1934,0.9555325749741469
1060,399,1459,0.726525017135024
209,217,426,0.49061032863849763
2766,89,2855,0.9688266199649738
1168,50,1218,0.9589490968801314
2895,78,2973,0.9737638748738647
1221,520,1741,0.7013210798391729
1086,373,1459,0.744345442083619
403,71,474,0.8502109704641351
1066,435,1501,0.7101932045303131
1217,386,1603,0.7592014971927635
1050,411,1461,0.7186858316221766
983,414,1397,0.7036506800286327
233,88,321,0.7258566978193146
925,111,1036,0.8928571428571429
993,462,1455,0.6824742268041237
1164,455,1619,0.7189623224212477
1011,405,1416,0.7139830508474576
181,154,335,0.5402985074626866
2662,107,2769,0.9613578909353557
1015,382,1397,0.7265569076592698
897,402,1299,0.6905311778290993
1065,409,1474,0.7225237449118046
1000,414,1414,0.7072135785007072
862,121,983,0.8769074262461851
997,89,1086,0.91804788213628
1009,452,1461,0.6906228610540726
1156,388,1544,0.7487046632124352
1115,446,1561,0.7142857142857143
1806,67,1873,0.9642285104111051
203,162,365,0.5561643835616439
1313,153,1466,0.8956343792633015
1331,123,1454,0.9154057771664375
949,124,1073,0.8844361602982292
1157,428,1585,0.7299684542586751
1128,397,1525,0.7396721311475409
4143,81,4224,0.9808238636363636
1087,520,1607,0.6764156813939017
1065,398,1463,0.7279562542720438
1080,468,1548,0.6976744186046512
1009,394,1403,0.7191732002851033
1359,73,1432,0.9490223463687151
22,157,179,0.12290502793296089
1198,415,1613,0.7427154370737755
1025,375,1400,0.7321428571428571
181,95,276,0.6557971014492754
403,94,497,0.8108651911468813
1264,397,1661,0.7609873570138471
237,14,251,0.9442231075697212
745,68,813,0.9163591635916359
2097,117,2214,0.9471544715447154
1130,575,1705,0.6627565982404692
2480,48,2528,0.9810126582278481
1123,363,1486,0.7557200538358008
998,619,1617,0.6171923314780458
397,90,487,0.8151950718685832
634,44,678,0.9351032448377581
1123,386,1509,0.7442014579191517
169,204,373,0.45308310991957107
1076,409,1485,0.7245791245791245
206,183,389,0.5295629820051414
1093,388,1481,0.738014854827819
1050,522,1572,0.6679389312977099
1037,424,1461,0.7097878165639973
1101,421,1522,0.7233902759526938
237,14,251,0.9442231075697212
14,154,168,0.08333333333333333
4830,89,4919,0.9819068916446432
545,113,658,0.8282674772036475
1245,429,1674,0.7437275985663082
200,191,391,0.5115089514066496
1108,641,1749,0.6335048599199543
403,131,534,0.7546816479400749
120,12,132,0.9090909090909091
1086,537,1623,0.6691312384473198
1020,423,1443,0.7068607068607069
909,427,1336,0.6803892215568862
206,162,368,0.5597826086956522
899,427,1326,0.6779788838612368
1015,438,1453,0.698554714384033
1075,496,1571,0.6842775302355187
1245,54,1299,0.9584295612009238
1153,396,1549,0.7443511943189154
2194,124,2318,0.9465056082830026
1175,394,1569,0.7488846398980242
904,488,1392,0.6494252873563219
4141,153,4294,0.9643688868188169
212,183,395,0.5367088607594936
1025,399,1424,0.7198033707865169
1136,399,1535,0.7400651465798046
1391,93,1484,0.9373315363881402
984,437,1421,0.6924700914848698
1147,417,1564,0.7333759590792839
1083,384,1467,0.7382413087934561
1048,374,1422,0.7369901547116737
1161,394,1555,0.7466237942122187
1061,394,1455,0.7292096219931271
2893,83,2976,0.9721102150537635
1219,365,1584,0.7695707070707071
3268,64,3332,0.9807923169267707
181,102,283,0.6395759717314488
2964,129,3093,0.9582929194956353
985,500,1485,0.6632996632996633
1075,418,1493,0.7200267916945747
1314,223,1537,0.8549121665582303
1565,55,1620,0.9660493827160493
392,82,474,0.8270042194092827
977,408,1385,0.7054151624548737
3529,53,3582,0.9852037967615858
3920,74,3994,0.9814722083124687
935,431,1366,0.6844802342606149
1321,184,1505,0.8777408637873754
1101,491,1592,0.6915829145728644
200,161,361,0.554016620498615
969,432,1401,0.6916488222698073
197,167,364,0.5412087912087912
1313,142,1455,0.902405498281787
1147,396,1543,0.7433570965651328
27,112,139,0.19424460431654678
215,78,293,0.7337883959044369
4549,136,4685,0.9709711846318037
3142,123,3265,0.9623277182235834
871,90,961,0.9063475546305931
1099,393,1492,0.7365951742627346
993,373,1366,0.7269399707174231
4035,71,4106,0.9827082318558208
77,195,272,0.28308823529411764
1339,53,1392,0.9619252873563219
206,161,367,0.5613079019073569
1130,129,1259,0.897537728355838
1137,388,1525,0.7455737704918033
1091,398,1489,0.732706514439221
181,204,385,0.4701298701298701
212,179,391,0.5421994884910486
1079,391,1470,0.7340136054421769
1096,411,1507,0.7272727272727273
312,18,330,0.9454545454545454
2893,136,3029,0.9551006932981182
3136,125,3261,0.9616681999386691
5652,145,5797,0.9749870622735898
42,153,195,0.2153846153846154
1188,401,1589,0.7476400251730648
181,52,233,0.776824034334764
916,412,1328,0.6897590361445783
237,14,251,0.9442231075697212
1026,418,1444,0.7105263157894737
1880,101,1981,0.9490156486622918
955,427,1382,0.691027496382055
1154,433,1587,0.7271581600504096
1040,605,1645,0.6322188449848024
194,191,385,0.5038961038961038
2276,96,2372,0.9595278246205734
1063,445,1508,0.7049071618037135
212,217,429,0.49417249417249415
1050,411,1461,0.7186858316221766
962,419,1381,0.6965966690803765
1076,387,1463,0.735475051264525
2525,124,2649,0.9531898829747074
175,148,323,0.541795665634675
636,51,687,0.925764192139738
194,217,411,0.4720194647201946
1316,261,1577,0.8344958782498415
1312,148,1460,0.8986301369863013
806,117,923,0.8732394366197183
1033,383,1416,0.7295197740112994
1067,1000,2067,0.5162070633768747
433,107,540,0.8018518518518518
1540,87,1627,0.9465273509526736
1626,129,1755,0.9264957264957265
408,90,498,0.8192771084337349
1106,375,1481,0.7467927076299797
2219,47,2266,0.9792586054721977
1003,117,1120,0.8955357142857143
1197,43,1240,0.9653225806451613
1995,73,2068,0.9647001934235977
5318,143,5461,0.9738143197216627
1043,414,1457,0.7158544955387783
1028,384,1412,0.7280453257790368
1048,376,1424,0.7359550561797753
1019,446,1465,0.6955631399317406
1053,468,1521,0.6923076923076923
1005,388,1393,0.7214644651830582
1148,397,1545,0.7430420711974111
869,375,1244,0.6985530546623794
1005,436,1441,0.6974323386537127
120,12,132,0.9090909090909091
886,124,1010,0.8772277227722772
1020,412,1432,0.7122905027932961
165,164,329,0.5015197568389058
1096,386,1482,0.7395411605937922
1108,415,1523,0.7275114904793172
1155,954,2109,0.5476529160739687
1020,454,1474,0.6919945725915875
200,161,361,0.554016620498615
1079,398,1477,0.7305348679756263
2893,188,3081,0.9389808503732554
206,138,344,0.5988372093023255
1622,101,1723,0.9413813116656994
1067,624,1691,0.6309875813128326
203,162,365,0.5561643835616439
128,205,333,0.3843843843843844
1163,396,1559,0.7459910198845414
1049,384,1433,0.7320307048150733
1161,401,1562,0.7432778489116517
410,92,502,0.8167330677290837
1149,509,1658,0.6930036188178529
209,162,371,0.5633423180592992
433,93,526,0.8231939163498099
1094,411,1505,0.7269102990033223
45,122,167,0.2694610778443114
1025,402,1427,0.7182901191310441
203,183,386,0.5259067357512953
1151,418,1569,0.7335882727852135
1007,414,1421,0.7086558761435608
752,79,831,0.9049338146811071
1079,952,2031,0.5312653865091088
1026,403,1429,0.7179846046186145
1048,440,1488,0.7043010752688172
200,152,352,0.5681818181818182
1025,553,1578,0.6495564005069708
1151,114,1265,0.9098814229249012
1050,387,1437,0.7306889352818372
908,400,1308,0.6941896024464832
1117,592,1709,0.6535985956699825
1025,397,1422,0.7208157524613221
981,379,1360,0.7213235294117647
1031,445,1476,0.698509485094851
189,52,241,0.7842323651452282
5485,171,5656,0.9697666195190948
1164,419,1583,0.7353126974099811
41,194,235,0.17446808510638298
1174,53,1227,0.9568052159739201
1135,418,1553,0.7308435286542176
1849,127,1976,0.9357287449392713
1155,420,1575,0.7333333333333333
1111,438,1549,0.7172369270497095
1067,449,1516,0.7038258575197889
1100,434,1534,0.7170795306388527
1265,128,1393,0.9081119885139985
237,14,251,0.9442231075697212
792,125,917,0.8636859323882224
1055,388,1443,0.7311157311157311
4956,62,5018,0.9876444798724592
1031,520,1551,0.6647324306898775
1009,429,1438,0.7016689847009736
34,136,170,0.2
181,241,422,0.42890995260663506
993,398,1391,0.7138749101365924
1061,418,1479,0.7173766058147397
1080,468,1548,0.6976744186046512
237,14,251,0.9442231075697212
181,326,507,0.35700197238658776
1816,94,1910,0.9507853403141361
1011,446,1457,0.693891557995882
1066,396,1462,0.7291381668946648
181,246,427,0.4238875878220141
2477,52,2529,0.9794385132463425
411,98,509,0.8074656188605108
2342,66,2408,0.9725913621262459
1265,129,1394,0.9074605451936872
200,174,374,0.5347593582887701
1081,387,1468,0.7363760217983651
1055,377,1432,0.736731843575419
237,14,251,0.9442231075697212
1031,388,1419,0.7265680056377731
1786,58,1844,0.9685466377440347
1170,414,1584,0.7386363636363636
1062,373,1435,0.7400696864111498
10,130,140,0.07142857142857142
1097,429,1526,0.718872870249017
1472,117,1589,0.9263687853996224
208,37,245,0.8489795918367347
1601,52,1653,0.9685420447670902
1231,401,1632,0.7542892156862745
1352,231,1583,0.8540745420088439
1030,389,1419,0.7258632840028189
1022,417,1439,0.7102154273801251
206,188,394,0.5228426395939086
1111,394,1505,0.7382059800664452
200,179,379,0.5277044854881267
703,113,816,0.8615196078431373
120,12,132,0.9090909090909091
197,162,359,0.5487465181058496
206,176,382,0.5392670157068062
1010,421,1431,0.705800139762404
1038,385,1423,0.7294448348559381
1059,436,1495,0.7083612040133779
1061,420,1481,0.7164078325455773
181,93,274,0.6605839416058394
952,91,1043,0.912751677852349
5022,84,5106,0.9835487661574618
974,397,1371,0.7104303428154631
1137,450,1587,0.7164461247637051
1215,401,1616,0.7518564356435643
897,382,1279,0.7013291634089132
44,59,103,0.42718446601941745
1067,418,1485,0.7185185185185186
1314,218,1532,0.8577023498694517
398,93,491,0.8105906313645621
1313,184,1497,0.8770875083500334
893,462,1355,0.659040590405904
200,212,412,0.4854368932038835
1358,52,1410,0.9631205673758865
1040,410,1450,0.7172413793103448
827,49,876,0.9440639269406392
413,139,552,0.7481884057971014
1155,424,1579,0.7314756174794174
433,109,542,0.7988929889298892
409,167,576,0.7100694444444444
241,133,374,0.6443850267379679
1151,396,1547,0.7440206851971558
200,174,374,0.5347593582887701
976,394,1370,0.7124087591240876
1089,393,1482,0.7348178137651822
788,99,887,0.8883878241262683
1084,367,1451,0.7470709855272226
1048,373,1421,0.7375087966220971
1056,446,1502,0.7030625832223701
1013,388,1401,0.7230549607423269
2132,103,2235,0.9539149888143177
2584,168,2752,0.938953488372093
979,511,1490,0.6570469798657718
1106,398,1504,0.7353723404255319
958,48,1006,0.952286282306163
181,117,298,0.6073825503355704
1008,411,1419,0.7103594080338267
1042,436,1478,0.7050067658998647
181,252,433,0.418013856812933
203,217,420,0.48333333333333334
3369,123,3492,0.9647766323024055
237,14,251,0.9442231075697212
206,162,368,0.5597826086956522
1039,472,1511,0.6876240900066182
1055,424,1479,0.7133198106828939
1353,166,1519,0.8907175773535221
877,464,1341,0.6539895600298284
1096,462,1558,0.7034659820282413
996,414,1410,0.7063829787234043
1008,411,1419,0.7103594080338267
977,383,1360,0.7183823529411765
2118,54,2172,0.9751381215469613
1317,233,1550,0.8496774193548388
237,14,251,0.9442231075697212
1162,375,1537,0.7560182173064411
983,610,1593,0.6170747018204645
203,181,384,0.5286458333333334
1061,410,1471,0.7212780421481985
1101,73,1174,0.9378194207836457
3970,121,4091,0.9704228794915668
985,375,1360,0.7242647058823529
1036,399,1435,0.7219512195121951
1000,393,1393,0.7178750897343862
1158,396,1554,0.7451737451737451
1228,61,1289,0.9526764934057409
203,167,370,0.5486486486486486
773,60,833,0.9279711884753902
996,411,1407,0.7078891257995735
1349,243,1592,0.8473618090452262
724,114,838,0.863961813842482
1014,396,1410,0.7191489361702128
997,461,1458,0.6838134430727023
1145,411,1556,0.7358611825192802
203,217,420,0.48333333333333334
1317,151,1468,0.8971389645776566
2765,87,2852,0.9694950911640954
2584,145,2729,0.9468669842433126
1210,402,1612,0.750620347394541
3372,64,3436,0.9813736903376019
1090,403,1493,0.7300736771600804
403,100,503,0.8011928429423459
1116,417,1533,0.7279843444227005
194,174,368,0.5271739130434783
411,84,495,0.8303030303030303
2032,111,2143,0.9482034531031265
314,18,332,0.9457831325301205
935,39,974,0.9599589322381931
1046,954,2000,0.523
427,91,518,0.8243243243243243
989,385,1374,0.7197962154294032
4950,80,5030,0.9840954274353877
1147,490,1637,0.7006719609040929
1176,373,1549,0.7591994835377663
1028,578,1606,0.6400996264009963
1015,377,1392,0.7291666666666666
171,217,388,0.44072164948453607
3343,140,3483,0.9598047660063164
181,174,355,0.5098591549295775
205,57,262,0.7824427480916031
1119,396,1515,0.7386138613861386
426,82,508,0.8385826771653543
1067,394,1461,0.730321697467488
975,613,1588,0.6139798488664987
1053,388,1441,0.7307425399028452
181,100,281,0.6441281138790036
205,101,306,0.6699346405228758
1057,377,1434,0.7370990237099023
1966,68,2034,0.9665683382497542
1105,397,1502,0.7356857523302264
1062,415,1477,0.7190250507786052
985,418,1403,0.7020669992872416
997,397,1394,0.7152080344332855
596,139,735,0.8108843537414966
1053,414,1467,0.7177914110429447
953,419,1372,0.6946064139941691
1071,433,1504,0.7121010638297872
954,113,1067,0.8940955951265229
1131,405,1536,0.736328125
1312,207,1519,0.8637261356155366
1037,411,1448,0.7161602209944752
1003,611,1614,0.6214374225526642
194,170,364,0.532967032967033
944,532,1476,0.6395663956639567
18,141,159,0.11320754716981132
1044,463,1507,0.6927670869276709
1097,396,1493,0.7347622237106497
200,217,417,0.47961630695443647
1109,396,1505,0.7368770764119601
1289,183,1472,0.8756793478260869
4983,100,5083,0.980326578792052
1057,417,1474,0.7170963364993216
1045,407,1452,0.7196969696969697
181,128,309,0.5857605177993528
1147,412,1559,0.7357280307889673
1019,465,1484,0.6866576819407008
1219,90,1309,0.9312452253628725
2115,113,2228,0.949281867145422
128,199,327,0.39143730886850153
1114,409,1523,0.7314510833880499
1316,195,1511,0.870946393117141
305,18,323,0.9442724458204335
1012,404,1416,0.7146892655367232
7,135,142,0.04929577464788732
9,102,111,0.08108108108108109
200,206,406,0.49261083743842365
395,88,483,0.8178053830227743
1090,426,1516,0.7189973614775725
2838,47,2885,0.9837088388214905
181,193,374,0.4839572192513369
203,217,420,0.48333333333333334
2593,133,2726,0.9512105649303008
405,125,530,0.7641509433962265
209,217,426,0.49061032863849763
1086,410,1496,0.7259358288770054
1313,157,1470,0.8931972789115646
405,100,505,0.801980198019802
1317,147,1464,0.8995901639344263
1313,198,1511,0.8689609530112509
2710,71,2781,0.9744696152463143
1529,82,1611,0.9490999379267536
449,80,529,0.8487712665406427
995,397,1392,0.7147988505747126
181,118,299,0.6053511705685619
1041,404,1445,0.7204152249134949
408,103,511,0.7984344422700587
407,147,554,0.7346570397111913
1053,85,1138,0.9253075571177505
971,384,1355,0.7166051660516605
323,18,341,0.9472140762463344
1070,397,1467,0.7293796864349011
2109,47,2156,0.9782003710575139
1086,399,1485,0.7313131313131314
197,211,408,0.48284313725490197
985,375,1360,0.7242647058823529
3920,74,3994,0.9814722083124687
1693,138,1831,0.9246313489896232
206,217,423,0.48699763593380613
1116,401,1517,0.7356624917600527
404,143,547,0.7385740402193784
1096,394,1490,0.7355704697986577
988,393,1381,0.7154236060825488
1053,397,1450,0.7262068965517241
1053,436,1489,0.707186030893217
209,179,388,0.538659793814433
1060,520,1580,0.6708860759493671
1048,401,1449,0.7232574189095928
1005,429,1434,0.700836820083682
903,94,997,0.905717151454363
1053,412,1465,0.7187713310580205
398,84,482,0.8257261410788381
1050,373,1423,0.7378777231201686
1146,605,1751,0.6544831524842947
194,217,411,0.4720194647201946
4272,73,4345,0.983199079401611
304,18,322,0.9440993788819876
1053,402,1455,0.7237113402061855
1114,418,1532,0.7271540469973891
396,101,497,0.7967806841046278
215,162,377,0.5702917771883289
881,82,963,0.9148494288681205
1134,426,1560,0.7269230769230769
1358,52,1410,0.9631205673758865
1158,424,1582,0.7319848293299621
1033,406,1439,0.7178596247394023
203,212,415,0.4891566265060241
1212,396,1608,0.753731343283582
989,394,1383,0.7151120751988431
203,181,384,0.5286458333333334
1051,396,1447,0.7263303386316516
1087,394,1481,0.7339635381498987
1170,401,1571,0.7447485677912158
1096,506,1602,0.6841448189762797
1155,365,1520,0.7598684210526315
986,397,1383,0.7129428778018799
401,90,491,0.8167006109979633
182,116,298,0.610738255033557
974,921,1895,0.5139841688654354
1011,414,1425,0.7094736842105264
206,186,392,0.5255102040816326
1194,405,1599,0.7467166979362101
206,161,367,0.5613079019073569
120,12,132,0.9090909090909091
991,397,1388,0.7139769452449568
1024,394,1418,0.7221438645980254
979,448,1427,0.6860546601261388
1312,154,1466,0.8949522510231923
1129,394,1523,0.7413000656598818
57,199,256,0.22265625
191,217,408,0.4681372549019608
1176,507,1683,0.6987522281639929
403,121,524,0.7690839694656488
989,395,1384,0.7145953757225434
1041,364,1405,0.7409252669039146
1102,405,1507,0.7312541473125415
968,404,1372,0.7055393586005831
7,123,130,0.05384615384615385
1084,451,1535,0.7061889250814333
962,429,1391,0.6915887850467289
1045,392,1437,0.7272094641614475
1635,115,1750,0.9342857142857143
977,405,1382,0.7069464544138929
1031,56,1087,0.9484820607175714
127,194,321,0.3956386292834891
1871,82,1953,0.9580133128520225
1117,399,1516,0.7368073878627969
1059,411,1470,0.7204081632653061
1016,373,1389,0.7314614830813535
1063,530,1593,0.6672944130571249
1121,377,1498,0.7483311081441922
200,193,393,0.5089058524173028
128,162,290,0.4413793103448276
1085,411,1496,0.7252673796791443
1143,371,1514,0.7549537648612946
1407,26,1433,0.9818562456385206
910,375,1285,0.708171206225681
973,429,1402,0.6940085592011412
1317,249,1566,0.8409961685823755
1092,417,1509,0.7236580516898609
1322,345,1667,0.7930413917216557
1185,428,1613,0.7346559206447613
1315,274,1589,0.8275645059786029
395,131,526,0.7509505703422054
206,217,423,0.48699763593380613
1033,411,1444,0.7153739612188366
1364,399,1763,0.7736812251843449
402,78,480,0.8375
1085,417,1502,0.7223701731025299
1069,397,1466,0.7291950886766713
1089,397,1486,0.7328398384925976
1419,109,1528,0.9286649214659686
1006,404,1410,0.7134751773049646
1170,393,1563,0.7485604606525912
1111,401,1512,0.7347883597883598
1100,377,1477,0.7447528774542993
1092,455,1547,0.7058823529411765
1011,402,1413,0.7154989384288747
985,393,1378,0.7148040638606676
1142,577,1719,0.6643397324025596
1154,80,1234,0.9351701782820098
181,91,272,0.6654411764705882
995,397,1392,0.7147988505747126
203,223,426,0.4765258215962441
2894,77,2971,0.9740828004039044
1846,50,1896,0.9736286919831224
1313,209,1522,0.8626806833114323
393,89,482,0.8153526970954357
1312,189,1501,0.8740839440373085
1036,403,1439,0.7199444058373871
4042,123,4165,0.9704681872749099
999,397,1396,0.7156160458452722
203,217,420,0.48333333333333334
1066,429,1495,0.7130434782608696
2235,110,2345,0.9530916844349681
181,257,438,0.4132420091324201
203,181,384,0.5286458333333334
995,444,1439,0.6914523974982627
21,142,163,0.12883435582822086
1316,141,1457,0.9032258064516129
3264,169,3433,0.950771919603845
1000,414,1414,0.7072135785007072
694,104,798,0.8696741854636592
1644,123,1767,0.9303904923599321
1100,621,1721,0.6391632771644393
2523,71,2594,0.9726291441788744
1198,499,1697,0.7059516794342958
2630,86,2716,0.9683357879234168
1091,439,1530,0.7130718954248366
399,139,538,0.741635687732342
2319,102,2421,0.9578686493184635
212,161,373,0.5683646112600537
459,377,836,0.5490430622009569
1026,377,1403,0.7312900926585887
217,71,288,0.7534722222222222
985,394,1379,0.7142857142857143
1092,381,1473,0.7413441955193483
1125,401,1526,0.737221494102228
392,112,504,0.7777777777777778
1042,373,1415,0.7363957597173145
21,171,192,0.109375
5272,74,5346,0.9861578750467639
1312,136,1448,0.9060773480662984
1075,407,1482,0.7253711201079622
892,38,930,0.9591397849462365
2584,142,2726,0.9479090242112986
1074,440,1514,0.7093791281373845
1861,126,1987,0.9365878208354304
1070,457,1527,0.7007203667321545
203,183,386,0.5259067357512953
977,412,1389,0.7033837293016558
1077,393,1470,0.7326530612244898
1609,94,1703,0.9448032883147387
1315,260,1575,0.834920634920635
926,91,1017,0.9105211406096362
200,138,338,0.591715976331361
1112,373,1485,0.7488215488215488
1016,393,1409,0.7210787792760823
298,18,316,0.9430379746835443
951,435,1386,0.6861471861471862
1314,136,1450,0.9062068965517242
398,95,493,0.8073022312373225
2513,150,2663,0.9436725497559144
404,105,509,0.793713163064833
1259,456,1715,0.7341107871720116
1177,395,1572,0.7487277353689568
981,520,1501,0.653564290473018
395,112,507,0.7790927021696252
1169,409,1578,0.7408111533586819
2175,71,2246,0.9683882457702583
308,18,326,0.9447852760736196
1068,400,1468,0.7275204359673024
1301,88,1389,0.9366450683945284
1158,439,1597,0.7251095804633688
1092,375,1467,0.7443762781186094
421,86,507,0.8303747534516766
1195,456,1651,0.7238037552998183
1003,405,1408,0.7123579545454546
192,48,240,0.8
317,18,335,0.9462686567164179
1057,405,1462,0.7229822161422709
1109,500,1609,0.6892479801118707
1071,433,1504,0.7121010638297872
1158,377,1535,0.7543973941368078
408,81,489,0.8343558282208589
1961,91,2052,0.9556530214424951
2059,137,2196,0.9376138433515483
1124,429,1553,0.7237604636188023
316,18,334,0.9461077844311377
1161,397,1558,0.745186136071887
1212,69,1281,0.9461358313817331
1090,438,1528,0.7133507853403142
997,440,1437,0.6938065414057063
951,396,1347,0.7060133630289532
414,105,519,0.7976878612716763
1202,401,1603,0.7498440424204617
2322,74,2396,0.9691151919866444
1079,411,1490,0.7241610738255033
126,203,329,0.3829787234042553
906,99,1005,0.9014925373134328
1066,429,1495,0.7130434782608696
964,391,1355,0.7114391143911439
1712,111,1823,0.9391113549094898
1347,413,1760,0.7653409090909091
1117,459,1576,0.708756345177665
206,162,368,0.5597826086956522
1097,397,1494,0.7342704149933066
1012,394,1406,0.7197724039829303
984,395,1379,0.7135605511240029
1287,514,1801,0.7146029983342588
2349,71,2420,0.9706611570247934
405,85,490,0.826530612244898
181,143,324,0.558641975308642
415,102,517,0.8027079303675049
42,146,188,0.22340425531914893
197,167,364,0.5412087912087912
1130,572,1702,0.663924794359577
664,102,766,0.8668407310704961
973,377,1350,0.7207407407407408
1265,397,1662,0.7611311672683514
944,392,1336,0.7065868263473054
206,217,423,0.48699763593380613
116,78,194,0.5979381443298969
1086,680,1766,0.6149490373725934
391,107,498,0.785140562248996
209,167,376,0.5558510638297872
1128,405,1533,0.735812133072407
1050,406,1456,0.7211538461538461
852,102,954,0.8930817610062893
1132,396,1528,0.7408376963350786
971,385,1356,0.7160766961651918
1313,196,1509,0.8701126573889993
1019,448,1467,0.6946148602590321
4760,64,4824,0.9867330016583747
3378,72,3450,0.9791304347826087
401,95,496,0.8084677419354839
1911,93,2004,0.9535928143712575
408,126,534,0.7640449438202247
1110,397,1507,0.7365627073656271
399,89,488,0.8176229508196722
81,181,262,0.30916030534351147
1112,502,1614,0.6889714993804213
172,64,236,0.7288135593220338
1890,92,1982,0.9535822401614531
181,189,370,0.4891891891891892
3367,128,3495,0.9633762517882689
2327,28,2355,0.9881104033970276
203,189,392,0.5178571428571429
203,217,420,0.48333333333333334
1123,380,1503,0.7471723220226214
1117,392,1509,0.7402253147779987
197,217,414,0.4758454106280193
321,95,416,0.7716346153846154
977,103,1080,0.9046296296296297
1090,380,1470,0.7414965986394558
212,110,322,0.6583850931677019
1085,453,1538,0.7054616384915474
1455,50,1505,0.9667774086378738
1034,395,1429,0.7235829251224632
1314,164,1478,0.8890392422192152
171,95,266,0.6428571428571429
1204,412,1616,0.745049504950495
1064,398,1462,0.7277701778385773
964,396,1360,0.7088235294117647
1970,103,2073,0.9503135552339604
984,414,1398,0.703862660944206
1170,396,1566,0.7471264367816092
1146,536,1682,0.6813317479191439
934,386,1320,0.7075757575757575
991,429,1420,0.6978873239436619
1070,409,1479,0.7234617985125085
992,381,1373,0.7225054624908959
10,170,180,0.05555555555555555
1319,185,1504,0.8769946808510638
982,409,1391,0.7059669302659957
1045,384,1429,0.7312806158152554
413,88,501,0.8243512974051896
412,95,507,0.8126232741617357
1165,405,1570,0.7420382165605095
848,62,910,0.9318681318681319
197,183,380,0.5184210526315789
1118,418,1536,0.7278645833333334
1112,408,1520,0.7315789473684211
427,94,521,0.8195777351247601
1022,394,1416,0.7217514124293786
982,397,1379,0.7121102248005802
4321,52,4373,0.9881088497598902
181,110,291,0.6219931271477663
1170,401,1571,0.7447485677912158
1521,65,1586,0.9590163934426229
157,196,353,0.4447592067988669
3048,118,3166,0.9627289955780164
987,375,1362,0.724669603524229
675,78,753,0.896414342629482
395,95,490,0.8061224489795918
212,205,417,0.5083932853717026
120,12,132,0.9090909090909091
215,167,382,0.56282722513089
1070,396,1466,0.7298772169167803
955,396,1351,0.7068837897853442
91,16,107,0.8504672897196262
1629,115,1744,0.9340596330275229
2213,37,2250,0.9835555555555555
439,112,551,0.7967332123411979
983,390,1373,0.7159504734158776
912,94,1006,0.9065606361829026
849,69,918,0.9248366013071896
3357,125,3482,0.9641010913268236
181,100,281,0.6441281138790036
1079,594,1673,0.6449491930663479
488,110,598,0.8160535117056856
1042,411,1453,0.717136958017894
1307,396,1703,0.7674691720493247
408,152,560,0.7285714285714285
400,106,506,0.7905138339920948
206,217,423,0.48699763593380613
1288,519,1807,0.7127836192584394
1098,536,1634,0.6719706242350061
1105,417,1522,0.7260183968462549
3762,98,3860,0.9746113989637306
1134,414,1548,0.7325581395348837
194,217,411,0.4720194647201946
181,143,324,0.558641975308642
55,109,164,0.3353658536585366
1316,222,1538,0.8556566970091027
998,460,1458,0.6844993141289437
1073,547,1620,0.6623456790123456
998,418,1416,0.7048022598870056
1108,463,1571,0.7052832590706556
962,379,1341,0.7173750932140194
1099,401,1500,0.7326666666666667
1314,207,1521,0.863905325443787
977,555,1532,0.6377284595300261
1112,429,1541,0.7216093445814407
1022,491,1513,0.6754791804362195
1055,98,1153,0.9150043365134432
307,18,325,0.9446153846153846
1009,422,1431,0.7051013277428372
1094,391,1485,0.7367003367003367
964,444,1408,0.6846590909090909
385,148,533,0.7223264540337712
120,12,132,0.9090909090909091
181,155,336,0.5386904761904762
206,217,423,0.48699763593380613
1119,395,1514,0.739101717305152
1034,394,1428,0.7240896358543417
2556,88,2644,0.9667170953101362
1721,70,1791,0.9609156895589056
1008,383,1391,0.7246585190510424
33,66,99,0.3333333333333333
1846,83,1929,0.9569725246241576
314,18,332,0.9457831325301205
209,217,426,0.49061032863849763
2247,178,2425,0.9265979381443299
414,75,489,0.8466257668711656
1154,69,1223,0.9435813573180704
958,82,1040,0.9211538461538461
914,93,1007,0.9076464746772592
1077,395,1472,0.7316576086956522
987,396,1383,0.7136659436008677
1314,206,1520,0.8644736842105263
1393,489,1882,0.7401700318809776
2584,141,2725,0.948256880733945
426,101,527,0.8083491461100569
302,123,425,0.7105882352941176
206,179,385,0.535064935064935
181,126,307,0.5895765472312704
975,414,1389,0.7019438444924406
1119,409,1528,0.7323298429319371
994,406,1400,0.71
1114,434,1548,0.7196382428940569
1013,393,1406,0.7204836415362731
388,90,478,0.8117154811715481
487,100,587,0.8296422487223168
421,100,521,0.8080614203454894
200,167,367,0.5449591280653951
1038,378,1416,0.7330508474576272
1064,424,1488,0.7150537634408602
1094,391,1485,0.7367003367003367
952,434,1386,0.6868686868686869
200,183,383,0.5221932114882507
1115,409,1524,0.7316272965879265
1274,401,1675,0.7605970149253731
2605,103,2708,0.9619645494830132
1358,65,1423,0.9543218552354181
60,76,136,0.4411764705882353
242,79,321,0.7538940809968847
209,217,426,0.49061032863849763
209,217,426,0.49061032863849763
203,217,420,0.48333333333333334
1670,52,1722,0.9698025551684089
1616,71,1687,0.9579134558387671
212,165,377,0.5623342175066313
1149,385,1534,0.7490221642764016
1029,52,1081,0.9518963922294172
212,217,429,0.49417249417249415
791,64,855,0.9251461988304094
402,83,485,0.8288659793814434
428,117,545,0.7853211009174312
1061,434,1495,0.7096989966555184
956,405,1361,0.7024246877296105
1282,419,1701,0.7536743092298648
976,395,1371,0.711889132020423
1312,213,1525,0.860327868852459
1167,395,1562,0.7471190781049936
997,429,1426,0.6991584852734923
1351,152,1503,0.8988689288090486
992,420,1412,0.7025495750708215
181,112,293,0.6177474402730375
2937,86,3023,0.9715514389679126
1337,450,1787,0.7481813094571909
986,393,1379,0.7150108774474256
1263,428,1691,0.7468953282081608
975,376,1351,0.7216876387860843
1028,429,1457,0.7055593685655457
1351,222,1573,0.8588684043229498
1019,389,1408,0.7237215909090909
385,74,459,0.8387799564270153
417,122,539,0.7736549165120594
964,392,1356,0.7109144542772862
1123,398,1521,0.7383300460223537
1014,405,1419,0.7145877378435518
235,78,313,0.7507987220447284
1387,120,1507,0.920371599203716
1017,456,1473,0.6904276985743381
181,176,357,0.5070028011204482
888,393,1281,0.6932084309133489
396,111,507,0.7810650887573964
181,112,293,0.6177474402730375
400,141,541,0.7393715341959335
1312,141,1453,0.9029593943565037
1317,233,1550,0.8496774193548388
1172,409,1581,0.7413029728020241
248,130,378,0.656084656084656
396,110,506,0.782608695652174
1032,398,1430,0.7216783216783217
1053,394,1447,0.7277125086385625
181,174,355,0.5098591549295775
1089,460,1549,0.7030342156229825
1171,418,1589,0.736941472624292
165,171,336,0.49107142857142855
913,394,1307,0.6985462892119357
1078,444,1522,0.7082785808147175
393,87,480,0.81875
1131,442,1573,0.71900826446281
209,183,392,0.5331632653061225
1319,178,1497,0.8810955243820975
1127,429,1556,0.724293059125964
1016,406,1422,0.7144866385372715
984,489,1473,0.6680244399185336
399,123,522,0.764367816091954
388,98,486,0.7983539094650206
1090,388,1478,0.7374830852503383
398,116,514,0.77431906614786
1121,446,1567,0.7153797064454371
2030,458,2488,0.8159163987138264
1163,35,1198,0.9707846410684474
1048,394,1442,0.7267683772538142
1568,80,1648,0.9514563106796117
1450,68,1518,0.9552042160737813
1078,491,1569,0.687061822817081
1151,378,1529,0.7527795945062132
200,217,417,0.47961630695443647
1313,231,1544,0.8503886010362695
194,183,377,0.5145888594164456
2029,88,2117,0.9584317430325933
992,398,1390,0.7136690647482015
952,82,1034,0.9206963249516441
200,183,383,0.5221932114882507
972,396,1368,0.7105263157894737
1009,375,1384,0.7290462427745664
9,137,146,0.06164383561643835
1127,385,1512,0.7453703703703703
408,118,526,0.7756653992395437
1025,383,1408,0.7279829545454546
1110,420,1530,0.7254901960784313
389,131,520,0.7480769230769231
1080,429,1509,0.7157057654075547
1119,534,1653,0.676950998185118
1121,479,1600,0.700625
1092,382,1474,0.7408412483039348
1279,457,1736,0.7367511520737328
1020,429,1449,0.7039337474120083
1100,627,1727,0.6369426751592356
785,35,820,0.9573170731707317
1046,419,1465,0.7139931740614335
200,217,417,0.47961630695443647
181,107,288,0.6284722222222222
1085,395,1480,0.7331081081081081
1079,385,1464,0.7370218579234973
1078,396,1474,0.7313432835820896
1011,419,1430,0.706993006993007
1071,394,1465,0.7310580204778157
983,536,1519,0.6471362738643844
397,116,513,0.7738791423001949
1049,397,1446,0.7254495159059474
985,393,1378,0.7148040638606676
1125,412,1537,0.7319453480806767
1155,398,1553,0.7437218287186091
1059,411,1470,0.7204081632653061
1091,391,1482,0.7361673414304993
396,92,488,0.8114754098360656
414,86,500,0.828
433,122,555,0.7801801801801802
986,460,1446,0.681881051175657
947,523,1470,0.64421768707483
740,114,854,0.8665105386416861
1007,379,1386,0.7265512265512265
1290,428,1718,0.7508731082654249
1044,708,1752,0.5958904109589042
2603,66,2669,0.9752716373173473
200,162,362,0.5524861878453039
4010,67,4077,0.9835663478047584
1156,411,1567,0.7377153797064454
4722,134,4856,0.9724052718286655
1134,429,1563,0.72552783109405
4576,87,4663,0.9813424833797985
1123,396,1519,0.739302172481896
1677,99,1776,0.9442567567567568
394,112,506,0.7786561264822134
1191,416,1607,0.7411325451151214
1043,391,1434,0.7273361227336123
1104,468,1572,0.7022900763358778
399,93,492,0.8109756097560976
1090,396,1486,0.7335127860026918
1290,396,1686,0.7651245551601423
206,212,418,0.49282296650717705
730,65,795,0.9182389937106918
3926,68,3994,0.9829744616925388
1105,433,1538,0.7184655396618985
413,186,599,0.6894824707846411
181,140,321,0.5638629283489096
1041,421,1462,0.7120383036935705
1075,130,1205,0.8921161825726142
194,157,351,0.5527065527065527
2600,94,2694,0.9651076466221232
1029,408,1437,0.7160751565762005
1320,199,1519,0.8689927583936801
1119,378,1497,0.7474949899799599
1051,429,1480,0.7101351351351352
1318,240,1558,0.8459563543003851
1105,427,1532,0.7212793733681462
1104,380,1484,0.7439353099730458
396,107,503,0.7872763419483101
212,183,395,0.5367088607594936
212,162,374,0.5668449197860963
990,643,1633,0.6062461726883037
396,101,497,0.7967806841046278
1039,383,1422,0.7306610407876231
1141,403,1544,0.7389896373056994
16,177,193,0.08290155440414508
1622,149,1771,0.9158667419536984
173,210,383,0.4516971279373368
928,93,1021,0.9089128305582762
197,217,414,0.4758454106280193
991,446,1437,0.6896311760612387
42,128,170,0.24705882352941178
181,217,398,0.4547738693467337
1207,403,1610,0.7496894409937889
215,167,382,0.56282722513089
181,108,289,0.6262975778546713
389,116,505,0.7702970297029703
2584,146,2730,0.9465201465201465
401,94,495,0.8101010101010101
1137,421,1558,0.7297817715019256
1124,401,1525,0.7370491803278688
3695,77,3772,0.9795864262990456
1118,402,1520,0.7355263157894737
203,217,420,0.48333333333333334
1193,429,1622,0.7355117139334155
795,68,863,0.9212050984936269
404,104,508,0.7952755905511811
501,67,568,0.8820422535211268
120,12,132,0.9090909090909091
203,211,414,0.49033816425120774
412,118,530,0.7773584905660378
23,172,195,0.11794871794871795
398,99,497,0.8008048289738431
1312,251,1563,0.8394113883557262
1745,74,1819,0.9593183067619572
405,103,508,0.797244094488189
416,96,512,0.8125
401,112,513,0.7816764132553606
965,524,1489,0.6480859637340497
401,89,490,0.8183673469387756
1102,638,1740,0.6333333333333333
1030,423,1453,0.7088781830695113
989,411,1400,0.7064285714285714
1314,206,1520,0.8644736842105263
999,424,1423,0.702037947997189
9,162,171,0.05263157894736842
413,84,497,0.8309859154929577
206,162,368,0.5597826086956522
394,126,520,0.7576923076923077
1970,111,2081,0.9466602594906295
1029,379,1408,0.7308238636363636
950,431,1381,0.6879073135409124
1163,396,1559,0.7459910198845414
1313,232,1545,0.8498381877022654
1641,137,1778,0.9229471316085489
1151,379,1530,0.7522875816993464
1062,422,1484,0.715633423180593
1080,429,1509,0.7157057654075547
206,217,423,0.48699763593380613
390,132,522,0.7471264367816092
1059,454,1513,0.6999339061467283
1027,396,1423,0.7217146872803936
1313,156,1469,0.8938053097345132
1042,397,1439,0.7241139680333565
1049,396,1445,0.7259515570934256
1321,183,1504,0.8783244680851063
206,162,368,0.5597826086956522
203,162,365,0.5561643835616439
1124,401,1525,0.7370491803278688
1118,574,1692,0.6607565011820331
181,110,291,0.6219931271477663
1029,396,1425,0.7221052631578947
394,78,472,0.8347457627118644
1025,396,1421,0.7213230119634061
1049,421,1470,0.7136054421768707
398,87,485,0.8206185567010309
2204,45,2249,0.9799911071587372
3936,83,4019,0.9793480965414282
2320,67,2387,0.9719312945119397
1181,388,1569,0.7527087316762269
437,104,541,0.8077634011090573
181,95,276,0.6557971014492754
1111,563,1674,0.6636798088410991
200,217,417,0.47961630695443647
1304,49,1353,0.9637841832963784
197,211,408,0.48284313725490197
395,101,496,0.7963709677419355
1091,402,1493,0.7307434695244475
1067,378,1445,0.7384083044982699
389,127,516,0.7538759689922481
1122,397,1519,0.7386438446346281
1029,401,1430,0.7195804195804196
1123,412,1535,0.7315960912052117
218,179,397,0.5491183879093199
1023,401,1424,0.7183988764044944
1161,429,1590,0.730188679245283
2284,77,2361,0.9673867005506142
1011,419,1430,0.706993006993007
1100,377,1477,0.7447528774542993
405,77,482,0.8402489626556017
421,166,587,0.717206132879046
1135,450,1585,0.7160883280757098
200,205,405,0.49382716049382713
1047,461,1508,0.6942970822281167
1061,409,1470,0.7217687074829932
1318,218,1536,0.8580729166666666
1148,385,1533,0.7488584474885844
1058,409,1467,0.7211997273346966
206,162,368,0.5597826086956522
1311,216,1527,0.8585461689587426
989,428,1417,0.6979534227240649
308,18,326,0.9447852760736196
1125,433,1558,0.7220795892169448
169,164,333,0.5075075075075075
1354,179,1533,0.883235485975212
404,103,507,0.796844181459566
1034,401,1435,0.7205574912891987
403,92,495,0.8141414141414142
403,85,488,0.8258196721311475
3264,101,3365,0.9699851411589896
1313,130,1443,0.9099099099099099
203,169,372,0.5456989247311828
406,137,543,0.7476979742173112
1117,388,1505,0.7421926910299004
793,53,846,0.9373522458628841
2665,48,2713,0.9823074087725765
1094,429,1523,0.7183191070256073
405,84,489,0.8282208588957055
1122,393,1515,0.7405940594059406
181,186,367,0.49318801089918257
935,429,1364,0.6854838709677419
1109,448,1557,0.7122671804752729
1010,421,1431,0.705800139762404
402,81,483,0.8322981366459627
1033,418,1451,0.7119228118538938
402,91,493,0.8154158215010142
392,97,489,0.8016359918200409
181,130,311,0.5819935691318328
400,121,521,0.7677543186180422
940,371,1311,0.7170099160945843
2272,106,2378,0.9554247266610597
1135,566,1701,0.6672545561434451
1659,101,1760,0.9426136363636364
411,84,495,0.8303030303030303
1001,404,1405,0.7124555160142348
1014,405,1419,0.7145877378435518
405,102,507,0.7988165680473372
1078,393,1471,0.7328348062542488
1602,96,1698,0.9434628975265018
1105,437,1542,0.7166018158236057
206,162,368,0.5597826086956522
2294,127,2421,0.9475423378769103
1052,429,1481,0.7103308575286968
213,58,271,0.7859778597785978
710,132,842,0.8432304038004751
54,115,169,0.31952662721893493
1111,458,1569,0.7080943275971957
1118,375,1493,0.7488278633623576
413,85,498,0.8293172690763052
409,96,505,0.80990099009901
1124,401,1525,0.7370491803278688
466,90,556,0.8381294964028777
1306,92,1398,0.9341917024320457
1875,57,1932,0.9704968944099379
403,107,510,0.7901960784313725
2453,130,2583,0.9496709252806814
1127,427,1554,0.7252252252252253
1175,412,1587,0.7403906742281033
393,87,480,0.81875
1314,189,1503,0.874251497005988
120,12,132,0.9090909090909091
206,161,367,0.5613079019073569
120,12,132,0.9090909090909091
1040,401,1441,0.7217210270645386
165,182,347,0.4755043227665706
395,98,493,0.8012170385395537
1090,411,1501,0.72618254497002
413,107,520,0.7942307692307692
1175,438,1613,0.7284562926224426
3082,140,3222,0.9565487274984482
2084,29,2113,0.9862754377662092
1182,396,1578,0.7490494296577946
400,89,489,0.8179959100204499
989,426,1415,0.6989399293286219
393,90,483,0.8136645962732919
1074,415,1489,0.7212894560107455
1119,391,1510,0.7410596026490066
1134,407,1541,0.735885788449059
209,162,371,0.5633423180592992
173,163,336,0.5148809523809523
398,89,487,0.8172484599589322
2584,191,2775,0.9311711711711712
120,12,132,0.9090909090909091
411,145,556,0.7392086330935251
1315,201,1516,0.8674142480211082
408,93,501,0.8143712574850299
200,183,383,0.5221932114882507
1135,412,1547,0.733678086619263
1193,429,1622,0.7355117139334155
403,117,520,0.775
958,407,1365,0.7018315018315018
1714,81,1795,0.954874651810585
1368,142,1510,0.9059602649006623
1585,170,1755,0.9031339031339032
397,170,567,0.7001763668430335
1859,163,2022,0.9193867457962414
405,95,500,0.81
412,105,517,0.7969052224371374
2467,88,2555,0.9655577299412916
413,114,527,0.7836812144212524
181,131,312,0.5801282051282052
387,98,485,0.797938144329897
1098,547,1645,0.6674772036474164
1984,136,2120,0.9358490566037736
1022,394,1416,0.7217514124293786
1190,427,1617,0.7359307359307359
1062,521,1583,0.6708780795957043
209,217,426,0.49061032863849763
1128,460,1588,0.7103274559193955
1039,556,1595,0.65141065830721
7,146,153,0.0457516339869281
1171,442,1613,0.7259764414135151
400,88,488,0.819672131147541
1742,90,1832,0.9508733624454149
1111,387,1498,0.7416555407209613
899,120,1019,0.8822374877330716
2343,97,2440,0.9602459016393443
438,98,536,0.8171641791044776
954,410,1364,0.6994134897360704
1330,413,1743,0.7630522088353414
2613,147,2760,0.9467391304347826
1700,90,1790,0.9497206703910615
1628,175,1803,0.9029395452024404
1103,405,1508,0.7314323607427056
897,100,997,0.8996990972918756
1838,160,1998,0.91991991991992
1108,625,1733,0.6393537218695903
408,117,525,0.7771428571428571
2788,44,2832,0.9844632768361582
1037,419,1456,0.7122252747252747
181,95,276,0.6557971014492754
1317,196,1513,0.8704560475875743
20,170,190,0.10526315789473684
1132,388,1520,0.7447368421052631
1133,136,1269,0.8928289992119779
751,111,862,0.87122969837587
181,264,445,0.4067415730337079
169,172,341,0.49560117302052786
387,169,556,0.6960431654676259
1121,532,1653,0.6781609195402298
2684,93,2777,0.9665106229744328
194,217,411,0.4720194647201946
87,62,149,0.5838926174496645
998,397,1395,0.7154121863799283
1007,394,1401,0.7187723054960742
203,217,420,0.48333333333333334
318,294,612,0.5196078431372549
1197,407,1604,0.7462593516209476
1169,411,1580,0.7398734177215189
736,114,850,0.8658823529411764
1066,396,1462,0.7291381668946648
1314,164,1478,0.8890392422192152
1040,401,1441,0.7217210270645386
1315,148,1463,0.898838004101162
404,132,536,0.753731343283582
1135,488,1623,0.6993222427603204
91,16,107,0.8504672897196262
3634,209,3843,0.945615404631798
401,130,531,0.7551789077212806
1145,405,1550,0.7387096774193549
1797,120,1917,0.9374021909233177
1075,396,1471,0.7307953772943576
3113,197,3310,0.9404833836858006
1148,407,1555,0.7382636655948553
1265,428,1693,0.7471943295924395
1315,194,1509,0.8714380384360504
1038,420,1458,0.7119341563786008
1168,423,1591,0.7341294783155248
408,129,537,0.7597765363128491
1696,115,1811,0.9364991717283269
175,56,231,0.7575757575757576
404,113,517,0.781431334622824
1093,416,1509,0.7243207422133864
1015,586,1601,0.6339787632729544
1085,397,1482,0.7321187584345479
181,125,306,0.5915032679738562
120,12,132,0.9090909090909091
955,402,1357,0.7037582903463523
1098,401,1499,0.7324883255503669
1058,400,1458,0.7256515775034293
433,97,530,0.8169811320754717
1134,429,1563,0.72552783109405
3292,138,3430,0.9597667638483965
197,217,414,0.4758454106280193
385,79,464,0.8297413793103449
1288,571,1859,0.692845615922539
1263,160,1423,0.8875614898102601
12,184,196,0.061224489795918366
446,76,522,0.8544061302681992
1073,376,1449,0.7405106970324362
1007,401,1408,0.7151988636363636
203,138,341,0.5953079178885631
1044,406,1450,0.72
401,87,488,0.8217213114754098
1247,421,1668,0.7476019184652278
400,103,503,0.7952286282306164
949,89,1038,0.9142581888246628
1045,396,1441,0.7251908396946565
929,95,1024,0.9072265625
1095,415,1510,0.7251655629139073
1316,130,1446,0.9100968188105117
206,205,411,0.5012165450121655
1056,417,1473,0.7169042769857433
197,179,376,0.523936170212766
206,162,368,0.5597826086956522
421,149,570,0.7385964912280701
181,132,313,0.5782747603833865
3942,146,4088,0.9642857142857143
1131,412,1543,0.7329876863253403
3549,50,3599,0.9861072520144485
1355,209,1564,0.8663682864450127
1175,426,1601,0.7339163023110555
406,98,504,0.8055555555555556
407,151,558,0.7293906810035843
403,147,550,0.7327272727272728
395,81,476,0.8298319327731093
1212,377,1589,0.7627438640654499
398,81,479,0.8308977035490606
1074,385,1459,0.7361206305688828
422,82,504,0.8373015873015873
879,79,958,0.9175365344467641
1117,446,1563,0.7146513115802943
416,151,567,0.7336860670194003
407,91,498,0.8172690763052208
1020,396,1416,0.7203389830508474
328,18,346,0.9479768786127167
1313,166,1479,0.887762001352265
1118,410,1528,0.731675392670157
2059,100,2159,0.953682260305697
391,103,494,0.791497975708502
197,217,414,0.4758454106280193
209,183,392,0.5331632653061225
1043,411,1454,0.717331499312242
324,18,342,0.9473684210526315
1306,42,1348,0.9688427299703264
206,211,417,0.4940047961630695
1591,77,1668,0.9538369304556354
1013,411,1424,0.711376404494382
1058,395,1453,0.7281486579490709
1080,378,1458,0.7407407407407407
1138,411,1549,0.7346675274370562
63,136,199,0.3165829145728643
436,169,605,0.7206611570247934
203,191,394,0.5152284263959391
724,160,884,0.8190045248868778
1061,415,1476,0.7188346883468835
397,94,491,0.8085539714867617
1082,438,1520,0.7118421052631579
2584,130,2714,0.9521002210759028
1024,429,1453,0.70474879559532
388,88,476,0.8151260504201681
200,193,393,0.5089058524173028
212,179,391,0.5421994884910486
1078,430,1508,0.7148541114058355
1032,396,1428,0.7226890756302521
406,104,510,0.796078431372549
1312,163,1475,0.8894915254237288
391,83,474,0.8248945147679325
1073,396,1469,0.730428863172226
1940,110,2050,0.9463414634146341
393,86,479,0.8204592901878914
392,85,477,0.8218029350104822
1315,158,1473,0.8927359131025119
212,162,374,0.5668449197860963
1147,423,1570,0.7305732484076433
1159,429,1588,0.7298488664987406
463,113,576,0.8038194444444444
985,414,1399,0.7040743388134382
1118,384,1502,0.7443408788282291
1042,403,1445,0.7211072664359861
7,145,152,0.046052631578947366
200,138,338,0.591715976331361
1116,396,1512,0.7380952380952381
1312,126,1438,0.9123783031988874
810,84,894,0.9060402684563759
3815,139,3954,0.9648457258472433
1052,405,1457,0.7220315717227179
403,109,512,0.787109375
1054,407,1461,0.7214236824093087
181,273,454,0.3986784140969163
212,217,429,0.49417249417249415
392,160,552,0.7101449275362319
422,109,531,0.7947269303201506
1320,213,1533,0.8610567514677103
1094,394,1488,0.7352150537634409
1865,124,1989,0.9376571141277024
767,120,887,0.8647125140924464
1059,416,1475,0.7179661016949153
997,457,1454,0.6856946354883081
405,99,504,0.8035714285714286
181,266,447,0.40492170022371365
1095,373,1468,0.7459128065395095
1017,419,1436,0.708217270194986
974,375,1349,0.7220163083765753
197,183,380,0.5184210526315789
197,217,414,0.4758454106280193
120,12,132,0.9090909090909091
1086,418,1504,0.7220744680851063
8,173,181,0.04419889502762431
1296,103,1399,0.9263759828448892
1072,414,1486,0.721399730820996
1314,169,1483,0.8860418071476737
1142,408,1550,0.7367741935483871
1150,378,1528,0.7526178010471204
1081,382,1463,0.7388926862611073
436,77,513,0.8499025341130604
209,148,357,0.5854341736694678
2393,73,2466,0.9703974047039741
209,217,426,0.49061032863849763
1160,391,1551,0.7479045776918117
1119,397,1516,0.7381266490765171
1224,433,1657,0.7386843693421846
1081,388,1469,0.7358747447243023
1078,468,1546,0.6972833117723156
1784,64,1848,0.9653679653679653
1151,420,1571,0.7326543602800764
1316,171,1487,0.8850033624747814
1139,385,1524,0.7473753280839895
1212,377,1589,0.7627438640654499
392,118,510,0.7686274509803922
1100,424,1524,0.7217847769028871
1134,91,1225,0.9257142857142857
411,88,499,0.8236472945891784
1048,429,1477,0.7095463777928233
1135,420,1555,0.729903536977492
1048,439,1487,0.7047747141896435
400,127,527,0.7590132827324478
1048,429,1477,0.7095463777928233
1179,396,1575,0.7485714285714286
1109,419,1528,0.7257853403141361
1034,404,1438,0.7190542420027817
1313,147,1460,0.8993150684931507
1035,482,1517,0.6822676334871457
1053,403,1456,0.7232142857142857
992,411,1403,0.707056307911618
1072,379,1451,0.7388008270158511
408,90,498,0.8192771084337349
2618,64,2682,0.9761372110365399
1077,420,1497,0.7194388777555111
1086,418,1504,0.7220744680851063
1143,393,1536,0.744140625
1212,404,1616,0.75
1120,414,1534,0.7301173402868318
1085,418,1503,0.7218895542248835
1110,409,1519,0.7307439104674127
1315,197,1512,0.8697089947089947
1357,93,1450,0.9358620689655173
398,90,488,0.8155737704918032
1349,157,1506,0.8957503320053121
206,166,372,0.553763440860215
1186,423,1609,0.7371037911746426
400,82,482,0.8298755186721992
1013,436,1449,0.6991028295376122
181,108,289,0.6262975778546713
1166,42,1208,0.9652317880794702
181,125,306,0.5915032679738562
200,183,383,0.5221932114882507
1106,394,1500,0.7373333333333333
402,126,528,0.7613636363636364
1135,393,1528,0.7428010471204188
1091,435,1526,0.7149410222804718
1093,383,1476,0.7405149051490515
1318,161,1479,0.8911426639621366
1117,531,1648,0.6777912621359223
1312,153,1465,0.8955631399317406
1419,53,1472,0.9639945652173914
1031,85,1116,0.9238351254480287
1683,113,1796,0.9370824053452116
1213,397,1610,0.753416149068323
35,110,145,0.2413793103448276
1161,418,1579,0.7352754908169727
1039,411,1450,0.716551724137931
1086,410,1496,0.7259358288770054
181,169,350,0.5171428571428571
1247,496,1743,0.7154331612162937
825,66,891,0.9259259259259259
181,116,297,0.6094276094276094
2408,101,2509,0.9597449182941411
1139,386,1525,0.7468852459016393
1176,386,1562,0.7528809218950064
1074,409,1483,0.7242076871207013
2264,134,2398,0.9441201000834029
1054,429,1483,0.7107215104517869
1046,427,1473,0.7101154107264087
191,179,370,0.5162162162162162
1128,396,1524,0.7401574803149606
405,111,516,0.7848837209302325
422,101,523,0.8068833652007649
1315,133,1448,0.9081491712707183
1314,228,1542,0.8521400778210116
197,174,371,0.5309973045822103
1131,415,1546,0.7315653298835705
403,103,506,0.7964426877470355
1314,165,1479,0.8884381338742393
1143,396,1539,0.7426900584795322
1077,418,1495,0.7204013377926421
201,122,323,0.6222910216718266
1137,413,1550,0.7335483870967742
314,18,332,0.9457831325301205
2678,73,2751,0.9734641948382406
1076,416,1492,0.7211796246648794
197,217,414,0.4758454106280193
1101,426,1527,0.7210216110019646
405,99,504,0.8035714285714286
1139,393,1532,0.7434725848563969
31,109,140,0.22142857142857142
1314,177,1491,0.8812877263581489
395,109,504,0.7837301587301587
391,94,485,0.8061855670103093
120,12,132,0.9090909090909091
414,152,566,0.7314487632508834
1105,393,1498,0.7376502002670227
1044,393,1437,0.7265135699373695
1100,542,1642,0.6699147381242387
120,12,132,0.9090909090909091
1123,395,1518,0.7397891963109354
1095,378,1473,0.7433808553971487
401,94,495,0.8101010101010101
1136,463,1599,0.7104440275171983
1142,390,1532,0.7454308093994778
1177,396,1573,0.7482517482517482
1050,393,1443,0.7276507276507277
206,217,423,0.48699763593380613
413,88,501,0.8243512974051896
1224,401,1625,0.7532307692307693
1317,148,1465,0.898976109215017
390,126,516,0.7558139534883721
2271,127,2398,0.9470391993327774
1075,451,1526,0.7044560943643512
1105,422,1527,0.7236411263916176
200,167,367,0.5449591280653951
416,86,502,0.8286852589641435
2456,37,2493,0.9851584436421982
1159,396,1555,0.7453376205787782
1058,533,1591,0.6649905719673161
409,155,564,0.725177304964539
1103,49,1152,0.9574652777777778
1639,123,1762,0.9301929625425652
1126,416,1542,0.7302204928664072
1318,178,1496,0.8810160427807486
218,167,385,0.5662337662337662
209,174,383,0.5456919060052219
1048,439,1487,0.7047747141896435
163,205,368,0.4429347826086957
1135,396,1531,0.7413455258001306
126,159,285,0.4421052631578947
984,423,1407,0.6993603411513859
1311,207,1518,0.8636363636363636
181,192,373,0.48525469168900803
390,93,483,0.8074534161490683
26,133,159,0.16352201257861634
1327,412,1739,0.7630822311673375
1054,514,1568,0.6721938775510204
181,142,323,0.5603715170278638
1098,375,1473,0.745417515274949
1134,379,1513,0.7495042961004627
1085,443,1528,0.7100785340314136
1312,159,1471,0.8919102651257648
392,96,488,0.8032786885245902
408,127,535,0.7626168224299066
120,12,132,0.9090909090909091
161,189,350,0.46
952,129,1081,0.8806660499537465
1068,429,1497,0.7134268537074149
1031,401,1432,0.7199720670391061
1213,397,1610,0.753416149068323
1103,418,1521,0.725180802103879
1151,396,1547,0.7440206851971558
1125,435,1560,0.7211538461538461
392,87,479,0.8183716075156576
1125,373,1498,0.7510013351134847
1053,503,1556,0.6767352185089974
8,152,160,0.05
1159,57,1216,0.953125
1044,396,1440,0.725
1134,375,1509,0.7514910536779325
2537,139,2676,0.9480568011958147
1316,135,1451,0.906960716747071
1106,394,1500,0.7373333333333333
1547,143,1690,0.9153846153846154
206,181,387,0.5322997416020672
181,220,401,0.4513715710723192
406,99,505,0.803960396039604
446,87,533,0.8367729831144465
1407,85,1492,0.943029490616622
1177,401,1578,0.7458808618504436
1201,396,1597,0.752035065748278
1068,396,1464,0.7295081967213115
200,167,367,0.5449591280653951
1122,411,1533,0.7318982387475538
1151,395,1546,0.7445019404915912
1233,396,1629,0.7569060773480663
1812,110,1922,0.9427679500520292
512,156,668,0.7664670658682635
2649,98,2747,0.9643247178740444
181,255,436,0.4151376146788991
1218,397,1615,0.7541795665634675
396,88,484,0.8181818181818182
209,172,381,0.5485564304461942
197,217,414,0.4758454106280193
400,101,501,0.7984031936127745
215,194,409,0.5256723716381418
1202,400,1602,0.7503121098626716
194,162,356,0.5449438202247191
212,165,377,0.5623342175066313
1063,375,1438,0.739221140472879
1022,375,1397,0.7315676449534717
1233,954,2187,0.5637860082304527
1085,396,1481,0.7326130992572586
1065,396,1461,0.728952772073922
1153,464,1617,0.7130488559059988
1232,429,1661,0.7417218543046358
1400,234,1634,0.8567931456548348
1089,411,1500,0.726
1230,437,1667,0.7378524295140971
1325,234,1559,0.849903784477229
8,119,127,0.06299212598425197
1297,396,1693,0.7660956881275842
1316,173,1489,0.8838146406984554
1126,377,1503,0.7491683300066534
400,114,514,0.7782101167315175
1167,44,1211,0.9636663914120561
2605,43,2648,0.9837613293051359
392,89,481,0.814968814968815
1162,449,1611,0.7212911235257604
439,83,522,0.8409961685823755
234,79,313,0.7476038338658147
1313,193,1506,0.8718459495351926
1090,405,1495,0.7290969899665551
1656,45,1701,0.9735449735449735
1064,422,1486,0.7160161507402423
430,126,556,0.7733812949640287
1233,432,1665,0.7405405405405405
1300,380,1680,0.7738095238095238
1121,411,1532,0.7317232375979112
408,146,554,0.7364620938628159
3002,73,3075,0.9762601626016261
197,179,376,0.523936170212766
1264,396,1660,0.7614457831325301
1047,393,1440,0.7270833333333333
1107,434,1541,0.718364698247891
2149,108,2257,0.9521488701816571
1043,429,1472,0.7085597826086957
1086,394,1480,0.7337837837837838
1137,398,1535,0.7407166123778501
1157,410,1567,0.7383535417996171
1144,406,1550,0.7380645161290322
1068,399,1467,0.7280163599182005
982,35,1017,0.9655850540806293
1239,420,1659,0.7468354430379747
414,180,594,0.696969696969697
1381,396,1777,0.7771525042205966
404,98,502,0.8047808764940239
1092,398,1490,0.7328859060402685
181,162,343,0.5276967930029155
1035,446,1481,0.6988521269412559
1101,411,1512,0.7281746031746031
1103,396,1499,0.7358238825883923
1145,417,1562,0.7330345710627401
418,82,500,0.836
203,183,386,0.5259067357512953
1100,419,1519,0.7241606319947334
1019,429,1448,0.7037292817679558
394,113,507,0.777120315581854
2651,121,2772,0.9563492063492064
1143,391,1534,0.7451108213820078
203,138,341,0.5953079178885631
209,217,426,0.49061032863849763
1181,434,1615,0.7312693498452012
1285,380,1665,0.7717717717717718
1142,395,1537,0.7430058555627846
1114,421,1535,0.7257328990228012
414,96,510,0.8117647058823529
1313,136,1449,0.9061421670117322
403,105,508,0.7933070866141733
181,210,391,0.4629156010230179
2539,67,2606,0.9742900997697621
1407,430,1837,0.7659227000544366
209,217,426,0.49061032863849763
1147,431,1578,0.7268694550063372
203,211,414,0.49033816425120774
1130,386,1516,0.7453825857519789
634,125,759,0.8353096179183136
396,97,493,0.8032454361054767
203,217,420,0.48333333333333334
1089,386,1475,0.7383050847457627
883,93,976,0.9047131147540983
1081,404,1485,0.7279461279461279
1117,569,1686,0.6625148279952551
1126,380,1506,0.747675962815405
2255,60,2315,0.9740820734341252
1318,570,1888,0.698093220338983
423,89,512,0.826171875
329,18,347,0.9481268011527377
1092,443,1535,0.711400651465798
1312,156,1468,0.8937329700272479
206,189,395,0.5215189873417722
385,92,477,0.8071278825995807
1040,497,1537,0.6766428106701367
28,175,203,0.13793103448275862
1084,423,1507,0.7193098871930989
16,145,161,0.09937888198757763
1105,416,1521,0.7264957264957265
181,125,306,0.5915032679738562
1074,493,1567,0.6853860880663688
891,86,977,0.9119754350051177
315,18,333,0.9459459459459459
1174,401,1575,0.7453968253968254
1128,398,1526,0.7391874180865007
1053,400,1453,0.7247075017205781
120,12,132,0.9090909090909091
1020,396,1416,0.7203389830508474
1201,396,1597,0.752035065748278
200,179,379,0.5277044854881267
2680,40,2720,0.9852941176470589
393,106,499,0.7875751503006012
1115,467,1582,0.7048040455120101
206,161,367,0.5613079019073569
1081,499,1580,0.6841772151898734
3747,120,3867,0.9689681923972071
3192,187,3379,0.9446581828943474
1072,465,1537,0.697462589459987
2584,145,2729,0.9468669842433126
1085,390,1475,0.735593220338983
1015,498,1513,0.6708526107072043
404,132,536,0.753731343283582
209,179,388,0.538659793814433
1143,419,1562,0.7317541613316261
1257,84,1341,0.9373601789709173
1180,420,1600,0.7375
1313,160,1473,0.891378139850645
1089,411,1500,0.726
1165,412,1577,0.7387444514901712
397,92,489,0.8118609406952966
1111,378,1489,0.7461383478844862
1087,385,1472,0.7384510869565217
1019,385,1404,0.7257834757834758
2288,93,2381,0.9609407811843763
181,1000,1181,0.15325994919559696
1317,167,1484,0.887466307277628
203,162,365,0.5561643835616439
936,396,1332,0.7027027027027027
1216,396,1612,0.7543424317617866
1161,388,1549,0.749515816655907
801,133,934,0.8576017130620985
1071,416,1487,0.7202420981842637
417,107,524,0.7958015267175572
1043,396,1439,0.7248088950660181
194,211,405,0.47901234567901235
1110,429,1539,0.7212475633528265
372,128,500,0.744
1062,378,1440,0.7375
997,408,1405,0.7096085409252669
203,181,384,0.5286458333333334
1027,411,1438,0.7141863699582753
401,105,506,0.7924901185770751
1156,401,1557,0.7424534360950545
1104,388,1492,0.739946380697051
1184,412,1596,0.7418546365914787
1156,396,1552,0.7448453608247423
1094,396,1490,0.7342281879194631
1127,411,1538,0.7327698309492848
308,18,326,0.9447852760736196
1080,411,1491,0.7243460764587525
1121,393,1514,0.7404227212681638
1154,412,1566,0.7369093231162197
1023,390,1413,0.7239915074309978
944,170,1114,0.8473967684021544
389,88,477,0.8155136268343816
1093,467,1560,0.7006410256410256
446,129,575,0.7756521739130435
193,109,302,0.6390728476821192
451,81,532,0.8477443609022557
181,204,385,0.4701298701298701
1203,396,1599,0.7523452157598499
984,399,1383,0.7114967462039046
1119,408,1527,0.7328094302554028
200,183,383,0.5221932114882507
209,217,426,0.49061032863849763
1154,475,1629,0.7084100675260896
1128,383,1511,0.7465254798146923
200,166,366,0.546448087431694
1089,447,1536,0.708984375
313,18,331,0.945619335347432
392,97,489,0.8016359918200409
1043,399,1442,0.7233009708737864
203,167,370,0.5486486486486486
1112,375,1487,0.7478143913920645
401,99,500,0.802
391,85,476,0.8214285714285714
200,217,417,0.47961630695443647
1314,174,1488,0.8830645161290323
212,179,391,0.5421994884910486
1104,378,1482,0.7449392712550608
914,105,1019,0.8969578017664377
1225,396,1621,0.7557063541024059
1043,396,1439,0.7248088950660181
1096,434,1530,0.7163398692810458
4844,73,4917,0.9851535489119382
1233,420,1653,0.7459165154264973
1125,409,1534,0.7333767926988266
611,31,642,0.9517133956386293
1162,396,1558,0.7458279845956355
3389,134,3523,0.9619642350269657
405,88,493,0.821501014198783
1253,477,1730,0.7242774566473988
3018,49,3067,0.984023475709162
1057,500,1557,0.6788696210661529
1322,160,1482,0.8920377867746289
209,217,426,0.49061032863849763
1047,398,1445,0.7245674740484429
402,88,490,0.8204081632653061
203,181,384,0.5286458333333334
1100,386,1486,0.7402422611036339
1108,396,1504,0.7367021276595744
3809,190,3999,0.9524881220305076
1170,396,1566,0.7471264367816092
1170,562,1732,0.6755196304849884
1077,414,1491,0.7223340040241448
2584,139,2723,0.9489533602644142
1094,407,1501,0.7288474350433045
120,12,132,0.9090909090909091
132,205,337,0.3916913946587537
996,409,1405,0.7088967971530249
1121,395,1516,0.7394459102902374
1127,392,1519,0.7419354838709677
408,127,535,0.7626168224299066
1315,234,1549,0.8489347966429954
393,95,488,0.805327868852459
408,140,548,0.7445255474452555
396,89,485,0.8164948453608247
1087,378,1465,0.7419795221843003
1326,200,1526,0.8689384010484927
1349,255,1604,0.8410224438902744
1066,405,1471,0.7246770904146839
1149,412,1561,0.7360666239590007
203,183,386,0.5259067357512953
409,93,502,0.8147410358565738
14,107,121,0.11570247933884298
1128,401,1529,0.7377370830608241
945,110,1055,0.8957345971563981
946,410,1356,0.6976401179941003
9,113,122,0.07377049180327869
1031,393,1424,0.7240168539325843
1062,421,1483,0.7161159811193527
1163,37,1200,0.9691666666666666
194,176,370,0.5243243243243243
1016,413,1429,0.7109867039888034
1352,132,1484,0.9110512129380054
1077,415,1492,0.7218498659517426
1079,396,1475,0.7315254237288136
1077,394,1471,0.7321549966009517
1033,414,1447,0.7138908085694541
1146,396,1542,0.7431906614785992
1091,401,1492,0.7312332439678284
206,179,385,0.535064935064935
1108,390,1498,0.739652870493992
197,164,361,0.5457063711911357
1196,397,1593,0.7507846829880728
325,18,343,0.9475218658892128
209,217,426,0.49061032863849763
1312,139,1451,0.9042039972432805
2675,70,2745,0.9744990892531876
1055,411,1466,0.7196452933151433
1116,460,1576,0.7081218274111675
206,217,423,0.48699763593380613
1153,387,1540,0.7487012987012988
1313,191,1504,0.8730053191489362
209,172,381,0.5485564304461942
487,53,540,0.9018518518518519
434,86,520,0.8346153846153846
1126,414,1540,0.7311688311688311
203,167,370,0.5486486486486486
181,126,307,0.5895765472312704
1153,475,1628,0.7082309582309583
3561,237,3798,0.9375987361769352
1061,406,1467,0.7232447171097478
1214,396,1610,0.7540372670807454
407,141,548,0.7427007299270073
1060,388,1448,0.7320441988950276
206,217,423,0.48699763593380613
1071,424,1495,0.7163879598662207
1960,50,2010,0.9751243781094527
1530,108,1638,0.9340659340659341
394,114,508,0.7755905511811023
1105,404,1509,0.7322730284956925
130,189,319,0.40752351097178685
1335,96,1431,0.9329140461215933
2246,53,2299,0.976946498477599
120,12,132,0.9090909090909091
1064,419,1483,0.7174645987862441
1075,414,1489,0.7219610476830087
1243,423,1666,0.7460984393757503
399,107,506,0.7885375494071146
1123,411,1534,0.7320730117340287
200,183,383,0.5221932114882507
1193,394,1587,0.7517328292375551
1114,396,1510,0.7377483443708609
1187,992,2179,0.5447452960073428
1351,202,1553,0.8699291693496458
1121,388,1509,0.7428760768721008
2103,135,2238,0.9396782841823056
2441,112,2553,0.9561300430865648
398,97,495,0.804040404040404
844,110,954,0.8846960167714885
1212,401,1613,0.7513949163050218
2431,53,2484,0.9786634460547504
402,83,485,0.8288659793814434
1045,958,2003,0.5217174238642037
1210,380,1590,0.7610062893081762
416,125,541,0.7689463955637708
1316,176,1492,0.8820375335120644
1036,419,1455,0.7120274914089347
989,414,1403,0.7049180327868853
1047,537,1584,0.6609848484848485
399,104,503,0.7932405566600398
1056,397,1453,0.7267721954576738
203,162,365,0.5561643835616439
206,158,364,0.5659340659340659
1212,409,1621,0.7476866132017274
203,161,364,0.5576923076923077
203,183,386,0.5259067357512953
996,520,1516,0.6569920844327177
200,152,352,0.5681818181818182
1103,442,1545,0.713915857605178
1051,388,1439,0.7303683113273106
48,202,250,0.192
1074,391,1465,0.7331058020477815
953,405,1358,0.7017673048600883
1076,394,1470,0.7319727891156462
1184,414,1598,0.7409261576971214
1037,409,1446,0.7171507607192255
987,407,1394,0.7080344332855093
1303,226,1529,0.8521909744931327
1068,426,1494,0.714859437751004
403,95,498,0.8092369477911646
1171,388,1559,0.7511225144323285
1077,414,1491,0.7223340040241448
197,217,414,0.4758454106280193
2562,49,2611,0.9812332439678284
1315,137,1452,0.9056473829201102
1102,435,1537,0.7169811320754716
1009,389,1398,0.7217453505007153
402,86,488,0.8237704918032787
120,12,132,0.9090909090909091
212,162,374,0.5668449197860963
1083,396,1479,0.7322515212981744
1314,169,1483,0.8860418071476737
1069,408,1477,0.7237643872714963
395,83,478,0.8263598326359832
1148,396,1544,0.7435233160621761
1220,396,1616,0.754950495049505
1154,426,1580,0.730379746835443
884,131,1015,0.870935960591133
2400,103,2503,0.9588493807431082
2685,39,2724,0.98568281938326
909,397,1306,0.6960183767228177
1072,396,1468,0.7302452316076294
181,153,334,0.5419161676646707
388,76,464,0.8362068965517241
1213,396,1609,0.7538844002486016
1995,148,2143,0.9309379374708353
1042,429,1471,0.708361658735554
53,142,195,0.2717948717948718
536,91,627,0.8548644338118022
1121,375,1496,0.7493315508021391
1065,414,1479,0.7200811359026369
215,175,390,0.5512820512820513
881,74,955,0.9225130890052357
317,75,392,0.8086734693877551
1151,402,1553,0.7411461687057308
1134,413,1547,0.7330316742081447
1065,378,1443,0.738045738045738
1106,397,1503,0.7358616101131071
940,562,1502,0.625832223701731
200,192,392,0.5102040816326531
880,100,980,0.8979591836734694
1048,408,1456,0.7197802197802198
2912,82,2994,0.9726118904475618
821,42,863,0.951332560834299
1145,518,1663,0.6885147324113049
2185,53,2238,0.9763181411974977
2415,96,2511,0.961768219832736
1038,397,1435,0.7233449477351916
1083,442,1525,0.7101639344262295
209,162,371,0.5633423180592992
66,141,207,0.3188405797101449
1185,396,1581,0.7495256166982922
209,217,426,0.49061032863849763
1002,429,1431,0.70020964360587
1117,385,1502,0.7436750998668442
120,12,132,0.9090909090909091
18,131,149,0.12080536912751678
1008,395,1403,0.7184604419101924
200,167,367,0.5449591280653951
407,122,529,0.7693761814744802
200,217,417,0.47961630695443647
1143,401,1544,0.7402849740932642
419,94,513,0.8167641325536062
69,123,192,0.359375
1039,429,1468,0.7077656675749319
1087,376,1463,0.7429938482570062
1084,399,1483,0.7309507754551584
131,73,204,0.6421568627450981
1034,439,1473,0.7019687712152071
1980,54,2034,0.9734513274336283
17,157,174,0.09770114942528736
3113,170,3283,0.9482180932074322
1109,516,1625,0.6824615384615385
3561,211,3772,0.9440615058324496
1089,525,1614,0.6747211895910781
396,109,505,0.7841584158415842
1315,201,1516,0.8674142480211082
1082,414,1496,0.7232620320855615
1123,442,1565,0.7175718849840256
197,217,414,0.4758454106280193
1050,418,1468,0.715258855585831
1143,411,1554,0.7355212355212355
1134,159,1293,0.877030162412993
408,116,524,0.7786259541984732
1316,169,1485,0.8861952861952862
1082,375,1457,0.7426218256691832
1099,427,1526,0.7201834862385321
119,12,131,0.9083969465648855
1093,529,1622,0.6738594327990136
1236,108,1344,0.9196428571428571
1093,377,1470,0.7435374149659864
1022,396,1418,0.7207334273624824
1052,386,1438,0.7315716272600834
393,95,488,0.805327868852459
408,102,510,0.8
1093,88,1181,0.9254868755292125
333,18,351,0.9487179487179487
1117,459,1576,0.708756345177665
1124,404,1528,0.7356020942408377
1090,368,1458,0.747599451303155
1239,421,1660,0.7463855421686747
1130,422,1552,0.7280927835051546
981,383,1364,0.719208211143695
1069,399,1468,0.7282016348773842
1070,466,1536,0.6966145833333334
1036,426,1462,0.7086183310533516
1833,130,1963,0.9337748344370861
1539,98,1637,0.9401343921808186
1112,411,1523,0.7301378857518056
181,204,385,0.4701298701298701
306,18,324,0.9444444444444444
1148,432,1580,0.7265822784810126
206,161,367,0.5613079019073569
235,142,377,0.623342175066313
849,90,939,0.9041533546325878
1312,252,1564,0.8388746803069054
1158,418,1576,0.7347715736040609
399,110,509,0.7838899803536346
203,217,420,0.48333333333333334
1026,91,1117,0.918531781557744
1079,386,1465,0.736518771331058
1012,398,1410,0.7177304964539007
875,88,963,0.9086188992731049
1057,414,1471,0.7185588035350102
1070,398,1468,0.728882833787466
1040,465,1505,0.6910299003322259
399,149,548,0.7281021897810219
206,162,368,0.5597826086956522
1005,403,1408,0.7137784090909091
395,78,473,0.8350951374207188
67,154,221,0.3031674208144796
1054,407,1461,0.7214236824093087
206,183,389,0.5295629820051414
194,217,411,0.4720194647201946
209,152,361,0.5789473684210527
411,89,500,0.822
181,1000,1181,0.15325994919559696
1223,396,1619,0.7554045707226683
421,100,521,0.8080614203454894
1314,177,1491,0.8812877263581489
1210,409,1619,0.7473749227918468
209,217,426,0.49061032863849763
1150,433,1583,0.7264687302590019
1206,420,1626,0.7416974169741697
1083,443,1526,0.7096985583224116
409,91,500,0.818
1046,446,1492,0.7010723860589813
1085,472,1557,0.6968529222864484
203,217,420,0.48333333333333334
120,12,132,0.9090909090909091
1079,379,1458,0.7400548696844993
1098,377,1475,0.744406779661017
389,81,470,0.8276595744680851
203,217,420,0.48333333333333334
1073,418,1491,0.7196512407780014
1073,396,1469,0.730428863172226
212,183,395,0.5367088607594936
1145,405,1550,0.7387096774193549
1095,396,1491,0.7344064386317908
209,152,361,0.5789473684210527
1118,404,1522,0.7345597897503285
1316,143,1459,0.9019876627827279
309,18,327,0.944954128440367
71,108,179,0.39664804469273746
1088,415,1503,0.7238855622089155
406,91,497,0.8169014084507042
1188,401,1589,0.7476400251730648
209,217,426,0.49061032863849763
1083,396,1479,0.7322515212981744
1146,417,1563,0.7332053742802304
407,91,498,0.8172690763052208
1159,396,1555,0.7453376205787782
1028,429,1457,0.7055593685655457
1096,411,1507,0.7272727272727273
1095,437,1532,0.7147519582245431
1163,50,1213,0.9587798845836768
327,18,345,0.9478260869565217
1106,392,1498,0.7383177570093458
1050,427,1477,0.7109004739336493
2693,49,2742,0.9821298322392414
917,74,991,0.9253279515640767
1076,535,1611,0.6679081315952824
1132,398,1530,0.7398692810457517
197,217,414,0.4758454106280193
194,217,411,0.4720194647201946
1064,399,1463,0.7272727272727273
1015,409,1424,0.7127808988764045
206,217,423,0.48699763593380613
2584,156,2740,0.9430656934306569
59,170,229,0.2576419213973799
1033,120,1153,0.8959236773633998
1289,396,1685,0.7649851632047477
1205,394,1599,0.7535959974984365
400,99,499,0.8016032064128257
1143,414,1557,0.7341040462427746
212,162,374,0.5668449197860963
200,161,361,0.554016620498615
1083,416,1499,0.7224816544362909
417,115,532,0.7838345864661654
1121,421,1542,0.7269779507133592
1120,409,1529,0.7325049051667757
1097,392,1489,0.7367360644728005
412,128,540,0.762962962962963
1148,415,1563,0.7344849648112604
1033,409,1442,0.7163661581137309
181,110,291,0.6219931271477663
389,92,481,0.8087318087318087
1034,419,1453,0.7116311080523056
1130,449,1579,0.7156428119062698
209,162,371,0.5633423180592992
1122,387,1509,0.7435387673956262
1316,156,1472,0.8940217391304348
1220,452,1672,0.7296650717703349
1028,408,1436,0.7158774373259053
1105,992,2097,0.5269432522651407
1164,37,1201,0.9691923397169026
1147,411,1558,0.7362002567394095
1149,398,1547,0.7427278603749192
399,119,518,0.7702702702702703
1226,396,1622,0.7558569667077681
1085,393,1478,0.7341001353179973
1088,520,1608,0.6766169154228856
181,211,392,0.461734693877551
1038,397,1435,0.7233449477351916
1093,446,1539,0.7102014294996751
1051,399,1450,0.7248275862068966
181,259,440,0.4113636363636364
32,88,120,0.26666666666666666
28,140,168,0.16666666666666666
1136,595,1731,0.6562680531484691
915,420,1335,0.6853932584269663
1075,396,1471,0.7307953772943576
212,163,375,0.5653333333333334
2352,27,2379,0.9886506935687264
76,173,249,0.30522088353413657
1149,397,1546,0.7432082794307892
1248,380,1628,0.7665847665847666
1147,434,1581,0.7254901960784313
409,92,501,0.8163672654690619
518,107,625,0.8288
2520,105,2625,0.96
398,94,492,0.8089430894308943
1061,363,1424,0.7450842696629213
1274,378,1652,0.7711864406779662
1075,392,1467,0.732788002726653
1096,383,1479,0.7410412440838404
1077,481,1558,0.6912708600770219
1149,428,1577,0.7285986049461002
391,102,493,0.7931034482758621
1528,451,1979,0.7721071248105104
1315,157,1472,0.8933423913043478
1071,398,1469,0.729067392784207
1058,483,1541,0.6865671641791045
1096,373,1469,0.7460857726344452
1138,396,1534,0.741851368970013
1766,135,1901,0.9289847448711205
181,272,453,0.3995584988962472
1135,448,1583,0.7169930511686671
2144,118,2262,0.9478337754199824
1091,424,1515,0.7201320132013201
1082,373,1455,0.7436426116838488
751,117,868,0.8652073732718893
1080,396,1476,0.7317073170731707
404,95,499,0.8096192384769539
1135,363,1498,0.7576769025367156
3666,140,3806,0.9632159747766684
1091,413,1504,0.7253989361702128
209,217,426,0.49061032863849763
1101,395,1496,0.7359625668449198
1313,136,1449,0.9061421670117322
1115,405,1520,0.7335526315789473
1014,626,1640,0.6182926829268293
203,217,420,0.48333333333333334
212,162,374,0.5668449197860963
181,74,255,0.7098039215686275
386,87,473,0.8160676532769556
203,217,420,0.48333333333333334
200,183,383,0.5221932114882507
1312,140,1452,0.9035812672176309
1100,374,1474,0.746268656716418
1083,455,1538,0.7041612483745123
181,85,266,0.6804511278195489
1124,374,1498,0.7503337783711616
420,180,600,0.7
1852,50,1902,0.9737118822292324
1039,396,1435,0.7240418118466899
1061,396,1457,0.7282086479066575
29,119,148,0.19594594594594594
1057,402,1459,0.7244688142563399
19,149,168,0.1130952380952381
306,18,324,0.9444444444444444
1056,393,1449,0.7287784679089027
2221,170,2391,0.9289000418235048
1113,549,1662,0.6696750902527075
191,152,343,0.5568513119533528
1129,422,1551,0.7279174725983236
1063,398,1461,0.7275838466803559
95,115,210,0.4523809523809524
1316,210,1526,0.8623853211009175
1056,414,1470,0.7183673469387755
1191,121,1312,0.9077743902439024
1073,413,1486,0.7220726783310901
200,179,379,0.5277044854881267
1081,377,1458,0.7414266117969822
1315,156,1471,0.893949694085656
278,153,431,0.6450116009280742
1033,438,1471,0.7022433718558804
1082,395,1477,0.7325660121868652
41,173,214,0.19158878504672897
1234,403,1637,0.7538179596823458
1215,450,1665,0.7297297297297297
400,88,488,0.819672131147541
1171,439,1610,0.7273291925465839
203,162,365,0.5561643835616439
1181,139,1320,0.8946969696969697
1105,396,1501,0.7361758827448368
1130,420,1550,0.7290322580645161
1108,509,1617,0.6852195423623995
1194,421,1615,0.7393188854489164
1113,421,1534,0.7255541069100391
194,183,377,0.5145888594164456
1048,429,1477,0.7095463777928233
398,98,496,0.8024193548387096
209,152,361,0.5789473684210527
1065,397,1462,0.728454172366621
1045,395,1440,0.7256944444444444
1041,429,1470,0.7081632653061225
3618,113,3731,0.9697132136156527
1144,429,1573,0.7272727272727273
413,122,535,0.77196261682243
1025,394,1419,0.7223396758280479
1015,599,1614,0.6288723667905824
200,205,405,0.49382716049382713
1035,414,1449,0.7142857142857143
408,87,495,0.8242424242424242
181,116,297,0.6094276094276094
1114,394,1508,0.7387267904509284
1351,195,1546,0.8738680465717982
1113,54,1167,0.9537275064267352
1066,400,1466,0.7271487039563438
397,184,581,0.6833046471600689
194,179,373,0.5201072386058981
1011,404,1415,0.714487632508834
1101,382,1483,0.7424140256237357
1026,429,1455,0.7051546391752578
401,103,504,0.7956349206349206
200,162,362,0.5524861878453039
331,18,349,0.9484240687679083
1065,398,1463,0.7279562542720438
908,108,1016,0.8937007874015748
1160,418,1578,0.7351077313054499
1069,394,1463,0.7306903622693096
442,77,519,0.8516377649325626
1136,396,1532,0.741514360313316
1306,114,1420,0.9197183098591549
3556,77,3633,0.9788053949903661
405,83,488,0.8299180327868853
1129,372,1501,0.7521652231845436
36,131,167,0.2155688622754491
411,92,503,0.8170974155069582
1129,423,1552,0.7274484536082474
1024,420,1444,0.7091412742382271
1089,464,1553,0.7012234385061172
1068,381,1449,0.7370600414078675
1105,396,1501,0.7361758827448368
206,217,423,0.48699763593380613
32,161,193,0.16580310880829016
1119,535,1654,0.6765417170495768
403,106,509,0.7917485265225933
1101,394,1495,0.7364548494983277
1090,383,1473,0.7399864222674813
1117,395,1512,0.7387566137566137
1321,185,1506,0.8771580345285525
1039,393,1432,0.7255586592178771
1022,375,1397,0.7315676449534717
174,101,275,0.6327272727272727
1149,399,1548,0.7422480620155039
2584,145,2729,0.9468669842433126
1089,392,1481,0.7353139770425389
3589,154,3743,0.9588565321934277
1060,397,1457,0.727522306108442
1367,95,1462,0.9350205198358413
1029,415,1444,0.7126038781163435
1051,424,1475,0.7125423728813559
209,217,426,0.49061032863849763
1030,396,1426,0.7223001402524544
1364,189,1553,0.8783000643915003
1008,395,1403,0.7184604419101924
1316,224,1540,0.8545454545454545
423,105,528,0.8011363636363636
1120,395,1515,0.7392739273927392
1117,442,1559,0.7164849262347659
1119,427,1546,0.7238033635187581
181,241,422,0.42890995260663506
1056,50,1106,0.9547920433996383
924,83,1007,0.9175769612711023
1033,397,1430,0.7223776223776224
212,191,403,0.5260545905707196
1232,399,1631,0.7553648068669528
169,217,386,0.4378238341968912
215,223,438,0.4908675799086758
120,12,132,0.9090909090909091
890,95,985,0.9035532994923858
1088,468,1556,0.699228791773779
161,198,359,0.44846796657381616
209,177,386,0.5414507772020726
1030,403,1433,0.7187718073970691
1166,396,1562,0.7464788732394366
1048,382,1430,0.7328671328671329
1027,420,1447,0.7097442985487215
1218,396,1614,0.7546468401486989
1062,415,1477,0.7190250507786052
1042,397,1439,0.7241139680333565
1130,416,1546,0.7309184993531694
2032,136,2168,0.9372693726937269
1130,397,1527,0.7400130975769482
993,405,1398,0.7103004291845494
239,14,253,0.9446640316205533
1189,399,1588,0.7487405541561712
181,112,293,0.6177474402730375
203,181,384,0.5286458333333334
1056,420,1476,0.7154471544715447
459,356,815,0.5631901840490797
404,148,552,0.7318840579710145
1177,394,1571,0.7492043284532145
409,136,545,0.7504587155963303
1128,406,1534,0.7353324641460235
417,171,588,0.7091836734693877
1037,374,1411,0.7349397590361446
30,215,245,0.12244897959183673
2607,138,2745,0.9497267759562842
1060,950,2010,0.527363184079602
196,127,323,0.6068111455108359
1059,396,1455,0.7278350515463917
2753,112,2865,0.9609075043630018
1092,399,1491,0.7323943661971831
203,162,365,0.5561643835616439
120,12,132,0.9090909090909091
1153,397,1550,0.7438709677419355
1320,179,1499,0.8805870580386924
398,89,487,0.8172484599589322
478,115,593,0.806070826306914
406,116,522,0.7777777777777778
181,84,265,0.6830188679245283
203,152,355,0.571830985915493
197,211,408,0.48284313725490197
1315,169,1484,0.8861185983827493
1105,394,1499,0.7371581054036024
931,83,1014,0.9181459566074951
1118,414,1532,0.7297650130548303
1161,400,1561,0.74375400384369
209,167,376,0.5558510638297872
1135,415,1550,0.7322580645161291
481,127,608,0.7911184210526315
37,147,184,0.20108695652173914
400,111,511,0.7827788649706457
203,183,386,0.5259067357512953
1064,555,1619,0.6571957998764669
1109,400,1509,0.7349237905897945
1101,396,1497,0.7354709418837675
406,107,513,0.7914230019493177
1108,408,1516,0.7308707124010554
200,176,376,0.5319148936170213
2584,153,2737,0.9440993788819876
1088,396,1484,0.7331536388140162
1058,396,1454,0.7276478679504814
1236,396,1632,0.7573529411764706
570,75,645,0.8837209302325582
1316,215,1531,0.8595689092096669
409,83,492,0.8313008130081301
1099,450,1549,0.709489993544222
1159,394,1553,0.7462974887314875
1092,610,1702,0.6415981198589894
1087,426,1513,0.7184401850627892
2079,99,2178,0.9545454545454546
1197,396,1593,0.751412429378531
1062,396,1458,0.7283950617283951
181,106,287,0.6306620209059234
2762,48,2810,0.9829181494661922
993,429,1422,0.6983122362869199
1766,54,1820,0.9703296703296703
1083,395,1478,0.7327469553450608
397,121,518,0.7664092664092664
1071,457,1528,0.7009162303664922
1045,415,1460,0.7157534246575342
191,165,356,0.5365168539325843
1049,456,1505,0.6970099667774087
1806,44,1850,0.9762162162162162
1094,573,1667,0.6562687462507498
417,152,569,0.7328646748681898
200,216,416,0.4807692307692308
1151,418,1569,0.7335882727852135
1315,155,1470,0.8945578231292517
398,87,485,0.8206185567010309
1141,378,1519,0.7511520737327189
181,335,516,0.3507751937984496
2271,84,2355,0.9643312101910828
206,187,393,0.5241730279898219
1026,414,1440,0.7125
194,161,355,0.5464788732394367
1313,209,1522,0.8626806833114323
1074,564,1638,0.6556776556776557
1288,396,1684,0.7648456057007126
1314,44,1358,0.96759941089838
1030,408,1438,0.7162726008344924
3347,117,3464,0.9662240184757506
1022,426,1448,0.7058011049723757
393,92,485,0.8103092783505155
197,162,359,0.5487465181058496
996,404,1400,0.7114285714285714
1055,375,1430,0.7377622377622378
1077,619,1696,0.6350235849056604
404,102,506,0.7984189723320159
206,162,368,0.5597826086956522
1012,389,1401,0.7223411848679515
1321,217,1538,0.8589076723016905
668,99,767,0.8709256844850065
1081,549,1630,0.6631901840490797
1019,392,1411,0.7221828490432317
983,415,1398,0.7031473533619457
3098,60,3158,0.981000633312223
573,103,676,0.8476331360946746
1115,391,1506,0.7403718459495352
1281,624,1905,0.6724409448818898
1067,375,1442,0.7399445214979196
194,217,411,0.4720194647201946
1127,411,1538,0.7327698309492848
1591,86,1677,0.9487179487179487
1044,444,1488,0.7016129032258065
409,81,490,0.8346938775510204
1113,581,1694,0.6570247933884298
203,217,420,0.48333333333333334
206,162,368,0.5597826086956522
1276,405,1681,0.7590719809637121
415,103,518,0.8011583011583011
1120,524,1644,0.681265206812652
2602,98,2700,0.9637037037037037
1128,384,1512,0.746031746031746
425,100,525,0.8095238095238095
1029,511,1540,0.6681818181818182
1043,449,1492,0.6990616621983914
1119,393,1512,0.7400793650793651
926,102,1028,0.9007782101167315
1029,406,1435,0.7170731707317073
1035,645,1680,0.6160714285714286
1631,68,1699,0.9599764567392584
1313,156,1469,0.8938053097345132
1153,396,1549,0.7443511943189154
1186,397,1583,0.7492103600758054
1053,420,1473,0.714867617107943
1033,397,1430,0.7223776223776224
391,129,520,0.7519230769230769
214,70,284,0.7535211267605634
1106,457,1563,0.7076135636596289
1092,397,1489,0.7333781061114842
1623,112,1735,0.9354466858789625
1105,418,1523,0.7255416940249507
1039,420,1459,0.7121315969842358
1149,415,1564,0.7346547314578005
1315,185,1500,0.8766666666666667
1094,511,1605,0.6816199376947041
1315,178,1493,0.8807769591426657
308,18,326,0.9447852760736196
1055,465,1520,0.694078947368421
2712,78,2790,0.9720430107526882
1108,388,1496,0.7406417112299465
1070,521,1591,0.6725329981143935
1117,399,1516,0.7368073878627969
1057,371,1428,0.7401960784313726
181,125,306,0.5915032679738562
1059,431,1490,0.710738255033557
1081,529,1610,0.6714285714285714
1197,396,1593,0.751412429378531
396,135,531,0.7457627118644068
212,162,374,0.5668449197860963
411,87,498,0.8253012048192772
194,181,375,0.5173333333333333
1041,513,1554,0.6698841698841699
1264,406,1670,0.7568862275449102
398,116,514,0.77431906614786
394,94,488,0.8073770491803278
44,52,96,0.4583333333333333
459,341,800,0.57375
1157,413,1570,0.7369426751592356
1122,569,1691,0.6635127143701951
402,101,503,0.7992047713717694
4902,77,4979,0.9845350471982326
1075,598,1673,0.6425582785415421
68,191,259,0.2625482625482625
1000,426,1426,0.7012622720897616
1108,461,1569,0.7061822817080943
2506,117,2623,0.9553945863515059
3364,98,3462,0.9716926632004622
980,397,1377,0.7116920842411039
396,93,489,0.8098159509202454
2139,91,2230,0.9591928251121076
2793,84,2877,0.9708029197080292
990,387,1377,0.7189542483660131
197,198,395,0.49873417721518987
1150,564,1714,0.6709451575262544
1144,418,1562,0.7323943661971831
197,217,414,0.4758454106280193
1318,273,1591,0.8284098051539912
396,85,481,0.8232848232848233
1081,414,1495,0.7230769230769231
209,193,402,0.5199004975124378
1082,375,1457,0.7426218256691832
30,121,151,0.1986754966887417
407,97,504,0.8075396825396826
1106,622,1728,0.6400462962962963
194,217,411,0.4720194647201946
1074,411,1485,0.7232323232323232
1122,391,1513,0.7415730337078652
1119,466,1585,0.705993690851735
1092,433,1525,0.7160655737704918
14,135,149,0.09395973154362416
98,55,153,0.6405228758169934
1144,386,1530,0.7477124183006536
1070,378,1448,0.738950276243094
1125,595,1720,0.6540697674418605
1013,403,1416,0.7153954802259888
1405,124,1529,0.9189012426422498
2584,135,2719,0.9503493931592497
891,79,970,0.9185567010309278
212,183,395,0.5367088607594936
1198,424,1622,0.7385943279901356
946,93,1039,0.9104908565928778
1028,385,1413,0.7275300778485492
1068,428,1496,0.713903743315508
409,139,548,0.7463503649635036
1076,426,1502,0.7163781624500666
120,11,131,0.916030534351145
206,211,417,0.4940047961630695
1076,391,1467,0.7334696659850034
1104,565,1669,0.6614739364889155
200,163,363,0.5509641873278237
1356,395,1751,0.7744146202170189
1118,394,1512,0.7394179894179894
1012,375,1387,0.7296322999279019
1131,410,1541,0.7339390006489293
1314,169,1483,0.8860418071476737
898,127,1025,0.8760975609756098
203,217,420,0.48333333333333334
1510,91,1601,0.94316052467208
1158,397,1555,0.7446945337620579
1104,489,1593,0.6930320150659134
399,118,517,0.7717601547388782
1061,937,1998,0.531031031031031
209,167,376,0.5558510638297872
1099,399,1498,0.7336448598130841
401,86,487,0.8234086242299795
181,215,396,0.45707070707070707
2624,126,2750,0.9541818181818181
1359,216,1575,0.8628571428571429
1908,56,1964,0.9714867617107943
1032,434,1466,0.703956343792633
1207,418,1625,0.7427692307692307
1123,405,1528,0.7349476439790575
119,12,131,0.9083969465648855
1075,645,1720,0.625
181,162,343,0.5276967930029155
1080,411,1491,0.7243460764587525
404,108,512,0.7890625
391,90,481,0.8128898128898129
209,217,426,0.49061032863849763
1623,113,1736,0.9349078341013825
1094,394,1488,0.7352150537634409
1075,396,1471,0.7307953772943576
1123,581,1704,0.659037558685446
1110,395,1505,0.7375415282392026
2140,44,2184,0.9798534798534798
398,101,499,0.7975951903807615
432,96,528,0.8181818181818182
1087,457,1544,0.7040155440414507
1084,414,1498,0.7236315086782377
3577,113,3690,0.9693766937669377
921,116,1037,0.8881388621022179
411,115,526,0.7813688212927756
203,177,380,0.5342105263157895
1263,409,1672,0.7553827751196173
218,168,386,0.5647668393782384
393,147,540,0.7277777777777777
1269,91,1360,0.9330882352941177
1167,393,1560,0.7480769230769231
64,149,213,0.3004694835680751
120,12,132,0.9090909090909091
1067,620,1687,0.6324836988737403
393,85,478,0.8221757322175732
2373,243,2616,0.9071100917431193
9,154,163,0.05521472392638037
405,104,509,0.7956777996070727
3614,159,3773,0.9578584680625497
424,75,499,0.8496993987975952
311,18,329,0.9452887537993921
419,99,518,0.8088803088803089
165,192,357,0.46218487394957986
1150,46,1196,0.9615384615384616
209,179,388,0.538659793814433
169,164,333,0.5075075075075075
1096,375,1471,0.7450713800135962
404,103,507,0.796844181459566
1709,119,1828,0.9349015317286652
305,274,579,0.5267702936096719
209,179,388,0.538659793814433
1039,401,1440,0.7215277777777778
1042,402,1444,0.721606648199446
57,159,216,0.2638888888888889
1012,376,1388,0.729106628242075
394,90,484,0.8140495867768595
1115,521,1636,0.6815403422982885
1200,397,1597,0.7514088916718847
1366,124,1490,0.9167785234899329
200,217,417,0.47961630695443647
203,162,365,0.5561643835616439
391,93,484,0.8078512396694215
1198,402,1600,0.74875
2402,135,2537,0.946787544343713
1067,645,1712,0.6232476635514018
1140,394,1534,0.7431551499348109
203,162,365,0.5561643835616439
1316,191,1507,0.8732581287325812
194,181,375,0.5173333333333333
1316,145,1461,0.9007529089664613
1065,391,1456,0.7314560439560439
465,94,559,0.8318425760286225
1089,397,1486,0.7328398384925976
997,454,1451,0.6871123363197794
1131,397,1528,0.7401832460732984
399,181,580,0.6879310344827586
1120,466,1586,0.7061790668348046
1030,434,1464,0.703551912568306
197,183,380,0.5184210526315789
